# P x phi_num phi_exact phi_err
1 7.8125000000000000e-03 6.0025430936431188e-05 6.0025152049260236e-05 2.7888717095241045e-10
2 2.3437500000000000e-02 5.2334775170779721e-04 5.2334534112016980e-04 2.4105876274055013e-09
3 3.9062500000000000e-02 1.4075960572898772e-03 1.4075896294768091e-03 6.4278130680519435e-09
4 5.4687500000000000e-02 2.6698976547163615e-03 2.6698855667746132e-03 1.2087941748256670e-08
5 7.0312500000000000e-02 4.2688089474041428e-03 4.2687897843471708e-03 1.9163056971978343e-08
6 8.5937500000000000e-02 6.1643154348856692e-03 6.1642879952062204e-03 2.7439679448765242e-08
7 1.0156250000000000e-01 8.3178317124857053e-03 8.3177949940416544e-03 3.6718444050912180e-08
8 1.1718750000000000e-01 1.0692201470948228e-02 1.0692154657221519e-02 4.6813726709352133e-08
9 1.3281250000000000e-01 1.3251697496019109e-02 1.3251639942792008e-02 5.7553227100770599e-08
10 1.4843750000000000e-01 1.5962021667990194e-02 1.5961952890477474e-02 6.8777512719775391e-08
11 1.6406250000000000e-01 1.8790304961210320e-02 1.8790224621680413e-02 8.0339529907186291e-08
12 1.7968750000000000e-01 2.1705107443568749e-02 2.1705015339481479e-02 9.2104087270200585e-08
13 1.9531250000000000e-01 2.4676418275956395e-02 2.4676314328639478e-02 1.0394731691718007e-07
14 2.1093750000000000e-01 2.7675655711710184e-02 2.7675539955591365e-02 1.1575611881878278e-07
15 2.2656250000000000e-01 3.0675667096045686e-02 3.0675539668452257e-02 1.2742759342848631e-07
16 2.4218750000000000e-01 3.3650728865483155e-02 3.3650589997015409e-02 1.3886846774585626e-07
17 2.5781250000000000e-01 3.6576546547271806e-02 3.6576396552752223e-02 1.4999451958264132e-07
18 2.7343750000000000e-01 3.9430254758817174e-02 3.9430094028812285e-02 1.6073000488892042e-07
19 2.8906250000000000e-01 4.2190417207116304e-02 4.2190246200023304e-02 1.7100709299999739e-07
20 3.0468750000000000e-01 4.4837026688204953e-02 4.4836845922891153e-02 1.8076531380084582e-07
21 3.2031250000000000e-01 4.7351505086621164e-02 4.7351315135599856e-02 1.8995102130797692e-07
22 3.3593750000000000e-01 4.9716703374889398e-02 4.9716504858011573e-02 1.9851687782512784e-07
23 3.5156250000000000e-01 5.1916901613028837e-02 5.1916695191666647e-02 2.0642136219078955e-07
24 3.6718750000000000e-01 5.3937808948089597e-02 5.3937595319783552e-02 2.1362830604498839e-07
25 3.8281250000000000e-01 5.5766563613719934e-02 5.5766343507258904e-02 2.2010646102965659e-07
26 3.9843750000000000e-01 5.7391732929767889e-02 5.7391507100667517e-02 2.2582910037122206e-07
27 4.1406250000000000e-01 5.8803313301919867e-02 5.8803082528262288e-02 2.3077365757934176e-07
28 4.2968750000000000e-01 5.9992730221378777e-02 5.9992495299974330e-02 2.3492140444753007e-07
29 4.4531250000000000e-01 6.0952838264583996e-02 6.0952600007412885e-02 2.3825717111042310e-07
30 4.6093750000000000e-01 6.1677921092974902e-02 6.1677680323865329e-02 2.4076910957321340e-07
31 4.7656250000000000e-01 6.2163691452799909e-02 6.2163449004297218e-02 2.4244850269083962e-07
32 4.9218750000000000e-01 6.2407291174972020e-02 6.2407047885352229e-02 2.4328961979042107e-07
33 5.0781250000000000e-01 6.2407291174972040e-02 6.2407047885352222e-02 2.4328961981817665e-07
34 5.2343750000000000e-01 6.2163691452799985e-02 6.2163449004297211e-02 2.4244850277410634e-07
35 5.3906250000000000e-01 6.1677921092975034e-02 6.1677680323865322e-02 2.4076910971199128e-07
36 5.5468750000000000e-01 6.0952838264584190e-02 6.0952600007412878e-02 2.3825717131165103e-07
37 5.7031250000000000e-01 5.9992730221379013e-02 5.9992495299974330e-02 2.3492140468345246e-07
38 5.8593750000000000e-01 5.8803313301920096e-02 5.8803082528262295e-02 2.3077365780138637e-07
39 6.0156250000000000e-01 5.7391732929768131e-02 5.7391507100667517e-02 2.2582910061408334e-07
40 6.1718750000000000e-01 5.5766563613720233e-02 5.5766343507258918e-02 2.2010646131415124e-07
41 6.3281250000000000e-01 5.3937808948089999e-02 5.3937595319783552e-02 2.1362830644744424e-07
42 6.4843750000000000e-01 5.1916901613029379e-02 5.1916695191666647e-02 2.0642136273202327e-07
43 6.6406250000000000e-01 4.9716703374890057e-02 4.9716504858011580e-02 1.9851687847738386e-07
44 6.7968750000000000e-01 4.7351505086621982e-02 4.7351315135599856e-02 1.8995102212676640e-07
45 6.9531250000000000e-01 4.4837026688205966e-02 4.4836845922891159e-02 1.8076531480698543e-07
46 7.1093750000000000e-01 4.2190417207117518e-02 4.2190246200023304e-02 1.7100709421430382e-07
47 7.2656250000000000e-01 3.9430254758818541e-02 3.9430094028812292e-02 1.6073000624894362e-07
48 7.4218750000000000e-01 3.6576546547273305e-02 3.6576396552752223e-02 1.4999452108144240e-07
49 7.5781250000000000e-01 3.3650728865484765e-02 3.3650589997015402e-02 1.3886846936261854e-07
50 7.7343750000000000e-01 3.0675667096047358e-02 3.0675539668452254e-02 1.2742759510422919e-07
51 7.8906250000000000e-01 2.7675655711711867e-02 2.7675539955591372e-02 1.1575612049452566e-07
52 8.0468750000000000e-01 2.4676418275958054e-02 2.4676314328639478e-02 1.0394731857557571e-07
53 8.2031250000000000e-01 2.1705107443570355e-02 2.1705015339481482e-02 9.2104088873085077e-08
54 8.3593750000000000e-01 1.8790304961211850e-02 1.8790224621680413e-02 8.0339531437212397e-08
55 8.5156250000000000e-01 1.5962021667991610e-02 1.5961952890477474e-02 6.8777514135309747e-08
56 8.6718750000000000e-01 1.3251697496020379e-02 1.3251639942792008e-02 5.7553228370588183e-08
57 8.8281250000000000e-01 1.0692201470949328e-02 1.0692154657221517e-02 4.6813727810901540e-08
58 8.9843750000000000e-01 8.3178317124866161e-03 8.3177949940416562e-03 3.6718444959907282e-08
59 9.1406250000000000e-01 6.1643154348863822e-03 6.1642879952062196e-03 2.7439680162603952e-08
60 9.2968750000000000e-01 4.2688089474046597e-03 4.2687897843471708e-03 1.9163057488925939e-08
61 9.4531250000000000e-01 2.6698976547166967e-03 2.6698855667746128e-03 1.2087942083925662e-08
62 9.6093750000000000e-01 1.4075960572900602e-03 1.4075896294768091e-03 6.4278132510652702e-09
63 9.7656250000000000e-01 5.2334775170786725e-04 5.2334534112016980e-04 2.4105876974449617e-09
64 9.9218750000000000e-01 6.0025430936439455e-05 6.0025152049260236e-05 2.7888717921945201e-10
