# P x phi_num phi_exact phi_err
1 3.1250000000000000e-02 9.1562905603570239e-04 9.1556499513614027e-04 6.4060899562117836e-08
2 9.3750000000000000e-02 7.2116319138456940e-03 7.2111461479557179e-03 4.8576588997616132e-07
3 1.5625000000000000e-01 1.7364471116507869e-02 1.7363342389548550e-02 1.1287269593186766e-06
4 2.1875000000000000e-01 2.9178920567188925e-02 2.9177084262272942e-02 1.8363049159829392e-06
5 2.8125000000000000e-01 4.0825646002972213e-02 4.0823147218094144e-02 2.4987848780688715e-06
6 3.4375000000000000e-01 5.0841195469718777e-02 5.0838151618584376e-02 3.0438511344002550e-06
7 4.0625000000000000e-01 5.8127989890309872e-02 5.8124562734922759e-02 3.4271553871131899e-06
8 4.6875000000000000e-01 6.1954314904922217e-02 6.1950690747895443e-02 3.6241570267742107e-06
9 5.3125000000000000e-01 6.1954314904922182e-02 6.1950690747895443e-02 3.6241570267395162e-06
10 5.9375000000000000e-01 5.8127989890309803e-02 5.8124562734922773e-02 3.4271553870299232e-06
11 6.5625000000000000e-01 5.0841195469718700e-02 5.0838151618584376e-02 3.0438511343239272e-06
12 7.1875000000000000e-01 4.0825646002972130e-02 4.0823147218094144e-02 2.4987848779856048e-06
13 7.8125000000000000e-01 2.9178920567188849e-02 2.9177084262272938e-02 1.8363049159100808e-06
14 8.4375000000000000e-01 1.7364471116507810e-02 1.7363342389548550e-02 1.1287269592596960e-06
15 9.0625000000000000e-01 7.2116319138456663e-03 7.2111461479557187e-03 4.8576588994753839e-07
16 9.6875000000000000e-01 9.1562905603569838e-04 9.1556499513614027e-04 6.4060899558106288e-08
