# P x_center tau_phi
1 1.5625000000000000e-02 -2.3101626218324789e-05
2 4.6875000000000000e-02 3.1828700601477244e-05
3 7.8125000000000000e-02 1.3144760270633604e-04
4 1.0937500000000000e-01 2.6575150772401024e-04
5 1.4062500000000000e-01 4.2545138497374069e-04
6 1.7187500000000000e-01 6.0197274540985113e-04
7 2.0312500000000000e-01 7.8745563730142631e-04
8 2.3437500000000000e-01 9.7475465487251167e-04
9 2.6562500000000000e-01 1.1574389287523079e-03
10 2.9687500000000000e-01 1.3297921338200069e-03
11 3.2812500000000000e-01 1.4868124848841369e-03
12 3.5937500000000000e-01 1.6242127300889475e-03
13 3.9062500000000000e-01 1.7384201777446151e-03
14 4.2187500000000000e-01 1.8265766517620019e-03
15 4.5312500000000000e-01 1.8865385387187850e-03
16 4.8437500000000000e-01 1.9168767512525164e-03
17 5.1562500000000000e-01 1.9168767523893848e-03
18 5.4687500000000000e-01 1.8865385380366639e-03
19 5.7812500000000000e-01 1.8265766517620019e-03
20 6.0937500000000000e-01 1.7384201770624941e-03
21 6.4062500000000000e-01 1.6242127346364210e-03
22 6.7187500000000000e-01 1.4868124814735317e-03
23 7.0312500000000000e-01 1.3297921326831386e-03
24 7.3437500000000000e-01 1.1574389310260447e-03
25 7.6562500000000000e-01 9.7475465305352227e-04
26 7.9687500000000000e-01 7.8745563894988546e-04
27 8.2812500000000000e-01 6.0197274478457352e-04
28 8.5937500000000000e-01 4.2545138514427094e-04
29 8.9062500000000000e-01 2.6575150780927537e-04
30 9.2187500000000000e-01 1.3144760238481545e-04
31 9.5312500000000000e-01 3.1828700754243933e-05
32 9.8437500000000000e-01 -2.3101626388855045e-05
