# P x_center tau_phi
1 1.9531250000000000e-03 -4.4715909086612271e-08
2 5.8593750000000000e-03 7.2864963035490504e-08
3 9.7656250000000000e-03 3.0537685472009635e-07
4 1.3671875000000000e-02 6.5007493139923600e-07
5 1.7578125000000000e-02 1.1042147914502864e-06
6 2.1484375000000000e-02 1.6651397776873411e-06
7 2.5390625000000000e-02 2.3300877096676942e-06
8 2.9296875000000000e-02 3.0964982930259399e-06
9 3.3203125000000000e-02 3.9616402265074679e-06
10 3.7109375000000000e-02 4.9229368012104757e-06
11 4.1015625000000000e-02 5.9778258382631178e-06
12 4.4921875000000000e-02 7.1236432736127009e-06
13 4.8828125000000000e-02 8.3579433001190750e-06
14 5.2734375000000000e-02 9.6781309316534836e-06
15 5.6640625000000000e-02 1.1081698471818169e-05
16 6.0546875000000000e-02 1.2566225513849227e-05
17 6.4453125000000000e-02 1.4129218869604609e-05
18 6.8359375000000000e-02 1.5768054361875450e-05
19 7.2265625000000000e-02 1.7480806283595718e-05
20 7.6171875000000000e-02 1.9264348372835527e-05
21 8.0078125000000000e-02 2.1117045917201649e-05
22 8.3984375000000000e-02 2.3036019993691315e-05
23 8.7890625000000000e-02 2.5019126529232660e-05
24 9.1796875000000000e-02 2.7064039529983708e-05
25 9.5703125000000000e-02 2.9168556671579915e-05
26 9.9609375000000000e-02 3.1330089982059550e-05
27 1.0351562500000000e-01 3.3546917306628843e-05
28 1.0742187500000000e-01 3.5816232350965871e-05
29 1.1132812500000000e-01 3.8136589403020560e-05
30 1.1523437500000000e-01 4.0504672807833986e-05
31 1.1914062500000000e-01 4.2919691645881830e-05
32 1.2304687500000000e-01 4.5378257458997262e-05
33 1.2695312500000000e-01 4.7878982655499835e-05
34 1.3085937500000000e-01 5.0419977580859476e-05
35 1.3476562500000000e-01 5.2998443064000700e-05
36 1.3867187500000000e-01 5.5612649477801424e-05
37 1.4257812500000000e-01 5.8260714378227663e-05
38 1.4648437500000000e-01 6.0940631608122353e-05
39 1.5039062500000000e-01 6.3650038466603331e-05
40 1.5429687500000000e-01 6.6387496277617308e-05
41 1.5820312500000000e-01 6.9150482225541210e-05
42 1.6210937500000000e-01 7.1937601246449545e-05
43 1.6601562500000000e-01 7.4747189044085949e-05
44 1.6992187500000000e-01 7.7575449444852729e-05
45 1.7382812500000000e-01 8.0424196016642968e-05
46 1.7773437500000000e-01 8.3287522514491341e-05
47 1.8164062500000000e-01 8.6166529418799098e-05
48 1.8554687500000000e-01 8.9058497310418039e-05
49 1.8945312500000000e-01 9.1960728576243045e-05
50 1.9335937500000000e-01 9.4872875715676375e-05
51 1.9726562500000000e-01 9.7793448880931222e-05
52 2.0117187500000000e-01 1.0071748757065069e-04
53 2.0507812500000000e-01 1.0364930810760620e-04
54 2.0898437500000000e-01 1.0658061755819404e-04
55 2.1289062500000000e-01 1.0951478632706402e-04
56 2.1679687500000000e-01 1.1244723217537778e-04
57 2.2070312500000000e-01 1.1537793486791903e-04
58 2.2460937500000000e-01 1.1830526616096737e-04
59 2.2851562500000000e-01 1.2122616442540590e-04
60 2.3242187500000000e-01 1.2414178078970495e-04
61 2.3632812500000000e-01 1.2704711817636272e-04
62 2.4023437500000000e-01 1.2994395340257259e-04
63 2.4414062500000000e-01 1.3282907923278797e-04
64 2.4804687500000000e-01 1.3570082363667524e-04
65 2.5195312500000000e-01 1.3855986469638037e-04
66 2.5585937500000000e-01 1.4140166361063800e-04
67 2.5976562500000000e-01 1.4422752415034490e-04
68 2.6367187500000000e-01 1.4703353320293100e-04
69 2.6757812500000000e-01 1.4982266796592647e-04
70 2.7148437500000000e-01 1.5258884704776043e-04
71 2.7539062500000000e-01 1.5533357785887936e-04
72 2.7929687500000000e-01 1.5805408224883744e-04
73 2.8320312500000000e-01 1.6075039784099743e-04
74 2.8710937500000000e-01 1.6342095425027348e-04
75 2.9101562500000000e-01 1.6606443572826646e-04
76 2.9492187500000000e-01 1.6867780210279293e-04
77 2.9882812500000000e-01 1.7126373935853756e-04
78 3.0273437500000000e-01 1.7381936735073877e-04
79 3.0664062500000000e-01 1.7634089641817285e-04
80 3.1054687500000000e-01 1.7883119437897554e-04
81 3.1445312500000000e-01 1.8128756292190573e-04
82 3.1835937500000000e-01 1.8370860611030548e-04
83 3.2226562500000000e-01 1.8609504528938059e-04
84 3.2617187500000000e-01 1.8844285058219890e-04
85 3.3007812500000000e-01 1.9075220486947098e-04
86 3.3398437500000000e-01 1.9302529189840767e-04
87 3.3789062500000000e-01 1.9525488758123655e-04
88 3.4179687500000000e-01 1.9744682815228676e-04
89 3.4570312500000000e-01 1.9959591219634309e-04
90 3.4960937500000000e-01 2.0170173313246997e-04
91 3.5351562500000000e-01 2.0376670015348486e-04
92 3.5742187500000000e-01 2.0578428027850926e-04
93 3.6132812500000000e-01 2.0775878895763766e-04
94 3.6523437500000000e-01 2.0968781135832781e-04
95 3.6914062500000000e-01 2.1156813954689713e-04
96 3.7304687500000000e-01 2.1340299023837883e-04
97 3.7695312500000000e-01 2.1518978118775789e-04
98 3.8085937500000000e-01 2.1692630120209722e-04
99 3.8476562500000000e-01 2.1861641449119618e-04
100 3.8867187500000000e-01 2.2025248195406411e-04
101 3.9257812500000000e-01 2.2184120538036589e-04
102 3.9648437500000000e-01 2.2337615343442918e-04
103 4.0039062500000000e-01 2.2486151038096647e-04
104 4.0429687500000000e-01 2.2629298397221220e-04
105 4.0820312500000000e-01 2.2767200811724120e-04
106 4.1210937500000000e-01 2.2899782664007051e-04
107 4.1601562500000000e-01 2.3026830818689836e-04
108 4.1992187500000000e-01 2.3148483566966249e-04
109 4.2382812500000000e-01 2.3264648549989331e-04
110 4.2773437500000000e-01 2.3375352004839645e-04
111 4.3164062500000000e-01 2.3480354593964636e-04
112 4.3554687500000000e-01 2.3579896463236938e-04
113 4.3945312500000000e-01 2.3673556371797688e-04
114 4.4335937500000000e-01 2.3761800015843770e-04
115 4.4726562500000000e-01 2.3843966043550491e-04
116 4.5117187500000000e-01 2.3920757342969778e-04
117 4.5507812500000000e-01 2.3991423791233646e-04
118 4.5898437500000000e-01 2.4056567863810219e-04
119 4.6289062500000000e-01 2.4115502006705203e-04
120 4.6679687500000000e-01 2.4169124094906846e-04
121 4.7070312500000000e-01 2.4216413331193398e-04
122 4.7460937500000000e-01 2.4258085687250963e-04
123 4.7851562500000000e-01 2.4293683520616727e-04
124 4.8242187500000000e-01 2.4323368370639253e-04
125 4.8632812500000000e-01 2.4347210825015342e-04
126 4.9023437500000000e-01 2.4365062462938791e-04
127 4.9414062500000000e-01 2.4377079724040296e-04
128 4.9804687500000000e-01 2.4382909001145758e-04
129 5.0195312500000000e-01 2.4382909001145758e-04
130 5.0585937500000000e-01 2.4376998233315017e-04
131 5.0976562500000000e-01 2.4365074104470974e-04
132 5.1367187500000000e-01 2.4347210825015342e-04
133 5.1757812500000000e-01 2.4323391653703619e-04
134 5.2148437500000000e-01 2.4293730086745458e-04
135 5.2539062500000000e-01 2.4257934347332588e-04
136 5.2929687500000000e-01 2.4216681086433600e-04
137 5.3320312500000000e-01 2.4168856339666644e-04
138 5.3710937500000000e-01 2.4115816328074136e-04
139 5.4101562500000000e-01 2.4056439806956209e-04
140 5.4492187500000000e-01 2.3991447074298011e-04
141 5.4882812500000000e-01 2.3920687493776682e-04
142 5.5273437500000000e-01 2.3844035892743587e-04
143 5.5664062500000000e-01 2.3761683600521943e-04
144 5.6054687500000000e-01 2.3673649504055150e-04
145 5.6445312500000000e-01 2.3579791689447294e-04
146 5.6835937500000000e-01 2.3480459367754281e-04
147 5.7226562500000000e-01 2.3375270514114366e-04
148 5.7617187500000000e-01 2.3264683474585879e-04
149 5.8007812500000000e-01 2.3148541774627163e-04
150 5.8398437500000000e-01 2.3026819177157654e-04
151 5.8789062500000000e-01 2.2899712814813955e-04
152 5.9179687500000000e-01 2.2767293943981581e-04
153 5.9570312500000000e-01 2.2629112132706297e-04
154 5.9960937500000000e-01 2.2486232528821926e-04
155 6.0351562500000000e-01 2.2337673551103832e-04
156 6.0742187500000000e-01 2.2184085613440041e-04
157 6.1132812500000000e-01 2.2025283120002959e-04
158 6.1523437500000000e-01 2.1861571599926521e-04
159 6.1914062500000000e-01 2.1692781460128097e-04
160 6.2304687500000000e-01 2.1518826778857414e-04
161 6.2695312500000000e-01 2.1340368873030979e-04
162 6.3085937500000000e-01 2.1156918728479357e-04
163 6.3476562500000000e-01 2.0968653078978772e-04
164 6.3867187500000000e-01 2.0775913820360314e-04
165 6.4257812500000000e-01 2.0578532801640570e-04
166 6.4648437500000000e-01 2.0376623449219755e-04
167 6.5039062500000000e-01 2.0170196596311363e-04
168 6.5429687500000000e-01 1.9959567936569944e-04
169 6.5820312500000000e-01 1.9744694456760858e-04
170 6.6210937500000000e-01 1.9525593531913299e-04
171 6.6601562500000000e-01 1.9302366208390209e-04
172 6.6992187500000000e-01 1.9075313619204559e-04
173 6.7382812500000000e-01 1.8844238492091159e-04
174 6.7773437500000000e-01 1.8609481245873694e-04
175 6.8164062500000000e-01 1.8370918818691462e-04
176 6.8554687500000000e-01 1.8128756292190573e-04
177 6.8945312500000000e-01 1.7883107796365372e-04
178 6.9335937500000000e-01 1.7634252623267843e-04
179 6.9726562500000000e-01 1.7381634055237127e-04
180 7.0117187500000000e-01 1.7126571841900862e-04
181 7.0507812500000000e-01 1.6867675436489649e-04
182 7.0898437500000000e-01 1.6606443572826646e-04
183 7.1289062500000000e-01 1.6342118708091713e-04
184 7.1679687500000000e-01 1.6075039784099743e-04
185 7.2070312500000000e-01 1.5805384941819378e-04
186 7.2460937500000000e-01 1.5533415993548849e-04
187 7.2851562500000000e-01 1.5258803214050765e-04
188 7.3242187500000000e-01 1.4982278438124830e-04
189 7.3632812500000000e-01 1.4703434811018379e-04
190 7.4023437500000000e-01 1.4422682565841394e-04
191 7.4414062500000000e-01 1.4140166361063800e-04
192 7.4804687500000000e-01 1.3855939903509307e-04
193 7.5195312500000000e-01 1.3570140571328437e-04
194 7.5585937500000000e-01 1.3282872998682249e-04
195 7.5976562500000000e-01 1.2994395340257259e-04
196 7.6367187500000000e-01 1.2704723459168454e-04
197 7.6757812500000000e-01 1.2414166437438312e-04
198 7.7148437500000000e-01 1.2122564055645768e-04
199 7.7539062500000000e-01 1.1830602286055925e-04
200 7.7929687500000000e-01 1.1537706175300533e-04
201 7.8320312500000000e-01 1.1244851274391787e-04
202 7.8710937500000000e-01 1.0951385500448940e-04
203 7.9101562500000000e-01 1.0658137425778591e-04
204 7.9492187500000000e-01 1.0364890065397980e-04
205 7.9882812500000000e-01 1.0071795323193800e-04
206 8.0273437500000000e-01 9.7793448880931222e-05
207 8.0664062500000000e-01 9.4872875715676375e-05
208 8.1054687500000000e-01 9.1960670368582131e-05
209 8.1445312500000000e-01 8.9058788348722606e-05
210 8.1835937500000000e-01 8.6165830926868137e-05
211 8.2226562500000000e-01 8.3288221006422303e-05
212 8.2617187500000000e-01 8.0423672147694747e-05
213 8.3007812500000000e-01 7.7576206144444604e-05
214 8.3398437500000000e-01 7.4746665175137728e-05
215 8.3789062500000000e-01 7.1937892284754112e-05
216 8.4179687500000000e-01 6.9150365810219383e-05
217 8.4570312500000000e-01 6.6387700004430505e-05
218 8.4960937500000000e-01 6.3649543701485567e-05
219 8.5351562500000000e-01 6.0940893542596464e-05
220 8.5742187500000000e-01 5.8260568859075379e-05
221 8.6132812500000000e-01 5.5612736789292794e-05
222 8.6523437500000000e-01 5.2998443064000700e-05
223 8.6914062500000000e-01 5.0419686542554909e-05
224 8.7304687500000000e-01 4.7879564732108970e-05
225 8.7695312500000000e-01 4.5377995524523151e-05
226 8.8085937500000000e-01 4.2919633438220917e-05
227 8.8476562500000000e-01 4.0504876534647183e-05
228 8.8867187500000000e-01 3.8136472987698733e-05
229 8.9257812500000000e-01 3.5816290558626784e-05
230 8.9648437500000000e-01 3.3546946410459300e-05
231 9.0039062500000000e-01 3.1330075430144322e-05
232 9.0429687500000000e-01 2.9168600327325600e-05
233 9.0820312500000000e-01 2.7063952218492338e-05
234 9.1210937500000000e-01 2.5019170184978345e-05
235 9.1601562500000000e-01 2.3036019993691315e-05
236 9.1992187500000000e-01 2.1117002261455964e-05
237 9.2382812500000000e-01 1.9264479340072582e-05
238 9.2773437500000000e-01 1.7480704420189119e-05
239 9.3164062500000000e-01 1.5768163501239663e-05
240 9.3554687500000000e-01 1.4129226145562224e-05
241 9.3945312500000000e-01 1.2566189134061156e-05
242 9.4335937500000000e-01 1.1081705747775783e-05
243 9.4726562500000000e-01 9.6781309316534836e-06
244 9.5117187500000000e-01 8.3579505760766892e-06
245 9.5507812500000000e-01 7.1236432736127009e-06
246 9.5898437500000000e-01 5.9778403901783461e-06
247 9.6289062500000000e-01 4.9229404391892828e-06
248 9.6679687500000000e-01 3.9616493214544857e-06
249 9.7070312500000000e-01 3.0964719176795885e-06
250 9.7460937500000000e-01 2.3301068090564314e-06
251 9.7851562500000000e-01 1.6651184045618495e-06
252 9.8242187500000000e-01 1.1042245685183305e-06
253 9.8632812500000000e-01 6.5006947443102536e-07
254 9.9023437500000000e-01 3.0537779974193491e-07
255 9.9414062500000000e-01 7.2866305961261091e-08
256 9.9804687500000000e-01 -4.4716818581314044e-08
