# P x phi_num phi_exact phi_err
1 9.7656250000000000e-04 9.5086135040350485e-07 9.5086124391866365e-07 1.0648484119648975e-13
2 2.9296875000000000e-03 8.5243234658166166e-06 8.5243225116039217e-06 9.5421269491599223e-13
3 4.8828125000000000e-03 2.3586000544945376e-05 2.3585997905854201e-05 2.6390911754114316e-12
4 6.8359375000000000e-03 4.6047272765712423e-05 4.6047267615573143e-05 5.1501392804272420e-12
5 8.7890625000000000e-03 7.5819869202993070e-05 7.5819860726558495e-05 8.4764345743186878e-12
6 1.0742187500000000e-02 1.1281586782861525e-04 1.1281585522150205e-04 1.2607113202239666e-11
7 1.2695312500000000e-02 1.5694769551135958e-04 1.5694767797998970e-04 1.7531369883366441e-11
8 1.4648437500000000e-02 2.0812812801695912e-04 2.0812810477850146e-04 2.3238457653399630e-11
9 1.6601562500000000e-02 2.6627029000809928e-04 2.6627026029041128e-04 2.9717688000089476e-11
10 1.8554687500000000e-02 3.3128765504441811e-04 3.3128761808598744e-04 3.6958430673500464e-11
11 2.0507812500000000e-02 4.0309404558250587e-04 4.0309400063239209e-04 4.4950113780879014e-11
12 2.2460937500000000e-02 4.8160363297590540e-04 4.8160357929368132e-04 5.3682224084809077e-11
13 2.4414062500000000e-02 5.6673093747511185e-04 5.6673087433080588e-04 6.3144305973220072e-11
14 2.6367187500000000e-02 6.5839082822757270e-04 6.5839075490160988e-04 7.3325962814639600e-11
15 2.8320312500000000e-02 7.5649852327768754e-04 7.5649843906083216e-04 8.4216855386100298e-11
16 3.0273437500000000e-02 8.6096958956680873e-04 8.6096949376010513e-04 9.5806703607863308e-11
17 3.2226562500000000e-02 9.7171994293324094e-04 9.7171983484795543e-04 1.0808528551342622e-10
18 3.4179687500000000e-02 1.0886658481122405e-03 1.0886657270698038e-03 1.2104243670742199e-10
19 3.6132812500000000e-02 1.2117239187360159e-03 1.2117237840679656e-03 1.3466805036561891e-10
20 3.8085937500000000e-02 1.3408111173337273e-03 1.3408109683816492e-03 1.4895207810228239e-10
21 4.0039062500000000e-02 1.4758447553314868e-03 1.4758445914469576e-03 1.6388452921123342e-10
22 4.1992187500000000e-02 1.6167424930523578e-03 1.6167423135968885e-03 1.7945546936480594e-10
23 4.3945312500000000e-02 1.7634223397163559e-03 1.7634221440613323e-03 1.9565502364961296e-10
24 4.5898437500000000e-02 1.9158026534404459e-03 1.9158024409670748e-03 2.1247337114553566e-10
25 4.7851562500000000e-02 2.0738021412385465e-03 2.0738019113377948e-03 2.2990075164777690e-10
26 4.9804687500000000e-02 2.2373398590215250e-03 2.2373396110940669e-03 2.4792745807744598e-10
27 5.1757812500000000e-02 2.4063352115972023e-03 2.4063349450533572e-03 2.6654384515517604e-10
28 5.3710937500000000e-02 2.5807079526703495e-03 2.5807076669300275e-03 2.8574032202854927e-10
29 5.5664062500000000e-02 2.7603781848426871e-03 2.7603778793353346e-03 3.0550735248893734e-10
30 5.7617187500000000e-02 2.9452663596128887e-03 2.9452660337774268e-03 3.2583546191039536e-10
31 5.9570312500000000e-02 3.1352932773765800e-03 3.1352929306613492e-03 3.4671523074444877e-10
32 6.1523437500000000e-02 3.3303800874263344e-03 3.3303797192890381e-03 3.6813729625481684e-10
33 6.3476562500000000e-02 3.5304482879516728e-03 3.5304478978593263e-03 3.9009234644588053e-10
34 6.5429687500000000e-02 3.7354197260390659e-03 3.7354193134679411e-03 4.1257112483317204e-10
35 6.7382812500000000e-02 3.9452165976719359e-03 3.9452161621075007e-03 4.3556443521386434e-10
36 6.9335937500000000e-02 4.1597614477306543e-03 4.1597609886675204e-03 4.5906313386051556e-10
37 7.1289062500000000e-02 4.3789771699925444e-03 4.3789766869344075e-03 4.8305813689364374e-10
38 7.3242187500000000e-02 4.6027870071318807e-03 4.6027864995914665e-03 5.0754041421019469e-10
39 7.5195312500000000e-02 4.8311145507198882e-03 4.8311140182188917e-03 5.3250099642243587e-10
40 7.7148437500000000e-02 5.0638837412247404e-03 5.0638831832937742e-03 5.5793096618433902e-10
41 7.9101562500000000e-02 5.3010188680115561e-03 5.3010182841900979e-03 5.8382145819158016e-10
42 8.1054687500000000e-02 5.5424445693424080e-03 5.5424439591787436e-03 6.1016366438571001e-10
43 8.3007812500000000e-02 5.7880858323763155e-03 5.7880851954274833e-03 6.3694883221943055e-10
44 8.4960937500000000e-02 6.0378679931692497e-03 6.0378673290009824e-03 6.6416826725868017e-10
45 8.6914062500000000e-02 6.2917167366741272e-03 6.2917160448608036e-03 6.9181332364165460e-10
46 8.8867187500000000e-02 6.5495580967408181e-03 6.5495573768654010e-03 7.1987541708923297e-10
47 9.0820312500000000e-02 6.8113184561161390e-03 6.8113177077701228e-03 7.4834601623136043e-10
48 9.2773437500000000e-02 7.0769245464438598e-03 7.0769237692272138e-03 7.7721664607649510e-10
49 9.4726562500000000e-02 7.3463034482646973e-03 7.3463026417858110e-03 8.0647888627688458e-10
50 9.6679687500000000e-02 7.6193825910163201e-03 7.6193817548919447e-03 8.3612437546537466e-10
51 9.8632812500000000e-02 7.8960897530333477e-03 7.8960888868885425e-03 8.6614480518387715e-10
52 1.0058593750000000e-01 8.1763530615473461e-03 8.1763521650154228e-03 8.9653192335281684e-10
53 1.0253906250000000e-01 8.4601009926868372e-03 8.4601000654092977e-03 9.2727753947530189e-10
54 1.0449218750000000e-01 8.7472623714772817e-03 8.7472614131037744e-03 9.5837350728988913e-10
55 1.0644531250000000e-01 9.0377663718410970e-03 9.0377653820293592e-03 9.8981173778101006e-10
56 1.0839843750000000e-01 9.3315425165976431e-03 9.3315414950134422e-03 1.0215842009136944e-09
57 1.1035156250000000e-01 9.6285206774632242e-03 9.6285196237803176e-03 1.0536829065516118e-09
58 1.1230468750000000e-01 9.9286310750510993e-03 9.9286299889511671e-03 1.0860999322126474e-09
59 1.1425781250000000e-01 1.0231804278871470e-02 1.0231803160044069e-02 1.1188274005174970e-09
60 1.1621093750000000e-01 1.0537971207331491e-02 1.0537970055473999e-02 1.1518574913327306e-09
61 1.1816406250000000e-01 1.0847063127735267e-02 1.0847061942552817e-02 1.1851824504444108e-09
62 1.2011718750000000e-01 1.1159011656283847e-02 1.1159010437489288e-02 1.2187945583330695e-09
63 1.2207031250000000e-01 1.1473748758075235e-02 1.1473747505389063e-02 1.2526861718070714e-09
64 1.2402343750000000e-01 1.1791206747104370e-02 1.1791205460254695e-02 1.2868496754303571e-09
65 1.2597656250000000e-01 1.2111318286263145e-02 1.2111316964985623e-02 1.3212775214210826e-09
66 1.2792968750000000e-01 1.2434016387340400e-02 1.2434015031378184e-02 1.3559622157738316e-09
67 1.2988281250000000e-01 1.2759234411021921e-02 1.2759233020125608e-02 1.3908963130554453e-09
68 1.3183593750000000e-01 1.3086906066890449e-02 1.3086904640818022e-02 1.4260724268133629e-09
69 1.3378906250000000e-01 1.3416965413425658e-02 1.3416963951942446e-02 1.4614832122283872e-09
70 1.3574218750000000e-01 1.3749346858004182e-02 1.3749345360882789e-02 1.4971213938702599e-09
71 1.3769531250000000e-01 1.4083985156899593e-02 1.4083983623919860e-02 1.5329797327379158e-09
72 1.3964843750000000e-01 1.4420815415282401e-02 1.4420813846231359e-02 1.5690510418719938e-09
73 1.4160156250000000e-01 1.4759773087220072e-02 1.4759771481891882e-02 1.6053281898242844e-09
74 1.4355468750000000e-01 1.5100793975677013e-02 1.5100792333872921e-02 1.6418040919841115e-09
75 1.4550781250000000e-01 1.5443814232514586e-02 1.5443812554042854e-02 1.6784717313950148e-09
76 1.4746093750000000e-01 1.5788770358491095e-02 1.5788768643166959e-02 1.7153241362033445e-09
77 1.4941406250000000e-01 1.6135599203261790e-02 1.6135597450907414e-02 1.7523543761888138e-09
78 1.5136718750000000e-01 1.6484237965378880e-02 1.6484236175823279e-02 1.7895556009284164e-09
79 1.5332031250000000e-01 1.6834624192291526e-02 1.6834622365370516e-02 1.8269210103061262e-09
80 1.5527343750000000e-01 1.7186695780345835e-02 1.7186693915901972e-02 1.8644438631865157e-09
81 1.5722656250000000e-01 1.7540390974784860e-02 1.7540389072667407e-02 1.9021174531286267e-09
82 1.5917968750000000e-01 1.7895648369748603e-02 1.7895646429813453e-02 1.9399351500193340e-09
83 1.6113281250000000e-01 1.8252406908274014e-02 1.8252404930383652e-02 1.9778903619094290e-09
84 1.6308593750000000e-01 1.8610605882294975e-02 1.8610603866318427e-02 2.0159765488914072e-09
85 1.6503906250000000e-01 1.8970184932642319e-02 1.8970182878455109e-02 2.0541872092216806e-09
86 1.6699218750000000e-01 1.9331084049043830e-02 1.9331081956527916e-02 2.0925159140150473e-09
87 1.6894531250000000e-01 1.9693243570124211e-02 1.9693241439167952e-02 2.1309562586724340e-09
88 1.7089843750000000e-01 2.0056604183405123e-02 2.0056602013903232e-02 2.1695018906364716e-09
89 1.7285156250000000e-01 2.0421106925305174e-02 2.0421104717158654e-02 2.2081465197998362e-09
90 1.7480468750000000e-01 2.0786693181139897e-02 2.0786690934256013e-02 2.2468838838107796e-09
91 1.7675781250000000e-01 2.1153304685121780e-02 2.1153302399414001e-02 2.2857077792981517e-09
92 1.7871093750000000e-01 2.1520883520360256e-02 2.1520881195748191e-02 2.3246120653408475e-09
93 1.8066406250000000e-01 2.1889372118861695e-02 2.1889369755271063e-02 2.3635906322427847e-09
94 1.8261718750000000e-01 2.2258713261529409e-02 2.2258710858892000e-02 2.4026374084717972e-09
95 1.8457031250000000e-01 2.2628850078163665e-02 2.2628847636417249e-02 2.4417464161707869e-09
96 1.8652343750000000e-01 2.2999726047461630e-02 2.2999723566549984e-02 2.4809116462576331e-09
97 1.8847656250000000e-01 2.3371284997017412e-02 2.3371282476890246e-02 2.5201271659780478e-09
98 1.9042968750000000e-01 2.3743471103322072e-02 2.3743468543934984e-02 2.5593870876805536e-09
99 1.9238281250000000e-01 2.4116228891763597e-02 2.4116226293078052e-02 2.5986855445303547e-09
100 1.9433593750000000e-01 2.4489503236626936e-02 2.4489500598610176e-02 2.6380167598982762e-09
101 1.9628906250000000e-01 2.4863239361093987e-02 2.4863236683718981e-02 2.6773750057274004e-09
102 1.9824218750000000e-01 2.5237382837243576e-02 2.5237380120488991e-02 2.7167545851858321e-09
103 2.0019531250000000e-01 2.5611879586051468e-02 2.5611876829901639e-02 2.7561498291972519e-09
104 2.0214843750000000e-01 2.5986675877390352e-02 2.5986673081835214e-02 2.7955551380742794e-09
105 2.0410156250000000e-01 2.6361718330029867e-02 2.6361715495064941e-02 2.8349649260073218e-09
106 2.0605468750000000e-01 2.6736953911636597e-02 2.6736951037262906e-02 2.8743736904535133e-09
107 2.0800781250000000e-01 2.7112329938774053e-02 2.7112327024998113e-02 2.9137759392783291e-09
108 2.0996093750000000e-01 2.7487794076902689e-02 2.7487791123736446e-02 2.9531662427972893e-09
109 2.1191406250000000e-01 2.7863294340379902e-02 2.7863291347840685e-02 2.9925392164287246e-09
110 2.1386718750000000e-01 2.8238779092460024e-02 2.8238776060570511e-02 3.0318895137548818e-09
111 2.1582031250000000e-01 2.8614197045294342e-02 2.8614193974082484e-02 3.0712118577469472e-09
112 2.1777343750000000e-01 2.8989497259931107e-02 2.8989494149430084e-02 3.1105010234178110e-09
113 2.1972656250000000e-01 2.9364629146315525e-02 2.9364625996563656e-02 3.1497518690470905e-09
114 2.2167968750000000e-01 2.9739542463289748e-02 2.9739539274330460e-02 3.1889592876088724e-09
115 2.2363281250000000e-01 3.0114187318592861e-02 3.0114184090474637e-02 3.2281182241189477e-09
116 2.2558593750000000e-01 3.0488514168860892e-02 3.0488510901637237e-02 3.2672236548181299e-09
117 2.2753906250000000e-01 3.0862473819626805e-02 3.0862470513356180e-02 3.3062706253361718e-09
118 2.2949218750000000e-01 3.1236017425320520e-02 3.1236014080066304e-02 3.3452542159972953e-09
119 2.3144531250000000e-01 3.1609096489268879e-02 3.1609093105099330e-02 3.3841695487590862e-09
120 2.3339843750000000e-01 3.1981662863695644e-02 3.1981659440683888e-02 3.4230117559874707e-09
121 2.3535156250000000e-01 3.2353668749721523e-02 3.2353665287945463e-02 3.4617760602539960e-09
122 2.3730468750000000e-01 3.2725066697364164e-02 3.2725063196906483e-02 3.5004576806607623e-09
123 2.3925781250000000e-01 3.3095809605538158e-02 3.3095806066486232e-02 3.5390519265154907e-09
124 2.4121093750000000e-01 3.3465850722055025e-02 3.3465847144500911e-02 3.5775541140647960e-09
125 2.4316406250000000e-01 3.3835143643623229e-02 3.3835140027663607e-02 3.6159596220053380e-09
126 2.4511718750000000e-01 3.4203642315848160e-02 3.4203638661584303e-02 3.6542638567893526e-09
127 2.4707031250000000e-01 3.4571301033232152e-02 3.4571297340769865e-02 3.6924622873191204e-09
128 2.4902343750000000e-01 3.4938074439174481e-02 3.4938070708624071e-02 3.7305504102524978e-09
129 2.5097656250000000e-01 3.5303917525971333e-02 3.5303913757447583e-02 3.7685237500029167e-09
130 2.5292968750000000e-01 3.5668785634815833e-02 3.5668781828437968e-02 3.8063778656782787e-09
131 2.5488281250000000e-01 3.6032634455798025e-02 3.6032630611689660e-02 3.8441083649587426e-09
132 2.5683593750000000e-01 3.6395420027904905e-02 3.6395416146194008e-02 3.8817108971578307e-09
133 2.5878906250000000e-01 3.6757098739020409e-02 3.6757094819839263e-02 3.9191811462835346e-09
134 2.6074218750000000e-01 3.7117627325925419e-02 3.7117623369410553e-02 3.9565148657327853e-09
135 2.6269531250000000e-01 3.7476962874297748e-02 3.7476958880589911e-02 3.9937078366580891e-09
136 2.6464843750000000e-01 3.7835062818712129e-02 3.7835058787956261e-02 4.0307558679675282e-09
137 2.6660156250000000e-01 3.8191884942640218e-02 3.8191880874985401e-02 4.0676548171414417e-09
138 2.6855468750000000e-01 3.8547387378450607e-02 3.8547383274050058e-02 4.1044005485990631e-09
139 2.7050781250000000e-01 3.8901528607408836e-02 3.8901524466419826e-02 4.1409890100263524e-09
140 2.7246093750000000e-01 3.9254267459677354e-02 3.9254263282261212e-02 4.1774161421703759e-09
141 2.7441406250000000e-01 3.9605563114315553e-02 3.9605558900637619e-02 4.2136779343504571e-09
142 2.7636718750000000e-01 3.9955375099279773e-02 3.9955370849509300e-02 4.2497704730304342e-09
143 2.7832031250000000e-01 4.0303663291423285e-02 4.0303659005733468e-02 4.2856898169185698e-09
144 2.8027343750000000e-01 4.0650387916496292e-02 4.0650383595064191e-02 4.3214321010509593e-09
145 2.8222656250000000e-01 4.0995509549145930e-02 4.0995505192152421e-02 4.3569935090359557e-09
146 2.8417968750000000e-01 4.1338989112916301e-02 4.1338984720546042e-02 4.3923702591763814e-09
147 2.8613281250000000e-01 4.1680787880248427e-02 4.1680783452689801e-02 4.4275586252862098e-09
148 2.8808593750000000e-01 4.2020867472480281e-02 4.2020863009925358e-02 4.4625549228127781e-09
149 2.9003906250000000e-01 4.2359189859846755e-02 4.2359185362491246e-02 4.4973555088367867e-09
150 2.9199218750000000e-01 4.2695717361479694e-02 4.2695712829522899e-02 4.5319567959500873e-09
151 2.9394531250000000e-01 4.3030412645407870e-02 4.3030408079052673e-02 4.5663551967445315e-09
152 2.9589843750000000e-01 4.3363238728556984e-02 4.3363234128009784e-02 4.6005472001398040e-09
153 2.9785156250000000e-01 4.3694158976749636e-02 4.3694154342220341e-02 4.6345292950555894e-09
154 2.9980468750000000e-01 4.4023137104705380e-02 4.4023132436407389e-02 4.6682979912282541e-09
155 3.0175781250000000e-01 4.4350137176040715e-02 4.4350132474190798e-02 4.7018499163553606e-09
156 3.0371093750000000e-01 4.4675123603269078e-02 4.4675118868087407e-02 4.7351816703788963e-09
157 3.0566406250000000e-01 4.4998061147800840e-02 4.4998056379510910e-02 4.7682899295686809e-09
158 3.0761718750000000e-01 4.5318914919943318e-02 4.5318910118771878e-02 4.8011714395834737e-09
159 3.0957031250000000e-01 4.5637650378900774e-02 4.5637645545077821e-02 4.8338229530209276e-09
160 3.1152343750000000e-01 4.5954233332774312e-02 4.5954228466533090e-02 4.8662412224786955e-09
161 3.1347656250000000e-01 4.6268629938561970e-02 4.6268625040138983e-02 4.8984229866766427e-09
162 3.1542968750000000e-01 4.6580806702158702e-02 4.6580801771793669e-02 4.9303650329068915e-09
163 3.1738281250000000e-01 4.6890730478356422e-02 4.6890725516292198e-02 4.9620642247893976e-09
164 3.1933593750000000e-01 4.7198368470843965e-02 4.7198363477326526e-02 4.9935174398219040e-09
165 3.2128906250000000e-01 4.7503688232207117e-02 4.7503683207485520e-02 5.0247215971355175e-09
166 3.2324218750000000e-01 4.7806657663928595e-02 4.7806652608254903e-02 5.0556736921891776e-09
167 3.2519531250000000e-01 4.8107245016388023e-02 4.8107239930017344e-02 5.0863706788084606e-09
168 3.2714843750000000e-01 4.8405418888861948e-02 4.8405413772052333e-02 5.1168096149023512e-09
169 3.2910156250000000e-01 4.8701148229523844e-02 4.8701143082536341e-02 5.1469875028686829e-09
170 3.3105468750000000e-01 4.8994402335444102e-02 4.8994397158542653e-02 5.1769014491886978e-09
171 3.3300781250000000e-01 4.9285150852590054e-02 4.9285145646041494e-02 5.2065485603436379e-09
172 3.3496093750000000e-01 4.9573363775825954e-02 4.9573358539899998e-02 5.2359259566925331e-09
173 3.3691406250000000e-01 4.9859011448912992e-02 4.9859006183882136e-02 5.2650308557389280e-09
174 3.3886718750000000e-01 5.0142064564509287e-02 5.0142059270648819e-02 5.2938604680474732e-09
175 3.4082031250000000e-01 5.0422494164169891e-02 5.0422488841757838e-02 5.3224120527550767e-09
176 3.4277343750000000e-01 5.0700271638346860e-02 5.0700266287663887e-02 5.3506829730820549e-09
177 3.4472656250000000e-01 5.0975368726389164e-02 5.0975363347718523e-02 5.3786706408209817e-09
178 3.4667968750000000e-01 5.1247757516542758e-02 5.1247752110170242e-02 5.4063725163366882e-09
179 3.4863281250000000e-01 5.1517410445950491e-02 5.1517405012164397e-02 5.4337860946884753e-09
180 3.5058593750000000e-01 5.1784300300652147e-02 5.1784294839743256e-02 5.4609088917523252e-09
181 3.5253906250000000e-01 5.2048400215584462e-02 5.2048394727845969e-02 5.4877384927931594e-09
182 3.5449218750000000e-01 5.2309683674581095e-02 5.2309678160308605e-02 5.5142724900147932e-09
183 3.5644531250000000e-01 5.2568124510372613e-02 5.2568118969864082e-02 5.5405085311321933e-09
184 3.5839843750000000e-01 5.2823696904586492e-02 5.2823691338142256e-02 5.5664442361047506e-09
185 3.6035156250000000e-01 5.3076375387747149e-02 5.3076369795669841e-02 5.5920773081585828e-09
186 3.6230468750000000e-01 5.3326134839275931e-02 5.3326129221870480e-02 5.6174054505198079e-09
187 3.6425781250000000e-01 5.3572950487491118e-02 5.3572944845064703e-02 5.6424264149868009e-09
188 3.6621093750000000e-01 5.3816797909607909e-02 5.3816792242469901e-02 5.6671380088690881e-09
189 3.6816406250000000e-01 5.4057653031738401e-02 5.4057647340200382e-02 5.6915380186595144e-09
190 3.7011718750000000e-01 5.4295492128891683e-02 5.4295486413267362e-02 5.7156243210565449e-09
191 3.7207031250000000e-01 5.4530291824973723e-02 5.4530286085578951e-02 5.7393947719419636e-09
192 3.7402343750000000e-01 5.4762029092787427e-02 5.4762023329940110e-02 5.7628473174031747e-09
193 3.7597656250000000e-01 5.4990681254032621e-02 5.4990675468052731e-02 5.7859798896497949e-09
194 3.7792968750000000e-01 5.5216225979306026e-02 5.5216220170515591e-02 5.8087904347692287e-09
195 3.7988281250000000e-01 5.5438641288101380e-02 5.5438635456824391e-02 5.8312769890545013e-09
196 3.8183593750000000e-01 5.5657905548809311e-02 5.5657899695371674e-02 5.8534376373708952e-09
197 3.8378906250000000e-01 5.5873997478717352e-02 5.5873991603446888e-02 5.8752704645836928e-09
198 3.8574218750000000e-01 5.6086896144009996e-02 5.6086890247236405e-02 5.8967735902526464e-09
199 3.8769531250000000e-01 5.6296580959768659e-02 5.6296575041823498e-02 5.9179451616930834e-09
200 3.8964843750000000e-01 5.6503031689971686e-02 5.6503025751188263e-02 5.9387834233648462e-09
201 3.9160156250000000e-01 5.6706228447494303e-02 5.6706222488207780e-02 5.9592865225832625e-09
202 3.9355468750000000e-01 5.6906151694108696e-02 5.6906145714655937e-02 5.9794527593193258e-09
203 3.9550781250000000e-01 5.7102782240483978e-02 5.7102776241203600e-02 5.9992803780328785e-09
204 3.9746093750000000e-01 5.7296101246186178e-02 5.7296095227418478e-02 6.0187676995115957e-09
205 3.9941406250000000e-01 5.7486090219678279e-02 5.7486084181765165e-02 6.0379131139320918e-09
206 4.0136718750000000e-01 5.7672731018320197e-02 5.7672724961605179e-02 6.0567150184098750e-09
207 4.0332031250000000e-01 5.7856005848368808e-02 5.7855999773196928e-02 6.0751718794493925e-09
208 4.0527343750000000e-01 5.8035897264977938e-02 5.8035891171695712e-02 6.0932822260051367e-09
209 4.0722656250000000e-01 5.8212388172198357e-02 5.8212382061153721e-02 6.1110446356038572e-09
210 4.0917968750000000e-01 5.8385461822977762e-02 5.8385455694520021e-02 6.1284577412834551e-09
211 4.1113281250000000e-01 5.8555101819160779e-02 5.8555095673640610e-02 6.1455201691429373e-09
212 4.1308593750000000e-01 5.8721292111488931e-02 5.8721285949258344e-02 6.1622305869146743e-09
213 4.1503906250000000e-01 5.8884016999600705e-02 5.8884010821013008e-02 6.1785876970255060e-09
214 4.1699218750000000e-01 5.9043261132031517e-02 5.9043254937441246e-02 6.1945902712912115e-09
215 4.1894531250000000e-01 5.9199009506213686e-02 5.9199003295976611e-02 6.2102370745886759e-09
216 4.2089843750000000e-01 5.9351247468476441e-02 5.9351241242949576e-02 6.2255268648558904e-09
217 4.2285156250000000e-01 5.9499960714045917e-02 5.9499954473587469e-02 6.2404584486031034e-09
218 4.2480468750000000e-01 5.9645135287045209e-02 5.9645129032014507e-02 6.2550307017295026e-09
219 4.2675781250000000e-01 5.9786757580494336e-02 5.9786751311251857e-02 6.2692424793175938e-09
220 4.2871093750000000e-01 5.9924814336310223e-02 5.9924808053217510e-02 6.2830927127777159e-09
221 4.3066406250000000e-01 6.0059292645306690e-02 6.0059286348726405e-02 6.2965802849479502e-09
222 4.3261718750000000e-01 6.0190179947194535e-02 6.0190173637490359e-02 6.3097041758108929e-09
223 4.3457031250000000e-01 6.0317464030581462e-02 6.0317457708118062e-02 6.3224634000436097e-09
224 4.3652343750000000e-01 6.0441133032972098e-02 6.0441126698115133e-02 6.3348569653842723e-09
225 4.3847656250000000e-01 6.0561175440767917e-02 6.0561169093884051e-02 6.3468838656932647e-09
226 4.4042968750000000e-01 6.0677580089267311e-02 6.0677573730724223e-02 6.3585430878920768e-09
227 4.4238281250000000e-01 6.0790336162665604e-02 6.0790329792831908e-02 6.3698336952300316e-09
228 4.4433593750000000e-01 6.0899433194055046e-02 6.0899426813300316e-02 6.3807547301397705e-09
229 4.4628906250000000e-01 6.1004861065424805e-02 6.1004854674119480e-02 6.3913053252595553e-09
230 4.4824218750000000e-01 6.1106610007661002e-02 6.1106603606176410e-02 6.4014845924109665e-09
231 4.5019531250000000e-01 6.1204670600546705e-02 6.1204664189254923e-02 6.4112917821934623e-09
232 4.5214843750000000e-01 6.1299033772761836e-02 6.1299027352035802e-02 6.4207260341841987e-09
233 4.5410156250000000e-01 6.1389690801883251e-02 6.1389684372096687e-02 6.4297865642881646e-09
234 4.5605468750000000e-01 6.1476633314384729e-02 6.1476626875912120e-02 6.4384726092270306e-09
235 4.5800781250000000e-01 6.1559853285636970e-02 6.1559846838853537e-02 6.4467834334780427e-09
236 4.5996093750000000e-01 6.1639343039907576e-02 6.1639336585189247e-02 6.4547183292740229e-09
237 4.6191406250000000e-01 6.1715095250361084e-02 6.1715088788084516e-02 6.4622765680311112e-09
238 4.6386718750000000e-01 6.1787102939058959e-02 6.1787096469601441e-02 6.4694575183099623e-09
239 4.6582031250000000e-01 6.1855359476959595e-02 6.1855353000699019e-02 6.4762605764268066e-09
240 4.6777343750000000e-01 6.1919858583918304e-02 6.1919852101233179e-02 6.4826851248200867e-09
241 4.6972656250000000e-01 6.1980594328687404e-02 6.1980587839956712e-02 6.4887306916450171e-09
242 4.7167968750000000e-01 6.2037561128916167e-02 6.2037554634519328e-02 6.4943968397512819e-09
243 4.7363281250000000e-01 6.2090753751150786e-02 6.2090747251467591e-02 6.4996831944386102e-09
244 4.7558593750000000e-01 6.2140167310834389e-02 6.2140160806244994e-02 6.5045893948845190e-09
245 4.7753906250000000e-01 6.2185797272307025e-02 6.2185790763191924e-02 6.5091151010832071e-09
246 4.7949218750000000e-01 6.2227639448805661e-02 6.2227632935545646e-02 6.5132600146622366e-09
247 4.8144531250000000e-01 6.2265690002464208e-02 6.2265683485440315e-02 6.5170238927603208e-09
248 4.8339843750000000e-01 6.2299945444313484e-02 6.2299938923906999e-02 6.5204064855772792e-09
249 4.8535156250000000e-01 6.2330402634281204e-02 6.2330396110873647e-02 6.5234075571907191e-09
250 4.8730468750000000e-01 6.2357058781191986e-02 6.2357052255165114e-02 6.5260268716782477e-09
251 4.8925781250000000e-01 6.2379911442767416e-02 6.2379904914503140e-02 6.5282642763841991e-09
252 4.9121093750000000e-01 6.2398958525625998e-02 6.2398951995506352e-02 6.5301196464084832e-09
253 4.9316406250000000e-01 6.2414198285283141e-02 6.2414191753690298e-02 6.5315928429732217e-09
254 4.9511718750000000e-01 6.2425629326151179e-02 6.2425622793467375e-02 6.5326838036283696e-09
255 4.9707031250000000e-01 6.2433250601539370e-02 6.2433244068146918e-02 6.5333924520460940e-09
256 4.9902343750000000e-01 6.2437061413653905e-02 6.2437054879935137e-02 6.5337187674097130e-09
257 5.0097656250000000e-01 6.2437061413597880e-02 6.2437054879935151e-02 6.5336627289025451e-09
258 5.0292968750000000e-01 6.2433250601371254e-02 6.2433244068146924e-02 6.5332243295856962e-09
259 5.0488281250000000e-01 6.2425629325870959e-02 6.2425622793467368e-02 6.5324035902758482e-09
260 5.0683593750000000e-01 6.2414198284890823e-02 6.2414191753690298e-02 6.5312005248507887e-09
261 5.0878906250000000e-01 6.2398958525121617e-02 6.2398951995506366e-02 6.5296152512717143e-09
262 5.1074218750000000e-01 6.2379911442151006e-02 6.2379904914503147e-02 6.5276478597442456e-09
263 5.1269531250000000e-01 6.2357058780463624e-02 6.2357052255165128e-02 6.5252984959851545e-09
264 5.1464843750000000e-01 6.2330402633441001e-02 6.2330396110873654e-02 6.5225673473445767e-09
265 5.1660156250000000e-01 6.2299945443361600e-02 6.2299938923906999e-02 6.5194546011726473e-09
266 5.1855468750000000e-01 6.2265690001400774e-02 6.2265683485440308e-02 6.5159604656361836e-09
267 5.2050781250000000e-01 6.2227639447630795e-02 6.2227632935545639e-02 6.5120851558408965e-09
268 5.2246093750000000e-01 6.2185797271020922e-02 6.2185790763191924e-02 6.5078289979147996e-09
269 5.2441406250000000e-01 6.2140167309437291e-02 6.2140160806244987e-02 6.5031923041081185e-09
270 5.2636718750000000e-01 6.2090753749642992e-02 6.2090747251467598e-02 6.4981753936099729e-09
271 5.2832031250000000e-01 6.2037561127298038e-02 6.2037554634519321e-02 6.4927787174484664e-09
272 5.3027343750000000e-01 6.1980594326959425e-02 6.1980587839956712e-02 6.4870027127739149e-09
273 5.3222656250000000e-01 6.1919858582081086e-02 6.1919852101233186e-02 6.4808479000033614e-09
274 5.3417968750000000e-01 6.1855359475013902e-02 6.1855353000699026e-02 6.4743148758816815e-09
275 5.3613281250000000e-01 6.1787102937005671e-02 6.1787096469601427e-02 6.4674042440926449e-09
276 5.3808593750000000e-01 6.1715095248201117e-02 6.1715088788084516e-02 6.4601166013811273e-09
277 5.4003906250000000e-01 6.1639343037641896e-02 6.1639336585189254e-02 6.4524526416365191e-09
278 5.4199218750000000e-01 6.1559853283266582e-02 6.1559846838853530e-02 6.4444130518093168e-09
279 5.4394531250000000e-01 6.1476633311910646e-02 6.1476626875912113e-02 6.4359985327278046e-09
280 5.4589843750000000e-01 6.1389690799306562e-02 6.1389684372096680e-02 6.4272098823647816e-09
281 5.4785156250000000e-01 6.1299033770083611e-02 6.1299027352035795e-02 6.4180478154263199e-09
282 5.4980468750000000e-01 6.1204670597768060e-02 6.1204664189254923e-02 6.4085131368241122e-09
283 5.5175781250000000e-01 6.1106610004783075e-02 6.1106603606176403e-02 6.3986066722865331e-09
284 5.5371093750000000e-01 6.1004861062448769e-02 6.1004854674119487e-02 6.3883292822364268e-09
285 5.5566406250000000e-01 6.0899433190982163e-02 6.0899426813300295e-02 6.3776818687300008e-09
286 5.5761718750000000e-01 6.0790336159497159e-02 6.0790329792831915e-02 6.3666652436178417e-09
287 5.5957031250000000e-01 6.0677580086004650e-02 6.0677573730724216e-02 6.3552804338562474e-09
288 5.6152343750000000e-01 6.0561175437412455e-02 6.0561169093884058e-02 6.3435283970125766e-09
289 5.6347656250000000e-01 6.0441133029525272e-02 6.0441126698115126e-02 6.3314101461653394e-09
290 5.6542968750000000e-01 6.0317464027044652e-02 6.0317457708118062e-02 6.3189265903096370e-09
291 5.6738281250000000e-01 6.0190179943569073e-02 6.0190173637490352e-02 6.3060787217072978e-09
292 5.6933593750000000e-01 6.0059292641593896e-02 6.0059286348726398e-02 6.2928674979256805e-09
293 5.7128906250000000e-01 5.9924814332511456e-02 5.9924808053217510e-02 6.2792939459210828e-09
294 5.7324218750000000e-01 5.9786757576610998e-02 5.9786751311251850e-02 6.2653591481609539e-09
295 5.7519531250000000e-01 5.9645135283078743e-02 5.9645129032014507e-02 6.2510642356849999e-09
296 5.7714843750000000e-01 5.9499960709997815e-02 5.9499954473587469e-02 6.2364103464718212e-09
297 5.7910156250000000e-01 5.9351247464348215e-02 5.9351241242949576e-02 6.2213986393166998e-09
298 5.8105468750000000e-01 5.9199009502006857e-02 5.9199003295976625e-02 6.2060302313815541e-09
299 5.8300781250000000e-01 5.9043261127747618e-02 5.9043254937441253e-02 6.1903063647283929e-09
300 5.8496093750000000e-01 5.8884016995241262e-02 5.8884010821013008e-02 6.1742282536636495e-09
301 5.8691406250000000e-01 5.8721292107055484e-02 5.8721285949258344e-02 6.1577971402493326e-09
302 5.8886718750000000e-01 5.8555101814654890e-02 5.8555095673640617e-02 6.1410142734863449e-09
303 5.9082031250000000e-01 5.8385461818401055e-02 5.8385455694520028e-02 6.1238810272756794e-09
304 5.9277343750000000e-01 5.8212388167552434e-02 5.8212382061153721e-02 6.1063987130682840e-09
305 5.9472656250000000e-01 5.8035897260264445e-02 5.8035891171695719e-02 6.0885687255818333e-09
306 5.9667968750000000e-01 5.7856005843589409e-02 5.7855999773196935e-02 6.0703924734117898e-09
307 5.9863281250000000e-01 5.7672731013476614e-02 5.7672724961605186e-02 6.0518714276036611e-09
308 6.0058593750000000e-01 5.7486090214772273e-02 5.7486084181765158e-02 6.0330071147141062e-09
309 6.0253906250000000e-01 5.7296101241219539e-02 5.7296095227418464e-02 6.0138010751775717e-09
310 6.0449218750000000e-01 5.7102782235458463e-02 5.7102776241203600e-02 5.9942548633062920e-09
311 6.0644531250000000e-01 5.6906151689026054e-02 5.6906145714655944e-02 5.9743701097403346e-09
312 6.0839843750000000e-01 5.6706228442356232e-02 5.6706222488207780e-02 5.9541484520586607e-09
313 6.1035156250000000e-01 5.6503031684779860e-02 5.6503025751188263e-02 5.9335915972291708e-09
314 6.1230468750000000e-01 5.6296580954524680e-02 5.6296575041823491e-02 5.9127011897697201e-09
315 6.1425781250000000e-01 5.6086896138715384e-02 5.6086890247236419e-02 5.8914789644037846e-09
316 6.1621093750000000e-01 5.5873997473373585e-02 5.5873991603446894e-02 5.8699266905493097e-09
317 6.1816406250000000e-01 5.5657905543417846e-02 5.5657899695371660e-02 5.8480461861964983e-09
318 6.2011718750000000e-01 5.5438641282663660e-02 5.5438635456824391e-02 5.8258392693355532e-09
319 6.2207031250000000e-01 5.5216225973823474e-02 5.5216220170515605e-02 5.8033078689789797e-09
320 6.2402343750000000e-01 5.4990681248506638e-02 5.4990675468052731e-02 5.7804539072003891e-09
321 6.2597656250000000e-01 5.4762029087219395e-02 5.4762023329940089e-02 5.7572793060733929e-09
322 6.2792968750000000e-01 5.4530291819364980e-02 5.4530286085578944e-02 5.7337860362438597e-09
323 6.2988281250000000e-01 5.4295492123243506e-02 5.4295486413267369e-02 5.7099761377465974e-09
324 6.3183593750000000e-01 5.4057653026052060e-02 5.4057647340200375e-02 5.6858516853108831e-09
325 6.3378906250000000e-01 5.3816797903884619e-02 5.3816792242469907e-02 5.6614147120326308e-09
326 6.3574218750000000e-01 5.3572950481732100e-02 5.3572944845064703e-02 5.6366673967245262e-09
327 6.3769531250000000e-01 5.3326134833482385e-02 5.3326129221870487e-02 5.6116118973825735e-09
328 6.3964843750000000e-01 5.3076375381920261e-02 5.3076369795669841e-02 5.5862504205750341e-09
329 6.4160156250000000e-01 5.2823696898727374e-02 5.2823691338142256e-02 5.5605851173590182e-09
330 6.4355468750000000e-01 5.2568124504482387e-02 5.2568118969864082e-02 5.5346183053250897e-09
331 6.4550781250000000e-01 5.2309683668660845e-02 5.2309678160308598e-02 5.5083522465526613e-09
332 6.4746093750000000e-01 5.2048400209635241e-02 5.2048394727845976e-02 5.4817892655711908e-09
333 6.4941406250000000e-01 5.1784300294674998e-02 5.1784294839743256e-02 5.4549317424212873e-09
334 6.5136718750000000e-01 5.1517410439946482e-02 5.1517405012164390e-02 5.4277820918380293e-09
335 6.5332031250000000e-01 5.1247757510513033e-02 5.1247752110170235e-02 5.4003427979454344e-09
336 6.5527343750000000e-01 5.0975368720334924e-02 5.0975363347718523e-02 5.3726164003786714e-09
337 6.5722656250000000e-01 5.0700271632269395e-02 5.0700266287663880e-02 5.3446055151007421e-09
338 6.5917968750000000e-01 5.0422494158070569e-02 5.0422488841757845e-02 5.3163127233801788e-09
339 6.6113281250000000e-01 5.0142064558389557e-02 5.0142059270648832e-02 5.2877407244467101e-09
340 6.6308593750000000e-01 4.9859011442774340e-02 4.9859006183882136e-02 5.2588922036522767e-09
341 6.6503906250000000e-01 4.9573363769669872e-02 4.9573358539900005e-02 5.2297698671655013e-09
342 6.6699218750000000e-01 4.9285150846418047e-02 4.9285145646041507e-02 5.2003765391162027e-09
343 6.6894531250000000e-01 4.8994402329257662e-02 4.8994397158542646e-02 5.1707150158786241e-09
344 6.7089843750000000e-01 4.8701148223324421e-02 4.8701143082536341e-02 5.1407880799492212e-09
345 6.7285156250000000e-01 4.8405418882650965e-02 4.8405413772052333e-02 5.1105986317856456e-09
346 6.7480468750000000e-01 4.8107245010166902e-02 4.8107239930017337e-02 5.0801495649066553e-09
347 6.7675781250000000e-01 4.7806657657698717e-02 4.7806652608254903e-02 5.0494438144643716e-09
348 6.7871093750000000e-01 4.7503688225969849e-02 4.7503683207485527e-02 5.0184843225498099e-09
349 6.8066406250000000e-01 4.7198368464600661e-02 4.7198363477326526e-02 4.9872741353373939e-09
350 6.8261718750000000e-01 4.6890730472108448e-02 4.6890725516292191e-02 4.9558162573681841e-09
351 6.8457031250000000e-01 4.6580806695907445e-02 4.6580801771793669e-02 4.9241137764499676e-09
352 6.8652343750000000e-01 4.6268629932308812e-02 4.6268625040138990e-02 4.8921698220238952e-09
353 6.8847656250000000e-01 4.5954233326520572e-02 4.5954228466533090e-02 4.8599874818977540e-09
354 6.9042968750000000e-01 4.5637650372647699e-02 4.5637645545077814e-02 4.8275698855126947e-09
355 6.9238281250000000e-01 4.5318914913692075e-02 4.5318910118771878e-02 4.7949201970043376e-09
356 6.9433593750000000e-01 4.4998061141552526e-02 4.4998056379510903e-02 4.7620416221416662e-09
357 6.9628906250000000e-01 4.4675123597024816e-02 4.4675118868087414e-02 4.7289374013881336e-09
358 6.9824218750000000e-01 4.4350137169801650e-02 4.4350132474190798e-02 4.6956108515350259e-09
359 7.0019531250000000e-01 4.4023137098472685e-02 4.4023132436407382e-02 4.6620653032514170e-09
360 7.0214843750000000e-01 4.3694158970524470e-02 4.3694154342220341e-02 4.6283041288397442e-09
361 7.0410156250000000e-01 4.3363238722340457e-02 4.3363234128009777e-02 4.5943306797857630e-09
362 7.0605468750000000e-01 4.3030412639201085e-02 4.3030408079052673e-02 4.5601484116586377e-09
363 7.0800781250000000e-01 4.2695717355283679e-02 4.2695712829522905e-02 4.5257607730886384e-09
364 7.0996093750000000e-01 4.2359189853662507e-02 4.2359185362491246e-02 4.4911712612782928e-09
365 7.1191406250000000e-01 4.2020867466308759e-02 4.2020863009925351e-02 4.4563834081245979e-09
366 7.1386718750000000e-01 4.1680787874090575e-02 4.1680783452689801e-02 4.4214007732801264e-09
367 7.1582031250000000e-01 4.1338989106773028e-02 4.1338984720546042e-02 4.3862269857863900e-09
368 7.1777343750000000e-01 4.0995509543018116e-02 4.0995505192152427e-02 4.3508656885626884e-09
369 7.1972656250000000e-01 4.0650387910384840e-02 4.0650383595064184e-02 4.3153206563673052e-09
370 7.2167968750000000e-01 4.0303663285329132e-02 4.0303659005733475e-02 4.2795956570196303e-09
371 7.2363281250000000e-01 3.9955375093203876e-02 3.9955370849509307e-02 4.2436945693613559e-09
372 7.2558593750000000e-01 3.9605563108258884e-02 3.9605558900637612e-02 4.2076212722341744e-09
373 7.2753906250000000e-01 3.9254267453640912e-02 3.9254263282261205e-02 4.1713797069298231e-09
374 7.2949218750000000e-01 3.8901528601393648e-02 3.8901524466419833e-02 4.1349738147400394e-09
375 7.3144531250000000e-01 3.8547387372457699e-02 3.8547383274050051e-02 4.0984076479788634e-09
376 7.3339843750000000e-01 3.8191884936670632e-02 3.8191880874985394e-02 4.0616852381436530e-09
377 7.3535156250000000e-01 3.7835062812766905e-02 3.7835058787956254e-02 4.0248106514262361e-09
378 7.3730468750000000e-01 3.7476962868377942e-02 3.7476958880589918e-02 3.9877880234073793e-09
379 7.3925781250000000e-01 3.7117627320032084e-02 3.7117623369410553e-02 3.9506215313012127e-09
380 7.4121093750000000e-01 3.6757098733154615e-02 3.6757094819839277e-02 3.9133153384440789e-09
381 7.4316406250000000e-01 3.6395420022067755e-02 3.6395416146194015e-02 3.8758737400113041e-09
382 7.4511718750000000e-01 3.6032634449990657e-02 3.6032630611689653e-02 3.8383010034226395e-09
383 7.4707031250000000e-01 3.5668785629039412e-02 3.5668781828437968e-02 3.8006014446700931e-09
384 7.4902343750000000e-01 3.5303917520227032e-02 3.5303913757447590e-02 3.7627794421957184e-09
385 7.5097656250000000e-01 3.4938074433463487e-02 3.4938070708624078e-02 3.7248394091360382e-09
386 7.5292968750000000e-01 3.4571301027555630e-02 3.4571297340769865e-02 3.6867857655664693e-09
387 7.5488281250000000e-01 3.4203642310207262e-02 3.4203638661584303e-02 3.6486229593180042e-09
388 7.5683593750000000e-01 3.3835143638019073e-02 3.3835140027663607e-02 3.6103554659772108e-09
389 7.5878906250000000e-01 3.3465850716488728e-02 3.3465847144500911e-02 3.5719878166418084e-09
390 7.6074218750000000e-01 3.3095809600010830e-02 3.3095806066486232e-02 3.5335245979206675e-09
391 7.6269531250000000e-01 3.2725066691876907e-02 3.2725063196906483e-02 3.4949704241782342e-09
392 7.6464843750000000e-01 3.2353668744275463e-02 3.2353665287945463e-02 3.4563299999845754e-09
393 7.6660156250000000e-01 3.1981662858291890e-02 3.1981659440683888e-02 3.4176080021541821e-09
394 7.6855468750000000e-01 3.1609096483908514e-02 3.1609093105099330e-02 3.3788091838293788e-09
395 7.7050781250000000e-01 3.1236017420004609e-02 3.1236014080066304e-02 3.3399383050913833e-09
396 7.7246093750000000e-01 3.0862473814356389e-02 3.0862470513356180e-02 3.3010002092881408e-09
397 7.7441406250000000e-01 3.0488514163636998e-02 3.0488510901637237e-02 3.2619997605842777e-09
398 7.7636718750000000e-01 3.0114187313416519e-02 3.0114184090474633e-02 3.2229418855944658e-09
399 7.7832031250000000e-01 2.9739542458161964e-02 2.9739539274330457e-02 3.1838315074639301e-09
400 7.8027343750000000e-01 2.9364629141237303e-02 2.9364625996563660e-02 3.1446736430129629e-09
401 7.8222656250000000e-01 2.8989497254903438e-02 2.8989494149430084e-02 3.1054733541646673e-09
402 7.8417968750000000e-01 2.8614197040318212e-02 2.8614193974082481e-02 3.0662357305977217e-09
403 7.8613281250000000e-01 2.8238779087536414e-02 2.8238776060570511e-02 3.0269659036241681e-09
404 7.8808593750000000e-01 2.7863294335509787e-02 2.7863291347840685e-02 2.9876691017005630e-09
405 7.9003906250000000e-01 2.7487794072087009e-02 2.7487791123736446e-02 2.9483505636918039e-09
406 7.9199218750000000e-01 2.7112329934013697e-02 2.7112327024998117e-02 2.9090155805044926e-09
407 7.9394531250000000e-01 2.6736953906932412e-02 2.6736951037262906e-02 2.8696695054952759e-09
408 7.9589843750000000e-01 2.6361718325382654e-02 2.6361715495064941e-02 2.8303177128374823e-09
409 7.9785156250000000e-01 2.5986675872800871e-02 2.5986673081835214e-02 2.7909656565017205e-09
410 7.9980468750000000e-01 2.5611879581520416e-02 2.5611876829901636e-02 2.7516187800502578e-09
411 8.0175781250000000e-01 2.5237382832771608e-02 2.5237380120488991e-02 2.7122826172509829e-09
412 8.0371093750000000e-01 2.4863239356681707e-02 2.4863236683718978e-02 2.6729627296273595e-09
413 8.0566406250000000e-01 2.4489503232274917e-02 2.4489500598610173e-02 2.6336647446223438e-09
414 8.0761718750000000e-01 2.4116228887472387e-02 2.4116226293078052e-02 2.5943943347817022e-09
415 8.0957031250000000e-01 2.3743471099092223e-02 2.3743468543934988e-02 2.5551572351012464e-09
416 8.1152343750000000e-01 2.3371284992849455e-02 2.3371282476890246e-02 2.5159592083323634e-09
417 8.1347656250000000e-01 2.2999726043356032e-02 2.2999723566549984e-02 2.4768060484514631e-09
418 8.1542968750000000e-01 2.2628850074120826e-02 2.2628847636417249e-02 2.4377035771905309e-09
419 8.1738281250000000e-01 2.2258713257549672e-02 2.2258710858892000e-02 2.3986576717927033e-09
420 8.1933593750000000e-01 2.1889372114945328e-02 2.1889369755271067e-02 2.3596742615428212e-09
421 8.2128906250000000e-01 2.1520883516507508e-02 2.1520881195748191e-02 2.3207593173590890e-09
422 8.2324218750000000e-01 2.1153304681332887e-02 2.1153302399414001e-02 2.2819188864875439e-09
423 8.2519531250000000e-01 2.0786693177415053e-02 2.0786690934256016e-02 2.2431590369909049e-09
424 8.2714843750000000e-01 2.0421106921644550e-02 2.0421104717158658e-02 2.2044858924430422e-09
425 8.2910156250000000e-01 2.0056604179808851e-02 2.0056602013903232e-02 2.1659056180511893e-09
426 8.3105468750000000e-01 1.9693243566592373e-02 1.9693241439167956e-02 2.1274244171864964e-09
427 8.3300781250000000e-01 1.9331084045576482e-02 1.9331081956527912e-02 2.0890485695479466e-09
428 8.3496093750000000e-01 1.8970184929239475e-02 1.8970182878455106e-02 2.0507843687123106e-09
429 8.3691406250000000e-01 1.8610605878956601e-02 1.8610603866318430e-02 2.0126381707064045e-09
430 8.3886718750000000e-01 1.8252406905000049e-02 1.8252404930383648e-02 1.9746164009459832e-09
431 8.4082031250000000e-01 1.7895648366538952e-02 1.7895646429813453e-02 1.9367254987245897e-09
432 8.4277343750000000e-01 1.7540390971639390e-02 1.7540389072667407e-02 1.8989719831330465e-09
433 8.4472656250000000e-01 1.7186695777264411e-02 1.7186693915901972e-02 1.8613624391816685e-09
434 8.4667968750000000e-01 1.6834624189274006e-02 1.6834622365370516e-02 1.8239034900446871e-09
435 8.4863281250000000e-01 1.6484237962425125e-02 1.6484236175823279e-02 1.7866018456325072e-09
436 8.5058593750000000e-01 1.6135599200371661e-02 1.6135597450907414e-02 1.7494642470805566e-09
437 8.5253906250000000e-01 1.5788770355664439e-02 1.5788768643166959e-02 1.7124974806270732e-09
438 8.5449218750000000e-01 1.5443814229751244e-02 1.5443812554042853e-02 1.6757083914908932e-09
439 8.5644531250000000e-01 1.5100793972976798e-02 1.5100792333872919e-02 1.6391038786672807e-09
440 8.5839843750000000e-01 1.4759773084582772e-02 1.4759771481891884e-02 1.6026908879890334e-09
441 8.6035156250000000e-01 1.4420815412707778e-02 1.4420813846231357e-02 1.5664764208001003e-09
442 8.6230468750000000e-01 1.4083985154387364e-02 1.4083983623919860e-02 1.5304675044652827e-09
443 8.6425781250000000e-01 1.3749346855554038e-02 1.3749345360882787e-02 1.4946712513508320e-09
444 8.6621093750000000e-01 1.3416965411037247e-02 1.3416963951942444e-02 1.4590948033132989e-09
445 8.6816406250000000e-01 1.3086906064563385e-02 1.3086904640818024e-02 1.4237453611898321e-09
446 8.7011718750000000e-01 1.2759234408755787e-02 1.2759233020125608e-02 1.3886301795940081e-09
447 8.7207031250000000e-01 1.2434016385134737e-02 1.2434015031378183e-02 1.3537565547727670e-09
448 8.7402343750000000e-01 1.2111318284117470e-02 1.2111316964985623e-02 1.3191318471578173e-09
449 8.7597656250000000e-01 1.1791206745018165e-02 1.1791205460254695e-02 1.2847634709572953e-09
450 8.7792968750000000e-01 1.1473748756047958e-02 1.1473747505389062e-02 1.2506588958904885e-09
451 8.7988281250000000e-01 1.1159011654314939e-02 1.1159010437489288e-02 1.2168256506572828e-09
452 8.8183593750000000e-01 1.0847063125824147e-02 1.0847061942552817e-02 1.1832713298770559e-09
453 8.8378906250000000e-01 1.0537971205477569e-02 1.0537970055473998e-02 1.1500035715372725e-09
454 8.8574218750000000e-01 1.0231804277074139e-02 1.0231803160044069e-02 1.1170300691365487e-09
455 8.8769531250000000e-01 9.9286310733097353e-03 9.9286299889511671e-03 1.0843585682152046e-09
456 8.8964843750000000e-01 9.6285206757771875e-03 9.6285196237803176e-03 1.0519968698247117e-09
457 8.9160156250000000e-01 9.3315425149662744e-03 9.3315414950134422e-03 1.0199528322624163e-09
458 8.9355468750000000e-01 9.0377663702637147e-03 9.0377653820293592e-03 9.8823435545902782e-10
459 8.9550781250000000e-01 8.7472623699531796e-03 8.7472614131037744e-03 9.5684940526474804e-10
460 8.9746093750000000e-01 8.4601009912152903e-03 8.4601000654092959e-03 9.2580599436731248e-10
461 8.9941406250000000e-01 8.1763530601276137e-03 8.1763521650154228e-03 8.9511219096560790e-10
462 9.0136718750000000e-01 7.8960897516646665e-03 7.8960888868885425e-03 8.6477612397384274e-10
463 9.0332031250000000e-01 7.6193825896979173e-03 7.6193817548919447e-03 8.3480597261320622e-10
464 9.0527343750000000e-01 7.3463034469957869e-03 7.3463026417858119e-03 8.0520997508548575e-10
465 9.0722656250000000e-01 7.0769245452236493e-03 7.0769237692272146e-03 7.7599643464459911e-10
466 9.0917968750000000e-01 6.8113184549438302e-03 6.8113177077701228e-03 7.4717370745353007e-10
467 9.1113281250000000e-01 6.5495580956156001e-03 6.5495573768654001e-03 7.1875019998224321e-10
468 9.1308593750000000e-01 6.2917167355951830e-03 6.2917160448608036e-03 6.9073437941602478e-10
469 9.1503906250000000e-01 6.0378679921357491e-03 6.0378673290009816e-03 6.6313476758395051e-10
470 9.1699218750000000e-01 5.7880858313874182e-03 5.7880851954274833e-03 6.3595993488735347e-10
471 9.1894531250000000e-01 5.5424445683972638e-03 5.5424439591787444e-03 6.0921851938178229e-10
472 9.2089843750000000e-01 5.3010188671093039e-03 5.3010182841900988e-03 5.8291920509295769e-10
473 9.2285156250000000e-01 5.0638837403645049e-03 5.0638831832937733e-03 5.5707073155775166e-10
474 9.2480468750000000e-01 4.8311145499007856e-03 4.8311140182188917e-03 5.3168189382418740e-10
475 9.2675781250000000e-01 4.6027870063530124e-03 4.6027864995914656e-03 5.0676154678824803e-10
476 9.2871093750000000e-01 4.3789771692530031e-03 4.3789766869344084e-03 4.8231859478553574e-10
477 9.3066406250000000e-01 4.1597614470295233e-03 4.1597609886675204e-03 4.5836200286697437e-10
478 9.3261718750000000e-01 3.9452165970082923e-03 3.9452161621075007e-03 4.3490079159463901e-10
479 9.3457031250000000e-01 3.7354197254119747e-03 3.7354193134679411e-03 4.1194403357230902e-10
480 9.3652343750000000e-01 3.5304482873601889e-03 3.5304478978593267e-03 3.8950086211908541e-10
481 9.3847656250000000e-01 3.3303800868695029e-03 3.3303797192890381e-03 3.6758046476417783e-10
482 9.4042968750000000e-01 3.1352932768534320e-03 3.1352929306613488e-03 3.4619208324690454e-10
483 9.4238281250000000e-01 2.9452663591224434e-03 2.9452660337774264e-03 3.2534501698613938e-10
484 9.4433593750000000e-01 2.7603781843839560e-03 2.7603778793353346e-03 3.0504862134558830e-10
485 9.4628906250000000e-01 2.5807079522423377e-03 2.5807076669300279e-03 2.8531230980219369e-10
486 9.4824218750000000e-01 2.4063352111989085e-03 2.4063349450533572e-03 2.6614555134404916e-10
487 9.5019531250000000e-01 2.2373398586519409e-03 2.2373396110940669e-03 2.4755787393984652e-10
488 9.5214843750000000e-01 2.0738021408966576e-03 2.0738019113377953e-03 2.2955886237047141e-10
489 9.5410156250000000e-01 1.9158026531252319e-03 1.9158024409670748e-03 2.1215815714480113e-10
490 9.5605468750000000e-01 1.7634223394267874e-03 1.7634221440613327e-03 1.9536545471654509e-10
491 9.5800781250000000e-01 1.6167424927873997e-03 1.6167423135968885e-03 1.7919051117053220e-10
492 9.5996093750000000e-01 1.4758447550900946e-03 1.4758445914469578e-03 1.6364313680169995e-10
493 9.6191406250000000e-01 1.3408111171148501e-03 1.3408109683816490e-03 1.4873320110242449e-10
494 9.6386718750000000e-01 1.2117239185385957e-03 1.2117237840679658e-03 1.3447062994359493e-10
495 9.6582031250000000e-01 1.0886658479352122e-03 1.0886657270698040e-03 1.2086540817669855e-10
496 9.6777343750000000e-01 9.7171994277553257e-04 9.7171983484795532e-04 1.0792757724857605e-10
497 9.6972656250000000e-01 8.6096958942734109e-04 8.6096949376010513e-04 9.5667235960363028e-11
498 9.7167968750000000e-01 7.5649852315537469e-04 7.5649843906083216e-04 8.4094542527474170e-11
499 9.7363281250000000e-01 6.5839082812132240e-04 6.5839075490160999e-04 7.3219712411198845e-11
500 9.7558593750000000e-01 5.6673093738382517e-04 5.6673087433080588e-04 6.3053019294483093e-11
501 9.7753906250000000e-01 4.8160363289847618e-04 4.8160357929368137e-04 5.3604794810879069e-11
502 9.7949218750000000e-01 4.0309404551782042e-04 4.0309400063239209e-04 4.4885428327704618e-11
503 9.8144531250000000e-01 3.3128765499135547e-04 3.3128761808598744e-04 3.6905368030245439e-11
504 9.8339843750000000e-01 2.6627028996553079e-04 2.6627026029041133e-04 2.9675119458082155e-11
505 9.8535156250000000e-01 2.0812812798374849e-04 2.0812810477850146e-04 2.3205247022973358e-11
506 9.8730468750000000e-01 1.5694769548636286e-04 1.5694767797998970e-04 1.7506373168598918e-11
507 9.8925781250000000e-01 1.1281586781068105e-04 1.1281585522150205e-04 1.2589178993976241e-11
508 9.9121093750000000e-01 7.5819869190962600e-05 7.5819860726558495e-05 8.4644041043824628e-12
509 9.9316406250000000e-01 4.6047272758419646e-05 4.6047267615573143e-05 5.1428465029342355e-12
510 9.9511718750000000e-01 2.3586000541216869e-05 2.3585997905854201e-05 2.6353626685147579e-12
511 9.9707031250000000e-01 8.5243234644715825e-06 8.5243225116039234e-06 9.5286765911179513e-13
512 9.9902343750000000e-01 9.5086135025374858e-07 9.5086124391866365e-07 1.0633508492438224e-13
