# P x_center tau_U tau_V tau_Psi
1 0.001953125 0.007425732329238599 -1.763510226737708e-09 0.007425730565728372
2 0.005859375 -8.440119927399792e-07 -5.288711690809578e-09 -8.493007044307888e-07
3 0.009765625 -1.406545379722957e-06 -8.815732144284993e-09 -1.415361111867242e-06
4 0.013671875 -1.968866854440421e-06 -1.234002411365509e-08 -1.981206878554076e-06
5 0.017578125 -2.530890924390405e-06 -1.586158759891987e-08 -2.546752511989325e-06
6 0.021484375 -3.09254028252326e-06 -1.938315108418465e-08 -3.111923433607444e-06
7 0.025390625 -3.653716703411192e-06 -2.290107659064233e-08 -3.676617780001834e-06
8 0.029296875 -4.214343789499253e-06 -2.641172613948584e-08 -4.240755515638739e-06
9 0.033203125 -4.77433786727488e-06 -2.992237568832934e-08 -4.80426024296321e-06
10 0.037109375 -5.333615263225511e-06 -3.342574927955866e-08 -5.367041012505069e-06
11 0.041015625 -5.89208138990216e-06 -3.692912287078798e-08 -5.929010512772948e-06
12 0.044921875 -6.449678039643914e-06 -4.04324964620173e-08 -6.490110536105931e-06
13 0.048828125 -7.006288797128946e-06 -4.391768015921116e-08 -7.050206477288157e-06
14 0.052734375 -7.561844540759921e-06 -4.739558789879084e-08 -7.609240128658712e-06
15 0.056640625 -8.11625795904547e-06 -5.086621968075633e-08 -8.167124178726226e-06
16 0.060546875 -8.669449016451836e-06 -5.433685146272182e-08 -8.723785867914557e-06
17 0.064453125 -9.221344953402877e-06 -5.780020728707314e-08 -9.27914516068995e-06
18 0.068359375 -9.771851182449609e-06 -6.124901119619608e-08 -9.833100193645805e-06
19 0.072265625 -1.032088039210066e-05 -6.469053914770484e-08 -1.038557093124837e-05
20 0.076171875 -1.086835254682228e-05 -6.812479114159942e-08 -1.093647733796388e-05
21 0.080078125 -1.141420216299593e-05 -7.154449122026563e-08 -1.14857466542162e-05
22 0.083984375 -1.195832010125741e-05 -7.494963938370347e-08 -1.203326974064112e-05
23 0.087890625 -1.250064087798819e-05 -7.834751158952713e-08 -1.257898838957772e-05
24 0.091796875 -1.304107718169689e-05 -8.173810783773661e-08 -1.312281528953463e-05
25 0.095703125 -1.357954170089215e-05 -8.509960025548935e-08 -1.366464130114764e-05
26 0.099609375 -1.411596895195544e-05 -8.847564458847046e-08 -1.420444459654391e-05
27 0.103515625 -1.465028617531061e-05 -9.180803317576647e-08 -1.474209420848638e-05
28 0.107421875 -1.518236240372062e-05 -9.515497367829084e-08 -1.527751737739891e-05
29 0.111328125 -1.571218308527023e-05 -9.848736226558685e-08 -1.581067044753581e-05
30 0.115234375 -1.623964635655284e-05 -1.018051989376545e-07 -1.634145155549049e-05
31 0.119140625 -1.676463580224663e-05 -1.050648279488087e-07 -1.686970063019544e-05
32 0.123046875 -1.728707866277546e-05 -1.083390088751912e-07 -1.739541767165065e-05
33 0.126953125 -1.780697493813932e-05 -1.116131898015738e-07 -1.791858812794089e-05
34 0.130859375 -1.832415000535548e-05 -1.148582668974996e-07 -1.843900827225298e-05
35 0.134765625 -1.88385893125087e-05 -1.180742401629686e-07 -1.895666355267167e-05
36 0.138671875 -1.935017644427717e-05 -1.212756615132093e-07 -1.947145210579038e-05
37 0.142578125 -1.985885319299996e-05 -1.244770828634501e-07 -1.998333027586341e-05
38 0.146484375 -2.036454679910094e-05 -1.27649400383234e-07 -2.049219619948417e-05
39 0.150390625 -2.08671553991735e-05 -1.307780621573329e-07 -2.099793346133083e-05
40 0.154296875 -2.136663533747196e-05 -1.339212758466601e-07 -2.150055661331862e-05
41 0.158203125 -2.186292840633541e-05 -1.370353857055306e-07 -2.199996379204094e-05
42 0.162109375 -2.235587453469634e-05 -1.401203917339444e-07 -2.249599492643028e-05
43 0.166015625 -2.284545917063951e-05 -1.431762939319015e-07 -2.298863546457142e-05
44 0.169921875 -2.333160955458879e-05 -1.462176442146301e-07 -2.347782719880342e-05
45 0.173828125 -2.381426747888327e-05 -1.492589944973588e-07 -2.396352647338063e-05
46 0.177734375 -2.42933165282011e-05 -1.522712409496307e-07 -2.444558776915073e-05
47 0.181640625 -2.476872759871185e-05 -1.552398316562176e-07 -2.492396743036807e-05
48 0.185546875 -2.524041337892413e-05 -1.58193870447576e-07 -2.539860724937171e-05
49 0.189453125 -2.570825745351613e-05 -1.611188054084778e-07 -2.58693762589246e-05
50 0.193359375 -2.617225982248783e-05 -1.640291884541512e-07 -2.633628901094198e-05
51 0.197265625 -2.663233317434788e-05 -1.669395714998245e-07 -2.67992727458477e-05
52 0.201171875 -2.708839019760489e-05 -1.697917468845844e-07 -2.725818194448948e-05
53 0.205078125 -2.754037268459797e-05 -1.726439222693443e-07 -2.771301660686731e-05
54 0.208984375 -2.798813511617482e-05 -1.75408786162734e-07 -2.816354390233755e-05
55 0.212890625 -2.843179390765727e-05 -1.782027538865805e-07 -2.860999666154385e-05
56 0.216796875 -2.887105802074075e-05 -1.809385139495134e-07 -2.905199653469026e-05
57 0.220703125 -2.930607297457755e-05 -1.836742740124464e-07 -2.948974724858999e-05
58 0.224609375 -2.973663504235446e-05 -1.863809302449226e-07 -2.992301597259939e-05
59 0.228515625 -3.016271512024105e-05 -1.890293788164854e-07 -3.035174449905753e-05
60 0.232421875 -3.058425500057638e-05 -1.916778273880482e-07 -3.077593282796443e-05
61 0.236328125 -3.100122557953e-05 -1.942971721291542e-07 -3.119552275165915e-05
62 0.240234375 -3.141348133794963e-05 -1.968874130398035e-07 -3.161036875098944e-05
63 0.244140625 -3.182099317200482e-05 -1.994485501199961e-07 -3.202044172212481e-05
64 0.248046875 -3.222376108169556e-05 -2.020096872001886e-07 -3.242577076889575e-05
65 0.251953125 -3.262163954786956e-05 -2.04483512789011e-07 -3.282612306065857e-05
66 0.255859375 -3.301462857052684e-05 -2.069282345473766e-07 -3.322155680507421e-05
67 0.259765625 -3.34025826305151e-05 -2.093438524752855e-07 -3.361192648299038e-05
68 0.263671875 -3.378558903932571e-05 -2.117594704031944e-07 -3.399734850972891e-05
69 0.267578125 -3.41635022778064e-05 -2.141459845006466e-07 -3.437764826230705e-05
70 0.271484375 -3.453623503446579e-05 -2.164742909371853e-07 -3.475270932540298e-05
71 0.275390625 -3.490378730930388e-05 -2.187443897128105e-07 -3.512253169901669e-05
72 0.279296875 -3.52660717908293e-05 -2.210435923188925e-07 -3.548711538314819e-05
73 0.283203125 -3.562303027138114e-05 -2.23284587264061e-07 -3.58463148586452e-05
74 0.287109375 -3.59746627509594e-05 -2.25467374548316e-07 -3.620013012550771e-05
75 0.291015625 -3.632082371041179e-05 -2.276210580021143e-07 -3.65484447684139e-05
76 0.294921875 -3.666157135739923e-05 -2.297747414559126e-07 -3.689134609885514e-05
77 0.298828125 -3.699678927659988e-05 -2.318993210792542e-07 -3.722868859767914e-05
78 0.302734375 -3.732639015652239e-05 -2.339365892112255e-07 -3.756032674573362e-05
79 0.306640625 -3.765043220482767e-05 -2.360029611736536e-07 -3.788643516600132e-05
80 0.310546875 -3.796871169470251e-05 -2.37923813983798e-07 -3.82066355086863e-05
81 0.314453125 -3.828131593763828e-05 -2.399319782853127e-07 -3.85212479159236e-05
82 0.318359375 -3.858821582980454e-05 -2.418819349259138e-07 -3.883009776473045e-05
83 0.322265625 -3.888926585204899e-05 -2.437445800751448e-07 -3.913301043212414e-05
84 0.326171875 -3.918443690054119e-05 -2.456072252243757e-07 -3.943004412576556e-05
85 0.330078125 -3.947375807911158e-05 -2.474116627126932e-07 -3.972116974182427e-05
86 0.333984375 -3.975705476477742e-05 -2.491578925400972e-07 -4.000621265731752e-05
87 0.337890625 -4.003444337286055e-05 -2.50933226197958e-07 -4.028537659905851e-05
88 0.341796875 -4.030577838420868e-05 -2.526212483644485e-07 -4.055839963257313e-05
89 0.345703125 -4.057100159116089e-05 -2.542801667004824e-07 -4.082528175786138e-05
90 0.349609375 -4.083022940903902e-05 -2.559390850365162e-07 -4.108616849407554e-05
91 0.353515625 -4.108314169570804e-05 -2.574815880507231e-07 -4.134062328375876e-05
92 0.357421875 -4.133000038564205e-05 -2.590531948953867e-07 -4.158905358053744e-05
93 0.361328125 -4.157057264819741e-05 -2.605665940791368e-07 -4.183113924227655e-05
94 0.365234375 -4.180488758720458e-05 -2.620217856019735e-07 -4.206690937280655e-05
95 0.369140625 -4.203288699500263e-05 -2.634478732943535e-07 -4.229633486829698e-05
96 0.373046875 -4.225457087159157e-05 -2.6481575332582e-07 -4.251938662491739e-05
97 0.376953125 -4.246996832080185e-05 -2.662127371877432e-07 -4.27361810579896e-05
98 0.380859375 -4.267890471965075e-05 -2.674933057278395e-07 -4.294639802537858e-05
99 0.384765625 -4.28814091719687e-05 -2.68744770437479e-07 -4.315015394240618e-05
100 0.388671875 -4.307748167775571e-05 -2.700253389775753e-07 -4.334750701673329e-05
101 0.392578125 -4.326703492552042e-05 -2.712185960263014e-07 -4.353825352154672e-05
102 0.396484375 -4.345012712292373e-05 -2.72353645414114e-07 -4.372248076833785e-05
103 0.400390625 -4.362661275081336e-05 -2.734595909714699e-07 -4.390007234178483e-05
104 0.404296875 -4.379657912068069e-05 -2.745073288679123e-07 -4.40710864495486e-05
105 0.408203125 -4.395988071337342e-05 -2.75525962933898e-07 -4.423540667630732e-05
106 0.412109375 -4.411663394421339e-05 -2.765154931694269e-07 -4.439314943738282e-05
107 0.416015625 -4.426666419021785e-05 -2.774468157440424e-07 -4.454411100596189e-05
108 0.419921875 -4.441011697053909e-05 -2.783490344882011e-07 -4.468846600502729e-05
109 0.423828125 -4.454681766219437e-05 -2.792221494019032e-07 -4.482603981159627e-05
110 0.427734375 -4.467688268050551e-05 -2.800370566546917e-07 -4.495691973716021e-05
111 0.431640625 -4.480010829865932e-05 -2.8076465241611e-07 -4.508087295107543e-05
112 0.435546875 -4.491666913963854e-05 -2.815213520079851e-07 -4.519819049164653e-05
113 0.439453125 -4.50264778919518e-05 -2.822198439389467e-07 -4.530869773589075e-05
114 0.443359375 -4.512944724410772e-05 -2.828601282089949e-07 -4.541230737231672e-05
115 0.447265625 -4.522566450759768e-05 -2.834713086485863e-07 -4.550913581624627e-05
116 0.451171875 -4.531507147476077e-05 -2.840242814272642e-07 -4.559909575618804e-05
117 0.455078125 -4.539758083410561e-05 -2.845481503754854e-07 -4.56821289844811e-05
118 0.458984375 -4.547333810478449e-05 -2.850138116627932e-07 -4.575835191644728e-05
119 0.462890625 -4.554219776764512e-05 -2.854503691196442e-07 -4.582764813676476e-05
120 0.466796875 -4.560424713417888e-05 -2.858287189155817e-07 -4.589007585309446e-05
121 0.470703125 -4.565936978906393e-05 -2.861488610506058e-07 -4.594551865011454e-05
122 0.474609375 -4.570768214762211e-05 -2.864690031856298e-07 -4.599415115080774e-05
123 0.478515625 -4.574906779453158e-05 -2.867309376597404e-07 -4.603579873219132e-05
124 0.482421875 -4.578355583362281e-05 -2.869346644729376e-07 -4.607049049809575e-05
125 0.486328125 -4.581117536872625e-05 -2.871383912861347e-07 -4.609831376001239e-05
126 0.490234375 -4.583186819218099e-05 -2.872548066079617e-07 -4.611912299878895e-05
127 0.494140625 -4.584569251164794e-05 -2.873712219297886e-07 -4.613306373357773e-05
128 0.498046875 -4.585261922329664e-05 -2.874003257602453e-07 -4.614001954905689e-05
129 0.501953125 -4.585261922329664e-05 -2.874003257602453e-07 -4.614001954905689e-05
130 0.505859375 -4.584569251164794e-05 -2.873712219297886e-07 -4.613306373357773e-05
131 0.509765625 -4.583189729601145e-05 -2.872548066079617e-07 -4.611915210261941e-05
132 0.513671875 -4.581120447255671e-05 -2.871383912861347e-07 -4.609834286384284e-05
133 0.517578125 -4.578355583362281e-05 -2.869346644729376e-07 -4.607049049809575e-05
134 0.521484375 -4.574909689836204e-05 -2.867309376597404e-07 -4.603582783602178e-05
135 0.525390625 -4.570765304379165e-05 -2.864398993551731e-07 -4.599409294314682e-05
136 0.529296875 -4.565936978906393e-05 -2.861488610506058e-07 -4.594551865011454e-05
137 0.533203125 -4.560421803034842e-05 -2.858287189155817e-07 -4.5890046749264e-05
138 0.537109375 -4.554222687147558e-05 -2.854503691196442e-07 -4.582767724059522e-05
139 0.541015625 -4.547333810478449e-05 -2.850138116627932e-07 -4.575835191644728e-05
140 0.544921875 -4.539758083410561e-05 -2.845481503754854e-07 -4.56821289844811e-05
141 0.548828125 -4.531507147476077e-05 -2.840242814272642e-07 -4.559909575618804e-05
142 0.552734375 -4.522563540376723e-05 -2.834713086485863e-07 -4.550910671241581e-05
143 0.556640625 -4.512944724410772e-05 -2.828601282089949e-07 -4.541230737231672e-05
144 0.560546875 -4.502644878812134e-05 -2.822198439389467e-07 -4.530866863206029e-05
145 0.564453125 -4.491666913963854e-05 -2.815213520079851e-07 -4.519819049164653e-05
146 0.568359375 -4.480010829865932e-05 -2.8076465241611e-07 -4.508087295107543e-05
147 0.572265625 -4.467688268050551e-05 -2.800370566546917e-07 -4.495691973716021e-05
148 0.576171875 -4.454681766219437e-05 -2.792221494019032e-07 -4.482603981159627e-05
149 0.580078125 -4.441008786670864e-05 -2.783490344882011e-07 -4.468843690119684e-05
150 0.583984375 -4.426669329404831e-05 -2.774468157440424e-07 -4.454414010979235e-05
151 0.587890625 -4.411663394421339e-05 -2.765154931694269e-07 -4.439314943738282e-05
152 0.591796875 -4.395988071337342e-05 -2.75525962933898e-07 -4.423540667630732e-05
153 0.595703125 -4.379657912068069e-05 -2.745073288679123e-07 -4.40710864495486e-05
154 0.599609375 -4.362664185464382e-05 -2.734595909714699e-07 -4.390010144561529e-05
155 0.603515625 -4.345006891526282e-05 -2.723245415836573e-07 -4.372239345684648e-05
156 0.607421875 -4.326703492552042e-05 -2.712185960263014e-07 -4.353825352154672e-05
157 0.611328125 -4.307748167775571e-05 -2.700253389775753e-07 -4.334750701673329e-05
158 0.615234375 -4.288143827579916e-05 -2.687738742679358e-07 -4.315021215006709e-05
159 0.619140625 -4.267887561582029e-05 -2.674933057278395e-07 -4.294636892154813e-05
160 0.623046875 -4.24699392169714e-05 -2.661836333572865e-07 -4.273612285032868e-05
161 0.626953125 -4.225465818308294e-05 -2.648739609867334e-07 -4.251953214406967e-05
162 0.630859375 -4.203288699500263e-05 -2.634478732943535e-07 -4.229633486829698e-05
163 0.634765625 -4.180488758720458e-05 -2.620217856019735e-07 -4.206690937280655e-05
164 0.638671875 -4.157057264819741e-05 -2.605665940791368e-07 -4.183113924227655e-05
165 0.642578125 -4.133000038564205e-05 -2.590531948953867e-07 -4.158905358053744e-05
166 0.646484375 -4.108319990336895e-05 -2.575397957116365e-07 -4.134073969908059e-05
167 0.650390625 -4.083017120137811e-05 -2.559099812060595e-07 -4.108608118258417e-05
168 0.654296875 -4.057103069499135e-05 -2.543092705309391e-07 -4.082533996552229e-05
169 0.658203125 -4.030583659186959e-05 -2.526503521949053e-07 -4.05584869440645e-05
170 0.662109375 -4.003441426903009e-05 -2.509041223675013e-07 -4.02853183913976e-05
171 0.666015625 -3.975708386860788e-05 -2.491578925400972e-07 -4.000624176114798e-05
172 0.669921875 -3.947372897528112e-05 -2.473825588822365e-07 -3.972111153416336e-05
173 0.673828125 -3.918443690054119e-05 -2.456072252243757e-07 -3.943004412576556e-05
174 0.677734375 -3.888926585204899e-05 -2.437736839056015e-07 -3.913303953595459e-05
175 0.681640625 -3.858821582980454e-05 -2.418528310954571e-07 -3.88300686609e-05
176 0.685546875 -3.82813741452992e-05 -2.399610821157694e-07 -3.852133522741497e-05
177 0.689453125 -3.796871169470251e-05 -2.37923813983798e-07 -3.82066355086863e-05
178 0.693359375 -3.765037399716675e-05 -2.359738573431969e-07 -3.788634785450995e-05
179 0.697265625 -3.732636105269194e-05 -2.339365892112255e-07 -3.756029764190316e-05
180 0.701171875 -3.699681838043034e-05 -2.318993210792542e-07 -3.722871770150959e-05
181 0.705078125 -3.666154225356877e-05 -2.297747414559126e-07 -3.689131699502468e-05
182 0.708984375 -3.632082371041179e-05 -2.276210580021143e-07 -3.65484447684139e-05
183 0.712890625 -3.597463364712894e-05 -2.25467374548316e-07 -3.620010102167726e-05
184 0.716796875 -3.562303027138114e-05 -2.23284587264061e-07 -3.58463148586452e-05
185 0.720703125 -3.52660717908293e-05 -2.210435923188925e-07 -3.548711538314819e-05
186 0.724609375 -3.490375820547342e-05 -2.187443897128105e-07 -3.512250259518623e-05
187 0.728515625 -3.453620593063533e-05 -2.164451871067286e-07 -3.475265111774206e-05
188 0.732421875 -3.416344407014549e-05 -2.140877768397331e-07 -3.437753184698522e-05
189 0.736328125 -3.378558903932571e-05 -2.117594704031944e-07 -3.399734850972891e-05
190 0.740234375 -3.340261173434556e-05 -2.093438524752855e-07 -3.361195558682084e-05
191 0.744140625 -3.301462857052684e-05 -2.069573383778334e-07 -3.322158590890467e-05
192 0.748046875 -3.262163954786956e-05 -2.04483512789011e-07 -3.282612306065857e-05
193 0.751953125 -3.222376108169556e-05 -2.019805833697319e-07 -3.242574166506529e-05
194 0.755859375 -3.182099317200482e-05 -1.994485501199961e-07 -3.202044172212481e-05
195 0.759765625 -3.141345223411918e-05 -1.968874130398035e-07 -3.161033964715898e-05
196 0.763671875 -3.100122557953e-05 -1.942971721291542e-07 -3.119552275165915e-05
197 0.767578125 -3.058425500057638e-05 -1.917069312185049e-07 -3.077596193179488e-05
198 0.771484375 -3.01627442240715e-05 -1.890584826469421e-07 -3.035180270671844e-05
199 0.775390625 -2.973663504235446e-05 -1.863809302449226e-07 -2.992301597259939e-05
200 0.779296875 -2.930607297457755e-05 -1.836742740124464e-07 -2.948974724858999e-05
201 0.783203125 -2.887105802074075e-05 -1.809385139495134e-07 -2.905199653469026e-05
202 0.787109375 -2.843179390765727e-05 -1.782027538865805e-07 -2.860999666154385e-05
203 0.791015625 -2.798813511617482e-05 -1.75408786162734e-07 -2.816354390233755e-05
204 0.794921875 -2.754034358076751e-05 -1.726148184388876e-07 -2.77129583992064e-05
205 0.798828125 -2.708836109377444e-05 -1.697917468845844e-07 -2.725815284065902e-05
206 0.802734375 -2.663233317434788e-05 -1.669395714998245e-07 -2.67992727458477e-05
207 0.806640625 -2.617228892631829e-05 -1.640291884541512e-07 -2.633631811477244e-05
208 0.810546875 -2.570825745351613e-05 -1.611188054084778e-07 -2.58693762589246e-05
209 0.814453125 -2.524042793083936e-05 -1.58193870447576e-07 -2.539862180128694e-05
210 0.818359375 -2.47687567025423e-05 -1.552398316562176e-07 -2.492399653419852e-05
211 0.822265625 -2.429333108011633e-05 -1.522566890344024e-07 -2.444558776915073e-05
212 0.826171875 -2.381426747888327e-05 -1.492589944973588e-07 -2.396352647338063e-05
213 0.830078125 -2.333162410650402e-05 -1.462321961298585e-07 -2.347785630263388e-05
214 0.833984375 -2.284548827446997e-05 -1.432053977623582e-07 -2.298869367223233e-05
215 0.837890625 -2.235587453469634e-05 -1.401203917339444e-07 -2.249599492643028e-05
216 0.841796875 -2.186291385442019e-05 -1.370353857055306e-07 -2.199994924012572e-05
217 0.845703125 -2.136663533747196e-05 -1.339212758466601e-07 -2.150055661331862e-05
218 0.849609375 -2.08671553991735e-05 -1.307780621573329e-07 -2.099793346133083e-05
219 0.853515625 -2.036453224718571e-05 -1.276348484680057e-07 -2.049216709565371e-05
220 0.857421875 -1.985885319299996e-05 -1.244625309482217e-07 -1.998331572394818e-05
221 0.861328125 -1.93501909961924e-05 -1.212902134284377e-07 -1.947148120962083e-05
222 0.865234375 -1.88385893125087e-05 -1.180742401629686e-07 -1.895666355267167e-05
223 0.869140625 -1.832413545344025e-05 -1.148437149822712e-07 -1.843897916842252e-05
224 0.873046875 -1.780696038622409e-05 -1.116131898015738e-07 -1.791857357602566e-05
225 0.876953125 -1.728712231852114e-05 -1.083535607904196e-07 -1.739547587931156e-05
226 0.880859375 -1.67646212503314e-05 -1.050648279488087e-07 -1.686968607828021e-05
227 0.884765625 -1.623963180463761e-05 -1.017906470224261e-07 -1.634142245166004e-05
228 0.888671875 -1.571219763718545e-05 -9.848736226558685e-08 -1.581068499945104e-05
229 0.892578125 -1.518236240372062e-05 -9.515497367829084e-08 -1.527751737739891e-05
230 0.896484375 -1.465025707148015e-05 -9.180803317576647e-08 -1.474206510465592e-05
231 0.900390625 -1.411596895195544e-05 -8.847564458847046e-08 -1.420444459654391e-05
232 0.904296875 -1.357954170089215e-05 -8.511415217071772e-08 -1.366465585306287e-05
233 0.908203125 -1.304109173361212e-05 -8.173810783773661e-08 -1.312282984144986e-05
234 0.912109375 -1.250064087798819e-05 -7.834023563191295e-08 -1.25789811136201e-05
235 0.916015625 -1.195829827338457e-05 -7.494236342608929e-08 -1.203324063681066e-05
236 0.919921875 -1.141420216299593e-05 -7.153721526265144e-08 -1.148573937825859e-05
237 0.923828125 -1.086835982277989e-05 -6.812479114159942e-08 -1.093648461392149e-05
238 0.927734375 -1.032088039210066e-05 -6.469053914770484e-08 -1.038557093124837e-05
239 0.931640625 -9.771851182449609e-06 -6.124901119619608e-08 -9.833100193645805e-06
240 0.935546875 -9.221344953402877e-06 -5.779293132945895e-08 -9.279137884732336e-06
241 0.939453125 -8.669449016451836e-06 -5.433685146272182e-08 -8.723785867914557e-06
242 0.943359375 -8.11625795904547e-06 -5.086621968075633e-08 -8.167124178726226e-06
243 0.947265625 -7.561837264802307e-06 -4.739558789879084e-08 -7.609232852701098e-06
244 0.951171875 -7.006288797128946e-06 -4.391040420159698e-08 -7.050199201330543e-06
245 0.955078125 -6.449663487728685e-06 -4.04324964620173e-08 -6.490095984190702e-06
246 0.958984375 -5.892099579796195e-06 -3.693276084959507e-08 -5.92903234064579e-06
247 0.962890625 -5.333615263225511e-06 -3.342938725836575e-08 -5.367044650483876e-06
248 0.966796875 -4.77433786727488e-06 -2.992601366713643e-08 -4.804263880942017e-06
249 0.970703125 -4.214343789499253e-06 -2.641536411829293e-08 -4.240759153617546e-06
250 0.974609375 -3.653716703411192e-06 -2.290107659064233e-08 -3.676617780001834e-06
251 0.978515625 -3.09254028252326e-06 -1.938315108418465e-08 -3.111923433607444e-06
252 0.982421875 -2.530896381358616e-06 -1.586340658832341e-08 -2.546759787946939e-06
253 0.986328125 -1.968870492419228e-06 -1.234184310305864e-08 -1.981212335522287e-06
254 0.990234375 -1.40654719871236e-06 -8.816641638986766e-09 -1.415363840351347e-06
255 0.994140625 -8.44012902234681e-07 -5.290530680213124e-09 -8.493034329148941e-07
256 0.998046875 0.007425732351521219 -1.763510226737708e-09 0.007425730588010993
