# P x u_num u_exact u_err v_num v_exact v_err psi_num psi_exact psi_err
1 0.001953125 0.002257266871803068 0.00225726581582338 1.05597968780638e-09 0.002257250136512471 0.00225726581582338 -1.567931090908428e-08 0.004514517008315538 0.00451453163164676 -1.46233312212779e-08
2 0.005859375 0.006771523205031343 0.006771457511541153 6.569349019023424e-08 0.006771517910001728 0.006771457511541153 6.039846057494247e-08 0.01354304111503307 0.01354291502308231 1.260919507660441e-07
3 0.009765625 0.01128475976883867 0.01128462945066507 1.30318173604746e-07 0.01128476591045839 0.01128462945066507 1.364597933192768e-07 0.02256952567929706 0.02256925890133013 2.667779669222881e-07
4 0.013671875 0.01579629688735912 0.01579610196610184 1.949212572842363e-07 0.01579631445832749 0.01579610196610184 2.12492225648564e-07 0.03159261134568661 0.03159220393220367 4.074134829362697e-07
5 0.017578125 0.02030545513685996 0.02030519564668514 2.594901748198541e-07 0.02030548413378269 0.02030519564668514 2.884870975473908e-07 0.04061093927064266 0.04061039129337029 5.479772723707144e-07
6 0.021484375 0.0248115554593789 0.02481123143949244 3.240198864599975e-07 0.02481159586772587 0.02481123143949244 3.644282334305804e-07 0.04962315132710476 0.04962246287898488 6.884481198871084e-07
7 0.025390625 0.02931391924628592 0.02931353075210783 3.88494178091281e-07 0.02931397106275427 0.02931353075210783 4.403106464399842e-07 0.0586278903090402 0.05862706150421566 8.288048245347346e-07
8 0.029296875 0.03381186846463389 0.03381141555481559 4.529098182950997e-07 0.03381193167120002 0.03381141555481559 5.161163844288885e-07 0.06762380013583391 0.06762283110963119 9.690262027239882e-07
9 0.033203125 0.03830472573480456 0.03830420848270896 5.172520955998294e-07 0.03830480032170523 0.03830420848270896 5.91838996269467e-07 0.07660952605650979 0.07660841696541792 1.109091091869296e-06
10 0.037109375 0.04279181445244516 0.04279123293769878 5.815147463839043e-07 0.04279190040130532 0.04279123293769878 6.674636065448492e-07 0.08558371485375049 0.08558246587539756 1.248978352935692e-06
11 0.041015625 0.04727245887651399 0.04727181319040671 6.45686107275667e-07 0.04727255617117358 0.04727181319040671 7.429807668685173e-07 0.09454501504768757 0.09454362638081343 1.388666874144184e-06
12 0.044921875 0.05174598424310495 0.05174527448192755 7.097611773934642e-07 0.05174609285632416 0.05174527448192755 8.183743966036494e-07 0.1034920770994291 0.1034905489638551 1.528135573997114e-06
13 0.048828125 0.05621171684403736 0.05621094312544551 7.737185918413325e-07 0.05621183677025796 0.05621094312544551 8.936448124413632e-07 0.1124235536142953 0.112421886250891 1.667363404289635e-06
14 0.052734375 0.06066898416964988 0.06066814660768887 8.375619610090368e-07 0.06066911537508118 0.06066814660768887 9.687673923064466e-07 0.1213380995447311 0.1213362932153777 1.806329353315483e-06
15 0.056640625 0.06511711496238122 0.06511621369020809 9.012721731288531e-07 0.06511725743048456 0.06511621369020809 1.04374027647125e-06 0.1302343723928658 0.1302324273804162 1.945012449600103e-06
16 0.060546875 0.06955543935623029 0.06955447451046182 9.648457684752199e-07 0.06955559305645753 0.06955447451046182 1.118545995715259e-06 0.1391110324126878 0.1391089490209236 2.083391764190479e-06
17 0.064453125 0.07398328895244835 0.07398226068269574 1.028269752609279e-06 0.07398345385935738 0.07398226068269574 1.193176661640205e-06 0.1479667428118057 0.1479645213653915 2.221446414235606e-06
18 0.068359375 0.07839999694040857 0.07839890539859899 1.091541809578045e-06 0.07840017301235568 0.07839890539859899 1.267613756683605e-06 0.1568001699527642 0.156797810797198 2.35915556626165e-06
19 0.072265625 0.08280489816232016 0.08280374352772304 1.154634597114179e-06 0.08280508539156527 0.08280374352772304 1.341863842221902e-06 0.1656099835538854 0.1656074870554461 2.496498439336081e-06
20 0.076171875 0.08719732927622662 0.08719611171764793 1.217558578681111e-06 0.08719752761337662 0.08719611171764793 1.415895728690275e-06 0.1743948568896032 0.1743922234352959 2.633454307371386e-06
21 0.080078125 0.09157662878422217 0.09157534849388065 1.280290341520995e-06 0.09157683820604283 0.09157534849388065 1.489712162183743e-06 0.183153466990265 0.1831506969877613 2.770002503704738e-06
22 0.083984375 0.09594213718870311 0.0959407943594708 1.342829232309217e-06 0.09594235765266128 0.0959407943594708 1.563293190481874e-06 0.1918844948413644 0.1918815887189416 2.906122422791091e-06
23 0.087890625 0.1002931970553886 0.1002917918943284 1.405161060230586e-06 0.1002934285267924 0.1002917918943284 1.636632464038779e-06 0.200586625582181 0.2005835837886568 3.041793524283243e-06
24 0.091796875 0.1046291531403132 0.1046276858542289 1.46728608432789e-06 0.1046293955634801 0.1046276858542289 1.709709251229707e-06 0.2092585487037933 0.2092553717084578 3.176995335557597e-06
25 0.095703125 0.1089493524407486 0.1089478232694906 1.529171258007889e-06 0.1089496058056879 0.1089478232694906 1.782536197314499e-06 0.2178989582464365 0.2178956465389812 3.311707455322388e-06
26 0.099609375 0.1132531443770708 0.1132515535433095 1.590833761291877e-06 0.1132534086191036 0.1132515535433095 1.855075794116035e-06 0.2265065529961744 0.2265031070866191 3.445909555394033e-06
27 0.103515625 0.1175398807957754 0.1175382285497368 1.652246038569283e-06 0.1175401558850846 0.1175382285497368 1.927335347817749e-06 0.23508003668086 0.2350764570994736 3.579581386387032e-06
28 0.107421875 0.1218089161415267 0.1218072027312841 1.713410242604185e-06 0.121809202023819 0.1218072027312841 1.999292534943242e-06 0.2436181181653457 0.2436144054625681 3.712702777547428e-06
29 0.111328125 0.1260596075071704 0.1260578331961421 1.77431102837966e-06 0.1260599041387559 0.1260578331961421 2.070942613813243e-06 0.2521195116459263 0.2521156663922841 3.845253642165147e-06
30 0.115234375 0.1302913147663199 0.1302894798149979 1.834951322027267e-06 0.1302916220776559 0.1302894798149979 2.142262658044736e-06 0.2605829368439758 0.2605789596299958 3.977213980044247e-06
31 0.119140625 0.1345034006099001 0.134501505317436 1.895292464137999e-06 0.1345037185888514 0.134501505317436 2.213271415363316e-06 0.2690071191987515 0.269003010634872 4.108563879501315e-06
32 0.123046875 0.1386952307461937 0.1386932753879087 1.955358284982944e-06 0.1386955593131448 0.1386932753879087 2.283925236129525e-06 0.2773907900593385 0.2773865507758174 4.239283521112469e-06
33 0.126953125 0.1428661738784952 0.1428641587612619 2.015117233328256e-06 0.1428665129972107 0.1428641587612619 2.354235948853756e-06 0.285732686875706 0.2857283175225238 4.369353182209768e-06
34 0.130859375 0.1470156018920498 0.1470135273178013 2.074574248445149e-06 0.1470159514967892 0.1470135273178013 2.424178987880943e-06 0.294031553388839 0.2940270546356027 4.498753236326092e-06
35 0.134765625 0.1511428898908447 0.151140756177885 2.133712959678791e-06 0.1511432499290848 0.151140756177885 2.493751199789118e-06 0.3022861398199294 0.3022815123557699 4.627464159467909e-06
36 0.138671875 0.1552474163349137 0.1552452237960276 2.192538886031103e-06 0.1552477867236731 0.1552452237960276 2.562927645444191e-06 0.3104952030585868 0.3104904475920553 4.75546653150305e-06
37 0.142578125 0.1593285630624779 0.1593263120545034 2.251007974435337e-06 0.1593289437875683 0.1593263120545034 2.631733064889508e-06 0.3186575068500462 0.3186526241090069 4.882741039324845e-06
38 0.146484375 0.1633857155070478 0.163383406356432 2.30915061574799e-06 0.1633861064742959 0.163383406356432 2.700117863879692e-06 0.3267718219813436 0.326766812712864 5.009268479627682e-06
39 0.150390625 0.1674182626497177 0.1674158957183348 2.36693138291888e-06 0.1674186638167144 0.1674158957183348 2.768098379679618e-06 0.3348369264664321 0.3348317914366695 5.135029762626253e-06
40 0.154296875 0.1714255972202302 0.1714231728621464 2.424358083813472e-06 0.1714260085099754 0.1714231728621464 2.835647829046994e-06 0.3428516057302056 0.3428463457242927 5.26000591283271e-06
41 0.158203125 0.175407115719899 0.1754046343066689 2.481413230087659e-06 0.1754075370715138 0.1754046343066689 2.902764844908701e-06 0.3508146527914128 0.3508092686133378 5.38417807499636e-06
42 0.162109375 0.1793622185634909 0.1793596804584539 2.538105037031002e-06 0.1793626498809311 0.1793596804584539 2.969422477211436e-06 0.358724868444422 0.3587193609169077 5.507527514270194e-06
43 0.166015625 0.1832903100863641 0.1832877157020985 2.594384265669492e-06 0.1832907513534537 0.1832877157020985 3.035651355176583e-06 0.3665810614398178 0.366575431404197 5.63003562087383e-06
44 0.169921875 0.1871907987776513 0.1871881484899436 2.650287707711696e-06 0.1871912498861467 0.1871881484899436 3.101396203103457e-06 0.3743820486637979 0.3743762969798871 5.751683910815153e-06
45 0.173828125 0.1910630972074327 0.1910603914311582 2.70577627445312e-06 0.1910635581089152 0.1910603914311582 3.166677757016068e-06 0.3821266553163479 0.3821207828623164 5.872454031496943e-06
46 0.177734375 0.1949066222406541 0.1949038613801986 2.760860455502945e-06 0.194907092847505 0.1949038613801986 3.231467306324953e-06 0.3898137150881591 0.3898077227603973 5.992327761827898e-06
47 0.181640625 0.1987207950465794 0.198717979524628 2.815521951360367e-06 0.1987212752896927 0.198717979524628 3.295765064720291e-06 0.3974420703362721 0.397435959049256 6.111287016108413e-06
48 0.185546875 0.2025050412437844 0.2025021714722831 2.869771501323726e-06 0.2025055310146295 0.2025021714722831 3.359542346342836e-06 0.4050105722584139 0.4050043429445662 6.229313847638807e-06
49 0.189453125 0.206258790892773 0.206255867337776 2.923554996980826e-06 0.2062592901732293 0.206255867337776 3.422835453292805e-06 0.4125180810660023 0.412511734675552 6.346390450273631e-06
50 0.193359375 0.2099814787436815 0.2099785018283165 2.976915364966137e-06 0.2099819874121112 0.2099785018283165 3.485583794621272e-06 0.4199634661557927 0.4199570036566331 6.462499159587409e-06
51 0.197265625 0.2136725441389543 0.2136695143288434 3.029810110910525e-06 0.213673062141193 0.2136695143288434 3.547812349652402e-06 0.4273456062801473 0.4273390286576867 6.577622460535171e-06
52 0.201171875 0.2173314312388716 0.2173283489864505 3.082252421043874e-06 0.2173319584770136 0.2173283489864505 3.609490563077911e-06 0.4346633897158851 0.434656697972901 6.691742984121785e-06
53 0.205078125 0.2209575890172805 0.2209544547940968 3.134223183653972e-06 0.2209581254144259 0.2209544547940968 3.670620329077057e-06 0.4419157144317064 0.4419089095881937 6.804843512731029e-06
54 0.208984375 0.224550471409228 0.2245472856735855 3.185735642480259e-06 0.2245510168449276 0.2245472856735855 3.731171342141737e-06 0.4491014882541556 0.449094571347171 6.916906984621995e-06
55 0.212890625 0.2281095372888821 0.2281063005578015 3.236731080630273e-06 0.2281100917432148 0.2281063005578015 3.791185413354325e-06 0.456219629032097 0.456212601115603 7.027916493984598e-06
56 0.216796875 0.231634250730598 0.2316309634721944 3.287258403539273e-06 0.231634814069083 0.2316309634721944 3.850596888538282e-06 0.463269064799681 0.4632619269443889 7.137855292105311e-06
57 0.220703125 0.2351240808873606 0.2351207436154941 3.337271866521441e-06 0.2351246530504227 0.2351207436154941 3.909434928561772e-06 0.4702487339377833 0.4702414872309882 7.246706795083213e-06
58 0.224609375 0.2385785022269367 0.2385751154396474 3.386787289311188e-06 0.2385790831069388 0.2385751154396474 3.967667291382426e-06 0.4771575853338754 0.4771502308792948 7.354454580665859e-06
59 0.228515625 0.2419969945138043 0.2419935587289637 3.435784840660761e-06 0.2419975840265174 0.2419935587289637 4.025297553778007e-06 0.4839945785403218 0.4839871174579273 7.461082394466523e-06
60 0.232421875 0.2453790429587189 0.2453755586784576 3.4842802613122e-06 0.2453796409723476 0.2453755586784576 4.082293890012023e-06 0.4907586839310666 0.4907511173569152 7.566574151351979e-06
61 0.236328125 0.2487241381819154 0.2487206059713768 3.532210538614855e-06 0.2487247446747744 0.2487206059713768 4.138703397549293e-06 0.4974488828566898 0.4974412119427536 7.670913936164148e-06
62 0.240234375 0.2520317764860651 0.2520281968559031 3.579630162064973e-06 0.2520323913117491 0.2520281968559031 4.194455846040501e-06 0.5040641677978142 0.5040563937118061 7.774086008049963e-06
63 0.244140625 0.2553014597115696 0.2552978332210153 3.62649055424269e-06 0.2553020828052658 0.2552978332210153 4.249584250493044e-06 0.5106035425168354 0.5105956664420307 7.876074804680222e-06
64 0.248046875 0.2585326954815282 0.2585290226715038 3.672810024391016e-06 0.2585333267264184 0.2585290226715038 4.304054914638922e-06 0.5170660222079466 0.5170580453430076 7.976864939029937e-06
65 0.251953125 0.2617249971701937 0.2617212786021224 3.718568071298112e-06 0.2617256364752576 0.2617212786021224 4.357873135185653e-06 0.5234506336454513 0.5234425572042448 8.076441206483764e-06
66 0.255859375 0.2648778840537217 0.26487412027087 3.763782851662345e-06 0.2648785312766045 0.26487412027087 4.411005734450413e-06 0.5297564153303262 0.5297482405417401 8.174788586168269e-06
67 0.259765625 0.2679908812588196 0.2679870728713885 3.808387431136762e-06 0.2679915363761994 0.2679870728713885 4.463504810980901e-06 0.535982417635019 0.5359741457427769 8.271892242062151e-06
68 0.263671875 0.271063520046235 0.2710596676044664 3.852441768648074e-06 0.2710641829002228 0.2710596676044664 4.515295756402082e-06 0.5421277029464577 0.5421193352089327 8.367737524994645e-06
69 0.267578125 0.274095337643035 0.2740914417486389 3.895894396144239e-06 0.2740960081642206 0.2740914417486389 4.566415581774841e-06 0.5481913458072556 0.5481828834972777 8.462309977863569e-06
70 0.271484375 0.2770858774959039 0.2770819387298716 3.938766032329788e-06 0.2770865555591721 0.2770819387298716 4.616829300474468e-06 0.5541724330550759 0.5541638774597432 8.555595332748744e-06
71 0.275390625 0.2800346892264247 0.2800307081903191 3.981036105604741e-06 0.2800353747337309 0.2800307081903191 4.666543411857571e-06 0.5600700639601556 0.5600614163806381 8.647579517462312e-06
72 0.279296875 0.2829413287807105 0.2829373060561469 4.022724563568225e-06 0.2829420215802406 0.2829373060561469 4.71552409364584e-06 0.5658833503609511 0.5658746121122938 8.738248657214065e-06
73 0.283203125 0.285805358365456 0.285801294604408 4.063761048000991e-06 0.2858060584324343 0.285801294604408 4.763828026332906e-06 0.5716114167978903 0.571602589208816 8.827589074278386e-06
74 0.287109375 0.2886263467395662 0.2886222425289614 4.104210604760627e-06 0.2886270539056478 0.2886222425289614 4.81137668639775e-06 0.5772534006452139 0.5772444850579228 8.915587291102867e-06
75 0.291015625 0.2914038690247999 0.291399725005426 4.144019373875096e-06 0.2914045832160868 0.291399725005426 4.858210660707574e-06 0.5828084522408867 0.5827994500108521 9.002230034638181e-06
76 0.294921875 0.2941375069655731 0.2941333237551572 4.183210415897864e-06 0.2941382280489752 0.2941333237551572 4.904293817942218e-06 0.5882757350145482 0.5882666475103144 9.087504233784571e-06
77 0.298828125 0.2968268488707624 0.2968226271082383 4.221762524125872e-06 0.2968275767427396 0.2968226271082383 4.949634501372202e-06 0.593654425613502 0.5936452542164765 9.171397025498074e-06
78 0.302734375 0.2994714897636379 0.2994672300654763 4.259698161646064e-06 0.2994722242630694 0.2994672300654763 4.994197593088945e-06 0.5989437140267073 0.5989344601309525 9.25389575479052e-06
79 0.306640625 0.3020710313029418 0.3020667343593934 4.296943548420806e-06 0.3020717724038226 0.3020667343593934 5.03804442919531e-06 0.6041428037067644 0.6041334687187868 9.334987977616116e-06
80 0.310546875 0.3046250820827471 0.3046207485142049 4.333568542236321e-06 0.3046258296071228 0.3046207485142049 5.081092917913477e-06 0.6092509116898699 0.6092414970284098 9.414661460094287e-06
81 0.314453125 0.3071332574219114 0.3071288879047732 4.369517138225198e-06 0.3071340112918212 0.3071288879047732 5.123387048000527e-06 0.6142672687137327 0.6142577758095464 9.492904186281237e-06
82 0.318359375 0.3095951796290957 0.3095907748145319 4.404814563763182e-06 0.3095959397043198 0.3095907748145319 5.164889787911964e-06 0.6191911193334154 0.6191815496290638 9.569704351619635e-06
83 0.322265625 0.312010477931715 0.3120060384923679 4.439439347081464e-06 0.3120112441033926 0.3120060384923679 5.205611024738932e-06 0.6240217220351076 0.6240120769847358 9.645050371820396e-06
84 0.326171875 0.3143787886244438 0.3143743152084555 4.473415988304197e-06 0.3143795607233488 0.3143743152084555 5.245514893337244e-06 0.6287583493477926 0.628748630416911 9.718930881641441e-06
85 0.330078125 0.3166997549769703 0.3166952483090322 4.506667938164455e-06 0.3167005329758313 0.3166952483090322 5.284666799110216e-06 0.6334002879528016 0.6333904966180643 9.791334737219159e-06
86 0.333984375 0.3189730275394763 0.3189684882701102 4.539269366110599e-06 0.3189738112517597 0.3189684882701102 5.322981649458214e-06 0.6379468387912359 0.6379369765402204 9.862251015513301e-06
87 0.337890625 0.3211982639124936 0.3211936927501131 4.57116238056221e-06 0.3211990532567537 0.3211936927501131 5.360506640628149e-06 0.6423973171692473 0.6423873855002261 9.931669021190359e-06
88 0.341796875 0.3233751290157226 0.323370526641431 4.602374291617917e-06 0.3233759238454206 0.323370526641431 5.397203989565558e-06 0.6467510528611432 0.646741053282862 9.999578281183474e-06
89 0.345703125 0.3255032950045248 0.3254986621208871 4.632883637722962e-06 0.3255040952058018 0.3254986621208871 5.433084914685526e-06 0.6510073902103266 0.6509973242417741 1.0065968552464e-05
90 0.349609375 0.3275824414157335 0.3275777786991058 4.662716627690244e-06 0.327583246812299 0.3275777786991058 5.46811319318552e-06 0.6551656882280326 0.6551555573982116 1.013082982093128e-05
91 0.353515625 0.329612255063257 0.3296075632687783 4.691794478706157e-06 0.329613065626603 0.3296075632687783 5.502357824704873e-06 0.6592253206898601 0.6592151265375567 1.019415230341103e-05
92 0.357421875 0.3315924303469292 0.3315877101518144 4.720195114771286e-06 0.3315932458831464 0.3315877101518144 5.535731331940408e-06 0.6631856762300756 0.6631754203036289 1.025592644676721e-05
93 0.361328125 0.3335226690047082 0.3335179211453771 4.747859331133419e-06 0.3335234894289806 0.3335179211453771 5.568283603540891e-06 0.6670461584336889 0.6670358422907542 1.031614293467431e-05
94 0.365234375 0.3354026803830193 0.3353979055667907 4.774816228680923e-06 0.3354035055432447 0.3353979055667907 5.599976454051525e-06 0.6708061859262641 0.6707958111335813 1.037479268273245e-05
95 0.369140625 0.337232181341599 0.3372273802973163 4.801044282742861e-06 0.3372330111198791 0.3372273802973163 5.630822562829874e-06 0.6744651924614782 0.6744547605946326 1.043186684557273e-05
96 0.373046875 0.3390108963964056 0.3390060698247889 4.826571616656228e-06 0.3390117306099866 0.3390060698247889 5.660785197703078e-06 0.6780226270063923 0.6780121396495778 1.048735681441482e-05
97 0.376953125 0.3407385576023635 0.3407337062851082 4.851317255305521e-06 0.3407393962220716 0.3407337062851082 5.689936963371167e-06 0.6814779538244351 0.6814674125702165 1.054125421862118e-05
98 0.380859375 0.3424149048654329 0.3424100295025782 4.875362854706022e-06 0.3424157476906501 0.3424100295025782 5.718188071990316e-06 0.684830652556083 0.6848200590051563 1.059355092669634e-05
99 0.384765625 0.3440396856769515 0.344034787029088 4.898647863516015e-06 0.3440405326202778 0.344034787029088 5.745591189820765e-06 0.6880802182972294 0.688069574058176 1.064423905339229e-05
100 0.388671875 0.3456126553854083 0.3456077341821307 4.921203277608033e-06 0.3456135062898039 0.3456077341821307 5.772107673218674e-06 0.6912261616752122 0.6912154683642614 1.069331095082671e-05
101 0.392578125 0.3471335770892495 0.3471286340816507 4.943007598789961e-06 0.3471344318332696 0.3471286340816507 5.79775161885232e-06 0.6942680089225191 0.6942572681633015 1.074075921758677e-05
102 0.396484375 0.3486022217761361 0.3485972576857175 4.964090418668743e-06 0.3486030801719958 0.3485972576857175 5.822486278339589e-06 0.6972053019481319 0.697194515371435 1.078657669695282e-05
103 0.400390625 0.3500183681945599 0.3500133838250183 4.984369541605194e-06 0.3500192302119552 0.3500133838250183 5.846386936902981e-06 0.700037598406515 0.7000267676500366 1.083075647845266e-05
104 0.404296875 0.3513818031655435 0.3513767992361654 5.00392937807792e-06 0.3513826685986844 0.3513767992361654 5.869362518950982e-06 0.7027644717642278 0.7027535984723309 1.087329189697339e-05
105 0.408203125 0.3526923213025172 0.3526872985938131 5.022708704061074e-06 0.3526931900616467 0.3526872985938131 5.891467833585295e-06 0.7053855113641639 0.7053745971876263 1.091417653764637e-05
106 0.412109375 0.35394972528162 0.3539446845415783 5.040740041650782e-06 0.3539505972057694 0.3539446845415783 5.912664191087824e-06 0.7079003224873894 0.7078893690831567 1.095340423273861e-05
107 0.416015625 0.3551538257238753 0.3551487677217626 5.058002112701132e-06 0.3551547006887156 0.3551487677217626 5.932966953003938e-06 0.7103085264125908 0.7102975354435251 1.099096906564956e-05
108 0.419921875 0.356304441329799 0.3562993668038676 5.07452593140334e-06 0.3563053191433075 0.3562993668038676 5.95233943989637e-06 0.7126097604731065 0.7125987336077352 1.102686537135522e-05
109 0.423828125 0.357401398740153 0.3573963085119041 5.090228248849638e-06 0.3574022793713897 0.3573963085119041 5.970859485560087e-06 0.7148036781115427 0.7147926170238083 1.106108773440972e-05
110 0.427734375 0.3584445328465966 0.3584394276504857 5.105196110855026e-06 0.3584454160853663 0.3584394276504857 5.988434880643823e-06 0.7168899489319629 0.7168788553009714 1.109363099149885e-05
111 0.431640625 0.3594336864974896 0.3594285671297069 5.119367782691064e-06 0.3594345722521612 0.3594285671297069 6.00512245424456e-06 0.7188682587496509 0.7188571342594139 1.112449023699114e-05
112 0.435546875 0.3603687107658351 0.3603635779888006 5.132777034511093e-06 0.3603695988725799 0.3603635779888006 6.020883779267461e-06 0.720738309638415 0.7207271559776012 1.115366081383407e-05
113 0.439453125 0.3612494648215965 0.3612443194185705 5.145403025985651e-06 0.3612503551538674 0.3612443194185705 6.035735296838762e-06 0.722499819975464 0.7224886388371411 1.118113832287992e-05
114 0.443359375 0.3620758160607085 0.3620706587825971 5.157278111400654e-06 0.3620767084231054 0.3620706587825971 6.049640508265508e-06 0.7241525244838138 0.7241413175651942 1.120691861966616e-05
115 0.447265625 0.3628476399555485 0.3628424716372116 5.168318336967737e-06 0.3628485343166908 0.3628424716372116 6.06267947927952e-06 0.7256961742722394 0.7256849432744231 1.123099781630277e-05
116 0.451171875 0.3635648203631328 0.3635596417502369 5.178612895895274e-06 0.3635657165096199 0.3635596417502369 6.074759383023487e-06 0.7271305368727528 0.7271192835004738 1.125337227891876e-05
117 0.455078125 0.3642272492183091 0.3642220611184922 5.188099816866298e-06 0.36422814705731 0.3642220611184922 6.085938817790293e-06 0.7284553962756191 0.7284441222369844 1.127403863465659e-05
118 0.458984375 0.3648348267981681 0.364829629984057 5.196814111096959e-06 0.3648357261637108 0.364829629984057 6.096179653802825e-06 0.729670552961879 0.7296592599681141 1.129299376489978e-05
119 0.462890625 0.3653874615847902 0.3653822568492952 5.20473549503464e-06 0.3653883623486112 0.3653822568492952 6.105499316066965e-06 0.7307758239334015 0.7307645136985903 1.131023481115712e-05
120 0.466796875 0.3658850703879605 0.3658798584906333 5.211897327161985e-06 0.3658859723524793 0.3658798584906333 6.113861846013258e-06 0.7317710427404398 0.7317597169812666 1.132575917317524e-05
121 0.470703125 0.3663275781864787 0.3663223599710947 5.218215383961944e-06 0.3663284813202204 0.3663223599710947 6.121349125753905e-06 0.7326560595066991 0.7326447199421894 1.133956450971585e-05
122 0.474609375 0.3667149184322984 0.3667096946515839 5.223780714491699e-06 0.3667158225196063 0.3667096946515839 6.127868022398619e-06 0.7334307409519047 0.7334193893031679 1.135164873689032e-05
123 0.478515625 0.3670470327322874 0.3670418042009229 5.228531364476208e-06 0.3670479376795921 0.3670418042009229 6.133478669179127e-06 0.7340949704118795 0.7340836084018458 1.136201003371085e-05
124 0.482421875 0.3673238711080554 0.3673186386046352 5.232503420271595e-06 0.3673247767480505 0.3673186386046352 6.138143415379549e-06 0.734648647856106 0.7346372772092703 1.137064683565114e-05
125 0.486328125 0.367545391849574 0.3675401561724776 5.235677096426805e-06 0.3675462980532226 0.3675401561724776 6.141880745047512e-06 0.7350916899027966 0.7350803123449552 1.137755784141881e-05
126 0.490234375 0.3677115616313967 0.3677063235447194 5.238086677239462e-06 0.3677124682000502 0.3677063235447194 6.144655330719839e-06 0.7354240298314468 0.7354126470894389 1.13827420079593e-05
127 0.494140625 0.3678223553455656 0.3678171156971656 5.239648400046093e-06 0.3678232622473194 0.3678171156971656 6.14655015379606e-06 0.7356456175928849 0.7356342313943312 1.138619855378664e-05
128 0.498046875 0.3678777563991456 0.3678725159449254 5.240454220123425e-06 0.3678786634176616 0.3678725159449254 6.147472736195425e-06 0.7357564198168072 0.7357450318898509 1.138792695631885e-05
129 0.501953125 0.3678777563876726 0.3678725159449254 5.2404427471342e-06 0.367878663429135 0.3678725159449254 6.147484209573228e-06 0.7357564198168076 0.7357450318898509 1.138792695676294e-05
130 0.505859375 0.3678223553481809 0.3678171156971656 5.23965101528745e-06 0.3678232622447038 0.3678171156971656 6.146547538221636e-06 0.7356456175928847 0.7356342313943312 1.13861985535646e-05
131 0.509765625 0.3677115616044363 0.3677063235447194 5.238059716861088e-06 0.3677124682270099 0.3677063235447194 6.144682290487591e-06 0.7354240298314463 0.7354126470894389 1.138274200740419e-05
132 0.513671875 0.3675453918765362 0.3675401561724776 5.235704058581536e-06 0.3675462980262595 0.3675401561724776 6.141853781949091e-06 0.7350916899027957 0.7350803123449552 1.137755784053063e-05
133 0.517578125 0.36732387110545 0.3673186386046352 5.232500814855712e-06 0.3673247767506557 0.3673186386046352 6.138146020573387e-06 0.7346486478561057 0.7346372772092703 1.13706468354291e-05
134 0.521484375 0.3670470327436798 0.3670418042009229 5.228542756918753e-06 0.3670479376681984 0.3670418042009229 6.133467275459825e-06 0.7340949704118782 0.7340836084018458 1.136201003237858e-05
135 0.525390625 0.3667149184208529 0.366709694651584 5.223769268869471e-06 0.3667158225310516 0.366709694651584 6.127879467576758e-06 0.7334307409519044 0.733419389303168 1.135164873644623e-05
136 0.529296875 0.3663275781891232 0.3663223599710947 5.218218028513189e-06 0.3663284813175749 0.3663223599710947 6.12134648020346e-06 0.7326560595066981 0.7326447199421894 1.133956450871665e-05
137 0.533203125 0.3658850703611105 0.3658798584906333 5.211870477195291e-06 0.3658859723793285 0.3658798584906333 6.113888695202796e-06 0.731771042740439 0.7317597169812666 1.132575917239809e-05
138 0.537109375 0.3653874616115627 0.3653822568492952 5.204762267563279e-06 0.3653883623218376 0.3653822568492952 6.105472542428103e-06 0.7307758239334003 0.7307645136985903 1.131023481004689e-05
139 0.541015625 0.3648348267955773 0.364829629984057 5.196811520224998e-06 0.3648357261663012 0.364829629984057 6.096182244175186e-06 0.7296705529618785 0.7296592599681141 1.129299376445569e-05
140 0.544921875 0.3642272492295893 0.3642220611184922 5.188111097065295e-06 0.3642281470460287 0.3642220611184922 6.085927536536584e-06 0.728455396275618 0.7284441222369844 1.127403863354637e-05
141 0.548828125 0.3635648203517974 0.3635596417502369 5.178601560518192e-06 0.3635657165209551 0.3635596417502369 6.074770718178524e-06 0.7271305368727525 0.7271192835004738 1.125337227869672e-05
142 0.552734375 0.3628476399581094 0.3628424716372116 5.168320897863676e-06 0.3628485343141298 0.3628424716372116 6.062676918272558e-06 0.7256961742722392 0.7256849432744231 1.123099781608072e-05
143 0.556640625 0.3620758160341442 0.3620706587825971 5.157251547149855e-06 0.3620767084496703 0.3620706587825971 6.049667073182441e-06 0.7241525244838145 0.7241413175651942 1.12069186203323e-05
144 0.560546875 0.3612494648480885 0.3612443194185705 5.14542951790542e-06 0.3612503551273767 0.3612443194185705 6.035708806140239e-06 0.7224998199754651 0.7224886388371411 1.118113832399015e-05
145 0.564453125 0.3603687107632719 0.3603635779888006 5.132774471339197e-06 0.3603695988751447 0.3603635779888006 6.020886344160203e-06 0.7207383096384167 0.7207271559776012 1.11536608154994e-05
146 0.568359375 0.359433686508649 0.3594285671297069 5.119378942042285e-06 0.3594345722410029 0.3594285671297069 6.005111295948051e-06 0.7188682587496519 0.7188571342594139 1.112449023799034e-05
147 0.572265625 0.3584445328354354 0.3584394276504857 5.105184949671937e-06 0.3584454160965307 0.3584394276504857 5.988446044991047e-06 0.716889948931966 0.7168788553009714 1.109363099460747e-05
148 0.576171875 0.3574013987426836 0.3573963085119041 5.090230779436489e-06 0.3574022793688617 0.3573963085119041 5.97085695758226e-06 0.7148036781115452 0.7147926170238083 1.106108773696324e-05
149 0.580078125 0.3563044413037141 0.3562993668038676 5.07449984643582e-06 0.3563053191693953 0.3562993668038676 5.952365527694958e-06 0.7126097604731094 0.7125987336077353 1.102686537413078e-05
150 0.583984375 0.355153825749888 0.3551487677217626 5.058028125448644e-06 0.3551547006627059 0.3551487677217626 5.932940943309539e-06 0.7103085264125939 0.7102975354435251 1.099096906875818e-05
151 0.587890625 0.3539497252791069 0.3539446845415783 5.040737528549943e-06 0.3539505972082854 0.3539446845415783 5.912666707019731e-06 0.7079003224873923 0.7078893690831567 1.095340423562519e-05
152 0.591796875 0.3526923213135083 0.3526872985938131 5.022719695157996e-06 0.3526931900506572 0.3526872985938131 5.891456844098197e-06 0.7053855113641656 0.7053745971876263 1.09141765393117e-05
153 0.595703125 0.3513818031545906 0.3513767992361654 5.00391842511716e-06 0.3513826686096396 0.3513767992361654 5.8693734741877e-06 0.7027644717642302 0.7027535984723309 1.087329189930486e-05
154 0.599609375 0.350018368197028 0.3500133838250183 4.984372009686489e-06 0.3500192302094891 0.3500133838250183 5.846384470764576e-06 0.700037598406517 0.7000267676500366 1.083075648045106e-05
155 0.603515625 0.3486022217506273 0.3485972576857175 4.96406490974044e-06 0.3486030801975066 0.3485972576857175 5.82251178909976e-06 0.6972053019481339 0.6971945153714351 1.07865766988402e-05
156 0.607421875 0.3471335771146745 0.3471286340816507 4.943033023785404e-06 0.3471344318078461 0.3471286340816507 5.79772619541119e-06 0.6942680089225206 0.6942572681633015 1.074075921914108e-05
157 0.611328125 0.3456126553829346 0.3456077341821307 4.921200803920112e-06 0.3456135062922792 0.3456077341821307 5.772110148516418e-06 0.6912261616752138 0.6912154683642614 1.069331095238102e-05
158 0.615234375 0.3440396856876873 0.344034787029088 4.898658599317152e-06 0.3440405326095425 0.344034787029088 5.745580454463717e-06 0.6880802182972299 0.688069574058176 1.064423905383638e-05
159 0.619140625 0.3424149048547654 0.3424100295025782 4.875352187294624e-06 0.3424157477013192 0.3424100295025782 5.718198741067049e-06 0.6848306525560847 0.6848200590051563 1.059355092836167e-05
160 0.623046875 0.3407385576048205 0.3407337062851083 4.851319712229074e-06 0.3407393962196152 0.3407337062851083 5.689934506947214e-06 0.6814779538244358 0.6814674125702166 1.054125421917629e-05
161 0.626953125 0.3390108963714993 0.3390060698247889 4.826546710412494e-06 0.3390117306348943 0.3390060698247889 5.660810105334591e-06 0.6780226270063936 0.6780121396495778 1.048735681574708e-05
162 0.630859375 0.3372321813663154 0.3372273802973163 4.801068999138458e-06 0.3372330110951642 0.3372273802973163 5.630797847933078e-06 0.6744651924614797 0.6744547605946326 1.043186684712705e-05
163 0.634765625 0.3354026803806484 0.3353979055667907 4.774813857688631e-06 0.3354035055456177 0.3353979055667907 5.599978827042218e-06 0.6708061859262661 0.6707958111335813 1.037479268473085e-05
164 0.638671875 0.3335226690151084 0.3335179211453771 4.747869731314136e-06 0.3335234894185812 0.3335179211453771 5.568273204081819e-06 0.6670461584336895 0.6670358422907542 1.031614293534044e-05
165 0.642578125 0.3315924303366247 0.3315877101518144 4.720184810236283e-06 0.3315932458934522 0.3315877101518144 5.535741637752167e-06 0.6631856762300768 0.6631754203036289 1.025592644798845e-05
166 0.646484375 0.3296122550655808 0.3296075632687783 4.691796802458459e-06 0.3296130656242794 0.3296075632687783 5.502355501119105e-06 0.6592253206898602 0.6592151265375567 1.019415230352205e-05
167 0.650390625 0.3275824413916979 0.3275777786991059 4.662692592027895e-06 0.3275832468363343 0.3275777786991059 5.468137228459291e-06 0.6551656882280322 0.6551555573982117 1.013082982048719e-05
168 0.654296875 0.3255032950283936 0.3254986621208871 4.632907506574302e-06 0.3255040951819319 0.3254986621208871 5.433061044779475e-06 0.6510073902103255 0.6509973242417741 1.006596855135378e-05
169 0.658203125 0.3233751290134497 0.323370526641431 4.60237201871383e-06 0.3233759238476925 0.323370526641431 5.397206261470444e-06 0.6467510528611422 0.646741053282862 9.999578280184274e-06
170 0.662109375 0.3211982639224725 0.3211936927501131 4.571172359357778e-06 0.3211990532467731 0.3211936927501131 5.360496660000713e-06 0.6423973171692456 0.6423873855002262 9.931669019414002e-06
171 0.666015625 0.3189730275295116 0.3189684882701103 4.539259401359352e-06 0.3189738112617237 0.3189684882701103 5.322991613432304e-06 0.6379468387912353 0.6379369765402205 9.862251014736145e-06
172 0.669921875 0.3166997549791831 0.3166952483090321 4.506670151005476e-06 0.3167005329736175 0.3166952483090321 5.284664585381016e-06 0.6334002879528007 0.6333904966180642 9.791334736442003e-06
173 0.673828125 0.3143787886013683 0.3143743152084555 4.47339291281823e-06 0.3143795607464238 0.3143743152084555 5.24553796832361e-06 0.6287583493477922 0.628748630416911 9.718930881197352e-06
174 0.677734375 0.3120104779545432 0.312006038492368 4.439462175209741e-06 0.3120112440805639 0.312006038492368 5.205588195944522e-06 0.6240217220351071 0.6240120769847359 9.645050371154262e-06
175 0.681640625 0.3095951796268557 0.309590774814532 4.404812323777207e-06 0.3095959397065597 0.309590774814532 5.164892027731405e-06 0.6191911193334154 0.6191815496290639 9.569704351508612e-06
176 0.685546875 0.3071332574314801 0.3071288879047732 4.369526706904381e-06 0.3071340112822521 0.3071288879047732 5.123377478877256e-06 0.6142672687137323 0.6142577758095464 9.492904185837148e-06
177 0.689453125 0.304625082073275 0.3046207485142049 4.333559070091031e-06 0.3046258296165951 0.3046207485142049 5.081102390225301e-06 0.6092509116898701 0.6092414970284098 9.414661460316331e-06
178 0.693359375 0.3020710313051542 0.3020667343593935 4.296945760762227e-06 0.3020717724016097 0.3020667343593935 5.038042216243266e-06 0.604142803706764 0.6041334687187869 9.334987977061004e-06
179 0.697265625 0.2994714897417019 0.2994672300654763 4.259676225581988e-06 0.2994722242850047 0.2994672300654763 4.994219528375865e-06 0.5989437140267067 0.5989344601309526 9.253895754013364e-06
180 0.701171875 0.2968268488925324 0.2968226271082383 4.221784294045072e-06 0.2968275767209689 0.2968226271082383 4.949612730620334e-06 0.5936544256135012 0.5936452542164766 9.171397024609895e-06
181 0.705078125 0.2941375069634876 0.2941333237551573 4.183208330288402e-06 0.2941382280510602 0.2941333237551573 4.904295902885547e-06 0.5882757350145478 0.5882666475103145 9.08750423322946e-06
182 0.708984375 0.2914038690338593 0.291399725005426 4.144028433294977e-06 0.2914045832070264 0.291399725005426 4.858201600399514e-06 0.5828084522408856 0.582799450010852 9.00223003363898e-06
183 0.712890625 0.2886263467305607 0.2886222425289614 4.104201599297586e-06 0.2886270539146531 0.2886222425289614 4.811385691694259e-06 0.5772534006452138 0.5772444850579228 8.915587290991844e-06
184 0.716796875 0.2858053583674943 0.285801294604408 4.063763086314953e-06 0.2858060584303955 0.285801294604408 4.763825987463832e-06 0.5716114167978898 0.571602589208816 8.827589073834297e-06
185 0.720703125 0.2829413287599746 0.2829373060561469 4.02270382771075e-06 0.2829420216009759 0.2829373060561469 4.715544828948204e-06 0.5658833503609505 0.5658746121122938 8.738248656658953e-06
186 0.724609375 0.2800346892469153 0.2800307081903191 3.98105659621395e-06 0.2800353747132396 0.2800307081903191 4.666522920471206e-06 0.5600700639601549 0.5600614163806382 8.647579516685155e-06
187 0.728515625 0.2770858774939965 0.2770819387298716 3.938764124855609e-06 0.2770865555610791 0.2770819387298716 4.616831207449046e-06 0.5541724330550756 0.5541638774597433 8.555595332304655e-06
188 0.732421875 0.274095337651544 0.2740914417486389 3.895902905115545e-06 0.274096008155711 0.2740914417486389 4.566407072081891e-06 0.548191345807255 0.5481828834972778 8.462309977197435e-06
189 0.736328125 0.2710635200377457 0.2710596676044664 3.852433279272205e-06 0.2710641829087127 0.2710596676044664 4.515304246277552e-06 0.5421277029464584 0.5421193352089329 8.367737525549757e-06
190 0.740234375 0.2679908812607334 0.2679870728713885 3.808389344939211e-06 0.2679915363742864 0.2679870728713885 4.463502897844585e-06 0.5359824176350199 0.535974145742777 8.271892242839307e-06
191 0.744140625 0.2648778840343456 0.2648741202708701 3.763763475495008e-06 0.2648785312959818 0.2648741202708701 4.411025111672462e-06 0.5297564153303274 0.5297482405417402 8.17478858716747e-06
192 0.748046875 0.2617249971893754 0.2617212786021225 3.718587252954375e-06 0.2617256364560773 0.2617212786021225 4.357853954806146e-06 0.5234506336454527 0.5234425572042449 8.076441207816032e-06
193 0.751953125 0.2585326954796414 0.2585290226715037 3.672808137678008e-06 0.2585333267283066 0.2585290226715037 4.304056802906242e-06 0.5170660222079481 0.5170580453430075 7.97686494058425e-06
194 0.755859375 0.2553014597194957 0.2552978332210153 3.626498480402418e-06 0.2553020827973407 0.2552978332210153 4.249576325388027e-06 0.5106035425168365 0.5105956664420307 7.876074805790445e-06
195 0.759765625 0.252031776478236 0.2520281968559031 3.579622332938737e-06 0.2520323913195801 0.2520281968559031 4.194463676998605e-06 0.504064167797816 0.5040563937118061 7.774086009937342e-06
196 0.763671875 0.2487241381836713 0.2487206059713768 3.532212294460324e-06 0.2487247446730198 0.2487206059713768 4.138701643008336e-06 0.4974488828566911 0.4974412119427536 7.670913937440904e-06
197 0.767578125 0.2453790429407522 0.2453755586784576 3.484262294600748e-06 0.2453796409903153 0.2453755586784576 4.08231185769492e-06 0.4907586839310676 0.4907511173569153 7.566574152295669e-06
198 0.771484375 0.2419969945315511 0.2419935587289637 3.43580258738152e-06 0.2419975840087719 0.2419935587289637 4.025279808195226e-06 0.483994578540323 0.4839871174579274 7.461082395576746e-06
199 0.775390625 0.2385785022252653 0.2385751154396474 3.38678561789818e-06 0.2385790831086111 0.2385751154396474 3.967668963655857e-06 0.4771575853338764 0.4771502308792948 7.354454581554037e-06
200 0.779296875 0.2351240808947023 0.2351207436154942 3.337279208120991e-06 0.2351246530430812 0.2351207436154942 3.909427586989977e-06 0.4702487339377834 0.4702414872309884 7.246706795083213e-06
201 0.783203125 0.2316342507234018 0.2316309634721945 3.287251207295672e-06 0.2316348140762797 0.2316309634721945 3.850604085170461e-06 0.4632690647996816 0.4632619269443891 7.137855292493889e-06
202 0.787109375 0.2281095372905136 0.2281063005578016 3.236732712047496e-06 0.2281100917415831 0.2281063005578016 3.791183781520768e-06 0.4562196290320968 0.4562126011156032 7.02791649359602e-06
203 0.791015625 0.2245504713927775 0.2245472856735856 3.185719191972636e-06 0.224551016861378 0.2245472856735856 3.731187792482826e-06 0.4491014882541556 0.4490945713471711 6.916906984455462e-06
204 0.794921875 0.2209575890334895 0.2209544547940968 3.134239392688087e-06 0.2209581253982169 0.2209544547940968 3.670604120126209e-06 0.4419157144317064 0.4419089095881936 6.804843512842051e-06
205 0.798828125 0.2173314312373098 0.2173283489864505 3.08225085926539e-06 0.2173319584785754 0.2173283489864505 3.609492124856395e-06 0.4346633897158851 0.434656697972901 6.691742984121785e-06
206 0.802734375 0.2136725441456375 0.2136695143288434 3.029816794147822e-06 0.2136730621345097 0.2136695143288434 3.547805666359594e-06 0.4273456062801473 0.4273390286576867 6.577622460535171e-06
207 0.806640625 0.2099814787371339 0.2099785018283165 2.976908817314827e-06 0.2099819874186594 0.2099785018283165 3.485590342827694e-06 0.4199634661557932 0.4199570036566331 6.462499160142521e-06
208 0.810546875 0.2062587908942168 0.2062558673377761 2.923556440770358e-06 0.2062592901717852 0.2062558673377761 3.422834009114695e-06 0.412518081066002 0.4125117346755521 6.346390449885053e-06
209 0.814453125 0.2025050412289222 0.2025021714722831 2.869756639017895e-06 0.2025055310294916 0.2025021714722831 3.359557208482133e-06 0.4050105722584137 0.4050043429445663 6.229313847472273e-06
210 0.818359375 0.1987207950611486 0.198717979524628 2.815536520567319e-06 0.1987212752751234 0.198717979524628 3.295750495374561e-06 0.397442070336272 0.397435959049256 6.11128701594188e-06
211 0.822265625 0.1949066222392455 0.1949038613801987 2.760859046740949e-06 0.1949070928489135 0.1949038613801987 3.231468714809393e-06 0.389813715088159 0.3898077227603974 5.992327761550342e-06
212 0.826171875 0.1910630972133656 0.1910603914311583 2.70578220731843e-06 0.1910635581029818 0.1910603914311583 3.16667182356789e-06 0.3821266553163474 0.3821207828623165 5.87245403088632e-06
213 0.830078125 0.1871907987718142 0.1871881484899437 2.650281870492099e-06 0.1871912498919839 0.1871881484899437 3.101402040184276e-06 0.374382048663798 0.3743762969798873 5.75168391064862e-06
214 0.833984375 0.1832903100876678 0.1832877157020984 2.594385569404389e-06 0.1832907513521499 0.1832877157020984 3.035650051524952e-06 0.3665810614398178 0.3665754314041968 5.630035620929341e-06
215 0.837890625 0.1793622185503512 0.1793596804584538 2.538091897402728e-06 0.1793626498940708 0.1793596804584538 2.969435617006244e-06 0.358724868444422 0.3587193609169076 5.507527514381216e-06
216 0.841796875 0.1754071157327516 0.1754046343066689 2.481426082751037e-06 0.175407537058661 0.1754046343066689 2.902751992078789e-06 0.3508146527914126 0.3508092686133378 5.384178074829826e-06
217 0.845703125 0.1714255972190051 0.1714231728621464 2.424356858737875e-06 0.1714260085112004 0.1714231728621464 2.83564905406708e-06 0.3428516057302056 0.3428463457242927 5.26000591283271e-06
218 0.849609375 0.1674182626549252 0.1674158957183348 2.366936590392221e-06 0.1674186638115065 0.1674158957183348 2.76809317167892e-06 0.3348369264664317 0.3348317914366696 5.135029762071142e-06
219 0.853515625 0.1633857155019626 0.1633834063564321 2.309145530537959e-06 0.1633861064793809 0.1633834063564321 2.700122948839923e-06 0.3267718219813435 0.3267668127128641 5.009268479350126e-06
220 0.857421875 0.1593285630636055 0.1593263120545035 2.251009102061108e-06 0.1593289437864403 0.1593263120545035 2.631731936875159e-06 0.3186575068500458 0.3186526241090069 4.882741038936267e-06
221 0.861328125 0.1552474163235432 0.1552452237960277 2.192527515543219e-06 0.1552477867350433 0.1552452237960277 2.562939015571253e-06 0.3104952030585865 0.3104904475920554 4.755466531114472e-06
222 0.865234375 0.1511428899019251 0.1511407561778851 2.133724040037643e-06 0.151143249918004 0.1511407561778851 2.493740118958421e-06 0.3022861398199291 0.3022815123557701 4.62746415902382e-06
223 0.869140625 0.1470156018910381 0.1470135273178014 2.074573236671151e-06 0.1470159514978006 0.1470135273178014 2.424179999127585e-06 0.2940315533888387 0.2940270546356029 4.498753235826491e-06
224 0.873046875 0.1428661738829289 0.142864158761262 2.015121666892883e-06 0.1428665129927763 0.142864158761262 2.354231514317684e-06 0.2857326868757052 0.285728317522524 4.369353181210567e-06
225 0.876953125 0.1386952307418723 0.1386932753879086 1.955353963717377e-06 0.1386955593174658 0.1386932753879086 2.283929557145292e-06 0.2773907900593381 0.2773865507758173 4.239283520834913e-06
226 0.880859375 0.134503400610837 0.134501505317436 1.895293401027454e-06 0.1345037185879138 0.134501505317436 2.213270477863238e-06 0.2690071191987508 0.2690030106348719 4.108563878890692e-06
227 0.884765625 0.1302913147567648 0.1302894798149979 1.834941766892806e-06 0.1302916220872106 0.1302894798149979 2.142272212707352e-06 0.2605829368439754 0.2605789596299958 3.977213979600158e-06
228 0.888671875 0.1260596075164001 0.1260578331961421 1.774320257968975e-06 0.126059904129526 0.1260578331961421 2.070933383946372e-06 0.2521195116459261 0.2521156663922842 3.845253641887592e-06
229 0.892578125 0.1218089161406702 0.1218072027312841 1.713409386136511e-06 0.1218092020246753 0.1218072027312841 1.999293391216628e-06 0.2436181181653455 0.2436144054625682 3.712702777353138e-06
230 0.896484375 0.1175398807994317 0.1175382285497368 1.652249694839014e-06 0.1175401558814279 0.1175382285497368 1.927331691090051e-06 0.2350800366808596 0.2350764570994737 3.579581385942943e-06
231 0.900390625 0.113253144373553 0.1132515535433096 1.590830243411445e-06 0.1132534086226215 0.1132515535433096 1.855079311899321e-06 0.2265065529961745 0.2265031070866192 3.445909555310767e-06
232 0.904296875 0.1089493524415192 0.1089478232694907 1.529172028558179e-06 0.108949605804917 0.1089478232694907 1.782535426333998e-06 0.2178989582464362 0.2178956465389814 3.311707454878299e-06
233 0.908203125 0.1046291531326435 0.104627685854229 1.467278414477025e-06 0.1046293955711497 0.104627685854229 1.70971692071975e-06 0.2092585487037932 0.209255371708458 3.176995335196775e-06
234 0.912109375 0.1002931970627359 0.1002917918943285 1.40516840739513e-06 0.1002934285194449 0.1002917918943285 1.636625116416268e-06 0.2005866255821808 0.200583583788657 3.041793523811398e-06
235 0.916015625 0.09594213718802017 0.09594079435947092 1.342828549244501e-06 0.09594235765334412 0.09594079435947092 1.563293873199645e-06 0.1918844948413643 0.1918815887189418 2.906122422430268e-06
236 0.919921875 0.09157662878706939 0.09157534849388063 1.280293188757331e-06 0.09157683820319533 0.09157534849388063 1.489709314697607e-06 0.1831534669902647 0.1831506969877613 2.770002503454938e-06
237 0.923828125 0.08719732927352233 0.08719611171764792 1.217555874413745e-06 0.08719752761608082 0.08719611171764792 1.41589843290213e-06 0.1743948568896032 0.1743922234352958 2.633454307315874e-06
238 0.927734375 0.08280489816291406 0.08280374352772304 1.154635191014108e-06 0.08280508539097112 0.08280374352772304 1.341863248072173e-06 0.1656099835538852 0.1656074870554461 2.496498439086281e-06
239 0.931640625 0.07839999693465362 0.07839890539859901 1.091536054612097e-06 0.07840017301811025 0.07839890539859901 1.267619511247098e-06 0.1568001699527639 0.156797810797198 2.359155565845317e-06
240 0.935546875 0.07398328895786954 0.07398226068269578 1.028275173758919e-06 0.07398345385393569 0.07398226068269578 1.193171239907698e-06 0.1479667428118052 0.1479645213653916 2.221446413652739e-06
241 0.939453125 0.06955543935573777 0.06955447451046187 9.648452758970194e-07 0.0695555930569495 0.06955447451046187 1.118546487627325e-06 0.1391110324126873 0.1391089490209237 2.083391763524345e-06
242 0.943359375 0.06511711496440357 0.06511621369020816 9.012741954139702e-07 0.06511725742846154 0.06511621369020816 1.043738253381221e-06 0.1302343723928651 0.1302324273804163 1.945012448795191e-06
243 0.947265625 0.06066898416776596 0.06066814660768895 8.375600770021974e-07 0.06066911537696459 0.06066814660768895 9.687692756332744e-07 0.1213380995447305 0.1213362932153779 1.806329352635472e-06
244 0.951171875 0.05621171684444107 0.05621094312544561 7.737189954559742e-07 0.05621183676985363 0.05621094312544561 8.936444080218098e-07 0.1124235536142947 0.1124218862508912 1.667363403484723e-06
245 0.955078125 0.05174598423930982 0.05174527448192768 7.097573821376879e-07 0.05174609286011877 0.05174527448192768 8.183781910892085e-07 0.1034920770994286 0.1034905489638554 1.528135573233835e-06
246 0.958984375 0.04727245887998077 0.04727181319040668 6.456895740927782e-07 0.04727255616770644 0.04727181319040668 7.429772997599726e-07 0.09454501504768721 0.09454362638081336 1.388666873852751e-06
247 0.962890625 0.04279181445214538 0.04279123293769876 5.815144466167488e-07 0.0427919004016049 0.04279123293769876 6.674639061315935e-07 0.08558371485375027 0.08558246587539753 1.248978352741403e-06
248 0.966796875 0.0383047257360004 0.03830420848270896 5.172532914488048e-07 0.03830480032050911 0.03830420848270896 5.918378001498747e-07 0.0766095260565095 0.07660841696541791 1.109091091591741e-06
249 0.970703125 0.0338118684635786 0.0338114155548156 4.529087630003592e-07 0.03381193167225516 0.0338114155548156 5.161174395640344e-07 0.06762380013583377 0.0676228311096312 9.690262025713325e-07
250 0.974609375 0.02931391924649527 0.02931353075210786 3.884943874168933e-07 0.02931397106254478 0.02931353075210786 4.403104369200828e-07 0.05862789030904005 0.05862706150421571 8.288048243335067e-07
251 0.978515625 0.02481155545756041 0.02481123143949248 3.240180679285609e-07 0.02481159586954423 0.02481123143949248 3.644300517434418e-07 0.04962315132710464 0.04962246287898497 6.884481196720027e-07
252 0.982421875 0.02030545513834896 0.0203051956466852 2.594916637572997e-07 0.02030548413229362 0.0203051956466852 2.884856084225951e-07 0.04061093927064258 0.0406103912933704 5.479772721764253e-07
253 0.986328125 0.0157962968869181 0.01579610196610191 1.949208161856897e-07 0.01579631445876849 0.01579610196610191 2.124926665805771e-07 0.03159261134568658 0.03159220393220382 4.074134827627973e-07
254 0.990234375 0.01128475976952294 0.01128462945066515 1.303188577814196e-07 0.0112847659097741 0.01128462945066515 1.3645910894311e-07 0.02256952567929703 0.02256925890133031 2.667779667245296e-07
255 0.994140625 0.006771523204885738 0.006771457511541256 6.569334448213587e-08 0.006771517910147322 0.006771457511541256 6.039860606533304e-08 0.01354304111503306 0.01354291502308251 1.260919505474689e-07
256 0.998046875 0.002257266871802926 0.002257265815823499 1.055979426730497e-09 0.00225725013651261 0.002257265815823499 -1.567931088870128e-08 0.004514517008315537 0.004514531631646998 -1.46233314615371e-08
