# P x_center tau_U tau_V tau_Psi
1 0.03125 0.117097935048605 -7.21265979564123e-06 0.1170907223888094
2 0.09375 -0.003403175608184483 -2.136080092896009e-05 -0.003424536409113443
3 0.15625 -0.005526457309770194 -3.468805851980505e-05 -0.005561145368289999
4 0.21875 -0.007437360356334466 -4.668227347792708e-05 -0.007484042629812393
5 0.28125 -0.009062449815132823 -5.688251474111894e-05 -0.009119332329873941
6 0.34375 -0.01033927440994376 -6.489679299193085e-05 -0.01040417120293569
7 0.40625 -0.01121876648755915 -7.041712387945154e-05 -0.0112891836114386
8 0.46875 -0.01166712766053024 -7.323136401282682e-05 -0.01174035902454307
9 0.53125 -0.01166712766064393 -7.323136412651365e-05 -0.01174035902477044
10 0.59375 -0.01121876648755915 -7.041712387945154e-05 -0.0112891836114386
11 0.65625 -0.01033927440994376 -6.489679287824401e-05 -0.010404171202822
12 0.71875 -0.009062449815246509 -5.688251474111894e-05 -0.009119332329987628
13 0.78125 -0.007437360356334466 -4.668227347792708e-05 -0.007484042629812393
14 0.84375 -0.005526457309713351 -3.468805851980505e-05 -0.005561145368233156
15 0.90625 -0.003403175608241327 -2.136080098580351e-05 -0.00342453640922713
16 0.96875 0.1170979350486618 -7.212659824062939e-06 0.1170907223888378
