# P x u_num u_exact u_err v_num v_exact v_err psi_num psi_exact psi_err
1 0.03125 0.03605292329829468 0.0360584908096616 -5.56751136691902e-06 0.0359937249318039 0.0360584908096616 -6.476587785770455e-05 0.07204664823009857 0.0721169816193232 -7.03333892246305e-05
2 0.09375 0.1070258683143746 0.1067897648490041 0.0002361034653705213 0.1070292614630718 0.1067897648490041 0.0002394966140676635 0.2140551297774464 0.2135795296980082 0.0004756000794381987
3 0.15625 0.1738821479251525 0.1734171681135895 0.0004649798115629877 0.1739436854899855 0.1734171681135895 0.0005265173763960018 0.347825833415138 0.346834336227179 0.0009914971879589896
4 0.21875 0.2340520512776177 0.2333802468610379 0.0006718044165798243 0.2341653482363509 0.2333802468610379 0.0007851013753129854 0.4682173995139687 0.4667604937220758 0.001456905791892837
5 0.28125 0.2852228865686559 0.284374653602767 0.0008482329658889287 0.2853798313959716 0.284374653602767 0.001005177793204581 0.5706027179646275 0.568749307205534 0.00185341075909351
6 0.34375 0.325427862678962 0.3244407018856847 0.0009871607932772641 0.3256188868791323 0.3244407018856847 0.001178184993447573 0.6510467495580943 0.6488814037713694 0.002165345786724893
7 0.40625 0.3531216769208449 0.3520386759435774 0.00108300097726749 0.3533360737610078 0.3520386759435774 0.001297397817430379 0.7064577506818527 0.7040773518871548 0.002380398794697869
8 0.46875 0.3672399040258041 0.3661080011105223 0.001131902915281757 0.3674661857998757 0.3661080011105223 0.001358184689353392 0.7347060898256799 0.7322160022210447 0.002490087604635205
9 0.53125 0.367239904025805 0.3661080011105224 0.00113190291528259 0.3674661857998742 0.3661080011105224 0.001358184689351782 0.7347060898256792 0.7322160022210448 0.002490087604634428
10 0.59375 0.3531216769209258 0.3520386759435774 0.001083000977348425 0.3533360737609249 0.3520386759435774 0.001297397817347501 0.7064577506818508 0.7040773518871548 0.002380398794695981
11 0.65625 0.3254278626789543 0.3244407018856847 0.0009871607932696036 0.3256188868791382 0.3244407018856847 0.001178184993453457 0.6510467495580925 0.6488814037713695 0.002165345786723005
12 0.71875 0.2852228865686571 0.284374653602767 0.0008482329658900389 0.2853798313959693 0.284374653602767 0.00100517779320225 0.5706027179646264 0.5687493072055341 0.001853410759092289
13 0.78125 0.2340520512776421 0.2333802468610379 0.0006718044166041937 0.2341653482363259 0.2333802468610379 0.0007851013752880054 0.468217399513968 0.4667604937220758 0.001456905791892171
14 0.84375 0.1738821479251142 0.1734171681135896 0.0004649798115246295 0.1739436854900233 0.1734171681135896 0.0005265173764336939 0.3478258334151375 0.3468343362271791 0.0009914971879583234
15 0.90625 0.1070258683143922 0.1067897648490041 0.0002361034653880628 0.1070292614630536 0.1067897648490041 0.0002394966140494836 0.2140551297774458 0.2135795296980083 0.0004756000794375326
16 0.96875 0.03605292329829417 0.03605849080966168 -5.567511367501887e-06 0.03599372493180422 0.03605849080966168 -6.476587785745475e-05 0.0720466482300984 0.07211698161932335 -7.033338922494969e-05
