# P x u_num u_exact u_err v_num v_exact v_err psi_num psi_exact psi_err
1 0.00390625 0.004514453757602881 0.004514446646864605 7.11073827597275e-09 0.004514321094602064 0.004514446646864605 -1.255522625413785e-07 0.009028774852204945 0.009028893293729211 -1.184415242654058e-07
2 0.01171875 0.01354114206614903 0.01354062060673978 5.214594092483454e-07 0.01354110329713647 0.01354062060673978 4.826903966942409e-07 0.0270822453632855 0.02708124121347956 1.004149805944321e-06
3 0.01953125 0.02255967360414427 0.02255863820307787 1.035401066402236e-06 0.02255972860716664 0.02255863820307787 1.09040408877506e-06 0.04511940221131092 0.04511727640615574 2.125805155177296e-06
4 0.02734375 0.03156461594342105 0.03156306731928424 1.548624136808729e-06 0.03156476454102523 0.03156306731928424 1.697221740988575e-06 0.06312938048444627 0.06312613463856848 3.245845877797304e-06
5 0.03515625 0.04055054484126736 0.04054848402395658 2.060817310786667e-06 0.04055078680098727 0.04054848402395658 2.302777030692427e-06 0.08110133164225464 0.08109696804791315 4.363594341486032e-06
6 0.04296875 0.04951204750870462 0.04950947583805835 2.571670646274449e-06 0.04951238254174797 0.04950947583805835 2.906703689617429e-06 0.09902443005045258 0.0990189516761167 5.478374335884939e-06
7 0.05078125 0.05844372586736084 0.05844064499519384 3.080872167007809e-06 0.05844415363450704 0.05844064499519384 3.508639313198891e-06 0.1168878795018679 0.1168812899903877 6.5895114802067e-06
8 0.05859375 0.06734019980928548 0.06733661169302067 3.588116264802155e-06 0.06734071991038582 0.06733661169302067 4.108217365142441e-06 0.1346809197196713 0.1346732233860413 7.696333629930718e-06
9 0.06640625 0.07619611042572286 0.07619201733384173 4.093091881124389e-06 0.07619672241324227 0.07619201733384173 4.705079400535439e-06 0.1523928328389651 0.1523840346676835 8.798171281659828e-06
10 0.07421875 0.08500612324836367 0.08500152775242389 4.595495939771488e-06 0.08500682661446132 0.08500152775242389 5.298862037428353e-06 0.170012949862825 0.1700030555048478 9.894357977213719e-06
11 0.08203125 0.0937649314510125 0.09375983642909987 5.095021912635e-06 0.09376572563789248 0.09375983642909987 5.889208792617118e-06 0.187530657088905 0.1875196728581997 1.098423070525212e-05
12 0.08984375 0.1024672590557571 0.102461667686217 5.591369540119961e-06 0.1024681434469778 0.102461667686217 6.475760760793481e-06 0.204935402502735 0.204923335372434 1.206713030091344e-05
13 0.09765625 0.111107864098952 0.1111017798660086 6.084232943445733e-06 0.1111088380349085 0.1111017798660086 7.058168899884421e-06 0.2222167021338605 0.2222035597320171 1.314240184333015e-05
14 0.10546875 0.1196815418076031 0.1196749684879719 6.573319631220098e-06 0.1196826045633909 0.1196749684879719 7.636075418954169e-06 0.239364146370994 0.2393499369759438 1.420939505017427e-05
15 0.11328125 0.1281831277105622 0.1281760693838535 7.058326708719864e-06 0.1281842785218142 0.1281760693838535 8.209137960762947e-06 0.2563674062323764 0.2563521387677069 1.526746466951057e-05
16 0.12109375 0.1366075007739946 0.1365999618083501 7.538965644510176e-06 0.136608738813575 0.1365999618083501 8.77700522497471e-06 0.2732162395875696 0.2731999236167001 1.631597086948489e-05
17 0.12890625 0.1449495864654917 0.1449415715236549 8.014941836859135e-06 0.1449509108614423 0.1449415715236549 9.33933778743401e-06 0.2899004973269341 0.2898831430473098 1.735427962429315e-05
18 0.13671875 0.1532043598267661 0.1531958738559883 8.485970777738494e-06 0.1532057696483054 0.1531958738559883 9.895792317055063e-06 0.3064101294750714 0.3063917477119766 1.83817630947658e-05
19 0.14453125 0.1613668484817781 0.1613578967222736 8.951759504521872e-06 0.1613683427627778 0.1613578967222736 1.044604050423614e-05 0.322735191244556 0.3227157934445472 1.939780000875801e-05
20 0.15234375 0.1694321356601222 0.1694227236251337 9.412034988443008e-06 0.1694337133661791 0.1694227236251337 1.098974104538075e-05 0.3388658490263013 0.3388454472502675 2.040177603385152e-05
21 0.16015625 0.1773953631234709 0.1773854966144058 9.86650906514841e-06 0.177397023189489 0.1773854966144058 1.152657508321497e-05 0.35479238631296 0.3547709932288116 2.139308414839114e-05
22 0.16796875 0.1852517341273988 0.1852414192133883 1.031491401057294e-05 0.1852534754243863 0.1852414192133883 1.205621099800713e-05 0.3705052095517851 0.3704828384267765 2.237112500858007e-05
23 0.17578125 0.1929965162816128 0.1929857593080594 1.075697355340521e-05 0.1929983376418152 0.1929857593080594 1.25783337557861e-05 0.385994853923428 0.3859715186161188 2.333530730919131e-05
24 0.18359375 0.2006250444226113 0.2006138519975257 1.119242508559881e-05 0.2006269446205782 0.2006138519975257 1.309262305246306e-05 0.4012519890431895 0.4012277039950514 2.428504813806187e-05
25 0.19140625 0.2081327233989358 0.2081211024039837 1.162099495208291e-05 0.2081347011823624 0.2081211024039837 1.359877837861512e-05 0.4162674245812982 0.4162422048079675 2.521977333069803e-05
26 0.19921875 0.2155150308760029 0.215502988440503 1.204243549995931e-05 0.2155170849228164 0.215502988440503 1.409648231340266e-05 0.4310321157988193 0.4310059768810059 2.613891781333422e-05
27 0.20703125 0.2227675200144977 0.2227550635349614 1.245647953632134e-05 0.2227696489813708 0.2227550635349614 1.458544640944859e-05 0.4455371689958685 0.4455101270699227 2.704192594576993e-05
28 0.21484375 0.2298858221944295 0.2298729593084946 1.286288593488338e-05 0.2298880246744146 0.2298729593084946 1.506536592005281e-05 0.4597738468688441 0.4597459186169892 2.792825185493619e-05
29 0.22265625 0.2368656496096454 0.236852388206844 1.32614028014455e-05 0.2368679241638081 0.236852388206844 1.553595696415777e-05 0.4737335737734535 0.4737047764136879 2.879735976557551e-05
30 0.23046875 0.2437027978781471 0.2436891460830188 1.365179512824444e-05 0.2437051430122111 0.2436891460830188 1.599692919229678e-05 0.4874079408903582 0.4873782921660377 2.964872432054122e-05
31 0.23828125 0.2503931485441688 0.2503791147297173 1.403381445147511e-05 0.2503955627461668 0.2503791147297173 1.644801644945515e-05 0.5007887112903355 0.5007582294594346 3.048183090093026e-05
32 0.24609375 0.2569326716038333 0.2569182643599808 1.440724385254333e-05 0.2569351532920613 0.2569182643599808 1.688893208051656e-05 0.5138678248958946 0.5138365287199615 3.129617593300438e-05
33 0.25390625 0.2633174278776068 0.2633026560345864 1.477184302034473e-05 0.2633199754587594 0.2633026560345864 1.731942417299015e-05 0.5266374033363661 0.5266053120691728 3.209126719327937e-05
34 0.26171875 0.2695435714372832 0.2695284440347173 1.512740256587319e-05 0.2695461832562564 0.2695284440347173 1.773922153908147e-05 0.5390897546935396 0.5390568880694346 3.286662410495467e-05
35 0.26953125 0.2756073518789007 0.2755918781784794 1.547370042137564e-05 0.2756100262560875 0.2755918781784794 1.814807760813775e-05 0.5512173781349883 0.5511837563569587 3.362177802956889e-05
36 0.27734375 0.2815051166141863 0.2814893060798708 1.581053431554125e-05 0.2815078518181007 0.2814893060798708 1.854573822990258e-05 0.563012968432287 0.5629786121597415 3.435627254544382e-05
37 0.28515625 0.2872333130352411 0.2872171753488427 1.613768639835422e-05 0.2872361073261709 0.2872171753488427 1.893197732821816e-05 0.574469420361412 0.5744343506976854 3.506966372657239e-05
38 0.29296875 0.2927884907063163 0.2927720357311265 1.645497518981687e-05 0.2927913422763443 0.2927720357311265 1.930654521786757e-05 0.5855798329826607 0.585544071462253 3.576152040773994e-05
39 0.30078125 0.2981673033788802 0.2981505411865374 1.676219234281184e-05 0.2981702104186395 0.2981505411865374 1.966923210211524e-05 0.5963375137975198 0.5963010823730748 3.64314244449826e-05
40 0.30859375 0.3033665110694294 0.3033494519045044 1.705916492500403e-05 0.3033694717105476 0.3033494519045044 2.001980604326992e-05 0.606735982779977 0.6066989038090087 3.707897096827395e-05
41 0.31640625 0.3083829819610946 0.3083656362556106 1.7345705484062e-05 0.3083859943187539 0.3083656362556106 2.0358063143322e-05 0.6167689762798485 0.6167312725112212 3.770376862732849e-05
42 0.32421875 0.3132136943267367 0.3131960726779703 1.762164876634165e-05 0.3132167564690262 0.3131960726779703 2.068379105590878e-05 0.626430450795763 0.6263921453559407 3.830543982230594e-05
43 0.33203125 0.3178557383095946 0.3178378514973043 1.788681229036859e-05 0.3178588483059506 0.3178378514973043 2.099680864631193e-05 0.6357145866155451 0.6356757029946085 3.888362093662501e-05
44 0.33984375 0.3223063177336318 0.322288176679619 1.814105401276578e-05 0.3223094735881601 0.322288176679619 2.12969085411352e-05 0.6446157913217919 0.644576353359238 3.943796255390097e-05
45 0.34765625 0.326562751717545 0.3265443675154331 1.83842021118652e-05 0.3265659514429889 0.3265443675154331 2.158392755580163e-05 0.6531287031605338 0.6530887350308662 3.996812966766683e-05
46 0.35546875 0.3306224763582962 0.3306038602345363 1.861612375991806e-05 0.3306257179126606 0.3306038602345363 2.185767812434847e-05 0.6612481942709567 0.6612077204690725 4.047380188421101e-05
47 0.36328125 0.334483046220407 0.3344642095503086 1.883667009833223e-05 0.3344863275538278 0.3344642095503086 2.211800351920035e-05 0.6689693737742348 0.6689284191006173 4.095467361753258e-05
48 0.37109375 0.3381421358494073 0.3381230901326704 1.904571673688737e-05 0.3381454548702039 0.3381230901326704 2.236473753347568e-05 0.6762875907196111 0.6762461802653408 4.141045427030754e-05
49 0.37890625 0.3415975411291876 0.3415782980087728 1.924312041479137e-05 0.3416008957567704 0.3415782980087728 2.259774799762138e-05 0.6831984368859579 0.6831565960175455 4.184086841241275e-05
50 0.38671875 0.3448471806721067 0.34482775189059 1.942878151667271e-05 0.3448505687650163 0.34482775189059 2.281687442629021e-05 0.689697749437123 0.68965550378118 4.224565594301843e-05
51 0.39453125 0.3478890969970827 0.3478694944286084 1.960256847427511e-05 0.3478925164323845 0.3478694944286084 2.302200377607422e-05 0.6957816134294672 0.6957389888572169 4.262457225034932e-05
52 0.40234375 0.3507214577824103 0.3507016933908613 1.976439154904863e-05 0.3507249063876697 0.3507016933908613 2.321299680846378e-05 0.7014463641700801 0.7014033867817225 4.297738835756792e-05
53 0.41015625 0.3533425569103785 0.3533226427665964 1.99141437821071e-05 0.3533460325138782 0.3533226427665964 2.33897472818323e-05 0.7066885894242567 0.7066452855331928 4.330389106388388e-05
54 0.41796875 0.3557508155379832 0.3557307637939136 2.005174406960464e-05 0.3557543159329115 0.3557307637939136 2.355213899796205e-05 0.7115051314708947 0.7114615275878271 4.360388306756668e-05
55 0.42578125 0.3579447830023978 0.3579246059107513 2.017709164658932e-05 0.3579483060021945 0.3579246059107513 2.370009144325724e-05 0.7158930890045924 0.7158492118215025 4.387718308984656e-05
56 0.43359375 0.3599231377601694 0.3599028476286514 2.029013151799708e-05 0.3599266811231155 0.3599028476286514 2.383349446410943e-05 0.7198498188832849 0.7198056952573028 4.412362598216202e-05
57 0.44140625 0.3616846881040106 0.3616642973287743 2.039077523635635e-05 0.3616882496163631 0.3616642973287743 2.39522875888909e-05 0.7233729377203737 0.7233285946575485 4.434306282519174e-05
58 0.44921875 0.3632283729576503 0.3632078939796854 2.04789779648662e-05 0.3632319503627386 0.3632078939796854 2.40563830531948e-05 0.726460323320389 0.7264157879593709 4.45353610181165e-05
59 0.45703125 0.3645532624535082 0.3645327077764812 2.055467702699598e-05 0.3645568535038173 0.3645327077764812 2.41457273361112e-05 0.7291101159573254 0.7290654155529623 4.470040436310718e-05
60 0.46484375 0.365658558537343 0.3656379407008682 2.061783647472337e-05 0.3656621609575217 0.3656379407008682 2.422025665349548e-05 0.7313207194948648 0.7312758814017365 4.483809312827436e-05
61 0.47265625 0.3665435954018915 0.3665229270018603 2.066840003117631e-05 0.3665472069459434 0.3665229270018603 2.42799440830499e-05 0.7330908023478349 0.7330458540037207 4.49483441141707e-05
62 0.48046875 0.367207839955513 0.3671871335968014 2.070635871159743e-05 0.3672114583287894 0.3671871335968014 2.432473198799023e-05 0.7344192982843025 0.7343742671936029 4.503109069964317e-05
63 0.48828125 0.3676508920613804 0.3676301603924752 2.073166890520506e-05 0.3676545150064535 0.3676301603924752 2.435461397831684e-05 0.735305407067834 0.7352603207849504 4.508628288357741e-05
64 0.49609375 0.3678724848579147 0.3678517405261056 2.074433180909718e-05 0.3678761100816116 0.3678517405261056 2.436955550599862e-05 0.7357485949395263 0.7357034810522112 4.51138873150958e-05
65 0.50390625 0.3678724848564656 0.3678517405261056 2.074433035997858e-05 0.3678761100830606 0.3678517405261056 2.436955695506171e-05 0.7357485949395262 0.7357034810522112 4.511388731498478e-05
66 0.51171875 0.3676508920669259 0.3676301603924752 2.073167445065804e-05 0.367654515000907 0.3676301603924752 2.435460843180914e-05 0.7353054070678329 0.7352603207849504 4.508628288246719e-05
67 0.51953125 0.3672078399505266 0.3671871335968014 2.070635372519725e-05 0.3672114583337755 0.3671871335968014 2.432473697405735e-05 0.7344192982843021 0.7343742671936029 4.503109069919908e-05
68 0.52734375 0.3665435954069092 0.3665229270018603 2.066840504882927e-05 0.3665472069409261 0.3665229270018603 2.427993906578552e-05 0.7330908023478353 0.7330458540037207 4.494834411461479e-05
69 0.53515625 0.3656585585318245 0.3656379407008682 2.061783095624881e-05 0.3656621609630414 0.3656379407008682 2.422026217313578e-05 0.7313207194948659 0.7312758814017365 4.483809312938458e-05
70 0.54296875 0.3645532624549368 0.3645327077764812 2.055467845563097e-05 0.3645568535023886 0.3645327077764812 2.41457259074207e-05 0.7291101159573254 0.7290654155529623 4.470040436310718e-05
71 0.55078125 0.3632283729562007 0.3632078939796854 2.047897651524799e-05 0.3632319503641883 0.3632078939796854 2.4056384502813e-05 0.726460323320389 0.7264157879593709 4.45353610181165e-05
72 0.55859375 0.3616846881094691 0.3616642973287743 2.039078069487887e-05 0.3616882496109037 0.3616642973287743 2.395228212942468e-05 0.7233729377203728 0.7233285946575485 4.434306282430356e-05
73 0.56640625 0.3599231377552681 0.3599028476286514 2.0290126616751e-05 0.3599266811280165 0.3599028476286514 2.383349936507795e-05 0.7198498188832846 0.7198056952573028 4.412362598182895e-05
74 0.57421875 0.3579447830072601 0.3579246059107513 2.017709650881105e-05 0.3579483059973331 0.3579246059107513 2.370008658175715e-05 0.7158930890045931 0.7158492118215026 4.387718309051269e-05
75 0.58203125 0.3557508155326286 0.3557307637939136 2.005173871499899e-05 0.355754315938267 0.3557307637939136 2.355214435345587e-05 0.7115051314708956 0.7114615275878271 4.360388306845486e-05
76 0.58984375 0.3533425569117758 0.3533226427665965 1.991414517932277e-05 0.3533460325124807 0.3533226427665965 2.338974588422804e-05 0.7066885894242565 0.7066452855331929 4.330389106355081e-05
77 0.59765625 0.3507214577809929 0.3507016933908613 1.97643901316269e-05 0.3507249063890874 0.3507016933908613 2.321299822610756e-05 0.7014463641700803 0.7014033867817225 4.297738835778997e-05
78 0.60546875 0.3478890970023486 0.3478694944286084 1.960257374017393e-05 0.3478925164271179 0.3478694944286084 2.302199850950926e-05 0.6957816134294665 0.6957389888572169 4.262457224968319e-05
79 0.61328125 0.3448471806674177 0.34482775189059 1.942877682770128e-05 0.344850568769705 0.34482775189059 2.28168791150396e-05 0.6896977494371228 0.68965550378118 4.224565594279639e-05
80 0.62109375 0.3415975411338394 0.3415782980087728 1.924312506662584e-05 0.3416008957521189 0.3415782980087728 2.259774334611997e-05 0.6831984368859584 0.6831565960175456 4.184086841274581e-05
81 0.62890625 0.3381421358443191 0.3381230901326704 1.904571164873525e-05 0.3381454548752928 0.3381230901326704 2.236474262240495e-05 0.676287590719612 0.6762461802653408 4.141045427119572e-05
82 0.63671875 0.3344830462217727 0.3344642095503088 1.883667146390655e-05 0.3344863275524622 0.3344642095503088 2.211800215340398e-05 0.6689693737742348 0.6689284191006175 4.095467361731053e-05
83 0.64453125 0.3306224763569788 0.3306038602345363 1.861612244247191e-05 0.3306257179139779 0.3306038602345363 2.185767944162809e-05 0.6612481942709567 0.6612077204690726 4.047380188409999e-05
84 0.65234375 0.3265627517224697 0.3265443675154331 1.8384207036648e-05 0.3265659514380634 0.3265443675154331 2.158392263035269e-05 0.6531287031605332 0.6530887350308662 3.99681296670007e-05
85 0.66015625 0.3223063177292586 0.322288176679619 1.814104963954177e-05 0.3223094735925331 0.322288176679619 2.129691291408164e-05 0.6446157913217916 0.644576353359238 3.943796255356791e-05
86 0.66796875 0.317855738313928 0.3178378514973043 1.788681662373559e-05 0.3178588483016176 0.3178378514973043 2.099680431327799e-05 0.6357145866155456 0.6356757029946086 3.888362093695807e-05
87 0.67578125 0.3132136943220045 0.3131960726779703 1.762164403412703e-05 0.3132167564737591 0.3131960726779703 2.068379578873403e-05 0.6264304507957635 0.6263921453559407 3.830543982286105e-05
88 0.68359375 0.3083829819623248 0.3083656362556106 1.73457067141336e-05 0.3083859943175233 0.3083656362556106 2.035806191269529e-05 0.6167689762798481 0.6167312725112213 3.770376862677338e-05
89 0.69140625 0.3033665110682227 0.3033494519045043 1.705916371835814e-05 0.3033694717117539 0.3033494519045043 2.001980724963826e-05 0.6067359827799765 0.6066989038090086 3.707897096794088e-05
90 0.69921875 0.298167303383384 0.2981505411865374 1.676219684659808e-05 0.2981702104141343 0.2981505411865374 1.966922759694123e-05 0.5963375137975183 0.5963010823730748 3.643142444353931e-05
91 0.70703125 0.2927884907023346 0.2927720357311265 1.645497120811301e-05 0.292791342280325 0.2927720357311265 1.93065491984612e-05 0.5855798329826596 0.5855440714622531 3.57615204065187e-05
92 0.71484375 0.2872333130391463 0.2872171753488428 1.61376903035082e-05 0.2872361073222656 0.2872171753488428 1.893197342278663e-05 0.5744694203614118 0.5744343506976856 3.506966372623932e-05
93 0.72265625 0.2815051166099544 0.2814893060798708 1.581053008359312e-05 0.2815078518223327 0.2814893060798708 1.85457424618507e-05 0.5630129684322871 0.5629786121597417 3.435627254544382e-05
94 0.73046875 0.2756073518800047 0.2755918781784794 1.54737015253259e-05 0.2756100262549826 0.2755918781784794 1.814807650324379e-05 0.5512173781349873 0.5511837563569587 3.362177802856969e-05
95 0.73828125 0.2695435714362029 0.2695284440347173 1.512740148562619e-05 0.2695461832573359 0.2695284440347173 1.773922261855132e-05 0.5390897546935388 0.5390568880694346 3.286662410417751e-05
96 0.74609375 0.2633174278815686 0.2633026560345865 1.47718469821756e-05 0.2633199754547958 0.2633026560345865 1.731942020932742e-05 0.5266374033363644 0.5266053120691729 3.209126719150301e-05
97 0.75390625 0.2569326716003433 0.2569182643599808 1.440724036250174e-05 0.2569351532955499 0.2569182643599808 1.688893556911486e-05 0.5138678248958932 0.5138365287199615 3.129617593167211e-05
98 0.76171875 0.2503931485475817 0.2503791147297174 1.403381786424518e-05 0.250395562742753 0.2503791147297174 1.644801303563037e-05 0.5007887112903346 0.5007582294594348 3.048183089982004e-05
99 0.76953125 0.2437027978744727 0.2436891460830189 1.365179145382256e-05 0.2437051430158851 0.2436891460830189 1.59969328661913e-05 0.4874079408903579 0.4873782921660378 2.964872432004162e-05
100 0.77734375 0.2368656496106014 0.236852388206844 1.326140375740303e-05 0.236867924162851 0.236852388206844 1.55359560070345e-05 0.4737335737734524 0.4737047764136879 2.879735976446529e-05
101 0.78515625 0.2298858221935162 0.2298729593084946 1.286288502164168e-05 0.2298880246753266 0.2298729593084946 1.506536683201776e-05 0.4597738468688428 0.4597459186169892 2.792825185365944e-05
102 0.79296875 0.2227675200178668 0.2227550635349614 1.245648290543189e-05 0.2227696489779996 0.2227550635349614 1.458544303822862e-05 0.4455371689958665 0.4455101270699228 2.704192594366051e-05
103 0.80078125 0.2155150308730704 0.215502988440503 1.204243256736071e-05 0.215517084925747 0.215502988440503 1.409648524400287e-05 0.4310321157988174 0.431005976881006 2.613891781139133e-05
104 0.80859375 0.2081327234017767 0.2081211024039839 1.162099779278281e-05 0.2081347011795203 0.2081211024039839 1.359877553644417e-05 0.416267424581297 0.4162422048079678 2.521977332919922e-05
105 0.81640625 0.2006250444195966 0.2006138519975257 1.119242207087146e-05 0.200626944623592 0.2006138519975257 1.309262606635775e-05 0.4012519890431886 0.4012277039950514 2.42850481372292e-05
106 0.82421875 0.1929965162823778 0.1929857593080594 1.075697431834888e-05 0.1929983376410488 0.1929857593080594 1.257833298934363e-05 0.3859948539234265 0.3859715186161188 2.333530730769251e-05
107 0.83203125 0.1852517341266583 0.1852414192133883 1.031491326997092e-05 0.1852534754251256 0.1852414192133883 1.205621173724913e-05 0.3705052095517839 0.3704828384267767 2.237112500724781e-05
108 0.83984375 0.1773953631261551 0.1773854966144058 9.866511749306861e-06 0.177397023186803 0.1773854966144058 1.152657239716914e-05 0.3547923863129582 0.3547709932288117 2.139308414650376e-05
109 0.84765625 0.1694321356578085 0.1694227236251338 9.412032674682713e-06 0.1694337133684911 0.1694227236251338 1.098974335725367e-05 0.3388658490262996 0.3388454472502677 2.040177603190862e-05
110 0.85546875 0.161366848483974 0.1613578967222736 8.951761700459748e-06 0.1613683427605809 0.1613578967222736 1.044603830729907e-05 0.3227351912445549 0.3227157934445471 1.939780000775881e-05
111 0.86328125 0.1532043598244624 0.1531958738559883 8.485968474081229e-06 0.1532057696506086 0.1531958738559883 9.895794620240483e-06 0.306410129475071 0.3063917477119766 1.838176309432171e-05
112 0.87109375 0.1449495864660724 0.1449415715236549 8.014942417533533e-06 0.1449509108608608 0.1449415715236549 9.339337205926945e-06 0.2899004973269333 0.2898831430473098 1.735427962346048e-05
113 0.87890625 0.1366075007734389 0.1365999618083501 7.538965088815797e-06 0.1366087388141299 0.1365999618083501 8.777005779808666e-06 0.2732162395875689 0.2731999236167003 1.631597086865222e-05
114 0.88671875 0.1281831277124901 0.1281760693838535 7.058328636594391e-06 0.1281842785198852 0.1281760693838535 8.209136031722686e-06 0.2563674062323753 0.256352138767707 1.526746466828932e-05
115 0.89453125 0.1196815418059724 0.119674968487972 6.573318000371864e-06 0.1196826045650205 0.119674968487972 7.636077048484013e-06 0.239364146370993 0.2393499369759441 1.420939504886976e-05
116 0.90234375 0.1111078641004603 0.1111017798660085 6.084234451808612e-06 0.1111088380333995 0.1111017798660085 7.05816739096643e-06 0.2222167021338599 0.2222035597320171 1.314240184277504e-05
117 0.91015625 0.102467259054205 0.1024616676862171 5.59136798798654e-06 0.1024681434485296 0.1024616676862171 6.475762312552202e-06 0.2049354025027347 0.2049233353724341 1.206713030055262e-05
118 0.91796875 0.0937649314513838 0.09375983642909991 5.09502228389358e-06 0.09376572563752067 0.09375983642909991 5.889208420761793e-06 0.1875306570889045 0.1875196728581998 1.098423070466925e-05
119 0.92578125 0.08500612324802352 0.08500152775242398 4.595495599543642e-06 0.08500682661480095 0.08500152775242398 5.298862376976188e-06 0.1700129498628245 0.170003055504848 9.89435797651983e-06
120 0.93359375 0.07619611042686832 0.07619201733384183 4.093093026485972e-06 0.07619672241209616 0.07619201733384183 4.705078254327311e-06 0.1523928328389645 0.1523840346676837 8.798171280827161e-06
121 0.94140625 0.06734019980836679 0.06733661169302065 3.588115346148113e-06 0.06734071991130389 0.06733661169302065 4.108218283241372e-06 0.1346809197196707 0.1346732233860413 7.696333629375607e-06
122 0.94921875 0.05844372586815554 0.05844064499519384 3.080872961698511e-06 0.05844415363371188 0.05844064499519384 3.508638518036344e-06 0.1168878795018674 0.1168812899903877 6.589511479734855e-06
123 0.95703125 0.04951204750795898 0.04950947583805839 2.571669900593154e-06 0.0495123825424932 0.04950947583805839 2.906704434813001e-06 0.09902443005045219 0.09901895167611678 5.478374335413094e-06
124 0.96484375 0.04055054484142995 0.04054848402395664 2.060817473302501e-06 0.04055078680082422 0.04054848402395664 2.302776867572909e-06 0.08110133164225417 0.08109696804791329 4.36359434087541e-06
125 0.97265625 0.03156461594359723 0.03156306731928434 1.54862431289704e-06 0.03156476454084856 0.03156306731928434 1.697221564227192e-06 0.0631293804844458 0.06312613463856867 3.24584587713117e-06
126 0.98046875 0.02255967360411892 0.02255863820307783 1.035401041082212e-06 0.02255972860719168 0.02255863820307783 1.090404113845284e-06 0.0451194022113106 0.04511727640615567 2.125805154927496e-06
127 0.98828125 0.0135411420660096 0.01354062060673978 5.214592698216808e-07 0.01354110329727571 0.01354062060673978 4.826905359266165e-07 0.02708224536328531 0.02708124121347956 1.004149805750032e-06
128 0.99609375 0.004514453757602813 0.004514446646864636 7.110738177093512e-09 0.004514321094602064 0.004514446646864636 -1.255522625717362e-07 0.009028774852204876 0.009028893293729271 -1.1844152439551e-07
