# P x_center tau_Psi tau_V
1 3.1250000000000000e-02 1.0978156806425332e-02 2.7444265037965820e-03
2 9.3750000000000000e-02 -3.1838018823293623e-04 -7.9928809574525417e-05
3 1.5625000000000000e-01 -5.1702137096398815e-04 -1.2979734365714535e-04
4 2.1875000000000000e-01 -6.9579371236727638e-04 -1.7467783861491171e-04
5 2.8125000000000000e-01 -8.4782709157593672e-04 -2.1284556219214323e-04
6 3.4375000000000000e-01 -9.6727895116544005e-04 -2.4283375018185893e-04
7 4.0625000000000000e-01 -1.0495588230909902e-03 -2.6348997333514035e-04
8 4.6875000000000000e-01 -1.0915047380493093e-03 -2.7402042457680409e-04
9 5.3125000000000000e-01 -1.0915047380493093e-03 -2.7402042457325138e-04
10 5.9375000000000000e-01 -1.0495588230909902e-03 -2.6348997333869306e-04
11 6.5625000000000000e-01 -9.6727895116544005e-04 -2.4283375018185893e-04
12 7.1875000000000000e-01 -8.4782709158304215e-04 -2.1284556219214323e-04
13 7.8125000000000000e-01 -6.9579371236727638e-04 -1.7467783861491171e-04
14 8.4375000000000000e-01 -5.1702137096043543e-04 -1.2979734365536899e-04
15 9.0625000000000000e-01 -3.1838018824359438e-04 -7.9928809576301774e-05
16 9.6875000000000000e-01 1.0978156806431549e-02 2.7444265037979143e-03
