# P x_center tau_Psi tau_V
1 3.9062500000000000e-03 1.7401104593606220e-04 4.3502733930278481e-05
2 1.1718750000000000e-02 -7.8946307269234239e-08 -1.9819221819261656e-08
3 1.9531250000000000e-02 -1.3152433808727437e-07 -3.3018769940440507e-08
4 2.7343750000000000e-02 -1.8402315049570461e-07 -4.6198426417731753e-08
5 3.5156250000000000e-02 -2.3641110402650156e-07 -5.9350259817847473e-08
6 4.2968750000000000e-02 -2.8865667189847954e-07 -7.2466345812927102e-08
7 5.0781250000000000e-02 -3.4072833443588024e-07 -8.5538779615035310e-08
8 5.8593750000000000e-02 -3.9259478512576607e-07 -9.8559681305232516e-08
9 6.6406250000000000e-02 -4.4422471034977207e-07 -1.1152120293900225e-07
10 7.4218750000000000e-02 -4.9558711623376439e-07 -1.2441557828424266e-07
11 8.2031250000000000e-02 -5.4665093784933561e-07 -1.3723499137086037e-07
12 8.9843750000000000e-02 -5.9738553659371973e-07 -1.4997173991559976e-07
13 9.7656250000000000e-02 -6.4776020280987723e-07 -1.6261815005691460e-07
14 1.0546875000000000e-01 -6.9774478106410243e-07 -1.7516661898753227e-07
15 1.1328125000000000e-01 -7.4730897381414252e-07 -1.8760955811103486e-07
16 1.2109375000000000e-01 -7.9642305195193330e-07 -1.9993949251784215e-07
17 1.2890625000000000e-01 -8.4505745689966716e-07 -2.1214900414179283e-07
18 1.3671875000000000e-01 -8.9318271534466476e-07 -2.2423070333843498e-07
19 1.4453125000000000e-01 -9.4077006451698253e-07 -2.3617735678271856e-07
20 1.5234375000000000e-01 -9.8779062795983918e-07 -2.4798173114959354e-07
21 1.6015625000000000e-01 -1.0342162681808986e-06 -2.5963673522255704e-07
22 1.6796875000000000e-01 -1.0800189045312436e-06 -2.7113534883937973e-07
23 1.7578125000000000e-01 -1.1251709963744361e-06 -2.8247065131381532e-07
24 1.8359375000000000e-01 -1.1696453157128417e-06 -2.9363576459218166e-07
25 1.9140625000000000e-01 -1.2134150324527582e-06 -3.0462402378361730e-07
26 1.9921875000000000e-01 -1.2564539133563812e-06 -3.1542879241897026e-07
27 2.0703125000000000e-01 -1.2987358672944538e-06 -3.2604353350507154e-07
28 2.1484375000000000e-01 -1.3402356557890016e-06 -3.3646193742242758e-07
29 2.2265625000000000e-01 -1.3809279835186317e-06 -3.4667760928641655e-07
30 2.3046875000000000e-01 -1.4207885215000715e-06 -3.5668446685122035e-07
31 2.3828125000000000e-01 -1.4597932818105619e-06 -3.6647654155785858e-07
32 2.4609375000000000e-01 -1.4979186744312756e-06 -3.7604777958222257e-07
33 2.5390625000000000e-01 -1.5351417914644117e-06 -3.8539252500413568e-07
34 2.6171875000000000e-01 -1.5714402366029390e-06 -3.9450509348171181e-07
35 2.6953125000000000e-01 -1.6067921251305961e-06 -4.0338008489015920e-07
36 2.7734375000000000e-01 -1.6411759702350537e-06 -4.1201204226126720e-07
37 2.8515625000000000e-01 -1.6745714219723595e-06 -4.2039587810904777e-07
38 2.9296875000000000e-01 -1.7069581303985615e-06 -4.2852644810409402e-07
39 3.0078125000000000e-01 -1.7383165413775714e-06 -4.3639889213409333e-07
40 3.0859375000000000e-01 -1.7686278397377464e-06 -4.4400843535186141e-07
41 3.1640625000000000e-01 -1.7978738924284698e-06 -4.5135055870559881e-07
42 3.2421875000000000e-01 -1.8260369643030572e-06 -4.5842079998692498e-07
43 3.3203125000000000e-01 -1.8531001160226879e-06 -4.6521495278284419e-07
44 3.3984375000000000e-01 -1.8790470335261489e-06 -4.7172881068036077e-07
45 3.4765625000000000e-01 -1.9038619711864158e-06 -4.7795856517041102e-07
46 3.5546875000000000e-01 -1.9275302065580036e-06 -4.8390040774393128e-07
47 3.6328125000000000e-01 -1.9500373582559405e-06 -4.8955070042211446e-07
48 3.7109375000000000e-01 -1.9713697270162811e-06 -4.9490614628666663e-07
49 3.7890625000000000e-01 -1.9915149209737137e-06 -4.9996353368442215e-07
50 3.8671875000000000e-01 -2.0104601503589947e-06 -5.0471967938392481e-07
51 3.9453125000000000e-01 -2.0281945012357028e-06 -5.0917179805765045e-07
52 4.0234375000000000e-01 -2.0447071733542543e-06 -5.1331724648662203e-07
53 4.1015625000000000e-01 -2.0599882759597676e-06 -5.1715355198211910e-07
54 4.1796875000000000e-01 -2.0740283730447118e-06 -5.2067827027713065e-07
55 4.2578125000000000e-01 -2.0868191086265142e-06 -5.2388932658686826e-07
56 4.3359375000000000e-01 -2.0983530362173042e-06 -5.2678490192192839e-07
57 4.4140625000000000e-01 -2.1086228798594675e-06 -5.2936309202777920e-07
58 4.4921875000000000e-01 -2.1176225004637672e-06 -5.3162244739723974e-07
59 4.5703125000000000e-01 -2.1253466115922492e-06 -5.3356154694483848e-07
60 4.6484375000000000e-01 -2.1317904383977293e-06 -5.3517922538048879e-07
61 4.7265625000000000e-01 -2.1369501723711437e-06 -5.3647463005290774e-07
62 4.8046875000000000e-01 -2.1408228008112928e-06 -5.3744682304568414e-07
63 4.8828125000000000e-01 -2.1434057657643280e-06 -5.3809523592462938e-07
64 4.9609375000000000e-01 -2.1446977029881964e-06 -5.3841958447264915e-07
65 5.0390625000000000e-01 -2.1446976461447775e-06 -5.3841958447264915e-07
66 5.1171875000000000e-01 -2.1434057657643280e-06 -5.3809523592462938e-07
67 5.1953125000000000e-01 -2.1408228576547117e-06 -5.3744682304568414e-07
68 5.2734375000000000e-01 -2.1369501723711437e-06 -5.3647460163119831e-07
69 5.3515625000000000e-01 -2.1317904383977293e-06 -5.3517925380219822e-07
70 5.4296875000000000e-01 -2.1253465547488304e-06 -5.3356157536654791e-07
71 5.5078125000000000e-01 -2.1176225004637672e-06 -5.3162244739723974e-07
72 5.5859375000000000e-01 -2.1086228798594675e-06 -5.2936309202777920e-07
73 5.6640625000000000e-01 -2.0983530362173042e-06 -5.2678490192192839e-07
74 5.7421875000000000e-01 -2.0868190517830953e-06 -5.2388935500857770e-07
75 5.8203125000000000e-01 -2.0740284298881306e-06 -5.2067829869884008e-07
76 5.8984375000000000e-01 -2.0599882191163488e-06 -5.1715352356040967e-07
77 5.9765625000000000e-01 -2.0447072301976732e-06 -5.1331730333004089e-07
78 6.0546875000000000e-01 -2.0281945580791216e-06 -5.0917185490106931e-07
79 6.1328125000000000e-01 -2.0104601503589947e-06 -5.0471967938392481e-07
80 6.2109375000000000e-01 -1.9915148072868760e-06 -4.9996347684100328e-07
81 6.2890625000000000e-01 -1.9713696701728622e-06 -4.9490614628666663e-07
82 6.3671875000000000e-01 -1.9500372445691028e-06 -4.8955070042211446e-07
83 6.4453125000000000e-01 -1.9275301497145847e-06 -4.8390035090051242e-07
84 6.5234375000000000e-01 -1.9038619711864158e-06 -4.7795856517041102e-07
85 6.6015625000000000e-01 -1.8790470335261489e-06 -4.7172883910207020e-07
86 6.6796875000000000e-01 -1.8531001160226879e-06 -4.6521492436113476e-07
87 6.7578125000000000e-01 -1.8260370211464760e-06 -4.5842079998692498e-07
88 6.8359375000000000e-01 -1.7978738924284698e-06 -4.5135058712730824e-07
89 6.9140625000000000e-01 -1.7686279534245841e-06 -4.4400846377357084e-07
90 6.9921875000000000e-01 -1.7383165413775714e-06 -4.3639889213409333e-07
91 7.0703125000000000e-01 -1.7069580167117238e-06 -4.2852641968238459e-07
92 7.1484375000000000e-01 -1.6745714219723595e-06 -4.2039587810904777e-07
93 7.2265625000000000e-01 -1.6411759702350537e-06 -4.1201204226126720e-07
94 7.3046875000000000e-01 -1.6067921251305961e-06 -4.0338008489015920e-07
95 7.3828125000000000e-01 -1.5714402366029390e-06 -3.9450509348171181e-07
96 7.4609375000000000e-01 -1.5351417914644117e-06 -3.8539252500413568e-07
97 7.5390625000000000e-01 -1.4979186744312756e-06 -3.7604777958222257e-07
98 7.6171875000000000e-01 -1.4597932818105619e-06 -3.6647651313614915e-07
99 7.6953125000000000e-01 -1.4207885783434904e-06 -3.5668446685122035e-07
100 7.7734375000000000e-01 -1.3809280403620505e-06 -3.4667763770812599e-07
101 7.8515625000000000e-01 -1.3402356557890016e-06 -3.3646193742242758e-07
102 7.9296875000000000e-01 -1.2987358672944538e-06 -3.2604353350507154e-07
103 8.0078125000000000e-01 -1.2564539133563812e-06 -3.1542879241897026e-07
104 8.0859375000000000e-01 -1.2134149756093393e-06 -3.0462399536190787e-07
105 8.1640625000000000e-01 -1.1696452872911323e-06 -2.9363575038132694e-07
106 8.2421875000000000e-01 -1.1251709679527266e-06 -2.8247063710296061e-07
107 8.3203125000000000e-01 -1.0800189045312436e-06 -2.7113533462852502e-07
108 8.3984375000000000e-01 -1.0342163818677363e-06 -2.5963676364426647e-07
109 8.4765625000000000e-01 -9.8779062795983918e-07 -2.4798171693873883e-07
110 8.5546875000000000e-01 -9.4077003609527310e-07 -2.3617734257186385e-07
111 8.6328125000000000e-01 -8.9318271534466476e-07 -2.2423070333843498e-07
112 8.7109375000000000e-01 -8.4505745689966716e-07 -2.1214898993093811e-07
113 8.7890625000000000e-01 -7.9642302353022387e-07 -1.9993949251784215e-07
114 8.8671875000000000e-01 -7.4730903065756138e-07 -1.8760957232188957e-07
115 8.9453125000000000e-01 -6.9774472422068357e-07 -1.7516663319838699e-07
116 9.0234375000000000e-01 -6.4776025965329609e-07 -1.6261816426776932e-07
117 9.1015625000000000e-01 -5.9738550817201030e-07 -1.4997173991559976e-07
118 9.1796875000000000e-01 -5.4665095206019032e-07 -1.3723499847628773e-07
119 9.2578125000000000e-01 -4.9558710202290968e-07 -1.2441557828424266e-07
120 9.3359375000000000e-01 -4.4422469613891735e-07 -1.1152121714985697e-07
121 9.4140625000000000e-01 -3.9259482775833021e-07 -9.8559688410659874e-08
122 9.4921875000000000e-01 -3.4072834864673496e-07 -8.5538779615035310e-08
123 9.5703125000000000e-01 -2.8865666479305219e-07 -7.2466342260213423e-08
124 9.6484375000000000e-01 -2.3641110402650156e-07 -5.9350259817847473e-08
125 9.7265625000000000e-01 -1.8402311496856782e-07 -4.6198422865018074e-08
126 9.8046875000000000e-01 -1.3152437006169748e-07 -3.3018780598581543e-08
127 9.8828125000000000e-01 -7.8946300163806882e-08 -1.9819221819261656e-08
128 9.9609375000000000e-01 1.7401104596093120e-04 4.3502733936495730e-05
