# P x psi_num psi_exact psi_err v_num v_exact v_err
1 3.1250000000000000e-02 -4.7110857584174757e+144 7.3398744228196477e-01 -4.7110857584174757e+144 1.1075786660912516e+144 3.6699372114098239e-01 1.1075786660912516e+144
2 9.3750000000000000e-02 8.0723324259523786e+143 7.1991811711501974e-01 8.0723324259523786e+143 -3.8166442292560659e+144 3.5995905855750987e-01 -3.8166442292560659e+144
3 1.5625000000000000e-01 -2.9707660052403002e+144 6.9232014305712697e-01 -2.9707660052403002e+144 4.8710613710063873e+144 3.4616007152856348e-01 4.8710613710063873e+144
4 2.1875000000000000e-01 3.2170259836416800e+144 6.5225409477420926e-01 3.2170259836416800e+144 -6.2276670490169701e+144 3.2612704738710463e-01 -6.2276670490169701e+144
5 2.8125000000000000e-01 -3.9051121203065511e+144 6.0125968803248020e-01 -3.9051121203065511e+144 7.2477746807370565e+144 3.0062984401624010e-01 7.2477746807370565e+144
6 3.4375000000000000e-01 4.3052401495060852e+144 5.4129660928503187e-01 4.3052401495060852e+144 -8.0767533414764638e+144 2.7064830464251594e-01 -8.0767533414764638e+144
7 4.0625000000000000e-01 -4.6161422486548543e+144 4.7466920602044643e-01 -4.6161422486548543e+144 8.6349266335193103e+144 2.3733460301022322e-01 8.6349266335193103e+144
8 4.6875000000000000e-01 4.7651144374043934e+144 4.0393793198110406e-01 4.7651144374043934e+144 -8.9202887454970864e+144 2.0196896599055203e-01 -8.9202887454970864e+144
9 5.3125000000000000e-01 -4.7646683875651607e+144 3.3182095036178072e-01 -4.7646683875651607e+144 8.9194515767695670e+144 1.6591047518089036e-01 8.9194515767695670e+144
10 5.9375000000000000e-01 4.6148559877330842e+144 2.6108967632243829e-01 4.6148559877330842e+144 -8.6325251802118562e+144 1.3054483816121915e-01 -8.6325251802118562e+144
11 6.5625000000000000e-01 -4.3032959543956627e+144 1.9446227305785282e-01 -4.3032959543956627e+144 8.0730951059201843e+144 9.7231136528926412e-02 8.0730951059201843e+144
12 7.1875000000000000e-01 3.9027122565337707e+144 1.3449919431040447e-01 3.9027122565337707e+144 -7.2433465638827498e+144 6.7249597155202234e-02 -7.2433465638827498e+144
13 7.8125000000000000e-01 -3.2146456981034050e+144 8.3504787568675368e-02 -3.2146456981034050e+144 6.2230019831244522e+144 4.1752393784337684e-02 6.2230019831244522e+144
14 8.4375000000000000e-01 2.9681727921689943e+144 4.3438739285757651e-02 2.9681727921689943e+144 -4.8669003917160338e+144 2.1719369642878825e-02 -4.8669003917160338e+144
15 9.0625000000000000e-01 -8.0654879483830852e+143 1.5840765227864942e-02 -8.0654879483830852e+143 3.8130778147761312e+144 7.9203826139324709e-03 3.8130778147761312e+144
16 9.6875000000000000e-01 4.7065081046888648e+144 1.7714400609199861e-03 4.7065081046888648e+144 -1.1065509323419623e+144 8.8572003045999303e-04 -1.1065509323419623e+144
