# P x_center tau_phi
1 3.9062500000000000e-03 -3.5819876148535101e-07
2 1.1718750000000000e-02 5.7047695639633744e-07
3 1.9531250000000000e-02 2.3857301232610428e-06
4 2.7343750000000000e-02 5.0442960463220610e-06
5 3.5156250000000000e-02 8.5036063486448876e-06
6 4.2968750000000000e-02 1.2721803634749285e-05
7 5.0781250000000000e-02 1.7657703973952832e-05
8 5.8593750000000000e-02 2.3270844876258079e-05
9 6.6406250000000000e-02 2.9521448003014261e-05
10 7.4218750000000000e-02 3.6370443268526897e-05
11 8.2031250000000000e-02 4.3779445647998405e-05
12 8.9843750000000000e-02 5.1710766091422888e-05
13 9.7656250000000000e-02 6.0127446084357050e-05
14 1.0546875000000000e-01 6.8993179431472984e-05
15 1.1328125000000000e-01 7.8272380468549785e-05
16 1.2109375000000000e-01 8.7930159506158234e-05
17 1.2890625000000000e-01 9.7932344657603032e-05
18 1.3671875000000000e-01 1.0824541999314430e-04
19 1.4453125000000000e-01 1.1883657465283637e-04
20 1.5234375000000000e-01 1.2967376287312260e-04
21 1.6015625000000000e-01 1.4072553300183144e-04
22 1.6796875000000000e-01 1.5196123304397902e-04
23 1.7578125000000000e-01 1.6335074872730893e-04
24 1.8359375000000000e-01 1.7486494005974906e-04
25 1.9140625000000000e-01 1.8647503014895817e-04
26 1.9921875000000000e-01 1.9815327459044019e-04
27 2.0703125000000000e-01 2.0987227025155708e-04
28 2.1484375000000000e-01 2.2160564284952333e-04
29 2.2265625000000000e-01 2.3332753763440073e-04
30 2.3046875000000000e-01 2.4501281220193349e-04
31 2.3828125000000000e-01 2.5663710197720846e-04
32 2.4609375000000000e-01 2.6817658738395589e-04
33 2.5390625000000000e-01 2.7960832853868300e-04
34 2.6171875000000000e-01 2.9090996693632853e-04
35 2.6953125000000000e-01 3.0205976183010630e-04
36 2.7734375000000000e-01 3.1303707044465223e-04
37 2.8515625000000000e-01 3.2382120565074834e-04
38 2.9296875000000000e-01 3.3439316764319327e-04
39 3.0078125000000000e-01 3.4473364305247223e-04
40 3.0859375000000000e-01 3.5482487486582226e-04
41 3.1640625000000000e-01 3.6464896712917749e-04
42 3.2421875000000000e-01 3.7418967483271448e-04
43 3.3203125000000000e-01 3.8343061402522360e-04
44 3.3984375000000000e-01 3.9235644051935359e-04
45 3.4765625000000000e-01 4.0095274075213627e-04
46 3.5546875000000000e-01 4.0920537694887071e-04
47 3.6328125000000000e-01 4.1710104737183173e-04
48 3.7109375000000000e-01 4.2462732270008574e-04
49 3.7890625000000000e-01 4.3177223129985121e-04
50 3.8671875000000000e-01 4.3852476854160105e-04
51 3.9453125000000000e-01 4.4487422741189275e-04
52 4.0234375000000000e-01 4.5081106435240770e-04
53 4.1015625000000000e-01 4.5632609890450260e-04
54 4.1796875000000000e-01 4.6141089205911645e-04
55 4.2578125000000000e-01 4.6605796453544346e-04
56 4.3359375000000000e-01 4.7026009101303057e-04
57 4.4140625000000000e-01 4.7401118052267655e-04
58 4.4921875000000000e-01 4.7730570164580821e-04
59 4.5703125000000000e-01 4.8013845695969726e-04
60 4.6484375000000000e-01 4.8250569625908624e-04
61 4.7265625000000000e-01 4.8440354494928839e-04
62 4.8046875000000000e-01 4.8582935737429001e-04
63 4.8828125000000000e-01 4.8678117839591473e-04
64 4.9609375000000000e-01 4.8725736504405537e-04
65 5.0390625000000000e-01 4.8725730683639445e-04
66 5.1171875000000000e-01 4.8678118567187234e-04
67 5.1953125000000000e-01 4.8582943013386615e-04
68 5.2734375000000000e-01 4.8440350129354270e-04
69 5.3515625000000000e-01 4.8250575446674715e-04
70 5.4296875000000000e-01 4.8013850789140056e-04
71 5.5078125000000000e-01 4.7730569436985060e-04
72 5.5859375000000000e-01 4.7401123873033746e-04
73 5.6640625000000000e-01 4.7026008373707295e-04
74 5.7421875000000000e-01 4.6605795725948584e-04
75 5.8203125000000000e-01 4.6141091388698929e-04
76 5.8984375000000000e-01 4.5632608435258737e-04
77 5.9765625000000000e-01 4.5081102069666201e-04
78 6.0546875000000000e-01 4.4487426379168082e-04
79 6.1328125000000000e-01 4.3852476126564344e-04
80 6.2109375000000000e-01 4.3177224585176643e-04
81 6.2890625000000000e-01 4.2462730087221290e-04
82 6.3671875000000000e-01 4.1710106919970458e-04
83 6.4453125000000000e-01 4.0920534056908264e-04
84 6.5234375000000000e-01 4.0095269709639059e-04
85 6.6015625000000000e-01 3.9235652783084496e-04
86 6.6796875000000000e-01 3.8343055581756269e-04
87 6.7578125000000000e-01 3.7418969666058732e-04
88 6.8359375000000000e-01 3.6464898895705034e-04
89 6.9140625000000000e-01 3.5482480938220373e-04
90 6.9921875000000000e-01 3.4473367215630268e-04
91 7.0703125000000000e-01 3.3439310215957474e-04
92 7.1484375000000000e-01 3.2382128568628210e-04
93 7.2265625000000000e-01 3.1303694675337279e-04
94 7.3046875000000000e-01 3.0205982731372483e-04
95 7.3828125000000000e-01 2.9090993783249808e-04
96 7.4609375000000000e-01 2.7960832853868300e-04
97 7.5390625000000000e-01 2.6817660921182873e-04
98 7.6171875000000000e-01 2.5663708378731442e-04
99 7.6953125000000000e-01 2.4501283039182753e-04
100 7.7734375000000000e-01 2.3332754491035834e-04
101 7.8515625000000000e-01 2.2160568286729021e-04
102 7.9296875000000000e-01 2.0987222659581140e-04
103 8.0078125000000000e-01 1.9815328914235542e-04
104 8.0859375000000000e-01 1.8647503014895817e-04
105 8.1640625000000000e-01 1.7486493642177026e-04
106 8.2421875000000000e-01 1.6335076691720296e-04
107 8.3203125000000000e-01 1.5196121849206379e-04
108 8.3984375000000000e-01 1.4072553482082084e-04
109 8.4765625000000000e-01 1.2967375923514379e-04
110 8.5546875000000000e-01 1.1883659466171981e-04
111 8.6328125000000000e-01 1.0824539998426086e-04
112 8.7109375000000000e-01 9.7932346476592436e-05
113 8.7890625000000000e-01 8.7930157687168831e-05
114 8.8671875000000000e-01 7.8272382287539188e-05
115 8.9453125000000000e-01 6.8993174883999475e-05
116 9.0234375000000000e-01 6.0127446993851752e-05
117 9.1015625000000000e-01 5.1710767910412292e-05
118 9.1796875000000000e-01 4.3779435643556686e-05
119 9.2578125000000000e-01 3.6370441449537494e-05
120 9.3359375000000000e-01 2.9521448912508963e-05
121 9.4140625000000000e-01 2.3270845103631754e-05
122 9.4921875000000000e-01 1.7657704201326507e-05
123 9.5703125000000000e-01 1.2721801929446719e-05
124 9.6484375000000000e-01 8.5036071444527517e-06
125 9.7265625000000000e-01 5.0442965579128307e-06
126 9.8046875000000000e-01 2.3857297768714592e-06
127 9.8828125000000000e-01 5.7047701679246998e-07
128 9.9609375000000000e-01 -3.5819876148535101e-07
