# P x_center tau_phi
1 9.7656250000000000e-04 -5.5858613082215847e-09
2 2.9296875000000000e-03 9.2055830527848492e-09
3 4.8828125000000000e-03 3.8627439000876729e-08
4 6.8359375000000000e-03 8.2491614306762218e-08
5 8.7890625000000000e-03 1.4064798746146745e-07
6 1.0742187500000000e-02 2.1291301234224735e-07
7 1.2695312500000000e-02 2.9908381538393258e-07
8 1.4648437500000000e-02 3.9907734826830077e-07
9 1.6601562500000000e-02 5.1260206032979760e-07
10 1.8554687500000000e-02 6.3961628389910818e-07
11 2.0507812500000000e-02 7.7990804773359068e-07
12 2.2460937500000000e-02 9.3317511255797125e-07
13 2.4414062500000000e-02 1.0995306501324076e-06
14 2.6367187500000000e-02 1.2785027990597220e-06
15 2.8320312500000000e-02 1.4701296964132748e-06
16 3.0273437500000000e-02 1.6741663983639576e-06
17 3.2226562500000000e-02 1.8905287135842497e-06
18 3.4179687500000000e-02 2.1188711977204733e-06
19 3.6132812500000000e-02 2.3592638174300962e-06
20 3.8085937500000000e-02 2.6114570786835156e-06
21 4.0039062500000000e-02 2.8749984420754771e-06
22 4.1992187500000000e-02 3.1504110279620412e-06
23 4.3945312500000000e-02 3.4366615832004399e-06
24 4.5898437500000000e-02 3.7345365255028740e-06
25 4.7851562500000000e-02 4.0427711339649508e-06
26 4.9804687500000000e-02 4.3625751947121150e-06
27 5.1757812500000000e-02 4.6926271420610899e-06
28 5.3710937500000000e-02 5.0327702449844136e-06
29 5.5664062500000000e-02 5.3840417109478345e-06
30 5.7617187500000000e-02 5.7449182917640451e-06
31 5.9570312500000000e-02 6.1163512462894531e-06
32 6.1523437500000000e-02 6.4973134543330757e-06
33 6.3476562500000000e-02 6.8877971112248082e-06
34 6.5429687500000000e-02 7.2886391048014587e-06
35 6.7382812500000000e-02 7.6977375174785978e-06
36 6.9335937500000000e-02 8.1175604144771707e-06
37 7.1289062500000000e-02 8.5448139840356430e-06
38 7.3242187500000000e-02 8.9825497308730629e-06
39 7.5195312500000000e-02 9.4283483210201580e-06
40 7.7148437500000000e-02 9.8832835615930703e-06
41 7.9101562500000000e-02 1.0346159842387209e-05
42 8.1054687500000000e-02 1.0817644879774352e-05
43 8.3007812500000000e-02 1.1297883202619069e-05
44 8.4960937500000000e-02 1.1785273791406481e-05
45 8.6914062500000000e-02 1.2281301314073789e-05
46 8.8867187500000000e-02 1.2784831775271982e-05
47 9.0820312500000000e-02 1.3296070637283663e-05
48 9.2773437500000000e-02 1.3814758382545145e-05
49 9.4726562500000000e-02 1.4341276459200331e-05
50 9.6679687500000000e-02 1.4873795105722898e-05
51 9.8632812500000000e-02 1.5414617985945456e-05
52 1.0058593750000000e-01 1.5962091324202982e-05
53 1.0253906250000000e-01 1.6517006748015955e-05
54 1.0449218750000000e-01 1.7076896937348596e-05
55 1.0644531250000000e-01 1.7645348850334197e-05
56 1.0839843750000000e-01 1.8217917469330602e-05
57 1.1035156250000000e-01 1.8798540361318616e-05
58 1.1230468750000000e-01 1.9384636516687342e-05
59 1.1425781250000000e-01 1.9975837498381610e-05
60 1.1621093750000000e-01 2.0576082917701799e-05
61 1.1816406250000000e-01 2.1178020781158213e-05
62 1.2011718750000000e-01 2.1787803954037566e-05
63 1.2207031250000000e-01 2.2402505587961613e-05
64 1.2402343750000000e-01 2.3023274052260539e-05
65 1.2597656250000000e-01 2.3648348014649462e-05
66 1.2792968750000000e-01 2.4278644376693470e-05
67 1.2988281250000000e-01 2.4912752414955192e-05
68 1.3183593750000000e-01 2.5553453039024038e-05
69 1.3378906250000000e-01 2.6198521981088407e-05
70 1.3574218750000000e-01 2.6846550562030502e-05
71 1.3769531250000000e-01 2.7500554566399493e-05
72 1.3964843750000000e-01 2.8157962524737873e-05
73 1.4160156250000000e-01 2.8820045354649437e-05
74 1.4355468750000000e-01 2.9486794086631962e-05
75 1.4550781250000000e-01 3.0157152694727796e-05
76 1.4746093750000000e-01 3.0829250927170981e-05
77 1.4941406250000000e-01 3.1508786209544920e-05
78 1.5136718750000000e-01 3.2188883794120188e-05
79 1.5332031250000000e-01 3.2874311146791069e-05
80 1.5527343750000000e-01 3.3560290358499584e-05
81 1.5722656250000000e-01 3.4252521580582784e-05
82 1.5917968750000000e-01 3.4944831283006267e-05
83 1.6113281250000000e-01 3.5643619471920074e-05
84 1.6308593750000000e-01 3.6339687181793923e-05
85 1.6503906250000000e-01 3.7043626733249124e-05
86 1.6699218750000000e-01 3.7749965813925479e-05
87 1.6894531250000000e-01 3.8455328268703626e-05
88 1.7089843750000000e-01 3.9166816002866173e-05
89 1.7285156250000000e-01 3.9878027425801349e-05
90 1.7480468750000000e-01 4.0591176362153591e-05
91 1.7675781250000000e-01 4.1308477318001413e-05
92 1.7871093750000000e-01 4.2026790376067241e-05
93 1.8066406250000000e-01 4.2743674792431602e-05
94 1.8261718750000000e-01 4.3468332036812607e-05
95 1.8457031250000000e-01 4.4188311010495696e-05
96 1.8652343750000000e-01 4.4915375683147324e-05
97 1.8847656250000000e-01 4.5641267270524200e-05
98 1.9042968750000000e-01 4.6366109572992115e-05
99 1.9238281250000000e-01 4.7094916515864199e-05
100 1.9433593750000000e-01 4.7825252125311551e-05
101 1.9628906250000000e-01 4.8555379600859899e-05
102 1.9824218750000000e-01 4.9282165839624470e-05
103 2.0019531250000000e-01 5.0019475057137830e-05
104 2.0214843750000000e-01 5.0746946045759911e-05
105 2.0410156250000000e-01 5.1482169674200301e-05
106 2.0605468750000000e-01 5.2212935170232316e-05
107 2.0800781250000000e-01 5.2947987200978319e-05
108 2.0996093750000000e-01 5.3680471461890755e-05
109 2.1191406250000000e-01 5.4413546047533262e-05
110 2.1386718750000000e-01 5.5148041427470484e-05
111 2.1582031250000000e-01 5.5880132139835004e-05
112 2.1777343750000000e-01 5.6614142476728302e-05
113 2.1972656250000000e-01 5.7345549847227090e-05
114 2.2167968750000000e-01 5.8079145567598717e-05
115 2.2363281250000000e-01 5.8808778595296346e-05
116 2.2558593750000000e-01 5.9542501238470102e-05
117 2.2753906250000000e-01 6.0271369849734802e-05
118 2.2949218750000000e-01 6.1002041116257205e-05
119 2.3144531250000000e-01 6.1727435398672981e-05
120 2.3339843750000000e-01 6.2460497174413043e-05
121 2.3535156250000000e-01 6.3181575312230842e-05
122 2.3730468750000000e-01 6.3911531894320084e-05
123 2.3925781250000000e-01 6.4632579797462009e-05
124 2.4121093750000000e-01 6.5356269240982728e-05
125 2.4316406250000000e-01 6.6077852980586660e-05
126 2.4511718750000000e-01 6.6797706727586559e-05
127 2.4707031250000000e-01 6.7516206874722318e-05
128 2.4902343750000000e-01 6.8231867851032552e-05
129 2.5097656250000000e-01 6.8944136089568037e-05
130 2.5292968750000000e-01 6.9660840607988633e-05
131 2.5488281250000000e-01 7.0369787670037515e-05
132 2.5683593750000000e-01 7.1077410672394647e-05
133 2.5878906250000000e-01 7.1785487080304466e-05
134 2.6074218750000000e-01 7.2488810121135866e-05
135 2.6269531250000000e-01 7.3188692961728002e-05
136 2.6464843750000000e-01 7.3893434369663724e-05
137 2.6660156250000000e-01 7.4586653745736115e-05
138 2.6855468750000000e-01 7.5282704817145052e-05
139 2.7050781250000000e-01 7.5974055912017557e-05
140 2.7246093750000000e-01 7.6659695297957853e-05
141 2.7441406250000000e-01 7.7353047423896898e-05
142 2.7636718750000000e-01 7.8029353194657841e-05
143 2.7832031250000000e-01 7.8709489002657534e-05
144 2.8027343750000000e-01 7.9393377163818057e-05
145 2.8222656250000000e-01 8.0059985917584064e-05
146 2.8417968750000000e-01 8.0736712958700413e-05
147 2.8613281250000000e-01 8.1401596566915702e-05
148 2.8808593750000000e-01 8.2065271993517208e-05
149 2.9003906250000000e-01 8.2728130622915924e-05
150 2.9199218750000000e-01 8.3380785633923454e-05
151 2.9394531250000000e-01 8.4036668289877436e-05
152 2.9589843750000000e-01 8.4688255777617266e-05
153 2.9785156250000000e-01 8.5328957288001439e-05
154 2.9980468750000000e-01 8.5980588031851768e-05
155 3.0175781250000000e-01 8.6614672482398375e-05
156 3.0371093750000000e-01 8.7246507955319325e-05
157 3.0566406250000000e-01 8.7883941867140242e-05
158 3.0761718750000000e-01 8.8503623009564270e-05
159 3.0957031250000000e-01 8.9133889258637133e-05
160 3.1152343750000000e-01 8.9749528123794775e-05
161 3.1347656250000000e-01 9.0361183715036847e-05
162 3.1542968750000000e-01 9.0971118920635946e-05
163 3.1738281250000000e-01 9.1581131649011438e-05
164 3.1933593750000000e-01 9.2178584990120632e-05
165 3.2128906250000000e-01 9.2779248053873747e-05
166 3.2324218750000000e-01 9.3362569051225891e-05
167 3.2519531250000000e-01 9.3958288293588543e-05
168 3.2714843750000000e-01 9.4531419854885362e-05
169 3.2910156250000000e-01 9.5116362022282935e-05
170 3.3105468750000000e-01 9.5688374780900781e-05
171 3.3300781250000000e-01 9.6250192813243651e-05
172 3.3496093750000000e-01 9.6820383967036183e-05
173 3.3691406250000000e-01 9.7374675932997840e-05
174 3.3886718750000000e-01 9.7926981308851802e-05
175 3.4082031250000000e-01 9.8473518244841102e-05
176 3.4277343750000000e-01 9.9019818798399412e-05
177 3.4472656250000000e-01 9.9550926611749468e-05
178 3.4667968750000000e-01 1.0008774192768119e-04
179 3.4863281250000000e-01 1.0061484409001550e-04
180 3.5058593750000000e-01 1.0113683655936165e-04
181 3.5253906250000000e-01 1.0164807892944910e-04
182 3.5449218750000000e-01 1.0216481755595530e-04
183 3.5644531250000000e-01 1.0266232128270519e-04
184 3.5839843750000000e-01 1.0317034200558670e-04
185 3.6035156250000000e-01 1.0365995897971755e-04
186 3.6230468750000000e-01 1.0414509298009231e-04
187 3.6425781250000000e-01 1.0463035223739689e-04
188 3.6621093750000000e-01 1.0510591016385171e-04
189 3.6816406250000000e-01 1.0557730767559934e-04
190 3.7011718750000000e-01 1.0603891049931757e-04
191 3.7207031250000000e-01 1.0650184884947872e-04
192 3.7402343750000000e-01 1.0695303923504221e-04
193 3.7597656250000000e-01 1.0740081926562811e-04
194 3.7792968750000000e-01 1.0783396945823406e-04
195 3.7988281250000000e-01 1.0827247031754139e-04
196 3.8183593750000000e-01 1.0870184409440473e-04
197 3.8378906250000000e-01 1.0912391186618589e-04
198 3.8574218750000000e-01 1.0953537311751693e-04
199 3.8769531250000000e-01 1.0995202012724706e-04
200 3.8964843750000000e-01 1.1034447671080458e-04
201 3.9160156250000000e-01 1.1075647618715573e-04
202 3.9355468750000000e-01 1.1113722331539122e-04
203 3.9550781250000000e-01 1.1152207087418084e-04
204 3.9746093750000000e-01 1.1189980619491502e-04
205 3.9941406250000000e-01 1.1226992750002635e-04
206 4.0136718750000000e-01 1.1263565898367994e-04
207 4.0332031250000000e-01 1.1299603456990659e-04
208 4.0527343750000000e-01 1.1334682923515305e-04
209 4.0722656250000000e-01 1.1369499450820941e-04
210 4.0917968750000000e-01 1.1402699350265832e-04
211 4.1113281250000000e-01 1.1436048931977305e-04
212 4.1308593750000000e-01 1.1468241209730209e-04
213 4.1503906250000000e-01 1.1500204439622574e-04
214 4.1699218750000000e-01 1.1531609660421147e-04
215 4.1894531250000000e-01 1.1561708883876809e-04
216 4.2089843750000000e-01 1.1591337438262087e-04
217 4.2285156250000000e-01 1.1621144455478336e-04
218 4.2480468750000000e-01 1.1648472940431129e-04
219 4.2675781250000000e-01 1.1676859261290293e-04
220 4.2871093750000000e-01 1.1703460294735027e-04
221 4.3066406250000000e-01 1.1729577371043937e-04
222 4.3261718750000000e-01 1.1755394301550884e-04
223 4.3457031250000000e-01 1.1780256775415984e-04
224 4.3652343750000000e-01 1.1804581570904957e-04
225 4.3847656250000000e-01 1.1827528248950503e-04
226 4.4042968750000000e-01 1.1850817575710659e-04
227 4.4238281250000000e-01 1.1872165698415676e-04
228 4.4433593750000000e-01 1.1894411106599945e-04
229 4.4628906250000000e-01 1.1913826533791957e-04
230 4.4824218750000000e-01 1.1934973552577000e-04
231 4.5019531250000000e-01 1.1953054011810266e-04
232 4.5214843750000000e-01 1.1971884562304858e-04
233 4.5410156250000000e-01 1.1989600855314211e-04
234 4.5605468750000000e-01 1.2006387519898631e-04
235 4.5800781250000000e-01 1.2022988046807639e-04
236 4.5996093750000000e-01 1.2037817688497973e-04
237 4.6191406250000000e-01 1.2053343018770049e-04
238 4.6386718750000000e-01 1.2067374066695308e-04
239 4.6582031250000000e-01 1.2080375198825904e-04
240 4.6777343750000000e-01 1.2093323077274828e-04
241 4.6972656250000000e-01 1.2104633295218631e-04
242 4.7167968750000000e-01 1.2116633068790655e-04
243 4.7363281250000000e-01 1.2126527408108656e-04
244 4.7558593750000000e-01 1.2136131438178141e-04
245 4.7753906250000000e-01 1.2145118310226757e-04
246 4.7949218750000000e-01 1.2153254375883715e-04
247 4.8144531250000000e-01 1.2160818282338365e-04
248 4.8339843750000000e-01 1.2167250554607004e-04
249 4.8535156250000000e-01 1.2173435335839644e-04
250 4.8730468750000000e-01 1.2178440758310247e-04
251 4.8925781250000000e-01 1.2183244233715182e-04
252 4.9121093750000000e-01 1.2186401803199881e-04
253 4.9316406250000000e-01 1.2190101734095571e-04
254 4.9511718750000000e-01 1.2191689484488191e-04
255 4.9707031250000000e-01 1.2193493156382670e-04
256 4.9902343750000000e-01 1.2194162195758307e-04
257 5.0097656250000000e-01 1.2194534724788153e-04
258 5.0292968750000000e-01 1.2193539722511401e-04
259 5.0488281250000000e-01 1.2191689484488191e-04
260 5.0683593750000000e-01 1.2189868903451917e-04
261 5.0878906250000000e-01 1.2186960596744650e-04
262 5.1074218750000000e-01 1.2182964836942797e-04
263 5.1269531250000000e-01 1.2178580456696439e-04
264 5.1464843750000000e-01 1.2173435335839644e-04
265 5.1660156250000000e-01 1.2167297120735734e-04
266 5.1855468750000000e-01 1.2160771716209634e-04
267 5.2050781250000000e-01 1.2153300942012446e-04
268 5.2246093750000000e-01 1.2145537405385334e-04
269 5.2441406250000000e-01 1.2135479512375910e-04
270 5.2636718750000000e-01 1.2127272466168348e-04
271 5.2832031250000000e-01 1.2116027709117155e-04
272 5.3027343750000000e-01 1.2104819559733554e-04
273 5.3222656250000000e-01 1.2093462775661021e-04
274 5.3417968750000000e-01 1.2080980558499405e-04
275 5.3613281250000000e-01 1.2066861839279269e-04
276 5.3808593750000000e-01 1.2053529283284972e-04
277 5.4003906250000000e-01 1.2038236783656550e-04
278 5.4199218750000000e-01 1.2022941480678909e-04
279 5.4394531250000000e-01 1.2006340953769901e-04
280 5.4589843750000000e-01 1.1989507723056750e-04
281 5.4785156250000000e-01 1.1971698297789934e-04
282 5.4980468750000000e-01 1.1953426540840112e-04
283 5.5175781250000000e-01 1.1934088796131115e-04
284 5.5371093750000000e-01 1.1915037253138958e-04
285 5.5566406250000000e-01 1.1893246953381675e-04
286 5.5761718750000000e-01 1.1873236719376484e-04
287 5.5957031250000000e-01 1.1850258782165890e-04
288 5.6152343750000000e-01 1.1828319873138926e-04
289 5.6347656250000000e-01 1.1803929645102726e-04
290 5.6542968750000000e-01 1.1780582738317100e-04
291 5.6738281250000000e-01 1.1755673698323268e-04
292 5.6933593750000000e-01 1.1729670503301398e-04
293 5.7128906250000000e-01 1.1703879389893604e-04
294 5.7324218750000000e-01 1.1676719562904100e-04
295 5.7519531250000000e-01 1.1648705771074783e-04
296 5.7714843750000000e-01 1.1621144455478336e-04
297 5.7910156250000000e-01 1.1591011475360971e-04
298 5.8105468750000000e-01 1.1561941714520463e-04
299 5.8300781250000000e-01 1.1531376829777493e-04
300 5.8496093750000000e-01 1.1500251005751305e-04
301 5.8691406250000000e-01 1.1468008379086556e-04
302 5.8886718750000000e-01 1.1436188630363497e-04
303 5.9082031250000000e-01 1.1402559651879640e-04
304 5.9277343750000000e-01 1.1369080355662364e-04
305 5.9472656250000000e-01 1.1334962320287689e-04
306 5.9667968750000000e-01 1.1299230927960813e-04
307 5.9863281250000000e-01 1.1263938427397840e-04
308 6.0058593750000000e-01 1.1226946183873904e-04
309 6.0253906250000000e-01 1.1189934053362771e-04
310 6.0449218750000000e-01 1.1152346785804276e-04
311 6.0644531250000000e-01 1.1113489500895468e-04
312 6.0839843750000000e-01 1.1075275089685727e-04
313 6.1035156250000000e-01 1.1034866766239035e-04
314 6.1230468750000000e-01 1.0995015748209783e-04
315 6.1425781250000000e-01 1.0953770142395347e-04
316 6.1621093750000000e-01 1.0912344620489858e-04
317 6.1816406250000000e-01 1.0869811880410626e-04
318 6.2011718750000000e-01 1.0827293597882870e-04
319 6.2207031250000000e-01 1.0783909173239445e-04
320 6.2402343750000000e-01 1.0740128492691542e-04
321 6.2597656250000000e-01 1.0694419167058336e-04
322 6.2792968750000000e-01 1.0650138318819141e-04
323 6.2988281250000000e-01 1.0604496409605257e-04
324 6.3183593750000000e-01 1.0556846011114049e-04
325 6.3378906250000000e-01 1.0510870413157555e-04
326 6.3574218750000000e-01 1.0462569562452381e-04
327 6.3769531250000000e-01 1.0414602430266692e-04
328 6.3964843750000000e-01 1.0365809633456832e-04
329 6.4160156250000000e-01 1.0316941068301208e-04
330 6.4355468750000000e-01 1.0266371826656712e-04
331 6.4550781250000000e-01 1.0215876395922030e-04
332 6.4746093750000000e-01 1.0165320120360949e-04
333 6.4941406250000000e-01 1.0113683655936165e-04
334 6.5136718750000000e-01 1.0061298144486627e-04
335 6.5332031250000000e-01 1.0008587928253196e-04
336 6.5527343750000000e-01 9.9556048885909854e-05
337 6.5722656250000000e-01 9.9017956153250181e-05
338 6.5917968750000000e-01 9.8475380889990333e-05
339 6.6113281250000000e-01 9.7933034905586802e-05
340 6.6308593750000000e-01 9.7370950642699378e-05
341 6.6503906250000000e-01 9.6819918305748875e-05
342 6.6699218750000000e-01 9.6254383764829421e-05
343 6.6894531250000000e-01 9.5682321184165781e-05
344 6.7089843750000000e-01 9.5118224667432166e-05
345 6.7285156250000000e-01 9.4531885516172670e-05
346 6.7480468750000000e-01 9.3955959987152005e-05
347 6.7675781250000000e-01 9.3362569051225891e-05
348 6.7871093750000000e-01 9.2778316731299132e-05
349 6.8066406250000000e-01 9.2178119328833324e-05
350 6.8261718750000000e-01 9.1579269003862207e-05
351 6.8457031250000000e-01 9.0972050243210562e-05
352 6.8652343750000000e-01 9.0363977682760693e-05
353 6.8847656250000000e-01 8.9748131139932852e-05
354 6.9042968750000000e-01 8.9131095290913287e-05
355 6.9238281250000000e-01 8.8507348299862731e-05
356 6.9433593750000000e-01 8.7879285254267164e-05
357 6.9628906250000000e-01 8.7252561552054325e-05
358 6.9824218750000000e-01 8.6613741159823759e-05
359 7.0019531250000000e-01 8.5978725386702537e-05
360 7.0214843750000000e-01 8.5332682578299901e-05
361 7.0410156250000000e-01 8.4689187100191882e-05
362 7.0605468750000000e-01 8.4036202628590129e-05
363 7.0800781250000000e-01 8.3383579601647301e-05
364 7.0996093750000000e-01 8.2728130622915924e-05
365 7.1191406250000000e-01 8.2061546703218746e-05
366 7.1386718750000000e-01 8.1402993550777625e-05
367 7.1582031250000000e-01 8.0733453329689259e-05
368 7.1777343750000000e-01 8.0063711207882526e-05
369 7.1972656250000000e-01 7.9385926583221134e-05
370 7.2167968750000000e-01 7.8713679954243304e-05
371 7.2363281250000000e-01 7.8032612823668995e-05
372 7.2558593750000000e-01 7.7352116101322282e-05
373 7.2753906250000000e-01 7.6656435668946699e-05
374 7.2949218750000000e-01 7.5980575170039866e-05
375 7.3144531250000000e-01 7.5278513865559282e-05
376 7.3339843750000000e-01 7.4587585068310730e-05
377 7.3535156250000000e-01 7.3889243418077954e-05
378 7.3730468750000000e-01 7.3194280897175695e-05
379 7.3925781250000000e-01 7.2483222185688173e-05
380 7.4121093750000000e-01 7.1788746709315621e-05
381 7.4316406250000000e-01 7.1077410672394647e-05
382 7.4511718750000000e-01 7.0366993702313668e-05
383 7.4707031250000000e-01 6.9662237591850557e-05
384 7.4902343750000000e-01 6.8945998734717268e-05
385 7.5097656250000000e-01 6.8231867851032552e-05
386 7.5292968750000000e-01 6.7515275552147702e-05
387 7.5488281250000000e-01 6.6798172388873867e-05
388 7.5683593750000000e-01 6.6078318641873968e-05
389 7.5878906250000000e-01 6.5355803579695421e-05
390 7.6074218750000000e-01 6.4632114136174701e-05
391 7.6269531250000000e-01 6.3911066233032776e-05
392 7.6464843750000000e-01 6.3181575312230842e-05
393 7.6660156250000000e-01 6.2460962835700351e-05
394 7.6855468750000000e-01 6.1727668229316635e-05
395 7.7050781250000000e-01 6.1001808285613551e-05
396 7.7246093750000000e-01 6.0271369849734802e-05
397 7.7441406250000000e-01 5.9542966899757410e-05
398 7.7636718750000000e-01 5.8808312934009038e-05
399 7.7832031250000000e-01 5.8079145567598717e-05
400 7.8027343750000000e-01 5.7347179661732667e-05
401 7.8222656250000000e-01 5.6613909646084648e-05
402 7.8417968750000000e-01 5.5878735155973080e-05
403 7.8613281250000000e-01 5.5148972750045100e-05
404 7.8808593750000000e-01 5.4414011708820570e-05
405 7.9003906250000000e-01 5.3680238631247101e-05
406 7.9199218750000000e-01 5.2950315507414858e-05
407 7.9394531250000000e-01 5.2212003847657701e-05
408 7.9589843750000000e-01 5.1481704012912993e-05
409 7.9785156250000000e-01 5.0747178876403565e-05
410 7.9980468750000000e-01 5.0018078073275907e-05
411 8.0175781250000000e-01 4.9283795654130047e-05
412 8.0371093750000000e-01 4.8554215447641630e-05
413 8.0566406250000000e-01 4.7825019294667898e-05
414 8.0761718750000000e-01 4.7094683685220545e-05
415 8.0957031250000000e-01 4.6368437879428653e-05
416 8.1152343750000000e-01 4.5640801609236892e-05
417 8.1347656250000000e-01 4.4914910021860016e-05
418 8.1542968750000000e-01 4.4188311010495696e-05
419 8.1738281250000000e-01 4.3467400714237991e-05
420 8.1933593750000000e-01 4.2743907623075256e-05
421 8.2128906250000000e-01 4.2025859053492626e-05
422 8.2324218750000000e-01 4.1308244487357759e-05
423 8.2519531250000000e-01 4.0591409192797245e-05
424 8.2714843750000000e-01 3.9878260256445003e-05
425 8.2910156250000000e-01 3.9164953357716942e-05
426 8.3105468750000000e-01 3.8457190913852857e-05
427 8.3300781250000000e-01 3.7748568830063556e-05
428 8.3496093750000000e-01 3.7041764088099893e-05
429 8.3691406250000000e-01 3.6343645302736038e-05
430 8.3886718750000000e-01 3.5640359842908920e-05
431 8.4082031250000000e-01 3.4945995436224536e-05
432 8.4277343750000000e-01 3.4252288749939130e-05
433 8.4472656250000000e-01 3.3560057527855930e-05
434 8.4667968750000000e-01 3.2874311146791069e-05
435 8.4863281250000000e-01 3.2188883794120188e-05
436 8.5058593750000000e-01 3.1508320548257612e-05
437 8.5253906250000000e-01 3.0829716588458289e-05
438 8.5449218750000000e-01 3.0157851186658757e-05
439 8.5644531250000000e-01 2.9485629933413693e-05
440 8.5839843750000000e-01 2.8821558753833187e-05
441 8.6035156250000000e-01 2.8157380448128738e-05
442 8.6230468750000000e-01 2.7501369473652282e-05
443 8.6425781250000000e-01 2.6847016223317810e-05
444 8.6621093750000000e-01 2.6197474243191965e-05
445 8.6816406250000000e-01 2.5554500776920480e-05
446 8.7011718750000000e-01 2.4912752414955192e-05
447 8.7207031250000000e-01 2.4278760792015297e-05
448 8.7402343750000000e-01 2.3648580845293116e-05
449 8.7597656250000000e-01 2.3023157636938713e-05
450 8.7792968750000000e-01 2.2401574265386998e-05
451 8.7988281250000000e-01 2.1788386030646700e-05
452 8.8183593750000000e-01 2.1178137196480040e-05
453 8.8378906250000000e-01 2.0575268010449010e-05
454 8.8574218750000000e-01 1.9976419574990745e-05
455 8.8769531250000000e-01 1.9384636516687342e-05
456 8.8964843750000000e-01 1.8798540361318616e-05
457 8.9160156250000000e-01 1.8218033884652429e-05
458 8.9355468750000000e-01 1.7645232435012370e-05
459 8.9550781250000000e-01 1.7077129767992250e-05
460 8.9746093750000000e-01 1.6516191840763167e-05
461 8.9941406250000000e-01 1.5962556985490289e-05
462 9.0136718750000000e-01 1.5414385155301802e-05
463 9.0332031250000000e-01 1.4873736898061984e-05
464 9.0527343750000000e-01 1.4341101836217590e-05
465 9.0722656250000000e-01 1.3814933005527885e-05
466 9.0917968750000000e-01 1.3296012429622750e-05
467 9.1113281250000000e-01 1.2784715359950155e-05
468 9.1308593750000000e-01 1.2281708767700183e-05
469 9.1503906250000000e-01 1.1784866337780087e-05
470 9.1699218750000000e-01 1.1297883202619069e-05
471 9.1894531250000000e-01 1.0817703087435265e-05
472 9.2089843750000000e-01 1.0346567296013603e-05
473 9.2285156250000000e-01 9.8825268620011952e-06
474 9.2480468750000000e-01 9.4288721899683792e-06
475 9.2675781250000000e-01 8.9820258619248416e-06
476 9.2871093750000000e-01 8.5455706836275180e-06
477 9.3066406250000000e-01 8.1173566876639736e-06
478 9.3261718750000000e-01 7.6978539328004247e-06
479 9.3457031250000000e-01 7.2884935856491750e-06
480 9.3652343750000000e-01 6.8880299418684621e-06
481 9.3847656250000000e-01 6.4972843505026190e-06
482 9.4042968750000000e-01 6.1162639347980829e-06
483 9.4238281250000000e-01 5.7448309802726749e-06
484 9.4433593750000000e-01 5.3840708147782912e-06
485 9.4628906250000000e-01 5.0330030756280675e-06
486 9.4824218750000000e-01 4.6925107267392629e-06
487 9.5019531250000000e-01 4.3624878832207448e-06
488 9.5214843750000000e-01 4.0430185165238330e-06
489 9.5410156250000000e-01 3.7342600391135350e-06
490 9.5605468750000000e-01 3.4369235176745505e-06
491 9.5800781250000000e-01 3.1502364049793008e-06
492 9.5996093750000000e-01 2.8752167208039026e-06
493 9.6191406250000000e-01 2.6112387999550901e-06
494 9.6386718750000000e-01 2.3593802327519231e-06
495 9.6582031250000000e-01 2.1189003015509300e-06
496 9.6777343750000000e-01 1.8904122982624227e-06
497 9.6972656250000000e-01 1.6742100541096427e-06
498 9.7167968750000000e-01 1.4700860406675897e-06
499 9.7363281250000000e-01 1.2784882471444936e-06
500 9.7558593750000000e-01 1.0994797184291083e-06
501 9.7753906250000000e-01 9.3320785436723508e-07
502 9.7949218750000000e-01 7.7990077177597650e-07
503 9.8144531250000000e-01 6.3960355097328336e-07
504 9.8339843750000000e-01 5.1263298314965788e-07
505 9.8535156250000000e-01 3.9906916281598481e-07
506 9.8730468750000000e-01 2.9908654386803790e-07
507 9.8925781250000000e-01 2.1291301234224735e-07
508 9.9121093750000000e-01 1.4064525897736213e-07
509 9.9316406250000000e-01 8.2492296427788547e-08
510 9.9511718750000000e-01 3.8626991358953200e-08
511 9.9707031250000000e-01 9.2060520109904509e-09
512 9.9902343750000000e-01 -5.5867708029233576e-09
