# P x_center tau_phi
1 3.1250000000000000e-02 -1.8667379417969254e-04
2 9.3750000000000000e-02 2.0680002781914286e-04
3 1.5625000000000000e-01 8.4131229295603127e-04
4 2.1875000000000000e-01 1.5796711600502000e-03
5 2.8125000000000000e-01 2.3075500946860839e-03
6 3.4375000000000000e-01 2.9334878700018052e-03
7 4.0625000000000000e-01 3.3888885643377220e-03
8 4.6875000000000000e-01 3.6280215654993508e-03
9 5.3125000000000000e-01 3.6280215653288206e-03
10 5.9375000000000000e-01 3.3888885645650957e-03
11 6.5625000000000000e-01 2.9334878698739075e-03
12 7.1875000000000000e-01 2.3075500947642436e-03
13 7.8125000000000000e-01 1.5796711600271074e-03
14 8.4375000000000000e-01 8.4131229296913190e-04
15 9.0625000000000000e-01 2.0680002783246554e-04
16 9.6875000000000000e-01 -1.8667379420811425e-04
