# P x u_num u_exact u_err v_num v_exact v_err psi_num psi_exact psi_err
1 1.9531250000000000e-03 6.0747227209046887e-03 6.0748315767994608e-03 -1.0885589477212243e-07 6.0747227209043322e-03 6.0748315767994608e-03 -1.0885589512860810e-07 1.2149445441809022e-02 1.2149663153598922e-02 -2.1771178989986317e-07
2 5.8593750000000000e-03 1.8223482027341757e-02 1.8223579883107903e-02 -9.7855766146431877e-08 1.8223482027341625e-02 1.8223579883107903e-02 -9.7855766278270861e-08 3.6446964054683381e-02 3.6447159766215806e-02 -1.9571153242470274e-07
3 9.7656250000000000e-03 3.0369496923092418e-02 3.0369583785317546e-02 -8.6862225127937176e-08 3.0369496923091939e-02 3.0369583785317546e-02 -8.6862225606720855e-08 6.0738993846184357e-02 6.0739167570635091e-02 -1.7372445073465803e-07
4 1.3671875000000000e-02 4.2510938257968645e-02 4.2511014139917223e-02 -7.5881948578826464e-08 4.2510938257968200e-02 4.2511014139917223e-02 -7.5881949022915673e-08 8.5021876515936845e-02 8.5022028279834447e-02 -1.5176389760174214e-07
5 1.7578125000000000e-02 5.4645977570604895e-02 5.4646042492155232e-02 -6.4921550337049272e-08 5.4645977570604902e-02 5.4646042492155232e-02 -6.4921550330110378e-08 1.0929195514120979e-01 1.0929208498431046e-01 -1.2984310067409854e-07
6 2.1484375000000000e-02 6.6772787363841485e-02 6.6772841351397855e-02 -5.3987556369872181e-08 6.6772787363839875e-02 6.6772841351397855e-02 -5.3987557979695566e-08 1.3354557472768136e-01 1.3354568270279571e-01 -1.0797511434956775e-07
7 2.5390625000000000e-02 7.8889541379961958e-02 7.8889584466342796e-02 -4.3086380838164295e-08 7.8889541379962860e-02 7.8889584466342796e-02 -4.3086379936108088e-08 1.5777908275992480e-01 1.5777916893268559e-01 -8.6172760788150171e-08
8 2.9296875000000000e-02 9.0994414875742724e-02 9.0994447100045783e-02 -3.2224303059269488e-08 9.0994414875740365e-02 9.0994447100045783e-02 -3.2224305418493415e-08 1.8198882975148309e-01 1.8198889420009157e-01 -6.4448608477762903e-08
9 3.3203125000000000e-02 1.0308558489727411e-01 1.0308560630471940e-01 -2.1407445288668114e-08 1.0308558489727172e-01 1.0308560630471940e-01 -2.1407447675647617e-08 2.0617116979454583e-01 2.0617121260943880e-01 -4.2814892964315732e-08
10 3.7109375000000000e-02 1.1516123055451058e-01 1.1516124119626214e-01 -1.0641751563289503e-08 1.1516123055451230e-01 1.1516124119626214e-01 -1.0641749842443815e-08 2.3032246110902288e-01 2.3032248239252429e-01 -2.1283501405733318e-08
11 4.1015625000000000e-02 1.2721953329550867e-01 1.2721953322847712e-01 6.7031546979734458e-11 1.2721953329550695e-01 1.2721953322847712e-01 6.7029826134046289e-11 2.5443906659101562e-01 2.5443906645695424e-01 1.3406137311378075e-10
12 4.4921875000000000e-02 1.3925867718031168e-01 1.3925866646693805e-01 1.0713373632675882e-08 1.3925867718031221e-01 1.3925866646693805e-01 1.0713374160031819e-08 2.7851735436062386e-01 2.7851733293387609e-01 2.1426747764952125e-08
13 4.8828125000000000e-02 1.5127684915443937e-01 1.5127682786246277e-01 2.1291976598503126e-08 1.5127684915444450e-01 1.5127682786246277e-01 2.1291981733284615e-08 3.0255369830888390e-01 3.0255365572492554e-01 4.2583958359543317e-08
14 5.2734375000000000e-02 1.6327223932194182e-01 1.6327220752415125e-01 3.1797790567278383e-08 1.6327223932194468e-01 1.6327220752415125e-01 3.1797793426102672e-08 3.2654447864388647e-01 3.2654441504830251e-01 6.3595583965625480e-08
15 5.6640625000000000e-02 1.7524304121797482e-01 1.7524299899194898e-01 4.2226025842584392e-08 1.7524304121797263e-01 1.7524299899194898e-01 4.2226023649893918e-08 3.5048608243594748e-01 3.5048599798389796e-01 8.4452049520233885e-08
16 6.0546875000000000e-02 1.8718745208085849e-01 1.8718739950869293e-01 5.2572165565312190e-08 1.8718745208085796e-01 1.8718739950869293e-01 5.2572165037956253e-08 3.7437490416171648e-01 3.7437479901738585e-01 1.0514433063102402e-07
17 6.4453125000000000e-02 1.9910367312357488e-01 1.9910361029160026e-01 6.2831974623200892e-08 1.9910367312356927e-01 1.9910361029160026e-01 6.2831969016574618e-08 3.9820734624714416e-01 3.9820722058320052e-01 1.2566394363977551e-07
18 6.8359375000000000e-02 2.1098990980466603e-01 2.1098983680315828e-01 7.3001507755465767e-08 2.1098990980466850e-01 2.1098983680315828e-01 7.3001510225711996e-08 4.2197981960933451e-01 4.2197967360631655e-01 1.4600301795342219e-07
19 7.2265625000000000e-02 2.2284437209849078e-01 2.2284428902137537e-01 8.3077115409224689e-08 2.2284437209848698e-01 2.2284428902137537e-01 8.3077111606710830e-08 4.4568874419697779e-01 4.4568857804275075e-01 1.6615422704369109e-07
20 7.6171875000000000e-02 2.3466527476479801e-01 2.3466518170935158e-01 9.3055446431788980e-08 2.3466527476479837e-01 2.3466518170935158e-01 9.3055446792611463e-08 4.6933054952959641e-01 4.6933036341870316e-01 1.8611089325215602e-07
21 8.0078125000000000e-02 2.4645083761758135e-01 2.4645073468412870e-01 1.0293345265033338e-07 2.4645083761757772e-01 2.4645073468412870e-01 1.0293344901435297e-07 4.9290167523515904e-01 4.9290146936825741e-01 2.0586690163693078e-07
22 8.3984375000000000e-02 2.5819928579316614e-01 2.5819917308477947e-01 1.1270838667920557e-07 2.5819928579316892e-01 2.5819917308477947e-01 1.1270838945476314e-07 5.1639857158633506e-01 5.1639834616955893e-01 2.2541677613396871e-07
23 8.7890625000000000e-02 2.6990885001749593e-01 2.6990872763969487e-01 1.2237780105950335e-07 2.6990885001749709e-01 2.6990872763969487e-01 1.2237780222523753e-07 5.3981770003499308e-01 5.3981745527938974e-01 2.4475560334025204e-07
24 9.1796875000000000e-02 2.8157776687257557e-01 2.8157763493303006e-01 1.3193954551127263e-07 2.8157776687257102e-01 2.8157763493303006e-01 1.3193954095935823e-07 5.6315553374514660e-01 5.6315526986606013e-01 2.6387908647063085e-07
25 9.5703125000000000e-02 2.9320427906202989e-01 2.9320413767026821e-01 1.4139176168770362e-07 2.9320427906203600e-01 2.9320413767026821e-01 1.4139176779393026e-07 5.8640855812406589e-01 5.8640827534053641e-01 2.8278352948163388e-07
26 9.9609375000000000e-02 3.0478663567573833e-01 3.0478648494286281e-01 1.5073287551459202e-07 3.0478663567572972e-01 3.0478648494286281e-01 1.5073286691036358e-07 6.0957327135146810e-01 6.0957296988572562e-01 3.0146574248046676e-07
27 1.0351562500000000e-01 3.1632309245350954e-01 3.1632293249191790e-01 1.5996159163922385e-07 3.1632309245350848e-01 3.1632293249191790e-01 1.5996159058451198e-07 6.3264618490701796e-01 6.3264586498383579e-01 3.1992318216822468e-07
28 1.0742187500000000e-01 3.2781191204774851e-01 3.2781174297086690e-01 1.6907688160650025e-07 3.2781191204775056e-01 3.2781174297086690e-01 1.6907688366041285e-07 6.5562382409549902e-01 6.5562348594173381e-01 3.3815376521140195e-07
29 1.1132812500000000e-01 3.3925136428508634e-01 3.3925118620711070e-01 1.7807797564328709e-07 3.3925136428507652e-01 3.3925118620711070e-01 1.7807796581781332e-07 6.7850272857016281e-01 6.7850237241422140e-01 3.5615594140558926e-07
30 1.1523437500000000e-01 3.5063972642692448e-01 3.5063953946257576e-01 1.8696434872511603e-07 3.5063972642691643e-01 3.5063953946257576e-01 1.8696434067599910e-07 7.0127945285384086e-01 7.0127907892515151e-01 3.7392868934560397e-07
31 1.1914062500000000e-01 3.6197528342886126e-01 3.6197508769315134e-01 1.9573570991804345e-07 3.6197528342885638e-01 3.6197508769315134e-01 1.9573570503306215e-07 7.2395056685771764e-01 7.2395017538630269e-01 3.9147141495110560e-07
32 1.2304687500000000e-01 3.7325632819895782e-01 3.7325612380696932e-01 2.0439198850086271e-07 3.7325632819896204e-01 3.7325612380696932e-01 2.0439199271971020e-07 7.4651265639791986e-01 7.4651224761393864e-01 4.0878398122057291e-07
33 1.2695312500000000e-01 3.8448116185480602e-01 3.8448094892148588e-01 2.1293332014282740e-07 3.8448116185481546e-01 3.8448094892148588e-01 2.1293332957972311e-07 7.6896232370962148e-01 7.6896189784297175e-01 4.2586664972255051e-07
34 1.3085937500000000e-01 3.9564809397935757e-01 3.9564787261932693e-01 2.2136003063888410e-07 3.9564809397935263e-01 3.9564787261932693e-01 2.2136002569839164e-07 7.9129618795871015e-01 7.9129574523865387e-01 4.4272005628176458e-07
35 1.3476562500000000e-01 4.0675544287548276e-01 4.0675521320285879e-01 2.2967262397477484e-07 4.0675544287548071e-01 4.0675521320285879e-01 2.2967262192086224e-07 8.1351088575096342e-01 8.1351042640571758e-01 4.5934524584012593e-07
36 1.3867187500000000e-01 4.1780153581920909e-01 4.1780129794744558e-01 2.3787176350875683e-07 4.1780153581921398e-01 4.1780129794744558e-01 2.3787176839373814e-07 8.3560307163842307e-01 8.3560259589489116e-01 4.7574353190249496e-07
37 1.4257812500000000e-01 4.2878470931161589e-01 4.2878446335335541e-01 2.4595826048079417e-07 4.2878470931162260e-01 4.2878446335335541e-01 2.4595826719764347e-07 8.5756941862323854e-01 8.5756892670671081e-01 4.9191652773394878e-07
38 1.4648437500000000e-01 4.3970330932933288e-01 4.3970305539627741e-01 2.5393305547183331e-07 4.3970330932933727e-01 4.3970305539627741e-01 2.5393305985721426e-07 8.7940661865867020e-01 8.7940611079255482e-01 5.0786611538455873e-07
39 1.5039062500000000e-01 4.5055569157361508e-01 4.5055542977641178e-01 2.6179720330476997e-07 4.5055569157361891e-01 4.5055542977641178e-01 2.6179720713503940e-07 9.0111138314723394e-01 9.0111085955282355e-01 5.2359441038429821e-07
40 1.5429687500000000e-01 4.6134022171795563e-01 4.6133995216609486e-01 2.6955186077648463e-07 4.6134022171795974e-01 4.6133995216609486e-01 2.6955186488430982e-07 9.2268044343591538e-01 9.2267990433218972e-01 5.3910372566079445e-07
41 1.5820312500000000e-01 4.7205527565419159e-01 4.7205499845592341e-01 2.7719826817262927e-07 4.7205527565418576e-01 4.7205499845592341e-01 2.7719826234395839e-07 9.4411055130837740e-01 9.4410999691184683e-01 5.5439653057209881e-07
42 1.6210937500000000e-01 4.8269923973707585e-01 4.8269895499933935e-01 2.8473773650006251e-07 4.8269923973708762e-01 4.8269895499933935e-01 2.8473774826842657e-07 9.6539847947416346e-01 9.6539790999867869e-01 5.6947548476848908e-07
43 1.6601562500000000e-01 4.9327051102727193e-01 4.9327021885563860e-01 2.9217163333150609e-07 4.9327051102728176e-01 4.9327021885563860e-01 2.9217164315697985e-07 9.8654102205455363e-01 9.8654043771127720e-01 5.8434327643297479e-07
44 1.6992187500000000e-01 5.0376749753273820e-01 5.0376719803136860e-01 2.9950136959389084e-07 5.0376749753273531e-01 5.0376719803136860e-01 2.9950136670731098e-07 1.0075349950654735e+00 1.0075343960627372e+00 5.9900273630120182e-07
45 1.7382812500000000e-01 5.1418861844846397e-01 5.1418831172007662e-01 3.0672838735590346e-07 5.1418861844846897e-01 5.1418831172007662e-01 3.0672839235190708e-07 1.0283772368969331e+00 1.0283766234401532e+00 6.1345677981883284e-07
46 1.7773437500000000e-01 5.2453230439451870e-01 5.2453199054037258e-01 3.1385414611673212e-07 5.2453230439452558e-01 5.2453199054037258e-01 3.1385415300011488e-07 1.0490646087890443e+00 1.0490639810807452e+00 6.2770829911684700e-07
47 1.8164062500000000e-01 5.3479699765238609e-01 5.3479667677227372e-01 3.2088011236997005e-07 5.3479699765237632e-01 5.3479667677227372e-01 3.2088010260000743e-07 1.0695939953047624e+00 1.0695933535445474e+00 6.4176021496997748e-07
48 1.8554687500000000e-01 5.4498115239953715e-01 5.4498082459178965e-01 3.2780774750218455e-07 5.4498115239952083e-01 5.4498082459178965e-01 3.2780773118190609e-07 1.0899623047990579e+00 1.0899616491835793e+00 6.5561547857306834e-07
49 1.8945312500000000e-01 5.5508323494222200e-01 5.5508290030371910e-01 3.3463850290793573e-07 5.5508323494222633e-01 5.5508290030371910e-01 3.3463850723780553e-07 1.1101664698844482e+00 1.1101658006074382e+00 6.6927701003471896e-07
50 1.9335937500000000e-01 5.6510172394642266e-01 5.6510138257261811e-01 3.4137380455767641e-07 5.6510172394641456e-01 5.6510138257261811e-01 3.4137379645304833e-07 1.1302034478928373e+00 1.1302027651452362e+00 6.8274760112174704e-07
51 1.9726562500000000e-01 5.7503511066695612e-01 5.7503476265190800e-01 3.4801504811277084e-07 5.7503511066695734e-01 5.7503476265190800e-01 3.4801504933401617e-07 1.1500702213339133e+00 1.1500695253038160e+00 6.9603009733576471e-07
52 2.0117187500000000e-01 5.8488189917467848e-01 5.8488154461108643e-01 3.5456359204211196e-07 5.8488189917467426e-01 5.8488154461108643e-01 3.5456358782326447e-07 1.1697637983493527e+00 1.1697630892221729e+00 7.0912717986537643e-07
53 2.0507812500000000e-01 5.9464060658175844e-01 5.9464024556101014e-01 3.6102074829624797e-07 5.9464060658178297e-01 5.9464024556101014e-01 3.6102077283217682e-07 1.1892812131635413e+00 1.1892804911220203e+00 7.2204152101740249e-07
54 2.0898437500000000e-01 6.0430976326499075e-01 6.0430939587721089e-01 3.6738777986489168e-07 6.0430976326498897e-01 6.0430939587721089e-01 3.6738777808853484e-07 1.2086195265299797e+00 1.2086187917544218e+00 7.3477555795342653e-07
55 2.1289062500000000e-01 6.1388791308711099e-01 6.1388753942121710e-01 3.7366589389353777e-07 6.1388791308711343e-01 6.1388753942121710e-01 3.7366589633602842e-07 1.2277758261742244e+00 1.2277750788424342e+00 7.4733179022956620e-07
56 2.1679687500000000e-01 6.2337361361608001e-01 6.2337323375984244e-01 3.7985623757563758e-07 6.2337361361607824e-01 6.2337323375984244e-01 3.7985623579928074e-07 1.2467472272321583e+00 1.2467464675196849e+00 7.5971247337491832e-07
57 2.2070312500000000e-01 6.3276543634230553e-01 6.3276505038241049e-01 3.8595989504397465e-07 6.3276543634230675e-01 6.3276505038241049e-01 3.8595989626521998e-07 1.2655308726846122e+00 1.2655301007648210e+00 7.7191979119817233e-07
58 2.2460937500000000e-01 6.4206196689376971e-01 6.4206157491588378e-01 3.9197788592737481e-07 6.4206196689375150e-01 6.4206157491588378e-01 3.9197786771971721e-07 1.2841239337875212e+00 1.2841231498317676e+00 7.8395575364709202e-07
59 2.2851562500000000e-01 6.5126180524902433e-01 6.5126140733786275e-01 3.9791116157594786e-07 6.5126180524902200e-01 6.5126140733786275e-01 3.9791115924447951e-07 1.3025236104980462e+00 1.3025228146757255e+00 7.9582232070940506e-07
60 2.3242187500000000e-01 6.6036356594802681e-01 6.6036316218742430e-01 4.0376060250757462e-07 6.6036356594800316e-01 6.6036316218742430e-01 4.0376057885982419e-07 1.3207271318960299e+00 1.3207263243748486e+00 8.0752118125637651e-07
61 2.3632812500000000e-01 6.6936587830078709e-01 6.6936546877376712e-01 4.0952701996221919e-07 6.6936587830078242e-01 6.6936546877376712e-01 4.0952701529928248e-07 1.3387317566015695e+00 1.3387309375475342e+00 8.1905403526150167e-07
62 2.4023437500000000e-01 6.7826738659378838e-01 6.7826697138263226e-01 4.1521115612397352e-07 6.7826738659381625e-01 6.7826697138263226e-01 4.1521118399057144e-07 1.3565347731876045e+00 1.3565339427652645e+00 8.3042234000352266e-07
63 2.4414062500000000e-01 6.8706675029415021e-01 6.8706632948046931e-01 4.2081368090141069e-07 6.8706675029415654e-01 6.8706632948046931e-01 4.2081368722968193e-07 1.3741335005883069e+00 1.3741326589609386e+00 8.4162736824211493e-07
64 2.4804687500000000e-01 6.9576264425150958e-01 6.9576221791631498e-01 4.2633519459212010e-07 6.9576264425149836e-01 6.9576221791631498e-01 4.2633518337886755e-07 1.3915252885030078e+00 1.3915244358326300e+00 8.5267037785996536e-07
65 2.5195312500000000e-01 7.0435375889758811e-01 7.0435332712135712e-01 4.3177623099133200e-07 7.0435375889759089e-01 7.0435332712135712e-01 4.3177623376688956e-07 1.4087075177951789e+00 1.4087066542427142e+00 8.6355246464719926e-07
66 2.5585937500000000e-01 7.1283880044340409e-01 7.1283836330615002e-01 4.3713725406124837e-07 7.1283880044342984e-01 7.1283836330615002e-01 4.3713727981842254e-07 1.4256776008868339e+00 1.4256767266123000e+00 8.7427453387967091e-07
67 2.5976562500000000e-01 7.2121649107412011e-01 7.2121604865545441e-01 4.4241866570260413e-07 7.2121649107415020e-01 7.2121604865545441e-01 4.4241869578964810e-07 1.4424329821482704e+00 1.4424320973109088e+00 8.8483736160327453e-07
68 2.6367187500000000e-01 7.2948556914147589e-01 7.2948512152067246e-01 4.4762080342319877e-07 7.2948556914149543e-01 7.2948512152067246e-01 4.4762082296312400e-07 1.4589711382829713e+00 1.4589702430413449e+00 8.9524162638632276e-07
69 2.6757812500000000e-01 7.3764478935379041e-01 7.3764433660984674e-01 4.5274394366856541e-07 7.3764478935378819e-01 7.3764433660984674e-01 4.5274394144811936e-07 1.4752895787075786e+00 1.4752886732196935e+00 9.0548788511668477e-07
70 2.7148437500000000e-01 7.4569292296349832e-01 7.4569246517519661e-01 4.5778830171094853e-07 7.4569292296350265e-01 7.4569246517519661e-01 4.5778830604081833e-07 1.4913858459270011e+00 1.4913849303503932e+00 9.1557660786278916e-07
71 2.7539062500000000e-01 7.5362875795220352e-01 7.5362829519816354e-01 4.6275403997597664e-07 7.5362875795219497e-01 7.5362829519816354e-01 4.6275403142725935e-07 1.5072575159043984e+00 1.5072565903963271e+00 9.2550807129221369e-07
72 2.7929687500000000e-01 7.6145109921320231e-01 7.6145063157193638e-01 4.6764126593323851e-07 7.6145109921320553e-01 7.6145063157193638e-01 4.6764126915288529e-07 1.5229021984264079e+00 1.5229012631438728e+00 9.3528253519714610e-07
73 2.8320312500000000e-01 7.6915876873146871e-01 7.6915829628143007e-01 4.7245003864659907e-07 7.6915876873147937e-01 7.6915829628143007e-01 4.7245004930474011e-07 1.5383175374629481e+00 1.5383165925628601e+00 9.4490008795133917e-07
74 2.8710937500000000e-01 7.7675060576105948e-01 7.7675012858069037e-01 4.7718036910726624e-07 7.7675060576106369e-01 7.7675012858069037e-01 4.7718037332611374e-07 1.5535012115221232e+00 1.5535002571613807e+00 9.5436074243337998e-07
75 2.9101562500000000e-01 7.8422546699992168e-01 7.8422498516769790e-01 4.8183222378650470e-07 7.8422546699991269e-01 7.8422498516769790e-01 4.8183221479369820e-07 1.5684509339998343e+00 1.5684499703353958e+00 9.6366443846918060e-07
76 2.9492187500000000e-01 7.9158222676207379e-01 7.9158174035654527e-01 4.8640552852141639e-07 7.9158222676209333e-01 7.9158174035654527e-01 4.8640554806134162e-07 1.5831644535241671e+00 1.5831634807130905e+00 9.7281107658275801e-07
77 2.9882812500000000e-01 7.9881977714713248e-01 7.9881928624696141e-01 4.9090017106845352e-07 7.9881977714713481e-01 7.9881928624696141e-01 4.9090017339992187e-07 1.5976395542942674e+00 1.5976385724939228e+00 9.8180034457939769e-07
78 3.0273437500000000e-01 8.0593702820715973e-01 8.0593653289115708e-01 4.9531600265773079e-07 8.0593702820714475e-01 8.0593653289115708e-01 4.9531598766971996e-07 1.6118740564143046e+00 1.6118730657823142e+00 9.9063199043847305e-07
79 3.0664062500000000e-01 8.1293290811080787e-01 8.1293240845796699e-01 4.9965284087960526e-07 8.1293290811080365e-01 8.1293240845796699e-01 4.9965283666075777e-07 1.6258658162216115e+00 1.6258648169159340e+00 9.9930567754036304e-07
80 3.1054687500000000e-01 8.1980636330474110e-01 8.1980585939426354e-01 5.0391047756725982e-07 8.1980636330473877e-01 8.1980585939426354e-01 5.0391047523579147e-07 1.6396127266094798e+00 1.6396117187885271e+00 1.0078209526920290e-06
81 3.1445312500000000e-01 8.2655635867229549e-01 8.2655585058361802e-01 5.0808867746443553e-07 8.2655635867228261e-01 8.2655585058361802e-01 5.0808866458584845e-07 1.6531127173445781e+00 1.6531117011672360e+00 1.0161773420502840e-06
82 3.1835937500000000e-01 8.3318187768936314e-01 8.3318136550218613e-01 5.1218717700418637e-07 8.3318187768937368e-01 8.3318136550218613e-01 5.1218718755130510e-07 1.6663637553787369e+00 1.6663627310043723e+00 1.0243743646665138e-06
83 3.2226562500000000e-01 8.3968192257748620e-01 8.3968140637179145e-01 5.1620569474497557e-07 8.3968192257745267e-01 8.3968140637179145e-01 5.1620566121624023e-07 1.6793638451549389e+00 1.6793628127435829e+00 1.0324113559612158e-06
84 3.2617187500000000e-01 8.4605551445411686e-01 8.4605499431018838e-01 5.2014392848409585e-07 8.4605551445409333e-01 8.4605499431018838e-01 5.2014390494736773e-07 1.6921110289082102e+00 1.6921099886203768e+00 1.0402878334314636e-06
85 3.3007812500000000e-01 8.5230169348003870e-01 8.5230116947847678e-01 5.2400156191900749e-07 8.5230169348002827e-01 8.5230116947847678e-01 5.2400155148291105e-07 1.7046033869600670e+00 1.7046023389569536e+00 1.0480031134019185e-06
86 3.3398437500000000e-01 8.5841951900391211e-01 8.5841899122565191e-01 5.2777826020644625e-07 8.5841951900391023e-01 8.5841899122565191e-01 5.2777825831906711e-07 1.7168390380078224e+00 1.7168379824513038e+00 1.0555565186365357e-06
87 3.3789062500000000e-01 8.6440806970394257e-01 8.6440753823026162e-01 5.3147368095363134e-07 8.6440806970394224e-01 8.6440753823026162e-01 5.3147368062056444e-07 1.7288161394078849e+00 1.7288150764605232e+00 1.0629473616852181e-06
88 3.4179687500000000e-01 8.7026644372662587e-01 8.7026590863915465e-01 5.3508747122066325e-07 8.7026644372662032e-01 8.7026590863915465e-01 5.3508746566954812e-07 1.7405328874532462e+00 1.7405318172783093e+00 1.0701749368902114e-06
89 3.4570312500000000e-01 8.7599375882256258e-01 8.7599322020329629e-01 5.3861926629927837e-07 8.7599375882258179e-01 8.7599322020329629e-01 5.3861928550613669e-07 1.7519875176451443e+00 1.7519864404065926e+00 1.0772385516943928e-06
90 3.4960937500000000e-01 8.8158915247933023e-01 8.8158861041063152e-01 5.4206869870565555e-07 8.8158915247932057e-01 8.8158861041063152e-01 5.4206868904671524e-07 1.7631783049586507e+00 1.7631772208212630e+00 1.0841373876413485e-06
91 3.5351562500000000e-01 8.8705178205137125e-01 8.8705123661597673e-01 5.4543539451668011e-07 8.8705178205137925e-01 8.8705123661597673e-01 5.4543540251028588e-07 1.7741035641027505e+00 1.7741024732319535e+00 1.0908707970269660e-06
92 3.5742187500000000e-01 8.9238082488689752e-01 8.9238027616791848e-01 5.4871897903208122e-07 8.9238082488689463e-01 8.9238027616791848e-01 5.4871897614550136e-07 1.7847616497737921e+00 1.7847605523358370e+00 1.0974379551775826e-06
93 3.6132812500000000e-01 8.9757547845177232e-01 8.9757492653270188e-01 5.5191907044616073e-07 8.9757547845177077e-01 8.9757492653270188e-01 5.5191906889184850e-07 1.7951509569035431e+00 1.7951498530654038e+00 1.1038381393380092e-06
94 3.6523437500000000e-01 9.0263496045038305e-01 9.0263440541508955e-01 5.5503529350353631e-07 9.0263496045036506e-01 9.0263440541508955e-01 5.5503527551792331e-07 1.8052699209007481e+00 1.8052688108301791e+00 1.1100705690214596e-06
95 3.6914062500000000e-01 9.0755850894344037e-01 9.0755795087617208e-01 5.5806726828588893e-07 9.0755850894343204e-01 9.0755795087617208e-01 5.5806725995921624e-07 1.8151170178868723e+00 1.8151159017523442e+00 1.1161345281340829e-06
96 3.7304687500000000e-01 9.1234538246273533e-01 9.1234482144811291e-01 5.6101462242441613e-07 9.1234538246273078e-01 9.1234482144811291e-01 5.6101461787250173e-07 1.8246907649254660e+00 1.8246896428962258e+00 1.1220292401858956e-06
97 3.7695312500000000e-01 9.1699486012279507e-01 9.1699429624581186e-01 5.6387698321724855e-07 9.1699486012279807e-01 9.1699429624581186e-01 5.6387698621485072e-07 1.8339897202455933e+00 1.8339885924916237e+00 1.1277539695431216e-06
98 3.8085937500000000e-01 9.2150624172945328e-01 9.2150567507546621e-01 5.6665398706634562e-07 9.2150624172943507e-01 9.2150567507546621e-01 5.6665396885868802e-07 1.8430124834588884e+00 1.8430113501509324e+00 1.1333079559250336e-06
99 3.8476562500000000e-01 9.2587884788528818e-01 9.2587827854001847e-01 5.6934526970753296e-07 9.2587884788529651e-01 9.2587827854001847e-01 5.6934527803420565e-07 1.8517576957705848e+00 1.8517565570800369e+00 1.1386905478527609e-06
100 3.8867187500000000e-01 9.3011202009194638e-01 9.3011144814147062e-01 5.7195047575842040e-07 9.3011202009194649e-01 9.3011144814147062e-01 5.7195047586944270e-07 1.8602240401838928e+00 1.8602228962829412e+00 1.1439009515168408e-06
101 3.9257812500000000e-01 9.3420512084930873e-01 9.3420454638005146e-01 5.7446925727511200e-07 9.3420512084932683e-01 9.3420454638005146e-01 5.7446927537174730e-07 1.8684102416986357e+00 1.8684090927601029e+00 1.1489385327578816e-06
102 3.9648437500000000e-01 9.3815753375149447e-01 9.3815695685022182e-01 5.7690127264198310e-07 9.3815753375150279e-01 9.3815695685022182e-01 5.7690128096865578e-07 1.8763150675029974e+00 1.8763139137004436e+00 1.1538025537216612e-06
103 4.0039062500000000e-01 9.4196866357969478e-01 9.4196808433350299e-01 5.7924619178972847e-07 9.4196866357969078e-01 9.4196808433350299e-01 5.7924618779292558e-07 1.8839373271593856e+00 1.8839361686670060e+00 1.1584923795826541e-06
104 4.0429687500000000e-01 9.4563793639180260e-01 9.4563735488811440e-01 5.8150368820175657e-07 9.4563793639179283e-01 9.4563735488811440e-01 5.8150367843179396e-07 1.8912758727835954e+00 1.8912747097762288e+00 1.1630073666335505e-06
105 4.0820312500000000e-01 9.4916479960885713e-01 9.4916421593540745e-01 5.8367344968335289e-07 9.4916479960886357e-01 9.4916421593540745e-01 5.8367345612264643e-07 1.8983295992177207e+00 1.8983284318708149e+00 1.1673469058059993e-06
106 4.1210937500000000e-01 9.5254872209825114e-01 9.5254813634308078e-01 5.8575517036807412e-07 9.5254872209826413e-01 9.5254813634308078e-01 5.8575518335768351e-07 1.9050974441965152e+00 1.9050962726861616e+00 1.1715103536147353e-06
107 4.1601562500000000e-01 9.5578919425372488e-01 9.5578860650516839e-01 5.8774855649090796e-07 9.5578919425373021e-01 9.5578860650516839e-01 5.8774856181997848e-07 1.9115783885074551e+00 1.9115772130103368e+00 1.1754971183108864e-06
108 4.1992187500000000e-01 9.5888572807210992e-01 9.5888513841878298e-01 5.8965332694338457e-07 9.5888572807212547e-01 9.5888513841878298e-01 5.8965334248650692e-07 1.9177714561442354e+00 1.9177702768375660e+00 1.1793066694298915e-06
109 4.2382812500000000e-01 9.6183785722681625e-01 9.6183726575760853e-01 5.9146920772246148e-07 9.6183785722679938e-01 9.6183726575760853e-01 5.9146919084707150e-07 1.9236757144536156e+00 1.9236745315152171e+00 1.1829383985695330e-06
110 4.2773437500000000e-01 9.6464513713806688e-01 9.6464454394212640e-01 5.9319594047924085e-07 9.6464513713805156e-01 9.6464454394212640e-01 5.9319592515816311e-07 1.9292902742761184e+00 1.9292890878842528e+00 1.1863918656374040e-06
111 4.3164062500000000e-01 9.6730714503984083e-01 9.6730655020656819e-01 5.9483327263798458e-07 9.6730714503985826e-01 9.6730655020656819e-01 5.9483329006848606e-07 1.9346142900796992e+00 1.9346131004131364e+00 1.1896665628174929e-06
112 4.3554687500000000e-01 9.6982348004355234e-01 9.6982288366258196e-01 5.9638097038572369e-07 9.6982348004355223e-01 9.6982288366258196e-01 5.9638097027470138e-07 1.9396469600871047e+00 1.9396457673251639e+00 1.1927619407714474e-06
113 4.3945312500000000e-01 9.7219376319841178e-01 9.7219316535960509e-01 5.9783880668184963e-07 9.7219376319840345e-01 9.7219316535960509e-01 5.9783879835517695e-07 1.9443875263968153e+00 1.9443863307192102e+00 1.1956776051480489e-06
114 4.4335937500000000e-01 9.7441763754850241e-01 9.7441703834193250e-01 5.9920656991785393e-07 9.7441763754849464e-01 9.7441703834193250e-01 5.9920656214629275e-07 1.9488352750969971e+00 1.9488340766838650e+00 1.1984131320641467e-06
115 4.4726562500000000e-01 9.7649476818653325e-01 9.7649416770247321e-01 6.0048406003154753e-07 9.7649476818654601e-01 9.7649416770247321e-01 6.0048407279911231e-07 1.9529895363730794e+00 1.9529883354049464e+00 1.2009681329416821e-06
116 4.5117187500000000e-01 9.7842484230427706e-01 9.7842424063318578e-01 6.0167109128261842e-07 9.7842484230431259e-01 9.7842424063318578e-01 6.0167112680975521e-07 1.9568496846085897e+00 1.9568484812663716e+00 1.2033422180923736e-06
117 4.5507812500000000e-01 9.8020756923967278e-01 9.8020696647218619e-01 6.0276748659049417e-07 9.8020756923969066e-01 9.8020696647218619e-01 6.0276750446508487e-07 1.9604151384793633e+00 1.9604139329443724e+00 1.2055349909445567e-06
118 4.5898437500000000e-01 9.8184268052060775e-01 9.8184207674752044e-01 6.0377308730430457e-07 9.8184268052060986e-01 9.8184207674752044e-01 6.0377308941372831e-07 1.9636853610412177e+00 1.9636841534950409e+00 1.2075461768290552e-06
119 4.6289062500000000e-01 9.8332992990533874e-01 9.8332932521759553e-01 6.0468774321087437e-07 9.8332992990533163e-01 9.8332932521759553e-01 6.0468773610544702e-07 1.9666598598106704e+00 1.9666586504351911e+00 1.2093754793163214e-06
120 4.6679687500000000e-01 9.8466909341958309e-01 9.8466848790826234e-01 6.0551132075037373e-07 9.8466909341959064e-01 9.8466848790826234e-01 6.0551132829989029e-07 1.9693381868391737e+00 1.9693369758165247e+00 1.2110226490502640e-06
121 4.7070312500000000e-01 9.8585996939024334e-01 9.8585936314654554e-01 6.0624369779826992e-07 9.8585996939022302e-01 9.8585936314654554e-01 6.0624367748118857e-07 1.9717199387804665e+00 1.9717187262930911e+00 1.2124873753904808e-06
122 4.7460937500000000e-01 9.8690237847578055e-01 9.8690177159101455e-01 6.0688476599679575e-07 9.8690237847577889e-01 9.8690177159101455e-01 6.0688476433146121e-07 1.9738047569515595e+00 1.9738035431820291e+00 1.2137695304392793e-06
123 4.7851562500000000e-01 9.8779616369322054e-01 9.8779555625879212e-01 6.0743442842348117e-07 9.8779616369322087e-01 9.8779555625879212e-01 6.0743442875654807e-07 1.9755923273864413e+00 1.9755911125175842e+00 1.2148688570690069e-06
124 4.8242187500000000e-01 9.8854119044179978e-01 9.8854058254919464e-01 6.0789260514226839e-07 9.8854119044177247e-01 9.8854058254919464e-01 6.0789257783078199e-07 1.9770823808835722e+00 1.9770811650983893e+00 1.2157851829730504e-06
125 4.8632812500000000e-01 9.8913734652323093e-01 9.8913673826400317e-01 6.0825922776341912e-07 9.8913734652325425e-01 9.8913673826400317e-01 6.0825925107810264e-07 1.9782746930464852e+00 1.9782734765280063e+00 1.2165184788415218e-06
126 4.9023437500000000e-01 9.8958454215860381e-01 9.8958393362436015e-01 6.0853424366236197e-07 9.8958454215861957e-01 9.8958393362436015e-01 6.0853425942752892e-07 1.9791690843172234e+00 1.9791678672487203e+00 1.2170685030898909e-06
127 4.9414062500000000e-01 9.8988271000189876e-01 9.8988210128428900e-01 6.0871760976244360e-07 9.8988271000188799e-01 9.8988210128428900e-01 6.0871759899328026e-07 1.9797654200037869e+00 1.9797642025685780e+00 1.2174352088667462e-06
128 4.9804687500000000e-01 9.9003180515013844e-01 9.9003119634083692e-01 6.0880930152773516e-07 9.9003180515011935e-01 9.9003119634083692e-01 6.0880928243189913e-07 1.9800636103002578e+00 1.9800623926816738e+00 1.2176185839596343e-06
129 5.0195312500000000e-01 9.9003180515013811e-01 9.9003119634083692e-01 6.0880930119466825e-07 9.9003180515014122e-01 9.9003119634083692e-01 6.0880930430329272e-07 1.9800636103002793e+00 1.9800623926816738e+00 1.2176186054979610e-06
130 5.0585937500000000e-01 9.8988271000189865e-01 9.8988210128428900e-01 6.0871760965142130e-07 9.8988271000188366e-01 9.8988210128428900e-01 6.0871759466341047e-07 1.9797654200037824e+00 1.9797642025685780e+00 1.2174352044258541e-06
131 5.0976562500000000e-01 9.8958454215860325e-01 9.8958393362436015e-01 6.0853424310725046e-07 9.8958454215862435e-01 9.8958393362436015e-01 6.0853426420148793e-07 1.9791690843172276e+00 1.9791678672487203e+00 1.2170685073087384e-06
132 5.1367187500000000e-01 9.8913734652323104e-01 9.8913673826400317e-01 6.0825922787444142e-07 9.8913734652322050e-01 9.8913673826400317e-01 6.0825921732732269e-07 1.9782746930464516e+00 1.9782734765280063e+00 1.2165184453127864e-06
133 5.1757812500000000e-01 9.8854119044179911e-01 9.8854058254919464e-01 6.0789260447613458e-07 9.8854119044180411e-01 9.8854058254919464e-01 6.0789260947213819e-07 1.9770823808836031e+00 1.9770811650983893e+00 1.2157852138372505e-06
134 5.2148437500000000e-01 9.8779616369322021e-01 9.8779555625879212e-01 6.0743442809041426e-07 9.8779616369322942e-01 9.8779555625879212e-01 6.0743443730526536e-07 1.9755923273864497e+00 1.9755911125175842e+00 1.2148688655067019e-06
135 5.2539062500000000e-01 9.8690237847578055e-01 9.8690177159101466e-01 6.0688476588577345e-07 9.8690237847578255e-01 9.8690177159101466e-01 6.0688476788417489e-07 1.9738047569515631e+00 1.9738035431820293e+00 1.2137695337699483e-06
136 5.2929687500000000e-01 9.8585996939024356e-01 9.8585936314654554e-01 6.0624369802031453e-07 9.8585996939023945e-01 9.8585936314654554e-01 6.0624369391248933e-07 1.9717199387804829e+00 1.9717187262930911e+00 1.2124873918217816e-06
137 5.3320312500000000e-01 9.8466909341958320e-01 9.8466848790826234e-01 6.0551132086139603e-07 9.8466909341955944e-01 9.8466848790826234e-01 6.0551129710262330e-07 1.9693381868391426e+00 1.9693369758165247e+00 1.2110226179640193e-06
138 5.3710937500000000e-01 9.8332992990533852e-01 9.8332932521759553e-01 6.0468774298882977e-07 9.8332992990536194e-01 9.8332932521759553e-01 6.0468776641453559e-07 1.9666598598107004e+00 1.9666586504351911e+00 1.2093755092923431e-06
139 5.4101562500000000e-01 9.8184268052060775e-01 9.8184207674752044e-01 6.0377308730430457e-07 9.8184268052063206e-01 9.8184207674752044e-01 6.0377311161818881e-07 1.9636853610412399e+00 1.9636841534950409e+00 1.2075461990335157e-06
140 5.4492187500000000e-01 9.8020756923967323e-01 9.8020696647218619e-01 6.0276748703458338e-07 9.8020756923969632e-01 9.8020696647218619e-01 6.0276751012722229e-07 1.9604151384793695e+00 1.9604139329443724e+00 1.2055349971618057e-06
141 5.4882812500000000e-01 9.7842484230427729e-01 9.7842424063318578e-01 6.0167109150466302e-07 9.7842484230427784e-01 9.7842424063318578e-01 6.0167109205977454e-07 1.9568496846085552e+00 1.9568484812663716e+00 1.2033421836754599e-06
142 5.5273437500000000e-01 9.7649476818653325e-01 9.7649416770247321e-01 6.0048406003154753e-07 9.7649476818653791e-01 9.7649416770247321e-01 6.0048406469448423e-07 1.9529895363730712e+00 1.9529883354049464e+00 1.2009681247260318e-06
143 5.5664062500000000e-01 9.7441763754850208e-01 9.7441703834193250e-01 5.9920656958478702e-07 9.7441763754850630e-01 9.7441703834193250e-01 5.9920657380363451e-07 1.9488352750970084e+00 1.9488340766838650e+00 1.1984131433884215e-06
144 5.6054687500000000e-01 9.7219376319840978e-01 9.7219316535960509e-01 5.9783880468344819e-07 9.7219376319840844e-01 9.7219316535960509e-01 5.9783880335118056e-07 1.9443875263968182e+00 1.9443863307192102e+00 1.1956776080346287e-06
145 5.6445312500000000e-01 9.6982348004354990e-01 9.6982288366258196e-01 5.9638096794323303e-07 9.6982348004354879e-01 9.6982288366258196e-01 5.9638096683301001e-07 1.9396469600870987e+00 1.9396457673251639e+00 1.1927619347762430e-06
146 5.6835937500000000e-01 9.6730714503983783e-01 9.6730655020656819e-01 5.9483326964038241e-07 9.6730714503984894e-01 9.6730655020656819e-01 5.9483328074261266e-07 1.9346142900796868e+00 1.9346131004131364e+00 1.1896665503829951e-06
147 5.7226562500000000e-01 9.6464513713806455e-01 9.6464454394212640e-01 5.9319593814777249e-07 9.6464513713804978e-01 9.6464454394212640e-01 5.9319592338180627e-07 1.9292902742761142e+00 1.9292890878842528e+00 1.1863918614185565e-06
148 5.7617187500000000e-01 9.6183785722681425e-01 9.6183726575760853e-01 5.9146920572406003e-07 9.6183785722678783e-01 9.6183726575760853e-01 5.9146917930075205e-07 1.9236757144536021e+00 1.9236745315152171e+00 1.1829383850248121e-06
149 5.8007812500000000e-01 9.5888572807210992e-01 9.5888513841878309e-01 5.8965332683236227e-07 9.5888572807211203e-01 9.5888513841878309e-01 5.8965332894178601e-07 1.9177714561442221e+00 1.9177702768375662e+00 1.1793066558851706e-06
150 5.8398437500000000e-01 9.5578919425372488e-01 9.5578860650516839e-01 5.8774855649090796e-07 9.5578919425373632e-01 9.5578860650516839e-01 5.8774856792620511e-07 1.9115783885074613e+00 1.9115772130103368e+00 1.1754971245281354e-06
151 5.8789062500000000e-01 9.5254872209824981e-01 9.5254813634308078e-01 5.8575516903580649e-07 9.5254872209825925e-01 9.5254813634308078e-01 5.8575517847270220e-07 1.9050974441965089e+00 1.9050962726861616e+00 1.1715103473974864e-06
152 5.9179687500000000e-01 9.4916479960885558e-01 9.4916421593540745e-01 5.8367344812904065e-07 9.4916479960887623e-01 9.4916421593540745e-01 5.8367346877918891e-07 1.8983295992177318e+00 1.8983284318708149e+00 1.1673469169082296e-06
153 5.9570312500000000e-01 9.4563793639180183e-01 9.4563735488811440e-01 5.8150368742460046e-07 9.4563793639178551e-01 9.4563735488811440e-01 5.8150367110432200e-07 1.8912758727835874e+00 1.8912747097762288e+00 1.1630073586399448e-06
154 5.9960937500000000e-01 9.4196866357969344e-01 9.4196808433350299e-01 5.7924619045746084e-07 9.4196866357969311e-01 9.4196808433350299e-01 5.7924619012439393e-07 1.8839373271593867e+00 1.8839361686670060e+00 1.1584923806928771e-06
155 6.0351562500000000e-01 9.3815753375149324e-01 9.3815695685022193e-01 5.7690127130971547e-07 9.3815753375148581e-01 9.3815695685022193e-01 5.7690126387122120e-07 1.8763150675029792e+00 1.8763139137004439e+00 1.1538025352919590e-06
156 6.0742187500000000e-01 9.3420512084930696e-01 9.3420454638005146e-01 5.7446925549875516e-07 9.3420512084930640e-01 9.3420454638005146e-01 5.7446925494364365e-07 1.8684102416986135e+00 1.8684090927601029e+00 1.1489385105534211e-06
157 6.1132812500000000e-01 9.3011202009194427e-01 9.3011144814147062e-01 5.7195047364899665e-07 9.3011202009191840e-01 9.3011144814147062e-01 5.7195044778080018e-07 1.8602240401838626e+00 1.8602228962829412e+00 1.1439009213187745e-06
158 6.1523437500000000e-01 9.2587884788528696e-01 9.2587827854001858e-01 5.6934526837526533e-07 9.2587884788530728e-01 9.2587827854001858e-01 5.6934528869234668e-07 1.8517576957705941e+00 1.8517565570800372e+00 1.1386905569565897e-06
159 6.1914062500000000e-01 9.2150624172945172e-01 9.2150567507546621e-01 5.6665398551203339e-07 9.2150624172946149e-01 9.2150567507546621e-01 5.6665399528199600e-07 1.8430124834589132e+00 1.8430113501509324e+00 1.1333079807940294e-06
160 6.2304687500000000e-01 9.1699486012279463e-01 9.1699429624581197e-01 5.6387698266213704e-07 9.1699486012280584e-01 9.1699429624581197e-01 5.6387699387538959e-07 1.8339897202456004e+00 1.8339885924916239e+00 1.1277539764265043e-06
161 6.2695312500000000e-01 9.1234538246273389e-01 9.1234482144811302e-01 5.6101462087010390e-07 9.1234538246271413e-01 9.1234482144811302e-01 5.6101460110813406e-07 1.8246907649254480e+00 1.8246896428962260e+00 1.1220292219782380e-06
162 6.3085937500000000e-01 9.0755850894343770e-01 9.0755795087617208e-01 5.5806726562135367e-07 9.0755850894343315e-01 9.0755795087617208e-01 5.5806726106943927e-07 1.8151170178868710e+00 1.8151159017523442e+00 1.1161345268018152e-06
163 6.3476562500000000e-01 9.0263496045037939e-01 9.0263440541508955e-01 5.5503528983980033e-07 9.0263496045036984e-01 9.0263440541508955e-01 5.5503528029188232e-07 1.8052699209007492e+00 1.8052688108301791e+00 1.1100705701316826e-06
164 6.3867187500000000e-01 8.9757547845176844e-01 8.9757492653270188e-01 5.5191906656038014e-07 8.9757547845175845e-01 8.9757492653270188e-01 5.5191905656837292e-07 1.7951509569035269e+00 1.7951498530654038e+00 1.1038381231287531e-06
165 6.4257812500000000e-01 8.9238082488689452e-01 8.9238027616791848e-01 5.4871897603447906e-07 8.9238082488692005e-01 8.9238027616791848e-01 5.4871900156960862e-07 1.7847616497738146e+00 1.7847605523358370e+00 1.0974379776040877e-06
166 6.4648437500000000e-01 8.8705178205136759e-01 8.8705123661597685e-01 5.4543539074192182e-07 8.8705178205137103e-01 8.8705123661597685e-01 5.4543539418361320e-07 1.7741035641027385e+00 1.7741024732319537e+00 1.0908707848145127e-06
167 6.5039062500000000e-01 8.8158915247932612e-01 8.8158861041063163e-01 5.4206869448680806e-07 8.8158915247930814e-01 8.8158861041063163e-01 5.4206867650119506e-07 1.7631783049586343e+00 1.7631772208212633e+00 1.0841373709880031e-06
168 6.5429687500000000e-01 8.7599375882255792e-01 8.7599322020329640e-01 5.3861926152531936e-07 8.7599375882255504e-01 8.7599322020329640e-01 5.3861925863873950e-07 1.7519875176451130e+00 1.7519864404065928e+00 1.0772385201640589e-06
169 6.5820312500000000e-01 8.7026644372662065e-01 8.7026590863915476e-01 5.3508746589159273e-07 8.7026644372660800e-01 8.7026590863915476e-01 5.3508745323505025e-07 1.7405328874532286e+00 1.7405318172783095e+00 1.0701749191266430e-06
170 6.6210937500000000e-01 8.6440806970393724e-01 8.6440753823026173e-01 5.3147367551353852e-07 8.6440806970394846e-01 8.6440753823026173e-01 5.3147368672679107e-07 1.7288161394078858e+00 1.7288150764605235e+00 1.0629473623513519e-06
171 6.6601562500000000e-01 8.5841951900390612e-01 8.5841899122565202e-01 5.2777825410021961e-07 8.5841951900389590e-01 8.5841899122565202e-01 5.2777824388616779e-07 1.7168390380078020e+00 1.7168379824513040e+00 1.0555564979863874e-06
172 6.6992187500000000e-01 8.5230169348003204e-01 8.5230116947847667e-01 5.2400155536869164e-07 8.5230169348003226e-01 8.5230116947847667e-01 5.2400155559073625e-07 1.7046033869600643e+00 1.7046023389569533e+00 1.0480031109594279e-06
173 6.7382812500000000e-01 8.4605551445411142e-01 8.4605499431018838e-01 5.2014392304400303e-07 8.4605551445410854e-01 8.4605499431018838e-01 5.2014392015742317e-07 1.6921110289082200e+00 1.6921099886203768e+00 1.0402878432014262e-06
174 6.7773437500000000e-01 8.3968192257748053e-01 8.3968140637179156e-01 5.1620568897181585e-07 8.3968192257750718e-01 8.3968140637179156e-01 5.1620571561716844e-07 1.6793638451549877e+00 1.6793628127435831e+00 1.0324114045889843e-06
175 6.8164062500000000e-01 8.3318187768935725e-01 8.3318136550218624e-01 5.1218717100898203e-07 8.3318187768937502e-01 8.3318136550218624e-01 5.1218718877255043e-07 1.6663637553787323e+00 1.6663627310043725e+00 1.0243743597815325e-06
176 6.8554687500000000e-01 8.2655635867228960e-01 8.2655585058361813e-01 5.0808867146923120e-07 8.2655635867230748e-01 8.2655585058361813e-01 5.0808868934382190e-07 1.6531127173445972e+00 1.6531117011672363e+00 1.0161773609240754e-06
177 6.8945312500000000e-01 8.1980636330473622e-01 8.1980585939426354e-01 5.0391047268227851e-07 8.1980636330471968e-01 8.1980585939426354e-01 5.0391045613995544e-07 1.6396127266094558e+00 1.6396117187885271e+00 1.0078209287112116e-06
178 6.9335937500000000e-01 8.1293290811080365e-01 8.1293240845796710e-01 4.9965283654973547e-07 8.1293290811080154e-01 8.1293240845796710e-01 4.9965283444031172e-07 1.6258658162216051e+00 1.6258648169159342e+00 9.9930567087902489e-07
179 6.9726562500000000e-01 8.0593702820715529e-01 8.0593653289115730e-01 4.9531599799479409e-07 8.0593702820716184e-01 8.0593653289115730e-01 4.9531600454510993e-07 1.6118740564143170e+00 1.6118730657823146e+00 9.9063200242888172e-07
180 7.0117187500000000e-01 7.9881977714712904e-01 7.9881928624696164e-01 4.9090016740471754e-07 7.9881977714712782e-01 7.9881928624696164e-01 4.9090016618347221e-07 1.5976395542942567e+00 1.5976385724939233e+00 9.8180033347716744e-07
181 7.0507812500000000e-01 7.9158222676207135e-01 7.9158174035654549e-01 4.8640552585688113e-07 7.9158222676205925e-01 7.9158174035654549e-01 4.8640551375545016e-07 1.5831644535241307e+00 1.5831634807130910e+00 9.7281103972335359e-07
182 7.0898437500000000e-01 7.8422546699991991e-01 7.8422498516769779e-01 4.8183222212117016e-07 7.8422546699992612e-01 7.8422498516769779e-01 4.8183222833841910e-07 1.5684509339998460e+00 1.5684499703353956e+00 9.6366445045958926e-07
183 7.1289062500000000e-01 7.7675060576105737e-01 7.7675012858069026e-01 4.7718036710886480e-07 7.7675060576106081e-01 7.7675012858069026e-01 4.7718037055055618e-07 1.5535012115221183e+00 1.5535002571613805e+00 9.5436073777044328e-07
184 7.1679687500000000e-01 7.6915876873146694e-01 7.6915829628143007e-01 4.7245003687024223e-07 7.6915876873144595e-01 7.6915829628143007e-01 4.7245001588702706e-07 1.5383175374629130e+00 1.5383165925628601e+00 9.4490005286829160e-07
185 7.2070312500000000e-01 7.6145109921320064e-01 7.6145063157193638e-01 4.6764126426790398e-07 7.6145109921318110e-01 7.6145063157193638e-01 4.6764124472797874e-07 1.5229021984263817e+00 1.5229012631438728e+00 9.3528250899588272e-07
186 7.2460937500000000e-01 7.5362875795220219e-01 7.5362829519816366e-01 4.6275403853268671e-07 7.5362875795218587e-01 7.5362829519816366e-01 4.6275402221240824e-07 1.5072575159043882e+00 1.5072565903963273e+00 9.2550806085611725e-07
187 7.2851562500000000e-01 7.4569292296349721e-01 7.4569246517519672e-01 4.5778830048970320e-07 7.4569292296348577e-01 7.4569246517519672e-01 4.5778828905440605e-07 1.4913858459269829e+00 1.4913849303503934e+00 9.1557658943308695e-07
188 7.3242187500000000e-01 7.3764478935378919e-01 7.3764433660984685e-01 4.5274394233629778e-07 7.3764478935377531e-01 7.3764433660984685e-01 4.5274392845850997e-07 1.4752895787075646e+00 1.4752886732196937e+00 9.0548787090583005e-07
189 7.3632812500000000e-01 7.2948556914147489e-01 7.2948512152067269e-01 4.4762080220195344e-07 7.2948556914148155e-01 7.2948512152067269e-01 4.4762080886329159e-07 1.4589711382829564e+00 1.4589702430413454e+00 8.9524161106524502e-07
190 7.4023437500000000e-01 7.2121649107411867e-01 7.2121604865545452e-01 4.4241866414829190e-07 7.2121649107413821e-01 7.2121604865545452e-01 4.4241868368821713e-07 1.4424329821482569e+00 1.4424320973109090e+00 8.8483734783650903e-07
191 7.4414062500000000e-01 7.1283880044340275e-01 7.1283836330615014e-01 4.3713725261795844e-07 7.1283880044342551e-01 7.1283836330615014e-01 4.3713727537753044e-07 1.4256776008868282e+00 1.4256767266123003e+00 8.7427452788446658e-07
192 7.4804687500000000e-01 7.0435375889758656e-01 7.0435332712135734e-01 4.3177622921497516e-07 7.0435375889758867e-01 7.0435332712135734e-01 4.3177623132439891e-07 1.4087075177951753e+00 1.4087066542427147e+00 8.6355246065039637e-07
193 7.5195312500000000e-01 6.9576264425150791e-01 6.9576221791631487e-01 4.2633519303780787e-07 6.9576264425149936e-01 6.9576221791631487e-01 4.2633518448909058e-07 1.3915252885030074e+00 1.3915244358326297e+00 8.5267037763792075e-07
194 7.5585937500000000e-01 6.8706675029414876e-01 6.8706632948046931e-01 4.2081367945812076e-07 6.8706675029414432e-01 6.8706632948046931e-01 4.2081367501722866e-07 1.3741335005882931e+00 1.3741326589609386e+00 8.4162735447534942e-07
195 7.5976562500000000e-01 6.7826738659378705e-01 6.7826697138263226e-01 4.1521115479170589e-07 6.7826738659382479e-01 6.7826697138263226e-01 4.1521119253928873e-07 1.3565347731876118e+00 1.3565339427652645e+00 8.3042234733099463e-07
196 7.6367187500000000e-01 6.6936587830078598e-01 6.6936546877376712e-01 4.0952701885199616e-07 6.6936587830077032e-01 6.6936546877376712e-01 4.0952700319785151e-07 1.3387317566015562e+00 1.3387309375475342e+00 8.1905402193882537e-07
197 7.6757812500000000e-01 6.6036356594802503e-01 6.6036316218742441e-01 4.0376060062019548e-07 6.6036356594800372e-01 6.6036316218742441e-01 4.0376057930391340e-07 1.3207271318960287e+00 1.3207263243748488e+00 8.0752117992410888e-07
198 7.7148437500000000e-01 6.5126180524902200e-01 6.5126140733786286e-01 3.9791115913345720e-07 6.5126180524904065e-01 6.5126140733786286e-01 3.9791117778520402e-07 1.3025236104980626e+00 1.3025228146757257e+00 7.9582233691866122e-07
199 7.7539062500000000e-01 6.4206196689376749e-01 6.4206157491588389e-01 3.9197788359590646e-07 6.4206196689376438e-01 6.4206157491588389e-01 3.9197788048728199e-07 1.2841239337875319e+00 1.2841231498317678e+00 7.8395576408318846e-07
200 7.7929687500000000e-01 6.3276543634230276e-01 6.3276505038241060e-01 3.8595989215739479e-07 6.3276543634229432e-01 6.3276505038241060e-01 3.8595988371969980e-07 1.2655308726845971e+00 1.2655301007648212e+00 7.7191977587709459e-07
201 7.8320312500000000e-01 6.2337361361607702e-01 6.2337323375984266e-01 3.7985623435599081e-07 6.2337361361607757e-01 6.2337323375984266e-01 3.7985623491110232e-07 1.2467472272321545e+00 1.2467464675196853e+00 7.5971246915607082e-07
202 7.8710937500000000e-01 6.1388791308710866e-01 6.1388753942121743e-01 3.7366589122900251e-07 6.1388791308710822e-01 6.1388753942121743e-01 3.7366589078491330e-07 1.2277758261742169e+00 1.2277750788424349e+00 7.4733178201391581e-07
203 7.9101562500000000e-01 6.0430976326498909e-01 6.0430939587721111e-01 3.6738777797751254e-07 6.0430976326497499e-01 6.0430939587721111e-01 3.6738776387768013e-07 1.2086195265299642e+00 1.2086187917544222e+00 7.3477554196621497e-07
204 7.9492187500000000e-01 5.9464060658175710e-01 5.9464024556101003e-01 3.6102074707500265e-07 5.9464060658178375e-01 5.9464024556101003e-01 3.6102077372035524e-07 1.1892812131635409e+00 1.1892804911220201e+00 7.2204152079535788e-07
205 7.9882812500000000e-01 5.8488189917467726e-01 5.8488154461108643e-01 3.5456359082086664e-07 5.8488189917469258e-01 5.8488154461108643e-01 3.5456360614194438e-07 1.1697637983493698e+00 1.1697630892221729e+00 7.0912719696281101e-07
206 8.0273437500000000e-01 5.7503511066695545e-01 5.7503476265190800e-01 3.4801504744663703e-07 5.7503511066696500e-01 5.7503476265190800e-01 3.4801505699455504e-07 1.1500702213339205e+00 1.1500695253038160e+00 6.9603010444119207e-07
207 8.0664062500000000e-01 5.6510172394642244e-01 5.6510138257261811e-01 3.4137380433563180e-07 5.6510172394642122e-01 5.6510138257261811e-01 3.4137380311438648e-07 1.1302034478928435e+00 1.1302027651452362e+00 6.8274760733899598e-07
208 8.1054687500000000e-01 5.5508323494222145e-01 5.5508290030371921e-01 3.3463850224180192e-07 5.5508323494222167e-01 5.5508290030371921e-01 3.3463850246384652e-07 1.1101664698844431e+00 1.1101658006074384e+00 6.6927700470564844e-07
209 8.1445312500000000e-01 5.4498115239953671e-01 5.4498082459178976e-01 3.2780774694707304e-07 5.4498115239951872e-01 5.4498082459178976e-01 3.2780772896146004e-07 1.0899623047990554e+00 1.0899616491835795e+00 6.5561547590853309e-07
210 8.1835937500000000e-01 5.3479699765238553e-01 5.3479667677227383e-01 3.2088011170383623e-07 5.3479699765240274e-01 5.3479667677227383e-01 3.2088012891229312e-07 1.0695939953047882e+00 1.0695933535445477e+00 6.4176024050510705e-07
211 8.2226562500000000e-01 5.2453230439451792e-01 5.2453199054037281e-01 3.1385414511753140e-07 5.2453230439453180e-01 5.2453199054037281e-01 3.1385415899531921e-07 1.0490646087890498e+00 1.0490639810807456e+00 6.2770830422387291e-07
212 8.2617187500000000e-01 5.1418861844846309e-01 5.1418831172007673e-01 3.0672838635670274e-07 5.1418861844848873e-01 5.1418831172007673e-01 3.0672841200285461e-07 1.0283772368969517e+00 1.0283766234401535e+00 6.1345679824853505e-07
213 8.3007812500000000e-01 5.0376749753273697e-01 5.0376719803136893e-01 2.9950136803957861e-07 5.0376749753273509e-01 5.0376719803136893e-01 2.9950136615219947e-07 1.0075349950654719e+00 1.0075343960627379e+00 5.9900273408075577e-07
214 8.3398437500000000e-01 4.9327051102727026e-01 4.9327021885563849e-01 2.9217163177719385e-07 4.9327051102726482e-01 4.9327021885563849e-01 2.9217162633710103e-07 9.8654102205453509e-01 9.8654043771127697e-01 5.8434325811429488e-07
215 8.3789062500000000e-01 4.8269923973707379e-01 4.8269895499933924e-01 2.8473773455717222e-07 4.8269923973706924e-01 4.8269895499933924e-01 2.8473773000525782e-07 9.6539847947414303e-01 9.6539790999867847e-01 5.6947546456243003e-07
216 8.4179687500000000e-01 4.7205527565418975e-01 4.7205499845592341e-01 2.7719826634076128e-07 4.7205527565419320e-01 4.7205499845592341e-01 2.7719826978245266e-07 9.4411055130838295e-01 9.4410999691184683e-01 5.5439653612321393e-07
217 8.4570312500000000e-01 4.6134022171795364e-01 4.6133995216609486e-01 2.6955185877808319e-07 4.6134022171796291e-01 4.6133995216609486e-01 2.6955186804844544e-07 9.2268044343591660e-01 9.2267990433218972e-01 5.3910372688203978e-07
218 8.4960937500000000e-01 4.5055569157361325e-01 4.5055542977641183e-01 2.6179720141739082e-07 4.5055569157362102e-01 4.5055542977641183e-01 2.6179720918895200e-07 9.0111138314723427e-01 9.0111085955282366e-01 5.2359441060634282e-07
219 8.5351562500000000e-01 4.3970330932933033e-01 4.3970305539627752e-01 2.5393305280729805e-07 4.3970330932933582e-01 4.3970305539627752e-01 2.5393305830290203e-07 8.7940661865866621e-01 8.7940611079255504e-01 5.0786611116571123e-07
220 8.5742187500000000e-01 4.2878470931161328e-01 4.2878446335335552e-01 2.4595825776074776e-07 4.2878470931161650e-01 4.2878446335335552e-01 2.4595826098039453e-07 8.5756941862322977e-01 8.5756892670671103e-01 4.9191651874114228e-07
221 8.6132812500000000e-01 4.1780153581920593e-01 4.1780129794744575e-01 2.3787176017808775e-07 4.1780153581921470e-01 4.1780129794744575e-01 2.3787176894884965e-07 8.3560307163842062e-01 8.3560259589489150e-01 4.7574352912693740e-07
222 8.6523437500000000e-01 4.0675544287547943e-01 4.0675521320285901e-01 2.2967262042206116e-07 4.0675544287548038e-01 4.0675521320285901e-01 2.2967262136575073e-07 8.1351088575095987e-01 8.1351042640571802e-01 4.5934524184332304e-07
223 8.6914062500000000e-01 3.9564809397935413e-01 3.9564787261932721e-01 2.2136002691963697e-07 3.9564809397935807e-01 3.9564787261932721e-01 2.2136003086092870e-07 7.9129618795871215e-01 7.9129574523865442e-01 4.4272005772505452e-07
224 8.7304687500000000e-01 3.8448116185480263e-01 3.8448094892148615e-01 2.1293331647909142e-07 3.8448116185480108e-01 3.8448094892148615e-01 2.1293331492477918e-07 7.6896232370960371e-01 7.6896189784297231e-01 4.2586663140387060e-07
225 8.7695312500000000e-01 3.7325632819895493e-01 3.7325612380696921e-01 2.0439198572530515e-07 3.7325632819897098e-01 3.7325612380696921e-01 2.0439200176802785e-07 7.4651265639792586e-01 7.4651224761393842e-01 4.0878398743782185e-07
226 8.8085937500000000e-01 3.6197528342885887e-01 3.6197508769315129e-01 1.9573570758657510e-07 3.6197528342885349e-01 3.6197508769315129e-01 1.9573570220199343e-07 7.2395056685771242e-01 7.2395017538630257e-01 3.9147140984407969e-07
227 8.8476562500000000e-01 3.5063972642692226e-01 3.5063953946257581e-01 1.8696434644915882e-07 3.5063972642692404e-01 3.5063953946257581e-01 1.8696434822551566e-07 7.0127945285384630e-01 7.0127907892515162e-01 3.7392869467467449e-07
228 8.8867187500000000e-01 3.3925136428508434e-01 3.3925118620711076e-01 1.7807797358937449e-07 3.3925136428508451e-01 3.3925118620711076e-01 1.7807797375590795e-07 6.7850272857016880e-01 6.7850237241422151e-01 3.5615594728977129e-07
229 8.9257812500000000e-01 3.2781191204774657e-01 3.2781174297086696e-01 1.6907687960809881e-07 3.2781191204775634e-01 3.2781174297086696e-01 1.6907688937806142e-07 6.5562382409550291e-01 6.5562348594173392e-01 3.3815376898616023e-07
230 8.9648437500000000e-01 3.1632309245350737e-01 3.1632293249191801e-01 1.5996158936326665e-07 3.1632309245350809e-01 3.1632293249191801e-01 1.5996159008491162e-07 6.3264618490701552e-01 6.3264586498383601e-01 3.1992317950368943e-07
231 9.0039062500000000e-01 3.0478663567573633e-01 3.0478648494286298e-01 1.5073287334965713e-07 3.0478663567573233e-01 3.0478648494286298e-01 1.5073286935285424e-07 6.0957327135146866e-01 6.0957296988572596e-01 3.0146574270251136e-07
232 9.0429687500000000e-01 2.9320427906202767e-01 2.9320413767026843e-01 1.4139175924521297e-07 2.9320427906203556e-01 2.9320413767026843e-01 1.4139176712779644e-07 5.8640855812406323e-01 5.8640827534053686e-01 2.8278352637300941e-07
233 9.0820312500000000e-01 2.8157776687257335e-01 2.8157763493303029e-01 1.3193954306878197e-07 2.8157776687257485e-01 2.8157763493303029e-01 1.3193954456758306e-07 5.6315553374514815e-01 5.6315526986606057e-01 2.6387908758085388e-07
234 9.1210937500000000e-01 2.6990885001749382e-01 2.6990872763969515e-01 1.2237779867252385e-07 2.6990885001750103e-01 2.6990872763969515e-01 1.2237780588897351e-07 5.3981770003499485e-01 5.3981745527939029e-01 2.4475560456149736e-07
235 9.1601562500000000e-01 2.5819928579316415e-01 2.5819917308477980e-01 1.1270838434773722e-07 2.5819928579316448e-01 2.5819917308477980e-01 1.1270838468080413e-07 5.1639857158632863e-01 5.1639834616955960e-01 2.2541676902854135e-07
236 9.1992187500000000e-01 2.4645083761757974e-01 2.4645073468412865e-01 1.0293345109602114e-07 2.4645083761757836e-01 2.4645073468412865e-01 1.0293344970824236e-07 4.9290167523515810e-01 4.9290146936825729e-01 2.0586690080426351e-07
237 9.2382812500000000e-01 2.3466527476479634e-01 2.3466518170935155e-01 9.3055444794210018e-08 2.3466527476479263e-01 2.3466518170935155e-01 9.3055441074962886e-08 4.6933054952958897e-01 4.6933036341870310e-01 1.8611088586917290e-07
238 9.2773437500000000e-01 2.2284437209848909e-01 2.2284428902137537e-01 8.3077113716134576e-08 2.2284437209849095e-01 2.2284428902137537e-01 8.3077115575758143e-08 4.4568874419698001e-01 4.4568857804275075e-01 1.6615422926413714e-07
239 9.3164062500000000e-01 2.1098990980466478e-01 2.1098983680315833e-01 7.3001506450953713e-08 2.1098990980466895e-01 2.1098983680315833e-01 7.3001510614290055e-08 4.2197981960933373e-01 4.2197967360631666e-01 1.4600301706524377e-07
240 9.3554687500000000e-01 1.9910367312357388e-01 1.9910361029160037e-01 6.2831973512977868e-08 1.9910367312357397e-01 1.9910361029160037e-01 6.2831973596244595e-08 3.9820734624714782e-01 3.9820722058320074e-01 1.2566394708146689e-07
241 9.3945312500000000e-01 1.8718745208085746e-01 1.8718739950869309e-01 5.2572164371822439e-08 1.8718745208086035e-01 1.8718739950869309e-01 5.2572167258402303e-08 3.7437490416171781e-01 3.7437479901738618e-01 1.0514433163022474e-07
242 9.4335937500000000e-01 1.7524304121797385e-01 1.7524299899194917e-01 4.2226024676850216e-08 1.7524304121797052e-01 1.7524299899194917e-01 4.2226021346181142e-08 3.5048608243594437e-01 3.5048599798389835e-01 8.4452046023031357e-08
243 9.4726562500000000e-01 1.6327223932194085e-01 1.6327220752415147e-01 3.1797789373788632e-08 1.6327223932193799e-01 1.6327220752415147e-01 3.1797786514964343e-08 3.2654447864387881e-01 3.2654441504830295e-01 6.3595575860997400e-08
244 9.5117187500000000e-01 1.5127684915443848e-01 1.5127682786246302e-01 2.1291975460524526e-08 1.5127684915444095e-01 1.5127682786246302e-01 2.1291977930770756e-08 3.0255369830887946e-01 3.0255365572492604e-01 4.2583953419050857e-08
245 9.5507812500000000e-01 1.3925867718031068e-01 1.3925866646693838e-01 1.0713372300408253e-08 1.3925867718031323e-01 1.3925866646693838e-01 1.0713374853921209e-08 2.7851735436062391e-01 2.7851733293387676e-01 2.1426747154329462e-08
246 9.5898437500000000e-01 1.2721953329550764e-01 1.2721953322847704e-01 6.7030603290163526e-11 1.2721953329550884e-01 1.2721953322847704e-01 6.7031796779914998e-11 2.5443906659101645e-01 2.5443906645695408e-01 1.3406237231450291e-10
247 9.6289062500000000e-01 1.1516123055450955e-01 1.1516124119626210e-01 -1.0641752548612438e-08 1.1516123055451220e-01 1.1516124119626210e-01 -1.0641749897954966e-08 2.3032246110902177e-01 2.3032248239252420e-01 -2.1283502432689616e-08
248 9.6679687500000000e-01 1.0308558489727319e-01 1.0308560630471938e-01 -2.1407446190724322e-08 1.0308558489727553e-01 1.0308560630471938e-01 -2.1407443859255970e-08 2.0617116979454872e-01 2.0617121260943877e-01 -4.2814890049980292e-08
249 9.7070312500000000e-01 9.0994414875741877e-02 9.0994447100045811e-02 -3.2224303933570120e-08 9.0994414875740323e-02 9.0994447100045811e-02 -3.2224305487882354e-08 1.8198882975148220e-01 1.8198889420009162e-01 -6.4448609421452474e-08
250 9.7460937500000000e-01 7.8889541379961209e-02 7.8889584466342866e-02 -4.3086381656953776e-08 7.8889541379962527e-02 7.8889584466342866e-02 -4.3086380338563934e-08 1.5777908275992375e-01 1.5777916893268573e-01 -8.6172761981639923e-08
251 9.7851562500000000e-01 6.6772787363840846e-02 6.6772841351397980e-02 -5.3987557133150510e-08 6.6772787363841929e-02 6.6772841351397980e-02 -5.3987556050683061e-08 1.3354557472768278e-01 1.3354568270279596e-01 -1.0797511318383357e-07
252 9.8242187500000000e-01 5.4645977570604388e-02 5.4646042492155385e-02 -6.4921550996244193e-08 5.4645977570603015e-02 5.4646042492155385e-02 -6.4921552370145186e-08 1.0929195514120740e-01 1.0929208498431077e-01 -1.2984310336638938e-07
253 9.8632812500000000e-01 4.2510938257968256e-02 4.2511014139917425e-02 -7.5881949168632445e-08 4.2510938257967798e-02 4.2511014139917425e-02 -7.5881949626599443e-08 8.5021876515936054e-02 8.5022028279834849e-02 -1.5176389879523189e-07
254 9.9023437500000000e-01 3.0369496923092158e-02 3.0369583785317782e-02 -8.6862225624068090e-08 3.0369496923091203e-02 3.0369583785317782e-02 -8.6862226578166002e-08 6.0738993846183365e-02 6.0739167570635563e-02 -1.7372445219876465e-07
255 9.9414062500000000e-01 1.8223482027341593e-02 1.8223579883108180e-02 -9.7855766587051640e-08 1.8223482027341760e-02 1.8223579883108180e-02 -9.7855766420518187e-08 3.6446964054683353e-02 3.6447159766216361e-02 -1.9571153300756983e-07
256 9.9804687500000000e-01 6.0747227209046366e-03 6.0748315767997808e-03 -1.0885589514422062e-07 6.0747227209041891e-03 6.0748315767997808e-03 -1.0885589559177927e-07 1.2149445441808826e-02 1.2149663153599562e-02 -2.1771179073599989e-07
