# P x_center tau_U tau_V tau_Psi
1 7.8125000000000000e-03 6.2397851972484375e-04 6.2397851972484375e-04 1.2479570394496875e-03
2 2.3437500000000000e-02 -1.1417839544947128e-06 -1.1417839473892855e-06 -2.2835679018839983e-06
3 3.9062500000000000e-02 -1.8999166826461078e-06 -1.8999166826461078e-06 -3.7998333652922156e-06
4 5.4687500000000000e-02 -2.6534724071325400e-06 -2.6534723929216852e-06 -5.3069448000542252e-06
5 7.0312500000000000e-02 -3.4006356770532875e-06 -3.4006356486315781e-06 -6.8012713256848656e-06
6 8.5937500000000000e-02 -4.1396064887067041e-06 -4.1396064887067041e-06 -8.2792129774134082e-06
7 1.0156250000000000e-01 -4.8686046056900523e-06 -4.8686046341117617e-06 -9.7372092398018140e-06
8 1.1718750000000000e-01 -5.5858738505776273e-06 -5.5858738789993367e-06 -1.1171747729576964e-05
9 1.3281250000000000e-01 -6.2896862402794795e-06 -6.2896862402794795e-06 -1.2579372480558959e-05
10 1.4843750000000000e-01 -6.9783462208761193e-06 -6.9783462777195382e-06 -1.3956692498595658e-05
11 1.6406250000000000e-01 -7.6501947887663846e-06 -7.6501947887663846e-06 -1.5300389577532769e-05
12 1.7968750000000000e-01 -8.3036132991765044e-06 -8.3036132991765044e-06 -1.6607226598353009e-05
13 1.9531250000000000e-01 -8.9370277578382229e-06 -8.9370277578382229e-06 -1.7874055515676446e-05
14 2.1093750000000000e-01 -9.5489120326419652e-06 -9.5489119757985463e-06 -1.9097824008440512e-05
15 2.2656250000000000e-01 -1.0137792230580089e-05 -1.0137792230580089e-05 -2.0275584461160179e-05
16 2.4218750000000000e-01 -1.0702249596761249e-05 -1.0702249539917830e-05 -2.1404499136679078e-05
17 2.5781250000000000e-01 -1.1240924209232617e-05 -1.1240924209232617e-05 -2.2481848418465233e-05
18 2.7343750000000000e-01 -1.1752518616958696e-05 -1.1752518616958696e-05 -2.3505037233917392e-05
19 2.8906250000000000e-01 -1.2235800056714652e-05 -1.2235800113558071e-05 -2.4471600170272723e-05
20 3.0468750000000000e-01 -1.2689604375282215e-05 -1.2689604375282215e-05 -2.5379208750564430e-05
21 3.2031250000000000e-01 -1.3112838360029855e-05 -1.3112838360029855e-05 -2.6225676720059710e-05
22 3.3593750000000000e-01 -1.3504482353710046e-05 -1.3504482353710046e-05 -2.7008964707420091e-05
23 3.5156250000000000e-01 -1.3863592812413117e-05 -1.3863592926099955e-05 -2.7727185738513072e-05
24 3.6718750000000000e-01 -1.4189304920364521e-05 -1.4189304806677683e-05 -2.8378609727042203e-05
25 3.8281250000000000e-01 -1.4480833556262951e-05 -1.4480833669949789e-05 -2.8961667226212739e-05
26 3.9843750000000000e-01 -1.4737476362824964e-05 -1.4737476362824964e-05 -2.9474952725649928e-05
27 4.1406250000000000e-01 -1.4958615793148056e-05 -1.4958615793148056e-05 -2.9917231586296111e-05
28 4.2968750000000000e-01 -1.5143718087529123e-05 -1.5143718201215961e-05 -3.0287436288745084e-05
29 4.4531250000000000e-01 -1.5292338275685324e-05 -1.5292338275685324e-05 -3.0584676551370649e-05
30 4.6093750000000000e-01 -1.5404117561956809e-05 -1.5404117561956809e-05 -3.0808235123913619e-05
31 4.7656250000000000e-01 -1.5478787304346042e-05 -1.5478787304346042e-05 -3.0957574608692084e-05
32 4.9218750000000000e-01 -1.5516166968154721e-05 -1.5516166968154721e-05 -3.1032333936309442e-05
33 5.0781250000000000e-01 -1.5516167081841559e-05 -1.5516167081841559e-05 -3.1032334163683117e-05
34 5.2343750000000000e-01 -1.5478787304346042e-05 -1.5478787304346042e-05 -3.0957574608692084e-05
35 5.3906250000000000e-01 -1.5404117561956809e-05 -1.5404117561956809e-05 -3.0808235123913619e-05
36 5.5468750000000000e-01 -1.5292338275685324e-05 -1.5292338275685324e-05 -3.0584676551370649e-05
37 5.7031250000000000e-01 -1.5143718087529123e-05 -1.5143718201215961e-05 -3.0287436288745084e-05
38 5.8593750000000000e-01 -1.4958615793148056e-05 -1.4958615793148056e-05 -2.9917231586296111e-05
39 6.0156250000000000e-01 -1.4737476362824964e-05 -1.4737476362824964e-05 -2.9474952725649928e-05
40 6.1718750000000000e-01 -1.4480833556262951e-05 -1.4480833669949789e-05 -2.8961667226212739e-05
41 6.3281250000000000e-01 -1.4189304920364521e-05 -1.4189304920364521e-05 -2.8378609840729041e-05
42 6.4843750000000000e-01 -1.3863592926099955e-05 -1.3863592926099955e-05 -2.7727185852199909e-05
43 6.6406250000000000e-01 -1.3504482353710046e-05 -1.3504482353710046e-05 -2.7008964707420091e-05
44 6.7968750000000000e-01 -1.3112838360029855e-05 -1.3112838360029855e-05 -2.6225676720059710e-05
45 6.9531250000000000e-01 -1.2689604375282215e-05 -1.2689604375282215e-05 -2.5379208750564430e-05
46 7.1093750000000000e-01 -1.2235799999871233e-05 -1.2235800056714652e-05 -2.4471600056585885e-05
47 7.2656250000000000e-01 -1.1752518616958696e-05 -1.1752518616958696e-05 -2.3505037233917392e-05
48 7.4218750000000000e-01 -1.1240924209232617e-05 -1.1240924209232617e-05 -2.2481848418465233e-05
49 7.5781250000000000e-01 -1.0702249539917830e-05 -1.0702249596761249e-05 -2.1404499136679078e-05
50 7.7343750000000000e-01 -1.0137792230580089e-05 -1.0137792287423508e-05 -2.0275584518003598e-05
51 7.8906250000000000e-01 -9.5489120326419652e-06 -9.5489119757985463e-06 -1.9097824008440512e-05
52 8.0468750000000000e-01 -8.9370277009948040e-06 -8.9370277578382229e-06 -1.7874055458833027e-05
53 8.2031250000000000e-01 -8.3036132991765044e-06 -8.3036132991765044e-06 -1.6607226598353009e-05
54 8.3593750000000000e-01 -7.6501947887663846e-06 -7.6501947319229657e-06 -1.5300389520689350e-05
55 8.5156250000000000e-01 -6.9783462208761193e-06 -6.9783462208761193e-06 -1.3956692441752239e-05
56 8.6718750000000000e-01 -6.2896862971228984e-06 -6.2896862402794795e-06 -1.2579372537402378e-05
57 8.8281250000000000e-01 -5.5858738505776273e-06 -5.5858738505776273e-06 -1.1171747701155255e-05
58 8.9843750000000000e-01 -4.8686046056900523e-06 -4.8686046341117617e-06 -9.7372092398018140e-06
59 9.1406250000000000e-01 -4.1396065171284135e-06 -4.1396065171284135e-06 -8.2792130342568271e-06
60 9.2968750000000000e-01 -3.4006356486315781e-06 -3.4006356486315781e-06 -6.8012712972631562e-06
61 9.4531250000000000e-01 -2.6534724071325400e-06 -2.6534723929216852e-06 -5.3069448000542252e-06
62 9.6093750000000000e-01 -1.8999166968569625e-06 -1.8999166968569625e-06 -3.7998333937139250e-06
63 9.7656250000000000e-01 -1.1417839189675760e-06 -1.1417839118621487e-06 -2.2835678308297247e-06
64 9.9218750000000000e-01 6.2397851971773832e-04 6.2397851971773832e-04 1.2479570394354766e-03
