# P x phi_num phi_exact phi_err mu_num mu_exact mu_err
1 3.9062500000000000e-03 1.5125648925221381e-05 1.5124680358372909e-05 9.6856684847139538e-10 -1.9499865476476055e-02 -1.9498433056560269e-02 -1.4324199157852990e-06
2 1.1718750000000000e-02 1.3400410215500571e-04 1.3399524775904381e-04 8.8543959619023522e-09 -1.8458994498537041e-02 -1.8457633316950089e-02 -1.3611815869521426e-06
3 1.9531250000000000e-02 3.6636521285971819e-04 3.6634755373235364e-04 1.7659127364555698e-08 -1.7319282921349547e-02 -1.7317985635151543e-02 -1.2972861980035943e-06
4 2.7343750000000000e-02 7.0667095328982789e-04 7.0664390677546262e-04 2.7046514365267581e-08 -1.6086268269472986e-02 -1.6085027702667478e-02 -1.2405668055083530e-06
5 3.5156250000000000e-02 1.1494726606557459e-03 1.1494359329904159e-03 3.6727665330034409e-08 -1.4765398682080488e-02 -1.4764207893395847e-02 -1.1907886846417720e-06
6 4.2968750000000000e-02 1.6894110339319196e-03 1.6893645760841433e-03 4.6457847776258665e-08 -1.3362032923063925e-02 -1.3360885263629723e-02 -1.1476594342016422e-06
7 5.0781250000000000e-02 2.3212161305784284e-03 2.3211600973684580e-03 5.6033209970378361e-08 -1.1881440390678778e-02 -1.1880329552057286e-02 -1.1108386214920413e-06
8 5.8593750000000000e-02 3.0397073632189393e-03 3.0396420757600588e-03 6.5287458880531474e-08 -1.0328801126727512e-02 -1.0327721179761842e-02 -1.0799469656701255e-06
9 6.6406250000000000e-02 3.8397934963107826e-03 3.8397194077805286e-03 7.4088530253955259e-08 -8.7092058252685855e-03 -8.7081512502218059e-03 -1.0545750467796239e-06
10 7.4218750000000000e-02 4.7164726428399984e-03 4.7163903075563363e-03 8.2335283662152148e-08 -7.0276558408319811e-03 -7.0266215493107109e-03 -1.0342915212702489e-06
11 8.2031250000000000e-02 5.6648322610713137e-03 5.6647423068188320e-03 8.9954252481712349e-08 -5.2890631961177714e-03 -5.2880445452972045e-03 -1.0186508205669090e-06
12 8.9843750000000000e-02 6.6800491513801987e-03 6.6799522549042516e-03 9.6896475947072513e-08 -3.4982505891484072e-03 -3.4972433888450540e-03 -1.0072003033532485e-06
13 9.7656250000000000e-02 7.7573894531913325e-03 7.7572863187537183e-03 1.0313443761424818e-07 -1.6599513998545275e-03 -1.6589519130131342e-03 -9.9948684139337940e-07
14 1.0546875000000000e-01 8.8922086420449766e-03 8.8920999829132374e-03 1.0865913173917219e-07 2.2119030393753141e-04 2.2218536674455932e-04 -9.9506280702791597e-07
15 1.1328125000000000e-01 1.0079951526809917e-02 1.0079838049533697e-02 1.1347727621978387e-07 2.1406197611324477e-03 2.1416132525789175e-03 -9.9349144646980470e-07
16 1.2109375000000000e-01 1.1316152247058727e-02 1.1316034638370874e-02 1.1760868785272438e-07 4.0938715126257463e-03 4.0948658642457145e-03 -9.9435161996820620e-07
17 1.2890625000000000e-01 1.2596434270618285e-02 1.2596313186785425e-02 1.2108383285955315e-07 6.0765693972077983e-03 6.0775666391056082e-03 -9.9724189780991956e-07
18 1.3671875000000000e-01 1.3916510391305590e-02 1.3916386449742895e-02 1.2394156269530943e-07 8.0844265481099277e-03 8.0854283321241411e-03 -1.0017840142133999e-06
19 1.4453125000000000e-01 1.5272182726856150e-02 1.5272056499813712e-02 1.2622704243826777e-07 1.0113245390201735e-02 1.0114253015871745e-02 -1.0076256700096431e-06
20 1.5234375000000000e-01 1.6659342717049372e-02 1.6659214727173192e-02 1.2798987618009572e-07 1.2158917637814343e-02 1.2159932080523732e-02 -1.0144427093888159e-06
21 1.6015625000000000e-01 1.8073971122032847e-02 1.8073841839601527e-02 1.2928243131940520e-07 1.4217424293179367e-02 1.4218446233860297e-02 -1.0219406809293397e-06
22 1.6796875000000000e-01 1.9512138020844769e-02 1.9512007862483801e-02 1.3015836096766376e-07 1.6284835645456575e-02 1.6285865501266521e-02 -1.0298558099468280e-06
23 1.7578125000000000e-01 2.0970002810131474e-02 2.0969872138809974e-02 1.3067132149935379e-07 1.8357311270317034e-02 1.8358349225732370e-02 -1.0379554153359949e-06
24 1.8359375000000000e-01 2.2443814203054743e-02 2.2443683329174909e-02 1.3087387983404253e-07 2.0431100030042899e-02 2.0432146067852701e-02 -1.0460378098015033e-06
25 1.9140625000000000e-01 2.3929910228381653e-02 2.3929779411778328e-02 1.3081660332411871e-07 2.2502540074101018e-02 2.2503594005827240e-02 -1.0539317262213410e-06
26 1.9921875000000000e-01 2.5424718229747859e-02 2.5424587682424865e-02 1.3054732299344618e-07 2.4568058840134997e-02 2.4569120335460617e-02 -1.0614953256209148e-06
27 2.0703125000000000e-01 2.6924754865083854e-02 2.6924624754524007e-02 1.3011055984696318e-07 2.6624173055332746e-02 2.6625241670162319e-02 -1.0686148295725728e-06
28 2.1484375000000000e-01 2.8426626106192260e-02 2.8426496559090155e-02 1.2954710210469345e-07 2.8667488738108204e-02 2.8668563940946752e-02 -1.0752028385477286e-06
29 2.2265625000000000e-01 2.9927027238463289e-02 2.9926898344742582e-02 1.2889372070709615e-07 3.0694701200039809e-02 3.0695782396433186e-02 -1.0811963933772539e-06
30 2.3046875000000000e-01 3.1422742860714926e-02 3.1422614677705442e-02 1.2818300948458372e-07 3.2702595048022670e-02 3.2703681602845772e-02 -1.0865548231014932e-06
31 2.3828125000000000e-01 3.2910646885143627e-02 3.2910519441807777e-02 1.2744333584974177e-07 3.4688044186544989e-02 3.4689135444013558e-02 -1.0912574685689735e-06
32 2.4609375000000000e-01 3.4387702537371403e-02 3.4387575838483508e-02 1.2669888789507144e-07 3.6648011820082378e-02 3.6649107121370463e-02 -1.0953012880843271e-06
33 2.5390625000000000e-01 3.5850962356574818e-02 3.5850836386771459e-02 1.2596980335927155e-07 3.8579550455515421e-02 3.8580649153955308e-02 -1.0986984398872468e-06
34 2.6171875000000000e-01 3.7297568195682126e-02 3.7297442923315320e-02 1.2527236680631715e-07 4.0479801904545809e-02 4.0480903378411787e-02 -1.1014738659775869e-06
35 2.6953125000000000e-01 3.8724751221624984e-02 3.8724626602363664e-02 1.2461926131995815e-07 4.2345997286060921e-02 4.2347100948988470e-02 -1.1036629275484877e-06
36 2.7734375000000000e-01 4.0129831915631589e-02 4.0129707895769973e-02 1.2401986161647560e-07 4.4175457028413592e-02 4.4176562337538833e-02 -1.1053091252405389e-06
37 2.8515625000000000e-01 4.1510220073549459e-02 4.1510096592992568e-02 1.2348055689059834e-07 4.5965590871565085e-02 4.5966697333521218e-02 -1.1064619561337863e-06
38 2.9296875000000000e-01 4.2863414806186398e-02 4.2863291801094723e-02 1.2300509167478824e-07 4.7713897869087904e-02 4.7715005043998872e-02 -1.1071749109678453e-06
39 3.0078125000000000e-01 4.4187004539660152e-02 4.4186881944744523e-02 1.2259491562888192e-07 4.9417966389985253e-02 4.9419073893639899e-02 -1.1075036546459582e-06
40 3.0859375000000000e-01 4.5478667015746647e-02 4.5478544766214983e-02 1.2224953166439789e-07 5.1075474120322539e-02 5.1076581624717309e-02 -1.1075043947691987e-06
41 3.1640625000000000e-01 4.6736169292220249e-02 4.6736047325383966e-02 1.2196683628340477e-07 5.2684188064655579e-02 5.2685295297108969e-02 -1.1072324533900613e-06
42 3.2421875000000000e-01 4.7957367743178499e-02 4.7957245999734291e-02 1.2174344420773364e-07 5.4241964547236871e-02 5.4243071288297681e-02 -1.1067410608106565e-06
43 3.3203125000000000e-01 4.9140208059346359e-02 4.9140086484353585e-02 1.2157499277437589e-07 5.5746749213031944e-02 5.5747855293371090e-02 -1.1060803391457763e-06
44 3.3984375000000000e-01 5.0282725248355475e-02 5.0282603791934388e-02 1.2145642108718491e-07 5.7196577028505127e-02 5.7197682325021731e-02 -1.1052965166041817e-06
45 3.4765625000000000e-01 5.1383043634995511e-02 5.1382922252774139e-02 1.2138222137136889e-07 5.8589572282213835e-02 5.8590676713547049e-02 -1.1044313332139732e-06
46 3.5546875000000000e-01 5.2439376861435232e-02 5.2439255514775136e-02 1.2134666009522288e-07 5.9923948585211662e-02 5.9925052106849321e-02 -1.1035216376589774e-06
47 3.6328125000000000e-01 5.3450027887412467e-02 5.3449906543444572e-02 1.2134396789459378e-07 6.1198008871260257e-02 6.1199111470435767e-02 -1.1025991755106435e-06
48 3.7109375000000000e-01 5.4413388990392574e-02 5.4413267621894537e-02 1.2136849803640049e-07 6.2410145396913967e-02 6.2411247087418451e-02 -1.1016905044833325e-06
49 3.7890625000000000e-01 5.5327941765696192e-02 5.5327820350841987e-02 1.2141485420530396e-07 6.3558839741419501e-02 6.3559940558514341e-02 -1.1008170948401119e-06
50 3.8671875000000000e-01 5.6192257126597159e-02 5.6192135648608775e-02 1.2147798838374468e-07 6.4642662806507545e-02 6.4643762802045299e-02 -1.0999955377538617e-06
51 3.9453125000000000e-01 5.7004995304393187e-02 5.7004873751121621e-02 1.2155327156621043e-07 6.5660274816081790e-02 6.5661374053938043e-02 -1.0992378562529881e-06
52 4.0234375000000000e-01 5.7764905848450850e-02 5.7764784211912154e-02 1.2163653869551316e-07 6.6610425315815291e-02 6.6611523867724190e-02 -1.0985519088985152e-06
53 4.1015625000000000e-01 5.8470827626228225e-02 5.8470705902116879e-02 1.2172411134603323e-07 6.7491953172682528e-02 6.7493051114540251e-02 -1.0979418577222733e-06
54 4.1796875000000000e-01 5.9121688823277736e-02 5.9121567010477161e-02 1.2181280057560473e-07 6.8303786574444317e-02 6.8304883983127590e-02 -1.0974086832732377e-06
55 4.2578125000000000e-01 5.9716506943232724e-02 5.9716385043339294e-02 1.2189989342936691e-07 6.9044943029095543e-02 6.9046039979832510e-02 -1.0969507369673615e-06
56 4.3359375000000000e-01 6.0254388807780813e-02 6.0254266824654408e-02 1.2198312640543385e-07 6.9714529364311967e-02 6.9715625928606112e-02 -1.0965642941451748e-06
57 4.4140625000000000e-01 6.0734530556627413e-02 6.0734408495978560e-02 1.2206064885222911e-07 7.0311741726887325e-02 7.0312837971004502e-02 -1.0962441171769033e-06
58 4.4921875000000000e-01 6.1156217647452424e-02 6.1156095516472685e-02 1.2213097973917675e-07 7.0835865582193236e-02 7.0836961566188558e-02 -1.0959839953222916e-06
59 4.5703125000000000e-01 6.1518824855863241e-02 6.1518702662902568e-02 1.2219296067345065e-07 7.1286275713667635e-02 7.1287371490924123e-02 -1.0957772564879065e-06
60 4.6484375000000000e-01 6.1821816275347032e-02 6.1821694029638927e-02 1.2224570810487334e-07 7.1662436222341905e-02 7.1663531839581865e-02 -1.0956172399601005e-06
61 4.7265625000000000e-01 6.2064745317224689e-02 6.2064623028657305e-02 1.2228856738349947e-07 7.1963900526431215e-02 7.1964996024137348e-02 -1.0954977061328197e-06
62 4.8046875000000000e-01 6.2247254710608629e-02 6.2247132389538183e-02 1.2232107044624074e-07 7.2190311360953774e-02 7.2191406774171060e-02 -1.0954132172863451e-06
63 4.8828125000000000e-01 6.2369076502366921e-02 6.2368954159466916e-02 1.2234290000523451e-07 7.2341400777442180e-02 7.2342496136868356e-02 -1.0953594261758903e-06
64 4.9609375000000000e-01 6.2430032057094707e-02 6.2429909703233727e-02 1.2235386098041756e-07 7.2416990143713472e-02 7.2418085477019445e-02 -1.0953333059726678e-06
65 5.0390625000000000e-01 6.2430032057094569e-02 6.2429909703233727e-02 1.2235386084163968e-07 7.2416990143711502e-02 7.2418085477019445e-02 -1.0953333079433136e-06
66 5.1171875000000000e-01 6.2369076502366526e-02 6.2368954159466930e-02 1.2234289959583977e-07 7.2341400777439446e-02 7.2342496136868370e-02 -1.0953594289236923e-06
67 5.1953125000000000e-01 6.2247254710608012e-02 6.2247132389538190e-02 1.2232106982174029e-07 7.2190311360949361e-02 7.2191406774171074e-02 -1.0954132217133594e-06
68 5.2734375000000000e-01 6.2064745317223870e-02 6.2064623028657291e-02 1.2228856657858778e-07 7.1963900526422903e-02 7.1964996024137348e-02 -1.0954977144456146e-06
69 5.3515625000000000e-01 6.1821816275346025e-02 6.1821694029638920e-02 1.2224570710567262e-07 7.1662436222329845e-02 7.1663531839581851e-02 -1.0956172520060203e-06
70 5.4296875000000000e-01 6.1518824855862068e-02 6.1518702662902575e-02 1.2219295949383868e-07 7.1286275713650565e-02 7.1287371490924123e-02 -1.0957772735575855e-06
71 5.5078125000000000e-01 6.1156217647451147e-02 6.1156095516472692e-02 1.2213097845548138e-07 7.0835865582179025e-02 7.0836961566188572e-02 -1.0959840095470241e-06
72 5.5859375000000000e-01 6.0734530556626136e-02 6.0734408495978567e-02 1.2206064756853374e-07 7.0311741726872157e-02 7.0312837971004502e-02 -1.0962441323453254e-06
73 5.6640625000000000e-01 6.0254388807779592e-02 6.0254266824654408e-02 1.2198312518418852e-07 6.9714529364301281e-02 6.9715625928606112e-02 -1.0965643048310714e-06
74 5.7421875000000000e-01 5.9716506943231627e-02 5.9716385043339294e-02 1.2189989233302168e-07 6.9044943029087619e-02 6.9046039979832496e-02 -1.0969507448777005e-06
75 5.8203125000000000e-01 5.9121688823276793e-02 5.9121567010477161e-02 1.2181279963191516e-07 6.8303786574439043e-02 6.8304883983127590e-02 -1.0974086885467971e-06
76 5.8984375000000000e-01 5.8470827626227517e-02 5.8470705902116872e-02 1.2172411064520494e-07 6.7491953172680905e-02 6.7493051114540237e-02 -1.0979418593320966e-06
77 5.9765625000000000e-01 5.7764905848450329e-02 5.7764784211912147e-02 1.2163653818203501e-07 6.6610425315815291e-02 6.6611523867724190e-02 -1.0985519088985152e-06
78 6.0546875000000000e-01 5.7004995304392847e-02 5.7004873751121621e-02 1.2155327122620463e-07 6.5660274816082165e-02 6.5661374053938043e-02 -1.0992378558782878e-06
79 6.1328125000000000e-01 5.6192257126597027e-02 5.6192135648608775e-02 1.2147798825190570e-07 6.4642662806505768e-02 6.4643762802045313e-02 -1.0999955395440963e-06
80 6.2109375000000000e-01 5.5327941765696283e-02 5.5327820350841987e-02 1.2141485429550958e-07 6.3558839741415823e-02 6.3559940558514355e-02 -1.1008170985316035e-06
81 6.2890625000000000e-01 5.4413388990392893e-02 5.4413267621894537e-02 1.2136849835558960e-07 6.2410145396908791e-02 6.2411247087418451e-02 -1.1016905096597474e-06
82 6.3671875000000000e-01 5.3450027887412994e-02 5.3449906543444579e-02 1.2134396841501083e-07 6.1198008871252887e-02 6.1199111470435767e-02 -1.1025991828797488e-06
83 6.4453125000000000e-01 5.2439376861436016e-02 5.2439255514775143e-02 1.2134666087237900e-07 5.9923948585204556e-02 5.9925052106849327e-02 -1.1035216447713436e-06
84 6.5234375000000000e-01 5.1383043634996586e-02 5.1382922252774139e-02 1.2138222244689745e-07 5.8589572282214064e-02 5.8590676713547042e-02 -1.1044313329780509e-06
85 6.6015625000000000e-01 5.0282725248356856e-02 5.0282603791934395e-02 1.2145642246108590e-07 5.7196577028506911e-02 5.7197682325021738e-02 -1.1052965148278249e-06
86 6.6796875000000000e-01 4.9140208059348045e-02 4.9140086484353585e-02 1.2157499446052711e-07 5.5746749213036059e-02 5.5747855293371097e-02 -1.1060803350379511e-06
87 6.7578125000000000e-01 4.7957367743180497e-02 4.7957245999734298e-02 1.2174344619919619e-07 5.4241964547243025e-02 5.4243071288297688e-02 -1.1067410546627965e-06
88 6.8359375000000000e-01 4.6736169292222532e-02 4.6736047325383973e-02 1.2196683855936197e-07 5.2684188064663857e-02 5.2685295297108976e-02 -1.1072324451188997e-06
89 6.9140625000000000e-01 4.5478667015749173e-02 4.5478544766214969e-02 1.2224953420403306e-07 5.1075474120336750e-02 5.1076581624717295e-02 -1.1075043805444662e-06
90 6.9921875000000000e-01 4.4187004539662865e-02 4.4186881944744509e-02 1.2259491835586722e-07 4.9417966389995627e-02 4.9419073893639892e-02 -1.1075036442653730e-06
91 7.0703125000000000e-01 4.2863414806189278e-02 4.2863291801094716e-02 1.2300509456136810e-07 4.7713897869098118e-02 4.7715005043998872e-02 -1.1071749007537934e-06
92 7.1484375000000000e-01 4.1510220073552415e-02 4.1510096592992575e-02 1.2348055983962825e-07 4.5965590871574175e-02 4.5966697333521225e-02 -1.1064619470507742e-06
93 7.2265625000000000e-01 4.0129831915634649e-02 4.0129707895769966e-02 1.2401986468346671e-07 4.4175457028421551e-02 4.4176562337538833e-02 -1.1053091172816276e-06
94 7.3046875000000000e-01 3.8724751221628072e-02 3.8724626602363671e-02 1.2461926440082705e-07 4.2345997286068630e-02 4.2347100948988477e-02 -1.1036629198463155e-06
95 7.3828125000000000e-01 3.7297568195685200e-02 3.7297442923315320e-02 1.2527236988024715e-07 4.0479801904552914e-02 4.0480903378411787e-02 -1.1014738588721595e-06
96 7.4609375000000000e-01 3.5850962356577858e-02 3.5850836386771459e-02 1.2596980639850708e-07 3.8579550455525080e-02 3.8580649153955308e-02 -1.0986984302283065e-06
97 7.5390625000000000e-01 3.4387702537374408e-02 3.4387575838483508e-02 1.2669889089961250e-07 3.6648011820090948e-02 3.6649107121370469e-02 -1.0953012795217321e-06
98 7.6171875000000000e-01 3.2910646885146548e-02 3.2910519441807770e-02 1.2744333877795500e-07 3.4688044186552990e-02 3.4689135444013551e-02 -1.0912574605614900e-06
99 7.6953125000000000e-01 3.1422742860717737e-02 3.1422614677705442e-02 1.2818301229483575e-07 3.2702595048030206e-02 3.2703681602845772e-02 -1.0865548155658544e-06
100 7.7734375000000000e-01 2.9927027238465968e-02 2.9926898344742586e-02 1.2889372338203975e-07 3.0694701200048146e-02 3.0695782396433190e-02 -1.0811963850436423e-06
101 7.8515625000000000e-01 2.8426626106194765e-02 2.8426496559090159e-02 1.2954710460616470e-07 2.8667488738117086e-02 2.8668563940946759e-02 -1.0752028296728833e-06
102 7.9296875000000000e-01 2.6924754865086158e-02 2.6924624754524003e-02 1.3011056215414540e-07 2.6624173055338041e-02 2.6625241670162319e-02 -1.0686148242781968e-06
103 8.0078125000000000e-01 2.5424718229749947e-02 2.5424587682424865e-02 1.3054732508205324e-07 2.4568058840138900e-02 2.4569120335460617e-02 -1.0614953217177869e-06
104 8.0859375000000000e-01 2.3929910228383516e-02 2.3929779411778328e-02 1.3081660518721172e-07 2.2502540074103003e-02 2.2503594005827240e-02 -1.0539317242368174e-06
105 8.1640625000000000e-01 2.2443814203056394e-02 2.2443683329174909e-02 1.3087388148549928e-07 2.0431100030043031e-02 2.0432146067852701e-02 -1.0460378096696643e-06
106 8.2421875000000000e-01 2.0970002810132907e-02 2.0969872138809974e-02 1.3067132293223538e-07 1.8357311270315306e-02 1.8358349225732373e-02 -1.0379554170672489e-06
107 8.3203125000000000e-01 1.9512138020846007e-02 1.9512007862483798e-02 1.3015836220972576e-07 1.6284835645453910e-02 1.6285865501266521e-02 -1.0298558126113633e-06
108 8.3984375000000000e-01 1.8073971122033912e-02 1.8073841839601524e-02 1.2928243238799486e-07 1.4217424293177849e-02 1.4218446233860297e-02 -1.0219406824472227e-06
109 8.4765625000000000e-01 1.6659342717050284e-02 1.6659214727173192e-02 1.2798987709256027e-07 1.2158917637812378e-02 1.2159932080523734e-02 -1.0144427113559923e-06
110 8.5546875000000000e-01 1.5272182726856933e-02 1.5272056499813716e-02 1.2622704321715861e-07 1.0113245390199645e-02 1.0114253015871748e-02 -1.0076256721034543e-06
111 8.6328125000000000e-01 1.3916510391306256e-02 1.3916386449742897e-02 1.2394156335970852e-07 8.0844265481078807e-03 8.0854283321241446e-03 -1.0017840162638431e-06
112 8.7109375000000000e-01 1.2596434270618840e-02 1.2596313186785427e-02 1.2108383341292994e-07 6.0765693972062978e-03 6.0775666391056100e-03 -9.9724189931219009e-07
113 8.7890625000000000e-01 1.1316152247059197e-02 1.1316034638370874e-02 1.1760868832283444e-07 4.0938715126253022e-03 4.0948658642457154e-03 -9.9435162041316277e-07
114 8.8671875000000000e-01 1.0079951526810307e-02 1.0079838049533697e-02 1.1347727661009666e-07 2.1406197611317790e-03 2.1416132525789188e-03 -9.9349144713984164e-07
115 8.9453125000000000e-01 8.8922086420452941e-03 8.8920999829132374e-03 1.0865913205662658e-07 2.2119030393692913e-04 2.2218536674455959e-04 -9.9506280763046132e-07
116 9.0234375000000000e-01 7.7573894531915806e-03 7.7572863187537191e-03 1.0313443786144627e-07 -1.6599513998553470e-03 -1.6589519130131335e-03 -9.9948684221346992e-07
117 9.1015625000000000e-01 6.6800491513803913e-03 6.6799522549042525e-03 9.6896476138759458e-08 -3.4982505891494428e-03 -3.4972433888450531e-03 -1.0072003043897458e-06
118 9.1796875000000000e-01 5.6648322610714560e-03 5.6647423068188311e-03 8.9954252624827036e-08 -5.2890631961188574e-03 -5.2880445452972054e-03 -1.0186508216519785e-06
119 9.2578125000000000e-01 4.7164726428400982e-03 4.7163903075563363e-03 8.2335283761898748e-08 -7.0276558408333134e-03 -7.0266215493107109e-03 -1.0342915226025165e-06
120 9.3359375000000000e-01 3.8397934963108494e-03 3.8397194077805295e-03 7.4088530319874751e-08 -8.7092058252695725e-03 -8.7081512502218041e-03 -1.0545750477684163e-06
121 9.4140625000000000e-01 3.0397073632189822e-03 3.0396420757600592e-03 6.5287458923032199e-08 -1.0328801126728447e-02 -1.0327721179761842e-02 -1.0799469666051414e-06
122 9.4921875000000000e-01 2.3212161305784544e-03 2.3211600973684580e-03 5.6033209996399214e-08 -1.1881440390679624e-02 -1.1880329552057286e-02 -1.1108386223385863e-06
123 9.5703125000000000e-01 1.6894110339319304e-03 1.6893645760841431e-03 4.6457847787317527e-08 -1.3362032923064657e-02 -1.3360885263629723e-02 -1.1476594349336955e-06
124 9.6484375000000000e-01 1.1494726606557494e-03 1.1494359329904159e-03 3.6727665333503856e-08 -1.4765398682081094e-02 -1.4764207893395847e-02 -1.1907886852471905e-06
125 9.7265625000000000e-01 7.0667095328982713e-04 7.0664390677546273e-04 2.7046514364400219e-08 -1.6086268269473437e-02 -1.6085027702667478e-02 -1.2405668059593811e-06
126 9.8046875000000000e-01 3.6636521285971581e-04 3.6634755373235364e-04 1.7659127362170454e-08 -1.7319282921349849e-02 -1.7317985635151543e-02 -1.2972861983054362e-06
127 9.8828125000000000e-01 1.3400410215500471e-04 1.3399524775904381e-04 8.8543959608994652e-09 -1.8458994498537135e-02 -1.8457633316950089e-02 -1.3611815870458177e-06
128 9.9609375000000000e-01 1.5125648925221211e-05 1.5124680358372909e-05 9.6856684830198879e-10 -1.9499865476475930e-02 -1.9498433056560269e-02 -1.4324199156603989e-06
