# P x phi_num phi_exact phi_err mu_num mu_exact mu_err
1 1.9531250000000000e-03 3.7960830032441389e-06 3.7960127449622191e-06 7.0258281919785196e-11 -1.9742915270847951e-02 -1.9742530547911100e-02 -3.8472293685185011e-07
2 5.8593750000000000e-03 3.3897818501778498e-05 3.3897208580688682e-05 6.0992108981633777e-10 -1.9248180992902236e-02 -1.9247806316874547e-02 -3.7467602768959107e-07
3 9.7656250000000000e-03 9.3421671327284316e-05 9.3420414298332345e-05 1.2570289519708714e-09 -1.8727683617867977e-02 -1.8727318525052151e-02 -3.6509281582663977e-07
4 1.3671875000000000e-02 1.8166425170588349e-04 1.8166225375942767e-04 1.9979464558207271e-09 -1.8182126519297143e-02 -1.8181770548582367e-02 -3.5597071477641573e-07
5 1.7578125000000000e-02 2.9792775306074372e-04 2.9792493317581437e-04 2.8198849293483742e-09 -1.7612207487212629e-02 -1.7611860181253363e-02 -3.4730595926610319e-07
6 2.1484375000000000e-02 4.4151995198682317e-04 4.4151624110963771e-04 3.7108771854519641e-09 -1.7018618728184932e-02 -1.7018279634502993e-02 -3.3909368193918432e-07
7 2.5390625000000000e-02 6.1175420822517587e-04 6.1174954847334766e-04 4.6597518282105385e-09 -1.6402046865407353e-02 -1.6401715537418808e-02 -3.3132798854529355e-07
8 2.9296875000000000e-02 8.0794946463691821e-04 8.0794380852970032e-04 5.6561072178966040e-09 -1.5763172938769499e-02 -1.5762848936738048e-02 -3.2400203145085960e-07
9 3.3203125000000000e-02 1.0294302471769050e-03 1.0294235568917562e-03 6.6902851487971038e-09 -1.5102672404929018e-02 -1.5102355296847652e-02 -3.1710808136645174e-07
10 3.7109375000000000e-02 1.2755266648672001e-03 1.2755189115228817e-03 7.7533443183525758e-09 -1.4421215137381578e-02 -1.4420904499784257e-02 -3.1063759732032070e-07
11 4.1015625000000000e-02 1.5455744097703987e-03 1.5455655727367483e-03 8.8370336504169089e-09 -1.3719465426528993e-02 -1.3719160845234191e-02 -3.0458129480180618e-07
12 4.4921875000000000e-02 1.8389147569628733e-03 1.8389048231973323e-03 9.9337655410508541e-09 -1.2998081979746770e-02 -1.2997783050533476e-02 -2.9892921329412181e-07
13 4.8828125000000000e-02 2.1548945645079929e-03 2.1548835279189163e-03 1.1036589076668379e-08 -1.2257717921448811e-02 -1.2257424250667831e-02 -2.9367078097954080e-07
14 5.2734375000000000e-02 2.4928662734293896e-03 2.4928541342660875e-03 1.2139163302164746e-08 -1.1499020793150905e-02 -1.1498731998272669e-02 -2.8879487823547934e-07
15 5.6640625000000000e-02 2.8521879076843135e-03 2.8521746719537382e-03 1.3235730575347077e-08 -1.0722632553532785e-02 -1.0722348263633098e-02 -2.8428989968729002e-07
16 6.0546875000000000e-02 3.2322230741371398e-03 3.2322087530470664e-03 1.4321090073370069e-08 -9.9291895784978795e-03 -9.9289094346839170e-03 -2.8014381396254673e-07
17 6.4453125000000000e-02 3.6323409625330740e-03 3.6323255719615754e-03 1.5390571498664907e-08 -9.1193226612321862e-03 -9.1190463170096239e-03 -2.7634422256235525e-07
18 6.8359375000000000e-02 4.0519163454721093e-03 4.0518999054630729e-03 1.6440009036403080e-08 -8.2936570122604837e-03 -8.2933841338444138e-03 -2.7287841606986329e-07
19 7.2265625000000000e-02 4.4903295783832705e-03 4.4903121126676744e-03 1.7465715596021170e-08 -7.4528122595011329e-03 -7.4525425260721688e-03 -2.6973342896405295e-07
20 7.6171875000000000e-02 4.9469665994992095e-03 4.9469481350417968e-03 1.8464457412700752e-08 -6.5974024483184124e-03 -6.5971355522264734e-03 -2.6689609193900066e-07
21 8.0078125000000000e-02 5.4212189298311802e-03 5.4211994964021666e-03 1.9433429013573922e-08 -5.7280360415759013e-03 -5.7277716884905983e-03 -2.6435308530300267e-07
22 8.3984375000000000e-02 5.9124836731444235e-03 5.9124633029158120e-03 2.0370228611538144e-08 -4.8453159196820764e-03 -4.8450538286975153e-03 -2.6209098456103641e-07
23 8.7890625000000000e-02 6.4201635159340277e-03 6.4201422431000663e-03 2.1272833961374915e-08 -3.9498393806398548e-03 -3.9495792843298964e-03 -2.6009630995846300e-07
24 9.1796875000000000e-02 6.9436667274012627e-03 6.9436445878225724e-03 2.2139578690315298e-08 -3.0421981400913780e-03 -3.0419397845200934e-03 -2.5835557128459780e-07
25 9.5703125000000000e-02 7.4824071594304653e-03 7.4823841903012746e-03 2.2969129190655857e-08 -2.1229783313603369e-03 -2.1227214760501639e-03 -2.5685531017307500e-07
26 9.9609375000000000e-02 8.0358042465664605e-03 8.0357804861044234e-03 2.3760462037128449e-08 -1.1927605054928847e-03 -1.1925049233518588e-03 -2.5558214102592604e-07
27 1.0351562500000000e-01 8.6032830059925864e-03 8.6032584931505750e-03 2.4512842011423230e-08 -2.5211963129923021e-04 -2.5186510850661931e-04 -2.5452279261089323e-07
28 1.0742187500000000e-01 9.1842740375093074e-03 9.1842488117085900e-03 2.5225800717385005e-08 6.9837490461936789e-04 6.9862856875441300e-04 -2.5366413504510771e-07
29 1.1132812500000000e-01 9.7782135235134592e-03 9.7781876243976367e-03 2.5899115822444752e-08 1.6581592978183895e-03 1.6584122910504092e-03 -2.5299323201969856e-07
30 1.1523437500000000e-01 1.0384543228978213e-02 1.0384516696187184e-02 2.6532791028502367e-08 2.6266753259945662e-03 2.6269278233508374e-03 -2.5249735627124945e-07
31 1.1914062500000000e-01 1.1002710501433611e-02 1.1002683374397014e-02 2.7127036596186205e-08 3.6033703489480613e-03 3.6036225129754762e-03 -2.5216402741497917e-07
32 1.2304687500000000e-01 1.1632168270947851e-02 1.1632140588697203e-02 2.7682250648003448e-08 4.5876973085565709e-03 4.5879492895944058e-03 -2.5198103783489328e-07
33 1.2695312500000000e-01 1.2272375050109294e-02 1.2272346851108141e-02 2.8199001153236813e-08 5.5791147287447274e-03 5.5793666652280147e-03 -2.5193648328734192e-07
34 1.3085937500000000e-01 1.2922794934009149e-02 1.2922766256000525e-02 2.8678008624077878e-08 6.5770867154739173e-03 6.5773387342469994e-03 -2.5201877308211190e-07
35 1.3476562500000000e-01 1.3582897600224875e-02 1.3582868480095349e-02 2.9120129526466476e-08 7.5810829567023209e-03 7.5813351733723536e-03 -2.5221667003267473e-07
36 1.3867187500000000e-01 1.4252158308804377e-02 1.4252128782463914e-02 2.9526340462882050e-08 8.5905787223802006e-03 8.5908312416753847e-03 -2.5251929518417537e-07
37 1.4257812500000000e-01 1.4930057902250857e-02 1.4930028004527833e-02 2.9897723024738254e-08 9.6050548644272312e-03 9.6053077805776949e-03 -2.5291615046371674e-07
38 1.4648437500000000e-01 1.5616082805508472e-02 1.5616052570059021e-02 3.0235449451423979e-08 1.0623997816718855e-02 1.0624251213851205e-02 -2.5339713234998062e-07
39 1.5039062500000000e-01 1.6309725025948688e-02 1.6309694485179695e-02 3.0540768993642109e-08 1.1646899595072924e-02 1.1647153547618135e-02 -2.5395254521151656e-07
40 1.5429687500000000e-01 1.7010482153357404e-02 1.7010451338362379e-02 3.0814995024414094e-08 1.2673257797242968e-02 1.2673512370351003e-02 -2.5457310803486677e-07
41 1.5820312500000000e-01 1.7717857359922769e-02 1.7717826300429902e-02 3.1059492866525318e-08 1.3702575602898481e-02 1.3702830852872641e-02 -2.5524997416051520e-07
42 1.6210937500000000e-01 1.8431359400223855e-02 1.8431328124555404e-02 3.1275668450903016e-08 1.4734361773631131e-02 1.4734617748356188e-02 -2.5597472505696495e-07
43 1.6601562500000000e-01 1.9150502611219835e-02 1.9150471146262324e-02 3.1464957511023739e-08 1.5768130652943600e-02 1.5768387392325084e-02 -2.5673938148368380e-07
44 1.6992187500000000e-01 1.9874806912240025e-02 1.9874775283424399e-02 3.1628815625600604e-08 1.6803402166246428e-02 1.6803659702653066e-02 -2.5753640663789268e-07
45 1.7382812500000000e-01 2.0603797804974681e-02 2.0603766036265698e-02 3.1768708982915506e-08 1.7839701820864917e-02 1.7839960179564202e-02 -2.5835869928506061e-07
46 1.7773437500000000e-01 2.1337006373466343e-02 2.1336974487360560e-02 3.1886105783529572e-08 1.8876560706028011e-02 1.8876819905632832e-02 -2.5919960482123638e-07
47 1.8164062500000000e-01 2.2073969284101904e-02 2.2073937301633657e-02 3.1982468246677387e-08 1.9913515492869779e-02 1.9913775545783625e-02 -2.6005291384537110e-07
48 1.8554687500000000e-01 2.2814228785605441e-02 2.2814196726359950e-02 3.2059245490961841e-08 2.0950108434446613e-02 2.0950369347291546e-02 -2.6091284493351408e-07
49 1.8945312500000000e-01 2.3557332709031521e-02 2.3557300591164711e-02 3.2117866810565943e-08 2.1985887365732974e-02 2.1986149139781870e-02 -2.6177404889582423e-07
50 1.9335937500000000e-01 2.4302834467759250e-02 2.4302802308023522e-02 3.2159735728620742e-08 2.3020405703629621e-02 2.3020668335230171e-02 -2.6263160055051138e-07
51 1.9726562500000000e-01 2.5050293057486930e-02 2.5050260871262272e-02 3.2186224657726470e-08 2.4053222446973166e-02 2.4053485927962338e-02 -2.6348098917244878e-07
52 2.0117187500000000e-01 2.5799273056227232e-02 2.5799240857557127e-02 3.2198670105176852e-08 2.5083902176547771e-02 2.5084166494654545e-02 -2.6431810677338130e-07
53 2.0507812500000000e-01 2.6549344624302973e-02 2.6549312425934609e-02 3.2198368363905994e-08 2.6112015055079429e-02 2.6112280194333308e-02 -2.6513925387855464e-07
54 2.0898437500000000e-01 2.7300083504343493e-02 2.7300051317771488e-02 3.2186572004877512e-08 2.7137136827268860e-02 2.7137402768375399e-02 -2.6594110653921366e-07
55 2.1289062500000000e-01 2.8051071021281418e-02 2.8051038856794889e-02 3.2164486529068226e-08 2.8158848819792182e-02 2.8159115540507939e-02 -2.6672071575667422e-07
56 2.1679687500000000e-01 2.8801894082350035e-02 2.8801861949082207e-02 3.2133267827832990e-08 2.9176737941320141e-02 2.9177005416808333e-02 -2.6747548819219813e-07
57 2.2070312500000000e-01 2.9552145177081109e-02 2.9552113083061163e-02 3.2094019945111407e-08 3.0190396682506560e-02 3.0190664885704294e-02 -2.6820319773412926e-07
58 2.2460937500000000e-01 3.0301422377303173e-02 3.0301390329509782e-02 3.2047793391276613e-08 3.1199423116066625e-02 3.1199692017973846e-02 -2.6890190722023144e-07
59 2.2851562500000000e-01 3.1049329337140143e-02 3.1049297341556380e-02 3.1995583762295388e-08 3.2203420896711785e-02 3.2203690466745309e-02 -2.6957003352451325e-07
60 2.3242187500000000e-01 3.1795475293010494e-02 3.1795443354679598e-02 3.1938330896652545e-08 3.3201999261218619e-02 3.3202269467497318e-02 -2.7020627869911440e-07
61 2.3632812500000000e-01 3.2539475063626630e-02 3.2539443186708358e-02 3.1876918271667165e-08 3.4194773028426856e-02 3.4195043838058804e-02 -2.7080963194842100e-07
62 2.4023437500000000e-01 3.3280949049994700e-02 3.3280917237821908e-02 3.1812172791856330e-08 3.5181362599253418e-02 3.5181633978609010e-02 -2.7137935559168325e-07
63 2.4414062500000000e-01 3.4019523235414809e-02 3.4019491490549794e-02 3.1744865014449175e-08 3.6161393956732013e-02 3.6161665871677483e-02 -2.7191494546968675e-07
64 2.4804687500000000e-01 3.4754829185481340e-02 3.4754797509771868e-02 3.1675709472045455e-08 3.7134498665989002e-02 3.7134771082144073e-02 -2.7241615507128669e-07
65 2.5195312500000000e-01 3.5486504048083699e-02 3.5486472442718291e-02 3.1605365408138297e-08 3.8100313874286119e-02 3.8100586757238944e-02 -2.7288295282451580e-07
66 2.5585937500000000e-01 3.6214190553407348e-02 3.6214159018969509e-02 3.1534437838764973e-08 3.9058482311038131e-02 3.9058755626542541e-02 -2.7331550440934382e-07
67 2.5976562500000000e-01 3.6937537013934818e-02 3.6937505550456301e-02 3.1463478517013144e-08 4.0008652287822181e-02 4.0008926001985641e-02 -2.7371416345955968e-07
68 2.6367187500000000e-01 3.7656197324447201e-02 3.7656165931459734e-02 3.1392987466516420e-08 4.0950477698402210e-02 4.0950751777849313e-02 -2.7407944710317045e-07
69 2.6757812500000000e-01 3.8369830962025696e-02 3.8369799638611209e-02 3.1323414487194334e-08 4.1883618018715651e-02 4.1883892430764957e-02 -2.7441204930589436e-07
70 2.7148437500000000e-01 3.9078102986053333e-02 3.9078071730892380e-02 3.1255160952425864e-08 4.2807738306951656e-02 4.2808013019714222e-02 -2.7471276256574306e-07
71 2.7539062500000000e-01 3.9780684038216788e-02 3.9780652849635244e-02 3.1188581543772909e-08 4.3722509203489093e-02 4.3722784186029116e-02 -2.7498254002306100e-07
72 2.7929687500000000e-01 4.0477250342508438e-02 4.0477219218522091e-02 3.1123986346526245e-08 4.4627606930966117e-02 4.4627882153391932e-02 -2.7522242581484724e-07
73 2.8320312500000000e-01 4.1167483705228353e-02 4.1167452643585532e-02 3.1061642820351398e-08 4.5522713294275804e-02 4.5522988727835265e-02 -2.7543355946013648e-07
74 2.8710937500000000e-01 4.1851071514986397e-02 4.1851040513208468e-02 3.1001777929529073e-08 4.6407515680577660e-02 4.6407791297742015e-02 -2.7561716435531292e-07
75 2.9101562500000000e-01 4.2527706742704660e-02 4.2527675798124102e-02 3.0944580557690227e-08 4.7281707059330103e-02 4.7281982833845403e-02 -2.7577451530008679e-07
76 2.9492187500000000e-01 4.3197087941619479e-02 4.3197057051415938e-02 3.0890203540911987e-08 4.8144985982280369e-02 4.8145261889228928e-02 -2.7590694855889053e-07
77 2.9882812500000000e-01 4.3858919247283759e-02 4.3858888408517822e-02 3.0838765936735957e-08 4.8997056583469360e-02 4.8997332599326419e-02 -2.7601585705916420e-07
78 3.0273437500000000e-01 4.4512910377569381e-02 4.4512879587213880e-02 3.0790355501353339e-08 4.9837628579276788e-02 4.9837904681922021e-02 -2.7610264523303396e-07
79 3.0664062500000000e-01 4.5158776632669304e-02 4.5158745887638518e-02 3.0745030785150895e-08 5.0666417268409640e-02 5.0666693437150134e-02 -2.7616874049424256e-07
80 3.1054687500000000e-01 4.5796238895099921e-02 4.5796208192276477e-02 3.0702823443362615e-08 5.1483143531910969e-02 5.1483419747495499e-02 -2.7621558452983752e-07
81 3.1445312500000000e-01 4.6425023629703362e-02 4.6424992965962808e-02 3.0663740553660279e-08 5.2287533833208499e-02 5.2287810077793172e-02 -2.7624458467240265e-07
82 3.1835937500000000e-01 4.7044862883649598e-02 4.7044832255882851e-02 3.0627766746393892e-08 5.3079320218045130e-02 5.3079596475228474e-02 -2.7625718334450822e-07
83 3.2226562500000000e-01 4.7655494286438602e-02 4.7655463691572274e-02 3.0594866327893211e-08 5.3858240314543324e-02 5.3858516569337093e-02 -2.7625479376985895e-07
84 3.2617187500000000e-01 4.8256661049902498e-02 4.8256630484917011e-02 3.0564985487036012e-08 5.4624037333211771e-02 5.4624313572004958e-02 -2.7623879318705580e-07
85 3.3007812500000000e-01 4.8848111968207521e-02 4.8848081430153331e-02 3.0538054189566122e-08 5.5376460066938749e-02 5.5376736277468336e-02 -2.7621052958726189e-07
86 3.3398437500000000e-01 4.9429601417856052e-02 4.9429570903867820e-02 3.0513988232006017e-08 5.6115262890997997e-02 5.6115539062313813e-02 -2.7617131581614274e-07
87 3.3789062500000000e-01 5.0000889357688379e-02 5.0000858864997319e-02 3.0492691059647026e-08 5.6840205763073470e-02 5.6840481885478231e-02 -2.7612240476038163e-07
88 3.4179687500000000e-01 5.0561741328884545e-02 5.0561710854829030e-02 3.0474055515150589e-08 5.7551054223229765e-02 5.7551330288248791e-02 -2.7606501902532887e-07
89 3.4570312500000000e-01 5.1111928454966073e-02 5.1111897997000430e-02 3.0457965642660678e-08 5.8247579393934309e-02 5.8247855394262971e-02 -2.7600032866115232e-07
90 3.4960937500000000e-01 5.1651227441797481e-02 5.1651196997499309e-02 3.0444298172727091e-08 5.8929557980068652e-02 5.8929833909508560e-02 -2.7592943990795149e-07
91 3.5351562500000000e-01 5.2179420577587850e-02 5.2179390144663759e-02 3.0432924090495472e-08 5.9596772268920878e-02 5.9597048122323651e-02 -2.7585340277302972e-07
92 3.5742187500000000e-01 5.2696295732892168e-02 5.2696265309182172e-02 3.0423709995730519e-08 6.0249010130192460e-02 6.0249285903396635e-02 -2.7577320417526696e-07
93 3.6132812500000000e-01 5.3201646360612705e-02 5.3201615944093270e-02 3.0416519435083611e-08 6.0886065015992585e-02 6.0886340705766234e-02 -2.7568977364889058e-07
94 3.6523437500000000e-01 5.3695271496000195e-02 5.3695241084786051e-02 3.0411214144154819e-08 6.1507735960860337e-02 6.1508011564821441e-02 -2.7560396110432039e-07
95 3.6914062500000000e-01 5.4176975756654928e-02 5.4176945348999826e-02 3.0407655102204778e-08 6.2113827581721286e-02 6.2114103098301586e-02 -2.7551658030033899e-07
96 3.7304687500000000e-01 5.4646569342527748e-02 5.4646538936824231e-02 3.0405703517477622e-08 6.2704150077933382e-02 6.2704425506296277e-02 -2.7542836289473627e-07
97 3.7695312500000000e-01 5.5103868035921037e-02 5.5103837630699176e-02 3.0405221861096177e-08 6.3278519231265415e-02 6.3278794571245453e-02 -2.7533998003814730e-07
98 3.8085937500000000e-01 5.5548693201489349e-02 5.5548662795414885e-02 3.0406074463806831e-08 6.3836756405891038e-02 6.3837031657939317e-02 -2.7525204827905103e-07
99 3.8476562500000000e-01 5.5980871786240394e-02 5.5980841378111934e-02 3.0408128459669115e-08 6.4378688548437424e-02 6.4378963713518450e-02 -2.7516508102620740e-07
100 3.8867187500000000e-01 5.6400236319535446e-02 5.6400205908281126e-02 3.0411254320350523e-08 6.4904148187881289e-02 6.4904423267473657e-02 -2.7507959236838797e-07
101 3.9257812500000000e-01 5.6806624913089951e-02 5.6806594497763624e-02 3.0415326326971304e-08 6.5412973435640814e-02 6.5413248431646101e-02 -2.7499600528668733e-07
102 3.9648437500000000e-01 5.7199881260974111e-02 5.7199850840750861e-02 3.0420223250116063e-08 6.5905007985535474e-02 6.5905282900227208e-02 -2.7491469173357430e-07
103 4.0039062500000000e-01 5.7579854639613036e-02 5.7579824213784624e-02 3.0425828412283806e-08 6.6380101113788517e-02 6.6380375949758791e-02 -2.7483597027366802e-07
104 4.0429687500000000e-01 5.7946399907787174e-02 5.7946369475756959e-02 3.0432030215243877e-08 6.6838107679018322e-02 6.6838382439132857e-02 -2.7476011453531068e-07
105 4.0820312500000000e-01 5.8299377506632652e-02 5.8299347067910234e-02 3.0438722417591713e-08 6.7278888122260128e-02 6.7279162809591800e-02 -2.7468733167224091e-07
106 4.1210937500000000e-01 5.8638653459641289e-02 5.8638623013837120e-02 3.0445804169443313e-08 6.7702308466912386e-02 6.7702583084728277e-02 -2.7461781589022127e-07
107 4.1601562500000000e-01 5.8964099372660797e-02 5.8964068919480597e-02 3.0453180199785379e-08 6.8108240318800070e-02 6.8108514870485290e-02 -2.7455168521983708e-07
108 4.1992187500000000e-01 5.9275592433894804e-02 5.9275561973133960e-02 3.0460760844230883e-08 6.8496560866116843e-02 6.8496835355156105e-02 -2.7448903926197143e-07
109 4.2382812500000000e-01 5.9573015413902912e-02 5.9572984945440791e-02 3.0468462121346906e-08 6.8867152879445490e-02 6.8867427309384333e-02 -2.7442993884296829e-07
110 4.2773437500000000e-01 5.9856256665600481e-02 5.9856226189394984e-02 3.0476205496732245e-08 6.9219904711744107e-02 6.9220179086163847e-02 -2.7437441973976462e-07
111 4.3164062500000000e-01 6.0125210124258886e-02 6.0125179640340733e-02 3.0483918153634271e-08 6.9554710298383782e-02 6.9554984620838839e-02 -2.7432245505720765e-07
112 4.3554687500000000e-01 6.0379775307505108e-02 6.0379744815972552e-02 3.0491532555798617e-08 6.9871469157045549e-02 6.9871743431103847e-02 -2.7427405829838492e-07
113 4.3945312500000000e-01 6.0619857315321782e-02 6.0619826816335237e-02 3.0498986544613693e-08 7.0170086387836145e-02 7.0170360617003644e-02 -2.7422916749897386e-07
114 4.4335937500000000e-01 6.0845366830046911e-02 6.0845336323823919e-02 3.0506222992165988e-08 7.0450472673205797e-02 7.0450746860933361e-02 -2.7418772756415688e-07
115 4.4726562500000000e-01 6.1056220116373634e-02 6.1056189603184000e-02 3.0513189634706617e-08 7.0712544277975284e-02 7.0712818427638421e-02 -2.7414966313754618e-07
116 4.5117187500000000e-01 6.1252339021350223e-02 6.1252308501511248e-02 3.0519838975506808e-08 7.0956223049336131e-02 7.0956497164214566e-02 -2.7411487843465032e-07
117 4.5507812500000000e-01 6.1433650974379833e-02 6.1433620448251645e-02 3.0526128187713386e-08 7.1181436416807742e-02 7.1181710500107798e-02 -2.7408330005584958e-07
118 4.5898437500000000e-01 6.1600088987220185e-02 6.1600058455201549e-02 3.0532018635565095e-08 7.1388117392306369e-02 7.1388391447114466e-02 -2.7405480809705729e-07
119 4.6289062500000000e-01 6.1751591653983452e-02 6.1751561116507592e-02 3.0537475860514807e-08 7.1576204570071592e-02 7.1576478599381210e-02 -2.7402930961872851e-07
120 4.6679687500000000e-01 6.1888103151135992e-02 6.1888072608666758e-02 3.0542469234284830e-08 7.1745642126698803e-02 7.1745916133405002e-02 -2.7400670619959211e-07
121 4.7070312500000000e-01 6.2009573237498179e-02 6.2009542690526248e-02 3.0546971931111333e-08 7.1896379821133102e-02 7.1896653808033048e-02 -2.7398689994573289e-07
122 4.7460937500000000e-01 6.2115957254244188e-02 6.2115926703283648e-02 3.0550960539166283e-08 7.2028372994665801e-02 7.2028646964462928e-02 -2.7396979712657199e-07
123 4.7851562500000000e-01 6.2207216124901911e-02 6.2207185570486816e-02 3.0554415095251919e-08 7.2141582570942830e-02 7.2141856526242512e-02 -2.7395529968166077e-07
124 4.8242187500000000e-01 6.2283316355352669e-02 6.2283285798033924e-02 3.0557318744794948e-08 7.2235975055913129e-02 7.2236248999269975e-02 -2.7394335684605142e-07
125 4.8632812500000000e-01 6.2344230033831084e-02 6.2344199474173446e-02 3.0559657637763138e-08 7.2311522537914050e-02 7.2311796471793768e-02 -2.7393387971863525e-07
126 4.9023437500000000e-01 6.2389934830925114e-02 6.2389904269504151e-02 3.0561420963359787e-08 7.2368202687589478e-02 7.2368476614412688e-02 -2.7392682321047968e-07
127 4.9414062500000000e-01 6.2420413999575708e-02 6.2420383436975133e-02 3.0562600575323451e-08 7.2405998757930662e-02 7.2406272680075809e-02 -2.7392214514698754e-07
128 4.9804687500000000e-01 6.2435656375076955e-02 6.2435625811885768e-02 3.0563191186216976e-08 7.2424899584265276e-02 7.2425173504082507e-02 -2.7391981723134950e-07
129 5.0195312500000000e-01 6.2435656375075907e-02 6.2435625811885775e-02 3.0563190131505102e-08 7.2424899584257588e-02 7.2425173504082521e-02 -2.7391982493352174e-07
130 5.0585937500000000e-01 6.2420413999572620e-02 6.2420383436975140e-02 3.0562597480576770e-08 7.2405998757907208e-02 7.2406272680075809e-02 -2.7392216860044893e-07
131 5.0976562500000000e-01 6.2389934830919959e-02 6.2389904269504151e-02 3.0561415807761616e-08 7.2368202687556504e-02 7.2368476614412688e-02 -2.7392685618410351e-07
132 5.1367187500000000e-01 6.2344230033823965e-02 6.2344199474173440e-02 3.0559650525396886e-08 7.2311522537866324e-02 7.2311796471793768e-02 -2.7393392744434752e-07
133 5.1757812500000000e-01 6.2283316355343621e-02 6.2283285798033924e-02 3.0557309696477297e-08 7.2235975055859047e-02 7.2236248999269975e-02 -2.7394341092779051e-07
134 5.2148437500000000e-01 6.2207216124891059e-02 6.2207185570486816e-02 3.0554404242821853e-08 7.2141582570873566e-02 7.2141856526242512e-02 -2.7395536894569972e-07
135 5.2539062500000000e-01 6.2115957254231594e-02 6.2115926703283642e-02 3.0550947952012741e-08 7.2028372994594067e-02 7.2028646964462928e-02 -2.7396986886085717e-07
136 5.2929687500000000e-01 6.2009573237483913e-02 6.2009542690526255e-02 3.0546957657806573e-08 7.1896379821045714e-02 7.1896653808033048e-02 -2.7398698733416271e-07
137 5.3320312500000000e-01 6.1888103151120193e-02 6.1888072608666744e-02 3.0542453448301199e-08 7.1745642126600728e-02 7.1745916133404988e-02 -2.7400680426004076e-07
138 5.3710937500000000e-01 6.1751591653966258e-02 6.1751561116507606e-02 3.0537458652057925e-08 7.1576204569964830e-02 7.1576478599381224e-02 -2.7402941639442790e-07
139 5.4101562500000000e-01 6.1600088987201734e-02 6.1600058455201542e-02 3.0532000191985098e-08 7.1388117392186340e-02 7.1388391447114466e-02 -2.7405492812604404e-07
140 5.4492187500000000e-01 6.1433650974360175e-02 6.1433620448251632e-02 3.0526108543704744e-08 7.1181436416680580e-02 7.1181710500107784e-02 -2.7408342720414147e-07
141 5.4882812500000000e-01 6.1252339021329628e-02 6.1252308501511241e-02 3.0519818387808595e-08 7.0956223049191469e-02 7.0956497164214566e-02 -2.7411502309671043e-07
142 5.5273437500000000e-01 6.1056220116352276e-02 6.1056189603184007e-02 3.0513168269852287e-08 7.0712544277823822e-02 7.0712818427638421e-02 -2.7414981459972232e-07
143 5.5664062500000000e-01 6.0845366830025012e-02 6.0845336323823912e-02 3.0506201099955721e-08 7.0450472673044828e-02 7.0450746860933361e-02 -2.7418788853261766e-07
144 5.6054687500000000e-01 6.0619857315299577e-02 6.0619826816335230e-02 3.0498964347092095e-08 7.0170086387669528e-02 7.0170360617003630e-02 -2.7422933410181649e-07
145 5.6445312500000000e-01 6.0379775307482751e-02 6.0379744815972539e-02 3.0491510212560247e-08 6.9871469156886218e-02 6.9871743431103833e-02 -2.7427421761538895e-07
146 5.6835937500000000e-01 6.0125210124236543e-02 6.0125179640340726e-02 3.0483895817334794e-08 6.9554710298224326e-02 6.9554984620838839e-02 -2.7432261451298956e-07
147 5.7226562500000000e-01 5.9856256665578360e-02 5.9856226189394970e-02 3.0476183389416267e-08 6.9219904711597668e-02 6.9220179086163833e-02 -2.7437456616430378e-07
148 5.7617187500000000e-01 5.9573015413881179e-02 5.9572984945440791e-02 3.0468440388731199e-08 6.8867152879289101e-02 6.8867427309384333e-02 -2.7443009523175910e-07
149 5.8007812500000000e-01 5.9275592433873731e-02 5.9275561973133967e-02 3.0460739763871203e-08 6.8496560865952461e-02 6.8496835355156119e-02 -2.7448920365824581e-07
150 5.8398437500000000e-01 5.8964099372640577e-02 5.8964068919480604e-02 3.0453159972909649e-08 6.8108240318643709e-02 6.8108514870485290e-02 -2.7455184158087231e-07
151 5.8789062500000000e-01 5.8638653459622138e-02 5.8638623013837127e-02 3.0445785011157245e-08 6.7702308466756803e-02 6.7702583084728291e-02 -2.7461797148797817e-07
152 5.9179687500000000e-01 5.8299377506614875e-02 5.8299347067910241e-02 3.0438704633206637e-08 6.7278888122104474e-02 6.7279162809591800e-02 -2.7468748732550896e-07
153 5.9570312500000000e-01 5.7946399907770903e-02 5.7946369475756952e-02 3.0432013950476566e-08 6.6838107678874950e-02 6.6838382439132843e-02 -2.7476025789285874e-07
154 5.9960937500000000e-01 5.7579854639598547e-02 5.7579824213784631e-02 3.0425813916934441e-08 6.6380101113650475e-02 6.6380375949758791e-02 -2.7483610831602334e-07
155 6.0351562500000000e-01 5.7199881260961608e-02 5.7199850840750868e-02 3.0420210739290354e-08 6.5905007985406883e-02 6.5905282900227222e-02 -2.7491482033903392e-07
156 6.0742187500000000e-01 5.6806624913079591e-02 5.6806594497763624e-02 3.0415315967202705e-08 6.5412973435520883e-02 6.5413248431646101e-02 -2.7499612521852956e-07
157 6.1132812500000000e-01 5.6400236319527348e-02 5.6400205908281126e-02 3.0411246222661337e-08 6.4904148187791028e-02 6.4904423267473657e-02 -2.7507968262951987e-07
158 6.1523437500000000e-01 5.5980871786234690e-02 5.5980841378111934e-02 3.0408122755898326e-08 6.4378688548368340e-02 6.4378963713518450e-02 -2.7516515010983511e-07
159 6.1914062500000000e-01 5.5548693201486130e-02 5.5548662795414899e-02 3.0406071230282272e-08 6.3836756405847614e-02 6.3837031657939330e-02 -2.7525209171652687e-07
160 6.2304687500000000e-01 5.5103868035920434e-02 5.5103837630699162e-02 3.0405221271290195e-08 6.3278519231223934e-02 6.3278794571245439e-02 -2.7534002150497727e-07
161 6.2695312500000000e-01 5.4646569342529767e-02 5.4646538936824231e-02 3.0405705536695748e-08 6.2704150077905751e-02 6.2704425506296277e-02 -2.7542839052541179e-07
162 6.3085937500000000e-01 5.4176975756659591e-02 5.4176945348999833e-02 3.0407659758202588e-08 6.2113827581711689e-02 6.2114103098301593e-02 -2.7551658990376815e-07
163 6.3476562500000000e-01 5.3695271496007543e-02 5.3695241084786044e-02 3.0411221499382357e-08 6.1507735960869815e-02 6.1508011564821441e-02 -2.7560395162579132e-07
164 6.3867187500000000e-01 5.3201646360622717e-02 5.3201615944093270e-02 3.0416529447907514e-08 6.0886065016027537e-02 6.0886340705766234e-02 -2.7568973869768199e-07
165 6.4257812500000000e-01 5.2696295732904838e-02 5.2696265309182179e-02 3.0423722659211894e-08 6.0249010130241448e-02 6.0249285903396642e-02 -2.7577315519361489e-07
166 6.4648437500000000e-01 5.2179420577603164e-02 5.2179390144663759e-02 3.0432939404634318e-08 5.9596772268985569e-02 5.9597048122323651e-02 -2.7585333808172185e-07
167 6.5039062500000000e-01 5.1651227441815328e-02 5.1651196997499309e-02 3.0444316019562212e-08 5.8929557980135883e-02 5.8929833909508560e-02 -2.7592937267700846e-07
168 6.5429687500000000e-01 5.1111928454986341e-02 5.1111897997000430e-02 3.0457985911169771e-08 5.8247579394020477e-02 5.8247855394262971e-02 -2.7600024249396782e-07
169 6.5820312500000000e-01 5.0561741328907138e-02 5.0561710854829037e-02 3.0474078101250246e-08 5.7551054223321137e-02 5.7551330288248798e-02 -2.7606492766091284e-07
170 6.6210937500000000e-01 5.0000889357713130e-02 5.0000858864997326e-02 3.0492715803742687e-08 5.6840205763174702e-02 5.6840481885478238e-02 -2.7612230353579736e-07
171 6.6601562500000000e-01 4.9429601417882864e-02 4.9429570903867813e-02 3.0514015050830956e-08 5.6115262891105459e-02 5.6115539062313806e-02 -2.7617120834655395e-07
172 6.6992187500000000e-01 4.8848111968236262e-02 4.8848081430153331e-02 3.0538082930464672e-08 5.5376460067043422e-02 5.5376736277468336e-02 -2.7621042491404735e-07
173 6.7382812500000000e-01 4.8256661049933036e-02 4.8256630484917004e-02 3.0565016032046977e-08 5.4624037333326214e-02 5.4624313572004951e-02 -2.7623867873693975e-07
174 6.7773437500000000e-01 4.7655494286470833e-02 4.7655463691572274e-02 3.0594898559055395e-08 5.3858240314649919e-02 5.3858516569337093e-02 -2.7625468717457080e-07
175 6.8164062500000000e-01 4.7044862883683404e-02 4.7044832255882858e-02 3.0627800545746098e-08 5.3079320218165235e-02 5.3079596475228481e-02 -2.7625706324613253e-07
176 6.8554687500000000e-01 4.6425023629738618e-02 4.6424992965962808e-02 3.0663775810180205e-08 5.2287533833341455e-02 5.2287810077793165e-02 -2.7624445170931766e-07
177 6.8945312500000000e-01 4.5796238895136496e-02 4.5796208192276477e-02 3.0702860018272382e-08 5.1483143532053716e-02 5.1483419747495499e-02 -2.7621544178291213e-07
178 6.9335937500000000e-01 4.5158776632707079e-02 4.5158745887638518e-02 3.0745068560489308e-08 5.0666417268540737e-02 5.0666693437150134e-02 -2.7616860939772003e-07
179 6.9726562500000000e-01 4.4512910377608211e-02 4.4512879587213866e-02 3.0790394345281413e-08 4.9837628579403770e-02 4.9837904681922014e-02 -2.7610251824433663e-07
180 7.0117187500000000e-01 4.3858919247323498e-02 4.3858888408517836e-02 3.0838805661903557e-08 4.8997056583594656e-02 4.8997332599326433e-02 -2.7601573177743477e-07
181 7.0507812500000000e-01 4.3197087941659953e-02 4.3197057051415938e-02 3.0890244015480128e-08 4.8144985982407545e-02 4.8145261889228928e-02 -2.7590682138284306e-07
182 7.0898437500000000e-01 4.2527706742745759e-02 4.2527675798124102e-02 3.0944621656758819e-08 4.7281707059465633e-02 4.7281982833845403e-02 -2.7577437976961106e-07
183 7.1289062500000000e-01 4.1851071515027961e-02 4.1851040513208468e-02 3.1001819493503557e-08 4.6407515680712809e-02 4.6407791297742022e-02 -2.7561702921341524e-07
184 7.1679687500000000e-01 4.1167483705270257e-02 4.1167452643585532e-02 3.1061684724331684e-08 4.5522713294404132e-02 4.5522988727835265e-02 -2.7543343113223262e-07
185 7.2070312500000000e-01 4.0477250342550584e-02 4.0477219218522091e-02 3.1124028493367817e-08 4.4627606931094022e-02 4.4627882153391932e-02 -2.7522229791021591e-07
186 7.2460937500000000e-01 3.9780684038259038e-02 3.9780652849635244e-02 3.1188623794697889e-08 4.3722509203615090e-02 4.3722784186029116e-02 -2.7498241402662549e-07
187 7.2851562500000000e-01 3.9078102986095549e-02 3.9078071730892373e-02 3.1255203175595270e-08 4.2807738307083253e-02 4.2808013019714222e-02 -2.7471263096962018e-07
188 7.3242187500000000e-01 3.8369830962067725e-02 3.8369799638611209e-02 3.1323456516074710e-08 4.1883618018854027e-02 4.1883892430764950e-02 -2.7441191092353323e-07
189 7.3632812500000000e-01 3.7656197324488924e-02 3.7656165931459741e-02 3.1393029183146570e-08 4.0950477698535173e-02 4.0950751777849320e-02 -2.7407931414702436e-07
190 7.4023437500000000e-01 3.6937537013976132e-02 3.6937505550456301e-02 3.1463519831187448e-08 4.0008652287960363e-02 4.0008926001985641e-02 -2.7371402527842648e-07
191 7.4414062500000000e-01 3.6214190553448065e-02 3.6214159018969509e-02 3.1534478556194401e-08 3.9058482311173037e-02 3.9058755626542534e-02 -2.7331536949642965e-07
192 7.4804687500000000e-01 3.5486504048123667e-02 3.5486472442718291e-02 3.1605405376167184e-08 3.8100313874423364e-02 3.8100586757238937e-02 -2.7288281557319438e-07
193 7.5195312500000000e-01 3.4754829185520371e-02 3.4754797509771874e-02 3.1675748496384770e-08 3.7134498666111987e-02 3.7134771082144080e-02 -2.7241603209327003e-07
194 7.5585937500000000e-01 3.4019523235452785e-02 3.4019491490549794e-02 3.1744902991015511e-08 3.6161393956844153e-02 3.6161665871677483e-02 -2.7191483333022237e-07
195 7.5976562500000000e-01 3.3280949050031518e-02 3.3280917237821908e-02 3.1812209609627384e-08 3.5181362599353387e-02 3.5181633978609010e-02 -2.7137925562303877e-07
196 7.6367187500000000e-01 3.2539475063662157e-02 3.2539443186708358e-02 3.1876953798803953e-08 3.4194773028505508e-02 3.4195043838058804e-02 -2.7080955329605860e-07
197 7.6757812500000000e-01 3.1795475293044724e-02 3.1795443354679598e-02 3.1938365126216173e-08 3.3201999261287085e-02 3.3202269467497318e-02 -2.7020621023304825e-07
198 7.7148437500000000e-01 3.1049329337173012e-02 3.1049297341556380e-02 3.1995616631835810e-08 3.2203420896756541e-02 3.2203690466745309e-02 -2.6956998876864757e-07
199 7.7539062500000000e-01 3.0301422377334651e-02 3.0301390329509788e-02 3.2047824862629914e-08 3.1199423116105594e-02 3.1199692017973849e-02 -2.6890186825487272e-07
200 7.7929687500000000e-01 2.9552145177111199e-02 2.9552113083061163e-02 3.2094050035624822e-08 3.0190396682538298e-02 3.0190664885704294e-02 -2.6820316599562855e-07
201 7.8320312500000000e-01 2.8801894082378734e-02 2.8801861949082210e-02 3.2133296523628729e-08 2.9176737941334661e-02 2.9177005416808337e-02 -2.6747547367603208e-07
202 7.8710937500000000e-01 2.8051071021308761e-02 2.8051038856794878e-02 3.2164513882187995e-08 2.8158848819804055e-02 2.8159115540507932e-02 -2.6672070387728786e-07
203 7.9101562500000000e-01 2.7300083504369490e-02 2.7300051317771485e-02 3.2186598004912970e-08 2.7137136827278141e-02 2.7137402768375396e-02 -2.6594109725497361e-07
204 7.9492187500000000e-01 2.6549344624327644e-02 2.6549312425934602e-02 3.2198393042082163e-08 2.6112015055080207e-02 2.6112280194333301e-02 -2.6513925309445963e-07
205 7.9882812500000000e-01 2.5799273056250592e-02 2.5799240857557127e-02 3.2198693464963180e-08 2.5083902176548295e-02 2.5084166494654545e-02 -2.6431810624949481e-07
206 8.0273437500000000e-01 2.5050293057509009e-02 2.5050260871262272e-02 3.2186246737286872e-08 2.4053222446976365e-02 2.4053485927962338e-02 -2.6348098597361869e-07
207 8.0664062500000000e-01 2.4302834467780084e-02 2.4302802308023522e-02 3.2159756562649688e-08 2.3020405703630203e-02 2.3020668335230171e-02 -2.6263159996764429e-07
208 8.1054687500000000e-01 2.3557332709051169e-02 2.3557300591164711e-02 3.2117886458044032e-08 2.1985887365730237e-02 2.1986149139781870e-02 -2.6177405163321787e-07
209 8.1445312500000000e-01 2.2814228785623916e-02 2.2814196726359950e-02 3.2059263965766860e-08 2.0950108434441006e-02 2.0950369347291550e-02 -2.6091285054360980e-07
210 8.1835937500000000e-01 2.2073969284119244e-02 2.2073937301633654e-02 3.1982485590442700e-08 1.9913515492865130e-02 1.9913775545783625e-02 -2.6005291849443002e-07
211 8.2226562500000000e-01 2.1337006373482573e-02 2.1336974487360563e-02 3.1886122010132967e-08 1.8876560706024496e-02 1.8876819905632836e-02 -2.5919960833925559e-07
212 8.2617187500000000e-01 2.0603797804989835e-02 2.0603766036265698e-02 3.1768724137459792e-08 1.7839701820865601e-02 1.7839960179564202e-02 -2.5835869860157956e-07
213 8.3007812500000000e-01 1.9874806912254125e-02 1.9874775283424403e-02 3.1628829721963569e-08 1.6803402166247781e-02 1.6803659702653070e-02 -2.5753640528827781e-07
214 8.3398437500000000e-01 1.9150502611232929e-02 1.9150471146262320e-02 3.1464970608185983e-08 1.5768130652942046e-02 1.5768387392325084e-02 -2.5673938303799604e-07
215 8.3789062500000000e-01 1.8431359400235960e-02 1.8431328124555404e-02 3.1275680555803431e-08 1.4734361773626858e-02 1.4734617748356188e-02 -2.5597472932958887e-07
216 8.4179687500000000e-01 1.7717857359933888e-02 1.7717826300429902e-02 3.1059503986102799e-08 1.3702575602891898e-02 1.3702830852872641e-02 -2.5524998074379079e-07
217 8.4570312500000000e-01 1.7010482153367538e-02 1.7010451338362379e-02 3.0815005158668640e-08 1.2673257797236191e-02 1.2673512370351003e-02 -2.5457311481243139e-07
218 8.4960937500000000e-01 1.6309725025957872e-02 1.6309694485179691e-02 3.0540778180737638e-08 1.1646899595064668e-02 1.1647153547618132e-02 -2.5395255346359613e-07
219 8.5351562500000000e-01 1.5616082805516738e-02 1.5616052570059021e-02 3.0235457717381342e-08 1.0623997816706031e-02 1.0624251213851207e-02 -2.5339714517652601e-07
220 8.5742187500000000e-01 1.4930057902258230e-02 1.4930028004527833e-02 2.9897730397313027e-08 9.6050548644100852e-03 9.6053077805776949e-03 -2.5291616760972357e-07
221 8.6132812500000000e-01 1.4252158308810905e-02 1.4252128782463914e-02 2.9526346990646490e-08 8.5905787223587993e-03 8.5908312416753830e-03 -2.5251931658372417e-07
222 8.6523437500000000e-01 1.3582897600230598e-02 1.3582868480095347e-02 2.9120135251053947e-08 7.5810829566798077e-03 7.5813351733723527e-03 -2.5221669254504864e-07
223 8.6914062500000000e-01 1.2922794934014110e-02 1.2922766256000523e-02 2.8678013587121742e-08 6.5770867154481064e-03 6.5773387342469986e-03 -2.5201879889219514e-07
224 8.7304687500000000e-01 1.2272375050113542e-02 1.2272346851108144e-02 2.8199005398105159e-08 5.5791147287185556e-03 5.5793666652280164e-03 -2.5193650946084972e-07
225 8.7695312500000000e-01 1.1632168270951442e-02 1.1632140588697203e-02 2.7682254238881043e-08 4.5876973085272237e-03 4.5879492895944049e-03 -2.5198106718121033e-07
226 8.8085937500000000e-01 1.1002710501436608e-02 1.1002683374397014e-02 2.7127039593788371e-08 3.6033703489183524e-03 3.6036225129754754e-03 -2.5216405712298606e-07
227 8.8476562500000000e-01 1.0384543228980660e-02 1.0384516696187186e-02 2.6532793474462468e-08 2.6266753259633902e-03 2.6269278233508387e-03 -2.5249738744856712e-07
228 8.8867187500000000e-01 9.7782135235154003e-03 9.7781876243976367e-03 2.5899117763600321e-08 1.6581592977873427e-03 1.6584122910504088e-03 -2.5299326306604461e-07
229 8.9257812500000000e-01 9.1842740375107854e-03 9.1842488117085900e-03 2.5225802195369407e-08 6.9837490459038294e-04 6.9862856875441300e-04 -2.5366416403006017e-07
230 8.9648437500000000e-01 8.6032830059936515e-03 8.6032584931505750e-03 2.4512843076543445e-08 -2.5211963132565460e-04 -2.5186510850661937e-04 -2.5452281903523121e-07
231 9.0039062500000000e-01 8.0358042465671596e-03 8.0357804861044234e-03 2.3760462736222010e-08 -1.1927605055203668e-03 -1.1925049233518586e-03 -2.5558216850828271e-07
232 9.0429687500000000e-01 7.4824071594308313e-03 7.4823841903012746e-03 2.2969129556682510e-08 -2.1229783313871961e-03 -2.1227214760501643e-03 -2.5685533703179858e-07
233 9.0820312500000000e-01 6.9436667274013391e-03 6.9436445878225716e-03 2.2139578767510493e-08 -3.0421981401183018e-03 -3.0419397845200939e-03 -2.5835559820793982e-07
234 9.1210937500000000e-01 6.4201635159338594e-03 6.4201422431000663e-03 2.1272833793106738e-08 -3.9498393806658427e-03 -3.9495792843298964e-03 -2.6009633594635539e-07
235 9.1601562500000000e-01 5.9124836731440523e-03 5.9124633029158120e-03 2.0370228240307320e-08 -4.8453159197060927e-03 -4.8450538286975153e-03 -2.6209100857741557e-07
236 9.1992187500000000e-01 5.4212189298306389e-03 5.4211994964021666e-03 1.9433428472340197e-08 -5.7280360415986487e-03 -5.7277716884905983e-03 -2.6435310805043161e-07
237 9.2382812500000000e-01 4.9469665994985330e-03 4.9469481350417977e-03 1.8464456735291235e-08 -6.5974024483400721e-03 -6.5971355522264725e-03 -2.6689611359962534e-07
238 9.2773437500000000e-01 4.4903295783824898e-03 4.4903121126676744e-03 1.7465714815395605e-08 -7.4528122595212132e-03 -7.4525425260721688e-03 -2.6973344904434454e-07
239 9.3164062500000000e-01 4.0519163454712541e-03 4.0518999054630737e-03 1.6440008180317045e-08 -8.2936570122797981e-03 -8.2933841338444138e-03 -2.7287843538427448e-07
240 9.3554687500000000e-01 3.6323409625321729e-03 3.6323255719615758e-03 1.5390570597042380e-08 -9.1193226612507061e-03 -9.1190463170096239e-03 -2.7634424108226308e-07
241 9.3945312500000000e-01 3.2322230741362165e-03 3.2322087530470664e-03 1.4321089150063498e-08 -9.9291895785144097e-03 -9.9289094346839170e-03 -2.8014383049272673e-07
242 9.4335937500000000e-01 2.8521879076833932e-03 2.8521746719537382e-03 1.3235729655076273e-08 -1.0722632553547310e-02 -1.0722348263633098e-02 -2.8428991421212968e-07
243 9.4726562500000000e-01 2.4928662734284919e-03 2.4928541342660875e-03 1.2139162404445347e-08 -1.1499020793163605e-02 -1.1498731998272669e-02 -2.8879489093538990e-07
244 9.5117187500000000e-01 2.1548945645071369e-03 2.1548835279189163e-03 1.1036588220582344e-08 -1.2257717921459731e-02 -1.2257424250667831e-02 -2.9367079189962508e-07
245 9.5507812500000000e-01 1.8389147569620736e-03 1.8389048231973321e-03 9.9337647415601721e-09 -1.2998081979755938e-02 -1.2997783050533476e-02 -2.9892922246213538e-07
246 9.5898437500000000e-01 1.5455744097696688e-03 1.5455655727367483e-03 8.8370329205320064e-09 -1.3719465426536459e-02 -1.3719160845234189e-02 -3.0458130226979074e-07
247 9.6289062500000000e-01 1.2755266648665493e-03 1.2755189115228817e-03 7.7533436676144318e-09 -1.4421215137386999e-02 -1.4420904499784257e-02 -3.1063760274133156e-07
248 9.6679687500000000e-01 1.0294302471763384e-03 1.0294235568917562e-03 6.6902845821930484e-09 -1.5102672404932510e-02 -1.5102355296847652e-02 -3.1710808485845010e-07
249 9.7070312500000000e-01 8.0794946463644333e-04 8.0794380852970021e-04 5.6561067431244727e-09 -1.5763172938770838e-02 -1.5762848936738048e-02 -3.2400203279006612e-07
250 9.7460937500000000e-01 6.1175420822479325e-04 6.1174954847334777e-04 4.6597514454871716e-09 -1.6402046865406368e-02 -1.6401715537418808e-02 -3.3132798755997062e-07
251 9.7851562500000000e-01 4.4151995198653021e-04 4.4151624110963766e-04 3.7108768925547472e-09 -1.7018618728181611e-02 -1.7018279634502993e-02 -3.3909367861892359e-07
252 9.8242187500000000e-01 2.9792775306053550e-04 2.9792493317581443e-04 2.8198847210731369e-09 -1.7612207487206655e-02 -1.7611860181253363e-02 -3.4730595329171554e-07
253 9.8632812500000000e-01 1.8166425170574932e-04 1.8166225375942764e-04 1.9979463216778133e-09 -1.8182126519288602e-02 -1.8181770548582367e-02 -3.5597070623463734e-07
254 9.9023437500000000e-01 9.3421671327211444e-05 9.3420414298332318e-05 1.2570288791260379e-09 -1.8727683617856823e-02 -1.8727318525052151e-02 -3.6509280467236782e-07
255 9.9414062500000000e-01 3.3897818501750620e-05 3.3897208580688682e-05 6.0992106193878941e-10 -1.9248180992888528e-02 -1.9247806316874547e-02 -3.7467601398180617e-07
256 9.9804687500000000e-01 3.7960830032409163e-06 3.7960127449622191e-06 7.0258278697248348e-11 -1.9742915270831655e-02 -1.9742530547911100e-02 -3.8472292055585777e-07
