# P x phi_num phi_exact phi_err mu_num mu_exact mu_err
1 3.1250000000000000e-02 9.1300583250621147e-04 9.1556499513614027e-04 -2.5591626299287977e-06 -1.5484019039865791e-02 -1.5435263498230427e-02 -4.8755541635364316e-05
2 9.3750000000000000e-02 7.2185484796641591e-03 7.2111461479557179e-03 7.4023317084411996e-06 -2.6343990847324666e-03 -2.5837415652543274e-03 -5.0657519478139283e-05
3 1.5625000000000000e-01 1.7372898769164539e-02 1.7363342389548550e-02 9.5563796159887915e-06 1.3126427448340094e-02 1.3187832487901240e-02 -6.1405039561146513e-05
4 2.1875000000000000e-01 2.9186026918361967e-02 2.9177084262272942e-02 8.9426560890247531e-06 2.9615698508527546e-02 2.9684389203594577e-02 -6.8690695067031432e-05
5 2.8125000000000000e-01 4.0831314602650964e-02 4.0823147218094144e-02 8.1673845568203118e-06 4.5005707026596946e-02 4.5076704033790937e-02 -7.0997007193991657e-05
6 3.4375000000000000e-01 5.0845980246336089e-02 5.0838151618584376e-02 7.8286277517131131e-06 5.7830464745673930e-02 5.7901397340062541e-02 -7.0932594388610493e-05
7 4.0625000000000000e-01 5.8132331632467352e-02 5.8124562734922759e-02 7.7688975445924791e-06 6.6990465121067072e-02 6.7060934393588498e-02 -7.0469272521425652e-05
8 4.6875000000000000e-01 6.1958474624614415e-02 6.1950690747895443e-02 7.7838767189725155e-06 7.1753400684510887e-02 7.1823625375154965e-02 -7.0224690644077326e-05
9 5.3125000000000000e-01 6.1958474624614408e-02 6.1950690747895443e-02 7.7838767189655766e-06 7.1753400684510873e-02 7.1823625375154965e-02 -7.0224690644091203e-05
10 5.9375000000000000e-01 5.8132331632467373e-02 5.8124562734922773e-02 7.7688975445994179e-06 6.6990465121067003e-02 6.7060934393588512e-02 -7.0469272521508919e-05
11 6.5625000000000000e-01 5.0845980246336089e-02 5.0838151618584376e-02 7.8286277517131131e-06 5.7830464745673910e-02 5.7901397340062541e-02 -7.0932594388631309e-05
12 7.1875000000000000e-01 4.0831314602650964e-02 4.0823147218094144e-02 8.1673845568203118e-06 4.5005707026596925e-02 4.5076704033790937e-02 -7.0997007194012474e-05
13 7.8125000000000000e-01 2.9186026918361960e-02 2.9177084262272938e-02 8.9426560890212836e-06 2.9615698508527473e-02 2.9684389203594574e-02 -6.8690695067100821e-05
14 8.4375000000000000e-01 1.7372898769164532e-02 1.7363342389548550e-02 9.5563796159818526e-06 1.3126427448340082e-02 1.3187832487901240e-02 -6.1405039561158656e-05
15 9.0625000000000000e-01 7.2185484796641573e-03 7.2111461479557187e-03 7.4023317084385976e-06 -2.6343990847324636e-03 -2.5837415652543269e-03 -5.0657519478136681e-05
16 9.6875000000000000e-01 9.1300583250621115e-04 9.1556499513614027e-04 -2.5591626299291230e-06 -1.5484019039865791e-02 -1.5435263498230427e-02 -4.8755541635364316e-05
