# P x phi_num phi_exact phi_err mu_num mu_exact mu_err
1 9.7656250000000000e-04 9.5086594775771545e-07 9.5086124391866365e-07 4.7038390517928737e-12 -1.9862202818623016e-02 -1.9862103090883612e-02 -9.9727739403393523e-08
2 2.9296875000000000e-03 8.5243625016524054e-06 8.5243225116039217e-06 3.9990048483751466e-11 -1.9621401897774830e-02 -1.9621303499741494e-02 -9.8398033335916901e-08
3 4.8828125000000000e-03 2.3586081658495914e-05 2.3585997905854201e-05 8.3752641713579932e-11 -1.9374027404126033e-02 -1.9373930306746834e-02 -9.7097379199440059e-08
4 6.8359375000000000e-03 4.6047403127726955e-05 4.6047267615573143e-05 1.3551215381215568e-10 -1.9120167957447726e-02 -1.9120072131710721e-02 -9.5825737005117428e-08
5 8.7890625000000000e-03 7.5820055529794700e-05 7.5819860726558495e-05 1.9480323620478177e-10 -1.8859911828594894e-02 -1.8859817245547354e-02 -9.4583047539897880e-08
6 1.0742187500000000e-02 1.1281611639596031e-04 1.1281585522150205e-04 2.6117445825393076e-10 -1.8593346939507146e-02 -1.8593253570274051e-02 -9.3369233095108584e-08
7 1.2695312500000000e-02 1.5694801216809503e-04 1.5694767797998970e-04 3.3418810532997827e-10 -1.8320560863209105e-02 -1.8320468679011222e-02 -9.2184197882788643e-08
8 1.4648437500000000e-02 2.0812851819847539e-04 2.0812810477850146e-04 4.1341997392748547e-10 -1.8041640823811156e-02 -1.8041549795982385e-02 -9.1027828771211849e-08
9 1.6601562500000000e-02 2.6627075874958121e-04 2.6627026029041128e-04 4.9845916993583247e-10 -1.7756673696509927e-02 -1.7756583796514167e-02 -8.9899995760200913e-08
10 1.8554687500000000e-02 3.3128820699388579e-04 3.3128761808598744e-04 5.8890789835820689e-10 -1.7465746007588878e-02 -1.7465657207036297e-02 -8.8800552581341785e-08
11 2.0507812500000000e-02 4.0309468501365068e-04 4.0309400063239209e-04 6.8438125858712867e-10 -1.7168943934419034e-02 -1.7168856205081618e-02 -8.7729337416159181e-08
12 2.2460937500000000e-02 4.8160436380071628e-04 4.8160357929368132e-04 7.8450703496369539e-10 -1.6866353305458368e-02 -1.6866266619286072e-02 -8.6686172295902253e-08
13 2.4414062500000000e-02 5.6673176325629097e-04 5.6673087433080588e-04 8.8892548508710811e-10 -1.6558059600254919e-02 -1.6557973929388712e-02 -8.5670866206699614e-08
14 2.6367187500000000e-02 6.5839175219074700e-04 6.5839075490160988e-04 9.9728913712307521e-10 -1.6244147949444697e-02 -1.6244063266231689e-02 -8.4683213007891167e-08
15 2.8320312500000000e-02 7.5649954832339504e-04 7.5649843906083216e-04 1.1092625628802977e-09 -1.5924703134753481e-02 -1.5924619411760262e-02 -8.3722993218793285e-08
16 3.0273437500000000e-02 8.6097071828229179e-04 8.6096949376010513e-04 1.2245221866656261e-09 -1.5599809588997537e-02 -1.5599726799022797e-02 -8.2789974740343775e-08
17 3.2226562500000000e-02 9.7172117760401162e-04 9.7171983484795543e-04 1.3427560561921417e-09 -1.5269551396082104e-02 -1.5269469512170781e-02 -8.1883911323341052e-08
18 3.4179687500000000e-02 1.0886671907334425e-03 1.0886657270698038e-03 1.4636636386407276e-09 -1.4934012291005978e-02 -1.4933931286458780e-02 -8.1004547198421095e-08
19 3.6132812500000000e-02 1.2117253710235702e-03 1.2117237840679656e-03 1.5869556046869959e-09 -1.4593275659857857e-02 -1.4593195508244484e-02 -8.0151613372422825e-08
20 3.8085937500000000e-02 1.3408126807352696e-03 1.3408109683816492e-03 1.7123536204428913e-09 -1.4247424539818990e-02 -1.4247345214988683e-02 -7.9324830306801153e-08
21 4.0039062500000000e-02 1.4758464310370848e-03 1.4758445914469576e-03 1.8395901271468090e-09 -1.3896541619163217e-02 -1.3896463095255274e-02 -7.8523907943647830e-08
22 4.1992187500000000e-02 1.6167442820050218e-03 1.6167423135968885e-03 1.9684081333220388e-09 -1.3540709237258142e-02 -1.3540631488711262e-02 -7.7748546880099245e-08
23 4.3945312500000000e-02 1.7634242426223356e-03 1.7634221440613323e-03 2.0985610033573410e-09 -1.3180009384561764e-02 -1.3179932386126752e-02 -7.6998435011646493e-08
24 4.5898437500000000e-02 1.9158046707793161e-03 1.9158024409670748e-03 2.2298122413170335e-09 -1.2814523702631794e-02 -1.2814447429374961e-02 -7.6273256833722658e-08
25 4.7851562500000000e-02 2.0738042732730776e-03 2.0738019113377948e-03 2.3619352827741746e-09 -1.2444333484115369e-02 -1.2444257911432211e-02 -7.5572683158262044e-08
26 4.9804687500000000e-02 2.2373421058073471e-03 2.2373396110940669e-03 2.4947132801385330e-09 -1.2069519672757170e-02 -1.2069444776377926e-02 -7.4896379244349109e-08
27 5.1757812500000000e-02 2.4063375729922501e-03 2.4063349450533572e-03 2.6279388929718872e-09 -1.1690162863396678e-02 -1.1690088619394639e-02 -7.4244002038273416e-08
28 5.3710937500000000e-02 2.5807104283441101e-03 2.5807076669300275e-03 2.7614140826401345e-09 -1.1306343301969335e-02 -1.1306269686767992e-02 -7.3615201342733250e-08
29 5.5664062500000000e-02 2.7603807742852321e-03 2.7603778793353346e-03 2.8949498974244203e-09 -1.0918140885506133e-02 -1.0918067875886724e-02 -7.3009619409175608e-08
30 5.7617187500000000e-02 2.9452690621436938e-03 2.9452660337774268e-03 3.0283662669564060e-09 -1.0525635162133638e-02 -1.0525562735242688e-02 -7.2426890949939260e-08
31 5.9570312500000000e-02 3.1352960921531385e-03 3.1352929306613492e-03 3.1614917892809624e-09 -1.0128905331080677e-02 -1.0128833464430840e-02 -7.1866649837756813e-08
32 6.1523437500000000e-02 3.3303830134525743e-03 3.3303797192890381e-03 3.2941635361334598e-09 -9.7280302426700962e-03 -9.7279589141492425e-03 -7.1328520853675137e-08
33 6.3476562500000000e-02 3.5304513240861624e-03 3.5304478978593263e-03 3.4262268360993331e-09 -9.3230883983232652e-03 -9.3230175861990627e-03 -7.0812124202540572e-08
34 6.5429687500000000e-02 3.7354228710030132e-03 3.7354193134679411e-03 3.5575350720851162e-09 -8.9141579505636059e-03 -8.9140876334845749e-03 -7.0317079031018137e-08
35 6.7382812500000000e-02 3.9452198500569960e-03 3.9452161621075007e-03 3.6879494952693492e-09 -8.5013167029988068e-03 -8.5012468600131567e-03 -6.9842985650145351e-08
36 6.9335937500000000e-02 4.1597648060065226e-03 4.1597609886675204e-03 3.8173390021906117e-09 -8.0846421103573235e-03 -8.0845727208952983e-03 -6.9389462025240545e-08
37 7.1289062500000000e-02 4.3789806325143527e-03 4.3789766869344075e-03 3.9455799452289830e-09 -7.6642112784532880e-03 -7.6641423223445899e-03 -6.8956108698059460e-08
38 7.3242187500000000e-02 4.6027905721473970e-03 4.6027864995914665e-03 4.0725559305107573e-09 -7.2401009642048646e-03 -7.2400324216777279e-03 -6.8542527136700171e-08
39 7.5195312500000000e-02 4.8311182163765206e-03 4.8311140182188917e-03 4.1981576288235845e-09 -6.8123875756301378e-03 -6.8123194273145152e-03 -6.8148315622573730e-08
40 7.7148437500000000e-02 5.0638875055763486e-03 5.0638831832937742e-03 4.3222825743885473e-09 -6.3811471718473456e-03 -6.3810793987778627e-03 -6.7773069482857107e-08
41 7.9101562500000000e-02 5.3010227290250719e-03 5.3010182841900979e-03 4.4448349740405790e-09 -5.9464554630768163e-03 -5.9463880466937846e-03 -6.7416383031648763e-08
42 8.1054687500000000e-02 5.5424485249042548e-03 5.5424439591787436e-03 4.5657255112047102e-09 -5.5083878106373411e-03 -5.5083207327914037e-03 -6.7077845937457692e-08
43 8.3007812500000000e-02 5.7880898802986393e-03 5.7880851954274833e-03 4.6848711559438483e-09 -5.0670192269570563e-03 -5.0669524699029477e-03 -6.6757054108593228e-08
44 8.4960937500000000e-02 6.0378721311959756e-03 6.0378673290009824e-03 4.8021949932211538e-09 -4.6224243755602851e-03 -4.6223579219637481e-03 -6.6453596537022208e-08
45 8.6914062500000000e-02 6.2917209624868218e-03 6.2917160448608036e-03 4.9176260182026699e-09 -4.1746775710752877e-03 -4.1746114040122437e-03 -6.6167063043909291e-08
46 8.8867187500000000e-02 6.5495624079643551e-03 6.5495573768654010e-03 5.0310989541113571e-09 -3.7238527792382570e-03 -3.7237868821899806e-03 -6.5897048276419845e-08
47 9.0820312500000000e-02 6.8113228503242128e-03 6.8113177077701228e-03 5.1425540900304489e-09 -3.2700236168636820e-03 -3.2699579737416121e-03 -6.5643122069969362e-08
48 9.2773437500000000e-02 7.0769290211642908e-03 7.0769237692272138e-03 5.2519370770734430e-09 -2.8132633519167491e-03 -2.8131979470148900e-03 -6.5404901859050790e-08
49 9.4726562500000000e-02 7.3463080009845867e-03 7.3463026417858110e-03 5.3591987757284354e-09 -2.3536449034214785e-03 -2.3535797214606791e-03 -6.5181960799340355e-08
50 9.6679687500000000e-02 7.6193872191869906e-03 7.6193817548919447e-03 5.4642950459565798e-09 -1.8912408415286280e-03 -1.8911758676329489e-03 -6.4973895679085875e-08
51 9.8632812500000000e-02 7.8960944540751535e-03 7.8960888868885425e-03 5.5671866110162949e-09 -1.4261233874884121e-03 -1.4260586071887721e-03 -6.4780299639929581e-08
52 1.0058593750000000e-01 8.1763578328542877e-03 8.1763521650154228e-03 5.6678388649089584e-09 -9.5836441365548808e-04 -9.5829981288833121e-04 -6.4600767156865538e-08
53 1.0253906250000000e-01 8.4601058316310235e-03 8.4601000654092977e-03 5.7662217257947734e-09 -4.8803544348174910e-04 -4.8797100859491283e-04 -6.4434886836264079e-08
54 1.0449218750000000e-01 8.7472672754132196e-03 8.7472614131037744e-03 5.8623094451731861e-09 -1.5207651543771567e-05 -1.5143369274909259e-05 -6.4282268862307505e-08
55 1.0644531250000000e-01 9.0377713381098127e-03 9.0377653820293592e-03 5.9560804534924960e-09 4.6004813649581981e-04 4.6011227900218392e-04 -6.4142506364108735e-08
56 1.0839843750000000e-01 9.3315475425306514e-03 9.3315414950134422e-03 6.0475172092289142e-09 9.3766144385641387e-04 9.3772545906375905e-04 -6.4015207345180687e-08
57 1.1035156250000000e-01 9.6285257603863639e-03 9.6285196237803176e-03 6.1366060462308969e-09 1.4175621426557752e-03 1.4176260426341091e-03 -6.3899978333843699e-08
58 1.1230468750000000e-01 9.9286362122881257e-03 9.9286299889511671e-03 6.2233369586134346e-09 1.8996804539099799e-03 1.8997442503344160e-03 -6.3796424436182025e-08
59 1.1425781250000000e-01 1.0231809467747620e-02 1.0231803160044069e-02 6.3077035504510715e-09 2.3839469475070985e-03 2.3840106516827592e-03 -6.3704175660723311e-08
60 1.1621093750000000e-01 1.0537976445176811e-02 1.0537970055473999e-02 6.3897028119985766e-09 2.8702925422727848e-03 2.8703561650941095e-03 -6.3622821324695045e-08
61 1.1816406250000000e-01 1.0847068411887819e-02 1.0847061942552817e-02 6.4693350017297480e-09 3.3586485058804453e-03 3.3587120578803336e-03 -6.3551999888306066e-08
62 1.2011718750000000e-01 1.1159016984092737e-02 1.1159010437489288e-02 6.5466034485789359e-09 3.8489464549180787e-03 3.8490099462501915e-03 -6.3491332112815269e-08
63 1.2207031250000000e-01 1.1473754126903570e-02 1.1473747505389063e-02 6.6215145068382331e-09 4.3411183548629113e-03 4.3411817953093379e-03 -6.3440446426525632e-08
64 1.2402343750000000e-01 1.1791212154332030e-02 1.1791205460254695e-02 6.6940773358475925e-09 4.8350965200825158e-03 4.8351599190603212e-03 -6.3398977805453893e-08
65 1.2597656250000000e-01 1.2111323729289424e-02 1.2111316964985623e-02 6.7643038011155898e-09 5.3308136138490170e-03 5.3308769804025855e-03 -6.3366553568547368e-08
66 1.2792968750000000e-01 1.2434021863586510e-02 1.2434015031378184e-02 6.8322083251332044e-09 5.8282026483037859e-03 5.8282659911324652e-03 -6.3342828679306684e-08
67 1.2988281250000000e-01 1.2759239917933369e-02 1.2759233020125608e-02 6.8978077607390054e-09 6.3271969845015152e-03 6.3272603119431895e-03 -6.3327441674268514e-08
68 1.3183593750000000e-01 1.3086911601939285e-02 1.3086904640818022e-02 6.9611212627496144e-09 6.8277303323770067e-03 6.8277936524248854e-03 -6.3320047878623331e-08
69 1.3378906250000000e-01 1.3416970974112586e-02 1.3416963951942446e-02 7.0221701405082104e-09 7.3297367507601961e-03 7.3298000710645753e-03 -6.3320304379173298e-08
70 1.3574218750000000e-01 1.3749352441860608e-02 1.3749345360882789e-02 7.0809778197206130e-09 7.8331506473716672e-03 7.8332139752461671e-03 -6.3327874499918835e-08
71 1.3769531250000000e-01 1.4083990761489458e-02 1.4083983623919860e-02 7.1375695978592724e-09 8.3379067788200700e-03 8.3379701212504681e-03 -6.3342430398072302e-08
72 1.3964843750000000e-01 1.4420821038203982e-02 1.4420813846231359e-02 7.1919726233465875e-09 8.8439402506312360e-03 8.8440036142551828e-03 -6.3363623946724457e-08
73 1.4160156250000000e-01 1.4759778726107609e-02 1.4759771481891882e-02 7.2442157272867291e-09 9.3511865171780860e-03 9.3512499083349028e-03 -6.3391156816805516e-08
74 1.4355468750000000e-01 1.5100799628202254e-02 1.5100792333872921e-02 7.2943293332600190e-09 9.8595813817531873e-03 9.8596448064611191e-03 -6.3424707931816759e-08
75 1.4550781250000000e-01 1.5443819896388227e-02 1.5443812554042854e-02 7.3423453723214793e-09 1.0369060996534124e-02 1.0369124460502215e-02 -6.3463968091176381e-08
76 1.4746093750000000e-01 1.5788776031464096e-02 1.5788768643166959e-02 7.3882971372840611e-09 1.0879561862580545e-02 1.0879625371223464e-02 -6.3508642919249403e-08
77 1.4941406250000000e-01 1.6135604883126601e-02 1.6135597450907414e-02 7.4322191873088528e-09 1.1391020829890408e-02 1.1391084388287046e-02 -6.3558396637755643e-08
78 1.5136718750000000e-01 1.6484243649970545e-02 1.6484236175823279e-02 7.4741472663730768e-09 1.1903375097275317e-02 1.1903438710252021e-02 -6.3612976703916746e-08
79 1.5332031250000000e-01 1.6834629879488704e-02 1.6834622365370516e-02 7.5141181887783404e-09 1.2416562212489253e-02 1.2416625884574350e-02 -6.3672085097443709e-08
80 1.5527343750000000e-01 1.7186701468071726e-02 1.7186693915901972e-02 7.5521697541491850e-09 1.2930520072158964e-02 1.2930583807606881e-02 -6.3735447917642740e-08
81 1.5722656250000000e-01 1.7540396661008061e-02 1.7540389072667407e-02 7.5883406537580189e-09 1.3445186921806315e-02 1.3445250724599372e-02 -6.3802793057524121e-08
82 1.5917968750000000e-01 1.7895654052483802e-02 1.7895646429813453e-02 7.6226703490944736e-09 1.3960501355839483e-02 1.3960565229698461e-02 -6.3873858978033549e-08
83 1.6113281250000000e-01 1.8252412585582713e-02 1.8252404930383652e-02 7.6551990614570631e-09 1.4476402317562531e-02 1.4476466265947683e-02 -6.3948385151460507e-08
84 1.6308593750000000e-01 1.8610611552286063e-02 1.8610603866318427e-02 7.6859676366447527e-09 1.4992829099193188e-02 1.4992893125287459e-02 -6.4026094271849021e-08
85 1.6503906250000000e-01 1.8970190593472564e-02 1.8970182878455109e-02 7.7150174547513384e-09 1.5509721341783965e-02 1.5509785448555130e-02 -6.4106771165833853e-08
86 1.6699218750000000e-01 1.9331089698918256e-02 1.9331081956527916e-02 7.7423903399598260e-09 1.6027019035318397e-02 1.6027083225484910e-02 -6.4190166512018143e-08
87 1.6894531250000000e-01 1.9693249207296523e-02 1.9693241439167952e-02 7.7681285709507719e-09 1.6544662518660963e-02 1.6544726794707899e-02 -6.4276046936317943e-08
88 1.7089843750000000e-01 2.0056609806177964e-02 2.0056602013903232e-02 7.7922747317160646e-09 1.7062592479575756e-02 1.7062656843752116e-02 -6.4364176360215408e-08
89 1.7285156250000000e-01 2.0421112532030310e-02 2.0421104717158654e-02 7.8148716560477727e-09 1.7580749954682062e-02 1.7580814409042456e-02 -6.4454360394067267e-08
90 1.7480468750000000e-01 2.0786698770218378e-02 2.0786690934256013e-02 7.8359623650881005e-09 1.8099076329554920e-02 1.8099140875900716e-02 -6.4546345796001603e-08
91 1.7675781250000000e-01 2.1153310255003978e-02 2.1153302399414001e-02 7.8555899771237669e-09 1.8617513338590120e-02 1.8617577978545588e-02 -6.4639955468098753e-08
92 1.7871093750000000e-01 2.1520889069545905e-02 2.1520881195748191e-02 7.8737977145248994e-09 1.9136003065110173e-02 1.9136067800092645e-02 -6.4734982471725822e-08
93 1.8066406250000000e-01 2.1889377645899828e-02 2.1889369755271063e-02 7.8906287649671558e-09 1.9654487941321540e-02 1.9654552772554366e-02 -6.4831232826634277e-08
94 1.8261718750000000e-01 2.2258718765018243e-02 2.2258710858892000e-02 7.9061262432678081e-09 2.0172910748328832e-02 2.0172975676840135e-02 -6.4928511303574687e-08
95 1.8457031250000000e-01 2.2628855556750451e-02 2.2628847636417249e-02 7.9203332017940831e-09 2.0691214616093134e-02 2.0691279642756199e-02 -6.5026663064599033e-08
96 1.8652343750000000e-01 2.2999731499842465e-02 2.2999723566549984e-02 7.9332924812769434e-09 2.1209343023529878e-02 2.1209408149005727e-02 -6.5125475848942793e-08
97 1.8847656250000000e-01 2.3371290421937030e-02 2.3371282476890246e-02 7.9450467836694738e-09 2.1727239798386616e-02 2.1727305023188769e-02 -6.5224802153068806e-08
98 1.9042968750000000e-01 2.3743476499573347e-02 2.3743468543934984e-02 7.9556383633661021e-09 2.2244849117323898e-02 2.2244914441802273e-02 -6.5324478375206052e-08
99 1.9238281250000000e-01 2.4116234258187392e-02 2.4116226293078052e-02 7.9651093394528250e-09 2.2762115505891072e-02 2.2762180930240083e-02 -6.5424349011272698e-08
100 1.9433593750000000e-01 2.4489508572111612e-02 2.4489500598610176e-02 7.9735014354986866e-09 2.3278983838537215e-02 2.3279049362792934e-02 -6.5524255719179303e-08
101 1.9628906250000000e-01 2.4863244664574943e-02 2.4863236683718981e-02 7.9808559622085440e-09 2.3795399338567336e-02 2.3795464962648449e-02 -6.5624081113657695e-08
102 1.9824218750000000e-01 2.5237388107702804e-02 2.5237380120488991e-02 7.9872138139536197e-09 2.4311307578261644e-02 2.4311373301891155e-02 -6.5723629510960890e-08
103 2.0019531250000000e-01 2.5611884822516983e-02 2.5611876829901639e-02 7.9926153438714120e-09 2.4826654478682635e-02 2.4826720301502476e-02 -6.5822819840521962e-08
104 2.0214843750000000e-01 2.5986681078935717e-02 2.5986673081835214e-02 7.9971005026435726e-09 2.5341386309841979e-02 2.5341452231360709e-02 -6.5921518729861184e-08
105 2.0410156250000000e-01 2.6361723495773589e-02 2.6361715495064941e-02 8.0007086476763245e-09 2.5855449690634011e-02 2.5855515710241077e-02 -6.6019607065925801e-08
106 2.0605468750000000e-01 2.6736959040741446e-02 2.6736951037262906e-02 8.0034785396310149e-09 2.6368791588822660e-02 2.6368857705815665e-02 -6.6116993005516100e-08
107 2.0800781250000000e-01 2.7112335030446508e-02 2.7112327024998113e-02 8.0054483944658195e-09 2.6881359321151876e-02 2.6881425534653478e-02 -6.6213501601769531e-08
108 2.0996093750000000e-01 2.7487799130392232e-02 2.7487791123736446e-02 8.0066557862912280e-09 2.7393100553125639e-02 2.7393166862220399e-02 -6.6309094760158560e-08
109 2.1191406250000000e-01 2.7863299354978329e-02 2.7863291347840685e-02 8.0071376439005970e-09 2.7903963299225322e-02 2.7904029702879207e-02 -6.6403653884578029e-08
110 2.1386718750000000e-01 2.8238784067500702e-02 2.8238776060570511e-02 8.0069301917895519e-09 2.8413895922798405e-02 2.8413962419889586e-02 -6.6497091180672818e-08
111 2.1582031250000000e-01 2.8614201980151532e-02 2.8614193974082484e-02 8.0060690473005014e-09 2.8922847136087032e-02 2.8922913725408100e-02 -6.6589321067594964e-08
112 2.1777343750000000e-01 2.8989502154019096e-02 2.8989494149430084e-02 8.0045890124558206e-09 2.9430766000217545e-02 2.9430832680488215e-02 -6.6680270669611241e-08
113 2.1972656250000000e-01 2.9364633999087914e-02 2.9364625996563656e-02 8.0025242578385392e-09 2.9937601925240642e-02 2.9937668695080289e-02 -6.6769839646846352e-08
114 2.2167968750000000e-01 2.9739547274238609e-02 2.9739539274330460e-02 7.9999081491199941e-09 3.0443304670043320e-02 3.0443371528031577e-02 -6.6857988256785461e-08
115 2.2363281250000000e-01 3.0114192087247960e-02 3.0114184090474637e-02 7.9967733233876626e-09 3.0947824342449394e-02 3.0947891287086221e-02 -6.6944636827048765e-08
116 2.2558593750000000e-01 3.0488518894788878e-02 3.0488510901637237e-02 7.9931516405729042e-09 3.1451111399159695e-02 3.1451178428885271e-02 -6.7029725575595833e-08
117 2.2753906250000000e-01 3.0862478502430356e-02 3.0862470513356180e-02 7.9890741765120676e-09 3.1953116645768179e-02 3.1953183758966650e-02 -6.7113198470858393e-08
118 2.2949218750000000e-01 3.1236022064637502e-02 3.1236014080066304e-02 7.9845711986603618e-09 3.2453791236775942e-02 3.2453858431765188e-02 -6.7194989246399661e-08
119 2.3144531250000000e-01 3.1609101084771545e-02 3.1609093105099330e-02 7.9796722146641130e-09 3.2953086675505006e-02 3.2953153950612608e-02 -6.7275107602793316e-08
120 2.3339843750000000e-01 3.1981667415089787e-02 3.1981659440683888e-02 7.9744058995023792e-09 3.3450954814312615e-02 3.3451022167737543e-02 -6.7353424927640848e-08
121 2.3535156250000000e-01 3.2353673256745583e-02 3.2353665287945463e-02 7.9688001197730784e-09 3.3947347854308460e-02 3.3947415284265488e-02 -6.7429957027742571e-08
122 2.3730468750000000e-01 3.2725071159788406e-02 3.2725063196906483e-02 7.9628819232846482e-09 3.4442218345557510e-02 3.4442285850218850e-02 -6.7504661339923278e-08
123 2.3925781250000000e-01 3.3095814023163805e-02 3.3095806066486232e-02 7.9566775737505147e-09 3.4935519187009004e-02 3.4935586764516927e-02 -6.7577507922855773e-08
124 2.4121093750000000e-01 3.3465855094713379e-02 3.3465847144500911e-02 7.9502124675223662e-09 3.5427203626511528e-02 3.5427271274975913e-02 -6.7648464385783313e-08
125 2.4316406250000000e-01 3.3835147971174838e-02 3.3835140027663607e-02 7.9435112307346678e-09 3.5917225260803320e-02 3.5917292978308910e-02 -6.7717505589093285e-08
126 2.4511718750000000e-01 3.4203646598181946e-02 3.4203638661584303e-02 7.9365976429768281e-09 3.6405538035514891e-02 3.6405605820125878e-02 -6.7784610986720839e-08
127 2.4707031250000000e-01 3.4571305270264516e-02 3.4571297340769865e-02 7.9294946511709874e-09 3.6892096245164159e-02 3.6892164094933698e-02 -6.7849769538885774e-08
128 2.4902343750000000e-01 3.4938078630848496e-02 3.4938070708624071e-02 7.9222244250831686e-09 3.7376854533158622e-02 3.7376922446136142e-02 -6.7912977519402062e-08
129 2.5097656250000000e-01 3.5303921672255864e-02 3.5303913757447583e-02 7.9148082809954445e-09 3.7859767891807075e-02 3.7859835866033885e-02 -6.7974226809763838e-08
130 2.5292968750000000e-01 3.5668789735704698e-02 3.5668781828437968e-02 7.9072667302781952e-09 3.8340791662307083e-02 3.8340859695824472e-02 -6.8033517389154419e-08
131 2.5488281250000000e-01 3.6032638511309216e-02 3.6032630611689660e-02 7.8996195557179405e-09 3.8819881534763567e-02 3.8819949625602354e-02 -6.8090838786782903e-08
132 2.5683593750000000e-01 3.6395424038079716e-02 3.6395416146194008e-02 7.8918857074339321e-09 3.9296993548178581e-02 3.9297061694358877e-02 -6.8146180295935999e-08
133 2.5878906250000000e-01 3.6757102703922587e-02 3.6757094819839263e-02 7.8840833236948349e-09 3.9772084090417895e-02 3.9772152289982286e-02 -6.8199564391691059e-08
134 2.6074218750000000e-01 3.7117631245640367e-02 3.7117623369410553e-02 7.8762298141854536e-09 4.0245109898263319e-02 4.0245178149257710e-02 -6.8250994390839370e-08
135 2.6269531250000000e-01 3.7476966748931625e-02 3.7476958880589911e-02 7.8683417142899614e-09 4.0716028057387693e-02 4.0716096357867188e-02 -6.8300479494354249e-08
136 2.6464843750000000e-01 3.7835066648391258e-02 3.7835058787956261e-02 7.8604349973421250e-09 4.1184796002369239e-02 4.1184864350389636e-02 -6.8348020396125087e-08
137 2.6660156250000000e-01 3.8191888727510163e-02 3.8191880874985401e-02 7.8525247623750793e-09 4.1651371516650215e-02 4.1651439910300861e-02 -6.8393650645703907e-08
138 2.6855468750000000e-01 3.8547391118675438e-02 3.8547383274050058e-02 7.8446253798380994e-09 4.2115712732633676e-02 4.2115781169973582e-02 -6.8437339906246564e-08
139 2.7050781250000000e-01 3.8901532303170339e-02 3.8901524466419826e-02 7.8367505124132819e-09 4.2577778131512527e-02 4.2577846610677400e-02 -6.8479164873347376e-08
140 2.7246093750000000e-01 3.9254271111174334e-02 3.9254263282261212e-02 7.8289131219544394e-09 4.3037526543452602e-02 4.3037595062578822e-02 -6.8519126220079052e-08
141 2.7441406250000000e-01 3.9605566721763075e-02 3.9605558900637619e-02 7.8211254556093124e-09 4.3494917147494892e-02 4.3494985704741244e-02 -6.8557246352130008e-08
142 2.7636718750000000e-01 3.9955378662908381e-02 3.9955370849509300e-02 7.8133990805140385e-09 4.3949909471592719e-02 4.3949978065124927e-02 -6.8593532208394148e-08
143 2.7832031250000000e-01 4.0303666811478366e-02 4.0303659005733468e-02 7.8057448976709409e-09 4.4402463392543723e-02 4.4402532020587068e-02 -6.8628043345397849e-08
144 2.8027343750000000e-01 4.0650391393237333e-02 4.0650383595064191e-02 7.7981731419485278e-09 4.4852539136080831e-02 4.4852607796881758e-02 -6.8660800926767518e-08
145 2.8222656250000000e-01 4.0995512982845865e-02 4.0995505192152421e-02 7.7906934445315379e-09 4.5300097276857097e-02 4.5300165968659933e-02 -6.8691802836140514e-08
146 2.8417968750000000e-01 4.1338992503860778e-02 4.1338984720546042e-02 7.7833147357764254e-09 4.5745098738368871e-02 4.5745167459469487e-02 -6.8721100615620756e-08
147 2.8613281250000000e-01 4.1680791228735178e-02 4.1680783452689801e-02 7.7760453770503446e-09 4.6187504793029209e-02 4.6187573541755150e-02 -6.8748725941258915e-08
148 2.8808593750000000e-01 4.2020870778818512e-02 4.2020863009925358e-02 7.7688931537922556e-09 4.6627277062128769e-02 4.6627345836858604e-02 -6.8774729834741866e-08
149 2.9003906250000000e-01 4.2359193124356508e-02 4.2359185362491246e-02 7.7618652616351369e-09 4.7064377515951605e-02 4.7064446315018368e-02 -6.8799066763047811e-08
150 2.9199218750000000e-01 4.2695720584491212e-02 4.2695712829522899e-02 7.7549683133448788e-09 4.7498768473530746e-02 4.7498837295369876e-02 -6.8821839130372986e-08
151 2.9394531250000000e-01 4.3030415827261026e-02 4.3030408079052673e-02 7.7482083526980716e-09 4.7930412602873819e-02 4.7930481445945493e-02 -6.8843071673874157e-08
152 2.9589843750000000e-01 4.3363241869600680e-02 4.3363234128009784e-02 7.7415908961153690e-09 4.8359272920867891e-02 4.8359341783674431e-02 -6.8862806540392896e-08
153 2.9785156250000000e-01 4.3694162077341274e-02 4.3694154342220341e-02 7.7351209326614878e-09 4.8785312793301609e-02 4.8785381674382788e-02 -6.8881081179139603e-08
154 2.9980468750000000e-01 4.4023140165210375e-02 4.4023132436407389e-02 7.7288029864952534e-09 4.9208495934863095e-02 4.9208564832793629e-02 -6.8897930534383978e-08
155 3.0175781250000000e-01 4.4350140196831901e-02 4.4350132474190798e-02 7.7226411029918118e-09 4.9628786409101622e-02 4.9628855322526810e-02 -6.8913425188554811e-08
156 3.0371093750000000e-01 4.4675126584726214e-02 4.4675118868087407e-02 7.7166388071092662e-09 5.0046148628582254e-02 5.0046217556099178e-02 -6.8927516923278365e-08
157 3.0566406250000000e-01 4.4998064090310055e-02 4.4998056379510910e-02 7.7107991450220403e-09 5.0460547354600399e-02 5.0460616294924418e-02 -6.8940324018940125e-08
158 3.0761718750000000e-01 4.5318917823896708e-02 4.5318910118771878e-02 7.7051248298376507e-09 5.0871947697446823e-02 5.0872016649313102e-02 -6.8951866279143292e-08
159 3.0957031250000000e-01 4.5637653244695875e-02 4.5637645545077821e-02 7.6996180542465709e-09 5.1280315116289270e-02 5.1280384078472747e-02 -6.8962183477627725e-08
160 3.1152343750000000e-01 4.5954236160813788e-02 4.5954228466533090e-02 7.6942806986890488e-09 5.1685615419216902e-02 5.1685684390507698e-02 -6.8971290796693285e-08
161 3.1347656250000000e-01 4.6268632729253183e-02 4.6268625040138983e-02 7.6891141995161227e-09 5.2087814763154938e-02 5.2087883742419266e-02 -6.8979264328250522e-08
162 3.1542968750000000e-01 4.6580809455913287e-02 4.6580801771793669e-02 7.6841196183785598e-09 5.2486879654029803e-02 5.2486948640105599e-02 -6.8986075796306778e-08
163 3.1738281250000000e-01 4.6890733195589847e-02 4.6890725516292198e-02 7.6792976491657505e-09 5.2882776946531651e-02 5.2882845938361761e-02 -6.8991830109998986e-08
164 3.1933593750000000e-01 4.7198371151975178e-02 4.7198363477326526e-02 7.6746486527001778e-09 5.3275473844318730e-02 5.3275542840879701e-02 -6.8996560971534837e-08
165 3.2128906250000000e-01 4.7503690877658142e-02 4.7503683207485520e-02 7.6701726220429478e-09 5.3664937899939757e-02 5.3665006900248301e-02 -6.9000308543232247e-08
166 3.2324218750000000e-01 4.7806660274124252e-02 4.7806652608254903e-02 7.6658693490272434e-09 5.4051137014852202e-02 5.4051206017953268e-02 -6.9003101066389405e-08
167 3.2519531250000000e-01 4.8107247591755553e-02 4.8107239930017344e-02 7.6617382091526132e-09 5.4434039439342996e-02 5.4434108444377266e-02 -6.9005034269986609e-08
168 3.2714843750000000e-01 4.8405421429830744e-02 4.8405413772052333e-02 7.6577784113851521e-09 5.4813613772759548e-02 5.4813682778799798e-02 -6.9006040250008116e-08
169 3.2910156250000000e-01 4.8701150736525145e-02 4.8701143082536341e-02 7.6539888038684722e-09 5.5189828963159576e-02 5.5189897969397335e-02 -6.9006237758684197e-08
170 3.3105468750000000e-01 4.8994404808910576e-02 4.8994397158542653e-02 7.6503679224959598e-09 5.5562654307594786e-02 5.5562723313243162e-02 -6.9005648375974893e-08
171 3.3300781250000000e-01 4.9285153292955783e-02 4.9285145646041494e-02 7.6469142892832132e-09 5.5932059451996856e-02 5.5932128456307496e-02 -6.9004310640496946e-08
172 3.3496093750000000e-01 4.9573366183525994e-02 4.9573358539899998e-02 7.6436259960344088e-09 5.6298014391188644e-02 5.6298083393457481e-02 -6.9002268836271252e-08
173 3.3691406250000000e-01 4.9859013824383194e-02 4.9859006183882136e-02 7.6405010582258903e-09 5.6660489468924879e-02 5.6660558468457072e-02 -6.8999532192026702e-08
174 3.3886718750000000e-01 5.0142066908186046e-02 5.0142059270648819e-02 7.6375372276560327e-09 5.7019455377858533e-02 5.7019524373967199e-02 -6.8996108666674605e-08
175 3.4082031250000000e-01 5.0422496476489907e-02 5.0422488841757838e-02 7.6347320687730758e-09 5.7374883159450503e-02 5.7374952151545644e-02 -6.8992095141051646e-08
176 3.4277343750000000e-01 5.0700273919746859e-02 5.0700266287663887e-02 7.6320829725529116e-09 5.7726744204131292e-02 5.7726813191647096e-02 -6.8987515804141974e-08
177 3.4472656250000000e-01 5.0975370977305715e-02 5.0975363347718523e-02 7.6295871911935542e-09 5.8075010251217897e-02 5.8075079233623129e-02 -6.8982405232453914e-08
178 3.4667968750000000e-01 5.1247759737412052e-02 5.1247752110170242e-02 7.6272418103595641e-09 5.8419653388909865e-02 5.8419722365722217e-02 -6.8976812352128380e-08
179 3.4863281250000000e-01 5.1517412637208215e-02 5.1517405012164397e-02 7.6250438185709868e-09 5.8760646054366816e-02 5.8760715025089727e-02 -6.8970722910677296e-08
180 3.5058593750000000e-01 5.1784302462733307e-02 5.1784294839743256e-02 7.6229900516922022e-09 5.9097961033562442e-02 5.9098029997767920e-02 -6.8964205478250218e-08
181 3.5253906250000000e-01 5.2048402348923106e-02 5.2048394727845969e-02 7.6210771374207731e-09 5.9431571461413008e-02 5.9431640418695954e-02 -6.8957282946258136e-08
182 3.5449218750000000e-01 5.2309685779610461e-02 5.2309678160308605e-02 7.6193018561099279e-09 5.9761450821719221e-02 5.9761519771709896e-02 -6.8949990675304385e-08
183 3.5644531250000000e-01 5.2568126587524758e-02 5.2568118969864082e-02 7.6176606758626697e-09 6.0087572947183997e-02 6.0087641889542659e-02 -6.8942358662227310e-08
184 3.5839843750000000e-01 5.2823698954292335e-02 5.2823691338142256e-02 7.6161500786597891e-09 6.0409912019395051e-02 6.0409980953824098e-02 -6.8934429046929591e-08
185 3.6035156250000000e-01 5.3076377410436311e-02 5.3076369795669841e-02 7.6147664701542439e-09 6.0728442568944274e-02 6.0728511495080933e-02 -6.8926136659319681e-08
186 3.6230468750000000e-01 5.3326136835376639e-02 5.3326129221870480e-02 7.6135061588544772e-09 6.1043139475090505e-02 6.1043208392736803e-02 -6.8917646298127799e-08
187 3.6425781250000000e-01 5.3572952457430101e-02 5.3572944845064703e-02 7.6123653977577810e-09 6.1353977966205245e-02 6.1354046875112242e-02 -6.8908906997178221e-08
188 3.6621093750000000e-01 5.3816799853810347e-02 5.3816792242469901e-02 7.6113404468003409e-09 6.1660933619459346e-02 6.1661002519424642e-02 -6.8899965295632359e-08
189 3.6816406250000000e-01 5.4057654950627934e-02 5.4057647340200382e-02 7.6104275520405551e-09 6.1963982360941965e-02 6.1964051251788305e-02 -6.8890846340041723e-08
190 3.7011718750000000e-01 5.4295494022890155e-02 5.4295486413267362e-02 7.6096227930033677e-09 6.2263100465600019e-02 6.2263169347214445e-02 -6.8881614426197224e-08
191 3.7207031250000000e-01 5.4530293694501311e-02 5.4530286085578951e-02 7.6089223602360256e-09 6.2558264557424081e-02 6.2558333429611188e-02 -6.8872187106161498e-08
192 3.7402343750000000e-01 5.4762030938262526e-02 5.4762023329940110e-02 7.6083224165301999e-09 6.2849451609135715e-02 6.2849520471783465e-02 -6.8862647750744799e-08
193 3.7597656250000000e-01 5.4990683075871870e-02 5.4990675468052731e-02 7.6078191385553495e-09 6.3136638942398959e-02 6.3136707795433206e-02 -6.8853034246307843e-08
194 3.7792968750000000e-01 5.5216227777924183e-02 5.5216220170515591e-02 7.6074085919586310e-09 6.3419804227805132e-02 6.3419873071159164e-02 -6.8843354031344894e-08
195 3.7988281250000000e-01 5.5438643063911282e-02 5.5438635456824391e-02 7.6070868909594580e-09 6.3698925484829874e-02 6.3698994318457033e-02 -6.8833627159259336e-08
196 3.8183593750000000e-01 5.5657907302221948e-02 5.5657899695371674e-02 7.6068502746773348e-09 6.3973981081801412e-02 6.3974049905719380e-02 -6.8823917967475445e-08
197 3.8378906250000000e-01 5.5873999210141828e-02 5.5873991603446888e-02 7.6066949405984019e-09 6.4244949736149692e-02 6.4245018550235636e-02 -6.8814085943391667e-08
198 3.8574218750000000e-01 5.6086897853853471e-02 5.6086890247236405e-02 7.6066170653921183e-09 6.4511810513926085e-02 6.4511879318192189e-02 -6.8804266104005585e-08
199 3.8769531250000000e-01 5.6296582648436372e-02 5.6296575041823498e-02 7.6066128743002004e-09 6.4774542830200066e-02 6.4774611624672282e-02 -6.8794472216082703e-08
200 3.8964843750000000e-01 5.6503033357866911e-02 5.6503025751188263e-02 7.6066786480755155e-09 6.5033126448939077e-02 6.5033195233656041e-02 -6.8784716963921078e-08
201 3.9160156250000000e-01 5.6706230095018455e-02 5.6706222488207780e-02 7.6068106744098252e-09 6.5287541483005723e-02 6.5287610258020531e-02 -6.8775014808175605e-08
202 3.9355468750000000e-01 5.6906153321661240e-02 5.6906145714655937e-02 7.6070053034449359e-09 6.5537768394108298e-02 6.5537837159539633e-02 -6.8765431335271465e-08
203 3.9550781250000000e-01 5.7102783848462541e-02 5.7102776241203600e-02 7.6072589408338054e-09 6.5783787993041187e-02 6.5783856748884234e-02 -6.8755843046774956e-08
204 3.9746093750000000e-01 5.7296102834986526e-02 5.7296095227418478e-02 7.6075680477405427e-09 6.6025581439270786e-02 6.6025650185622037e-02 -6.8746351250537074e-08
205 3.9941406250000000e-01 5.7486091789694299e-02 5.7486084181765165e-02 7.6079291339015143e-09 6.6263130241241516e-02 6.6263198978217627e-02 -6.8736976110983505e-08
206 4.0136718750000000e-01 5.7672732569943826e-02 5.7672724961605179e-02 7.6083386466030412e-09 6.6496416256317387e-02 6.6496484984032531e-02 -6.8727715143990231e-08
207 4.0332031250000000e-01 5.7856007381990281e-02 5.7855999773196928e-02 7.6087933523205642e-09 6.6725421690746356e-02 6.6725490409325142e-02 -6.8718578785653683e-08
208 4.0527343750000000e-01 5.8035898780985556e-02 5.8035891171695712e-02 7.6092898440571766e-09 6.6950129099666356e-02 6.6950197809250780e-02 -6.8709584424841985e-08
209 4.0722656250000000e-01 5.8212389670978658e-02 5.8212382061153721e-02 7.6098249368605764e-09 6.7170521387197368e-02 6.7170590087861623e-02 -6.8700664254683907e-08
210 4.0917968750000000e-01 5.8385463304915453e-02 5.8385455694520021e-02 7.6103954319006739e-09 6.7386581806119908e-02 6.7386650498106743e-02 -6.8691986834790164e-08
211 4.1113281250000000e-01 5.8555103284638858e-02 5.8555095673640610e-02 7.6109982483085759e-09 6.7598293958390968e-02 6.7598362641832124e-02 -6.8683441156736080e-08
212 4.1308593750000000e-01 5.8721293560888684e-02 5.8721285949258344e-02 7.6116303399098584e-09 6.7805641794720775e-02 6.7805710469780650e-02 -6.8675059874956368e-08
213 4.1503906250000000e-01 5.8884018433301773e-02 5.8884010821013008e-02 7.6122887646135062e-09 6.8008609614742699e-02 6.8008678281592072e-02 -6.8666849373233418e-08
214 4.1699218750000000e-01 5.9043262550411875e-02 5.9043254937441246e-02 7.6129706289007615e-09 6.8207182066942096e-02 6.8207250725803054e-02 -6.8658860957748757e-08
215 4.1894531250000000e-01 5.9199010909649755e-02 5.9199003295976611e-02 7.6136731433362748e-09 6.8401344148867338e-02 6.8401412799847155e-02 -6.8650979817563851e-08
216 4.2089843750000000e-01 5.9351248857343136e-02 5.9351241242949576e-02 7.6143935601180601e-09 6.8591081206775179e-02 6.8591149850054836e-02 -6.8643279657609746e-08
217 4.2285156250000000e-01 5.9499962088716649e-02 5.9499954473587469e-02 7.6151291800163889e-09 6.8776378935871005e-02 6.8776447571653410e-02 -6.8635782404791179e-08
218 4.2480468750000000e-01 5.9645136647891984e-02 5.9645129032014507e-02 7.6158774772738802e-09 6.8957223380289229e-02 6.8957292008767129e-02 -6.8628477900567475e-08
219 4.2675781250000000e-01 5.9786758927887727e-02 5.9786751311251857e-02 7.6166358706220016e-09 6.9133600933048073e-02 6.9133669554417146e-02 -6.8621369073151861e-08
220 4.2871093750000000e-01 5.9924815670619552e-02 5.9924808053217510e-02 7.6174020424701894e-09 6.9305498336063920e-02 6.9305566950521438e-02 -6.8614457518489935e-08
221 4.3066406250000000e-01 6.0059293966900011e-02 6.0059286348726405e-02 7.6181736058389404e-09 6.9472902680189463e-02 6.9472971287894952e-02 -6.8607705488998860e-08
222 4.3261718750000000e-01 6.0190181256438637e-02 6.0190173637490359e-02 7.6189482778321604e-09 6.9635801405095482e-02 6.9635870006249517e-02 -6.8601154035174972e-08
223 4.3457031250000000e-01 6.0317465327841983e-02 6.0317457708118062e-02 7.6197239212705270e-09 6.9794182299404928e-02 6.9794250894193818e-02 -6.8594788890652403e-08
224 4.3652343750000000e-01 6.0441134318613435e-02 6.0441126698115133e-02 7.6204983018302030e-09 6.9948033500604578e-02 6.9948102089233466e-02 -6.8588628887589209e-08
225 4.3847656250000000e-01 6.0561176715153466e-02 6.0561169093884051e-02 7.6212694141708504e-09 7.0097343495096248e-02 7.0097412077770926e-02 -6.8582674678241418e-08
226 4.4042968750000000e-01 6.0677581352759448e-02 6.0677573730724223e-02 7.6220352251965551e-09 7.0242101118196842e-02 7.0242169695105647e-02 -6.8576908804351966e-08
227 4.4238281250000000e-01 6.0790337415625818e-02 6.0790329792831908e-02 7.6227939099782205e-09 7.0382295554026086e-02 7.0382364125433847e-02 -6.8571407760287251e-08
228 4.4433593750000000e-01 6.0899434436843938e-02 6.0899426813300316e-02 7.6235436227700681e-09 7.0517916335810255e-02 7.0517984901848754e-02 -6.8566038499695559e-08
229 4.4628906250000000e-01 6.1004862298402060e-02 6.1004854674119480e-02 7.6242825802763647e-09 7.0648953345447921e-02 7.0649021906340412e-02 -6.8560892491076331e-08
230 4.4824218750000000e-01 6.1106611231185506e-02 6.1106603606176410e-02 7.6250090963458916e-09 7.0775396813844191e-02 7.0775465369795815e-02 -6.8555951623916478e-08
231 4.5019531250000000e-01 6.1204671814976491e-02 6.1204664189254923e-02 7.6257215680941570e-09 7.0897237320783360e-02 7.0897305871998773e-02 -6.8551215412493427e-08
232 4.5214843750000000e-01 6.1299034978454285e-02 6.1299027352035802e-02 7.6264184828422898e-09 7.1014465794917214e-02 7.1014534341630089e-02 -6.8546712875261484e-08
233 4.5410156250000000e-01 6.1389691999195084e-02 6.1389684372096687e-02 7.6270983973003581e-09 7.1127073513963524e-02 7.1127142056267384e-02 -6.8542303860441578e-08
234 4.5605468750000000e-01 6.1476634503671995e-02 6.1476626875912120e-02 7.6277598751173237e-09 7.1235052104231311e-02 7.1235120642385227e-02 -6.8538153916164468e-08
235 4.5800781250000000e-01 6.1559854467255141e-02 6.1559846838853537e-02 7.6284016048422387e-09 7.1338393541161282e-02 7.1338462075355019e-02 -6.8534193736757842e-08
236 4.5996093750000000e-01 6.1639344214211592e-02 6.1639336585189247e-02 7.6290223444130945e-09 7.1437090149011145e-02 7.1437158679445098e-02 -6.8530433952607162e-08
237 4.6191406250000000e-01 6.1715096417705388e-02 6.1715088788084516e-02 7.6296208725845638e-09 7.1531134600947344e-02 7.1531203127820714e-02 -6.8526873370222674e-08
238 4.6386718750000000e-01 6.1787104099797478e-02 6.1787096469601441e-02 7.6301960375002587e-09 7.1620519919065373e-02 7.1620588442543973e-02 -6.8523478599646914e-08
239 4.6582031250000000e-01 6.1855360631445824e-02 6.1855353000699019e-02 7.6307468052649874e-09 7.1705239474255222e-02 7.1705307994573850e-02 -6.8520318627363075e-08
240 4.6777343750000000e-01 6.1919859732505335e-02 6.1919852101233179e-02 7.6312721558613461e-09 7.1785286986413246e-02 7.1785355503766315e-02 -6.8517353069008635e-08
241 4.6972656250000000e-01 6.1980595471727885e-02 6.1980587839956712e-02 7.6317711733553395e-09 7.1860656524322025e-02 7.1860725038874126e-02 -6.8514552101217596e-08
242 4.7167968750000000e-01 6.2037562266762214e-02 6.2037554634519328e-02 7.6322428863018210e-09 7.1931342505605775e-02 7.1931411017547006e-02 -6.8511941231363949e-08
243 4.7363281250000000e-01 6.2090754884154144e-02 6.2090747251467591e-02 7.6326865522391429e-09 7.1997339696812504e-02 7.1997408206331506e-02 -6.8509519002279973e-08
244 4.7558593750000000e-01 6.2140168439346437e-02 6.2140160806244994e-02 7.6331014425834454e-09 7.2058643213381401e-02 7.2058711720671131e-02 -6.8507289729957677e-08
245 4.7753906250000000e-01 6.2185798396678746e-02 6.2185790763191924e-02 7.6334868218119745e-09 7.2115248519679653e-02 7.2115317024906270e-02 -6.8505226616388804e-08
246 4.7949218750000000e-01 6.2227640569387718e-02 6.2227632935545646e-02 7.6338420723631728e-09 7.2167151428998821e-02 7.2167219932274193e-02 -6.8503275371667449e-08
247 4.8144531250000000e-01 6.2265691119606850e-02 6.2265683485440315e-02 7.6341665350421195e-09 7.2214348103380704e-02 7.2214416604909029e-02 -6.8501528324715899e-08
248 4.8339843750000000e-01 6.2299946558366764e-02 6.2299938923906999e-02 7.6344597657596047e-09 7.2256835053877727e-02 7.2256903553841872e-02 -6.8499964145374292e-08
249 4.8535156250000000e-01 6.2330403745594863e-02 6.2330396110873647e-02 7.6347212163430100e-09 7.2294609140418811e-02 7.2294677639000660e-02 -6.8498581848319695e-08
250 4.8730468750000000e-01 6.2357059890115578e-02 6.2357052255165114e-02 7.6349504635198073e-09 7.2327667571812526e-02 7.2327736069210252e-02 -6.8497397726074993e-08
251 4.8925781250000000e-01 6.2379912549650279e-02 6.2379904914503140e-02 7.6351471395286197e-09 7.2356007905852948e-02 7.2356076402192382e-02 -6.8496339433732345e-08
252 4.9121093750000000e-01 6.2398959630817291e-02 6.2398951995506352e-02 7.6353109390581153e-09 7.2379628049064282e-02 7.2379696544565678e-02 -6.8495501395759995e-08
253 4.9316406250000000e-01 6.2414199389131911e-02 6.2414191753690298e-02 7.6354416123081137e-09 7.2398526257027612e-02 7.2398594751845693e-02 -6.8494818081243913e-08
254 4.9511718750000000e-01 6.2425630429006326e-02 6.2425622793467375e-02 7.6355389511117977e-09 7.2412701134132465e-02 7.2412769628444826e-02 -6.8494312360778409e-08
255 4.9707031250000000e-01 6.2433251703749665e-02 6.2433244068146918e-02 7.6356027473023502e-09 7.2422151633688689e-02 7.2422220127672396e-02 -6.8493983707007544e-08
256 4.9902343750000000e-01 6.2437062515568055e-02 6.2437054879935137e-02 7.6356329176130444e-09 7.2426877057903002e-02 7.2426945551734637e-02 -6.8493831634208746e-08
257 5.0097656250000000e-01 6.2437062515564565e-02 6.2437054879935151e-02 7.6356294134716229e-09 7.2426877057864658e-02 7.2426945551734651e-02 -6.8493869992414247e-08
258 5.0292968750000000e-01 6.2433251703739208e-02 6.2433244068146924e-02 7.6355922834503431e-09 7.2422151633617204e-02 7.2422220127672410e-02 -6.8494055205370330e-08
259 5.0488281250000000e-01 6.2425630428988937e-02 6.2425622793467368e-02 7.6355215691825684e-09 7.2412701134025592e-02 7.2412769628444812e-02 -6.8494419219744529e-08
260 5.0683593750000000e-01 6.2414199389107632e-02 6.2414191753690298e-02 7.6354173331183439e-09 7.2398526256890652e-02 7.2398594751845693e-02 -6.8494955041131789e-08
261 5.0878906250000000e-01 6.2398959630786129e-02 6.2398951995506366e-02 7.6352797626078051e-09 7.2379628048897707e-02 7.2379696544565691e-02 -6.8495667984724840e-08
262 5.1074218750000000e-01 6.2379912549612185e-02 6.2379904914503147e-02 7.6351090380621933e-09 7.2356007905634498e-02 7.2356076402192382e-02 -6.8496557883990228e-08
263 5.1269531250000000e-01 6.2357059890070635e-02 6.2357052255165128e-02 7.6349055064262039e-09 7.2327667571585152e-02 7.2327736069210266e-02 -6.8497625113628224e-08
264 5.1464843750000000e-01 6.2330403745543148e-02 6.2330396110873654e-02 7.6346694938278503e-09 7.2294609140186594e-02 7.2294677639000660e-02 -6.8498814065343083e-08
265 5.1660156250000000e-01 6.2299946558308367e-02 6.2299938923906999e-02 7.6344013680285094e-09 7.2256835053630356e-02 7.2256903553841872e-02 -6.8500211516941967e-08
266 5.1855468750000000e-01 6.2265691119541805e-02 6.2265683485440308e-02 7.6341014967895582e-09 7.2214348103124326e-02 7.2214416604909029e-02 -6.8501784702967861e-08
267 5.2050781250000000e-01 6.2227640569316102e-02 6.2227632935545639e-02 7.6337704629780845e-09 7.2167151428733575e-02 7.2167219932274179e-02 -6.8503540603948032e-08
268 5.2246093750000000e-01 6.2185798396600704e-02 6.2185790763191924e-02 7.6334087800722372e-09 7.2115248519425648e-02 7.2115317024906270e-02 -6.8505480621539050e-08
269 5.2441406250000000e-01 6.2140168439262018e-02 6.2140160806244987e-02 7.6330170309391043e-09 7.2058643213040341e-02 7.2058711720671131e-02 -6.8507630790470841e-08
270 5.2636718750000000e-01 6.2090754884063466e-02 6.2090747251467598e-02 7.6325958678347128e-09 7.1997339696395102e-02 7.1997408206331520e-02 -6.8509936418381656e-08
271 5.2832031250000000e-01 6.2037562266665396e-02 6.2037554634519321e-02 7.6321460748540737e-09 7.1931342505140411e-02 7.1931411017546992e-02 -6.8512406581344720e-08
272 5.3027343750000000e-01 6.1980595471625044e-02 6.1980587839956712e-02 7.6316683320087897e-09 7.1860656523795099e-02 7.1860725038874126e-02 -6.8515079026942871e-08
273 5.3222656250000000e-01 6.1919859732396700e-02 6.1919852101233186e-02 7.6311635135994926e-09 7.1785286985823427e-02 7.1785355503766329e-02 -6.8517942902746043e-08
274 5.3417968750000000e-01 6.1855360631331603e-02 6.1855353000699026e-02 7.6306325771935413e-09 7.1705239473573851e-02 7.1705307994573864e-02 -6.8521000012866651e-08
275 5.3613281250000000e-01 6.1787104099677838e-02 6.1787096469601427e-02 7.6300764109693553e-09 7.1620519918269565e-02 7.1620588442543959e-02 -6.8524274393633178e-08
276 5.3808593750000000e-01 6.1715096417580585e-02 6.1715088788084516e-02 7.6294960696388081e-09 7.1531134600149926e-02 7.1531203127820714e-02 -6.8527670787910111e-08
277 5.4003906250000000e-01 6.1639344214081890e-02 6.1639336585189254e-02 7.6288926356693487e-09 7.1437090148201030e-02 7.1437158679445112e-02 -6.8531244082348231e-08
278 5.4199218750000000e-01 6.1559854467120784e-02 6.1559846838853530e-02 7.6282672539784713e-09 7.1338393540335221e-02 7.1338462075355019e-02 -6.8535019798199315e-08
279 5.4394531250000000e-01 6.1476634503533231e-02 6.1476626875912113e-02 7.6276211180559272e-09 7.1235052103390636e-02 7.1235120642385213e-02 -6.8538994577038714e-08
280 5.4589843750000000e-01 6.1389691999052136e-02 6.1389684372096680e-02 7.6269554560859376e-09 7.1127073513097425e-02 7.1127142056267384e-02 -6.8543169959300876e-08
281 5.4785156250000000e-01 6.1299034978307403e-02 6.1299027352035795e-02 7.6262716072750258e-09 7.1014465794121406e-02 7.1014534341630089e-02 -6.8547508683125535e-08
282 5.4980468750000000e-01 6.1204671814825945e-02 6.1204664189254923e-02 7.6255710218520179e-09 7.0897237319854867e-02 7.0897305871998773e-02 -6.8552143905886709e-08
283 5.5175781250000000e-01 6.1106611231031602e-02 6.1106603606176403e-02 7.6248551986179969e-09 7.0775396812900709e-02 7.0775465369795801e-02 -6.8556895091442804e-08
284 5.5371093750000000e-01 6.1004862298245137e-02 6.1004854674119487e-02 7.6241256502518340e-09 7.0648953344475074e-02 7.0649021906340426e-02 -6.8561865351757234e-08
285 5.5566406250000000e-01 6.0899434436684274e-02 6.0899426813300295e-02 7.6233839796380209e-09 7.0517916334807126e-02 7.0517984901848740e-02 -6.8567041613953883e-08
286 5.5761718750000000e-01 6.0790337415463774e-02 6.0790329792831915e-02 7.6226318590499886e-09 7.0382295553009303e-02 7.0382364125433861e-02 -6.8572424558044354e-08
287 5.5957031250000000e-01 6.0677581352595308e-02 6.0677573730724216e-02 7.6218710926001521e-09 7.0242101117059974e-02 7.0242169695105633e-02 -6.8578045658851394e-08
288 5.6152343750000000e-01 6.0561176714987591e-02 6.0561169093884058e-02 7.6211035329731835e-09 7.0097343494012421e-02 7.0097412077770940e-02 -6.8583758519591420e-08
289 5.6347656250000000e-01 6.0441134318446221e-02 6.0441126698115126e-02 7.6203310953038006e-09 6.9948033499565659e-02 6.9948102089233452e-02 -6.8589667792662290e-08
290 5.6542968750000000e-01 6.0317465327673750e-02 6.0317457708118062e-02 7.6195556877878268e-09 6.9794182298408808e-02 6.9794250894193818e-02 -6.8595785010505672e-08
291 5.6738281250000000e-01 6.0190181256269779e-02 6.0190173637490352e-02 7.6187794267879028e-09 6.9635801404141662e-02 6.9635870006249517e-02 -6.8602107855531003e-08
292 5.6933593750000000e-01 6.0059293966730702e-02 6.0059286348726398e-02 7.6180043037665790e-09 6.9472902679259457e-02 6.9472971287894952e-02 -6.8608635495071013e-08
293 5.7128906250000000e-01 5.9924815670450153e-02 5.9924808053217510e-02 7.6172326432533133e-09 6.9305498335211269e-02 6.9305566950521438e-02 -6.8615310169772847e-08
294 5.7324218750000000e-01 5.9786758927718515e-02 5.9786751311251850e-02 7.6164666656941549e-09 6.9133600932076433e-02 6.9133669554417132e-02 -6.8622340698709650e-08
295 5.7519531250000000e-01 5.9645136647723251e-02 5.9645129032014507e-02 7.6157087441908189e-09 6.8957223379348148e-02 6.8957292008767129e-02 -6.8629418981114299e-08
296 5.7714843750000000e-01 5.9499962088548741e-02 5.9499954473587469e-02 7.6149612726617022e-09 6.8776378934923249e-02 6.8776447571653423e-02 -6.8636730174431726e-08
297 5.7910156250000000e-01 5.9351248857176353e-02 5.9351241242949576e-02 7.6142267768641858e-09 6.8591081205819623e-02 6.8591149850054822e-02 -6.8644235198811465e-08
298 5.8105468750000000e-01 5.9199010909484422e-02 5.9199003295976625e-02 7.6135077964334386e-09 6.8401344147916820e-02 6.8401412799847169e-02 -6.8651930348884171e-08
299 5.8300781250000000e-01 5.9043262550248263e-02 5.9043254937441253e-02 7.6128070097825074e-09 6.8207182065975758e-02 6.8207250725803067e-02 -6.8659827309747179e-08
300 5.8496093750000000e-01 5.8884018433140201e-02 5.8884010821013008e-02 7.6121271924689538e-09 6.8008609613741555e-02 6.8008678281592072e-02 -6.8667850516845874e-08
301 5.8691406250000000e-01 5.8721293560729491e-02 5.8721285949258344e-02 7.6114711478059149e-09 6.7805641793754770e-02 6.7805710469780650e-02 -6.8676025880010094e-08
302 5.8886718750000000e-01 5.8555103284482289e-02 5.8555095673640617e-02 7.6108416721676342e-09 6.7598293957457672e-02 6.7598362641832138e-02 -6.8684374465721731e-08
303 5.9082031250000000e-01 5.8385463304761860e-02 5.8385455694520028e-02 7.6102418325452170e-09 6.7386581805218504e-02 6.7386650498106743e-02 -6.8692888238741645e-08
304 5.9277343750000000e-01 5.8212389670828250e-02 5.8212382061153721e-02 7.6096745293963153e-09 6.7170521386301113e-02 6.7170590087861623e-02 -6.8701560509976112e-08
305 5.9472656250000000e-01 5.8035898780838674e-02 5.8035891171695719e-02 7.6091429546121248e-09 6.6950129098870548e-02 6.6950197809250794e-02 -6.8710380246583824e-08
306 5.9667968750000000e-01 5.7856007381847173e-02 5.7855999773196935e-02 7.6086502376337961e-09 6.6725421689938003e-02 6.6725490409325156e-02 -6.8719387152915701e-08
307 5.9863281250000000e-01 5.7672732569804798e-02 5.7672724961605186e-02 7.6081996119858886e-09 6.6496416255593549e-02 6.6496484984032531e-02 -6.8728438981646711e-08
308 6.0058593750000000e-01 5.7486091789559400e-02 5.7486084181765158e-02 7.6077942418040223e-09 6.6263130240570650e-02 6.6263198978217613e-02 -6.8737646963246135e-08
309 6.0253906250000000e-01 5.7296102834856040e-02 5.7296095227418464e-02 7.6074375757184676e-09 6.6025581438652517e-02 6.6025650185622023e-02 -6.8746969505983913e-08
310 6.0449218750000000e-01 5.7102783848336690e-02 5.7102776241203600e-02 7.6071330901150702e-09 6.5783787992488157e-02 6.5783856748884234e-02 -6.8756396076619097e-08
311 6.0644531250000000e-01 5.6906153321540150e-02 5.6906145714655944e-02 7.6068842058685249e-09 6.5537768393596707e-02 6.5537837159539647e-02 -6.8765942939919000e-08
312 6.0839843750000000e-01 5.6706230094902270e-02 5.6706222488207780e-02 7.6066944895702981e-09 6.5287541482518918e-02 6.5287610258020531e-02 -6.8775501613216328e-08
313 6.1035156250000000e-01 5.6503033357755798e-02 5.6503025751188263e-02 7.6065675355674323e-09 6.5033126448542172e-02 6.5033195233656041e-02 -6.8785113868652381e-08
314 6.1230468750000000e-01 5.6296582648330401e-02 5.6296575041823491e-02 7.6065069104513938e-09 6.4774542829873744e-02 6.4774611624672268e-02 -6.8794798524507428e-08
315 6.1425781250000000e-01 5.6086897853752773e-02 5.6086890247236419e-02 7.6065163542859970e-09 6.4511810513670415e-02 6.4511879318192189e-02 -6.8804521774490368e-08
316 6.1621093750000000e-01 5.5873999210046384e-02 5.5873991603446894e-02 7.6065994891738598e-09 6.4244949735967699e-02 6.4245018550235636e-02 -6.8814267936700979e-08
317 6.1816406250000000e-01 5.5657907302131826e-02 5.5657899695371660e-02 7.6067601662010986e-09 6.3973981081687725e-02 6.3974049905719366e-02 -6.8824031640435379e-08
318 6.2011718750000000e-01 5.5438643063826495e-02 5.5438635456824391e-02 7.6070021046148462e-09 6.3698925484686697e-02 6.3698994318457033e-02 -6.8833770336396150e-08
319 6.2207031250000000e-01 5.5216227777844760e-02 5.5216220170515605e-02 7.6073291555012190e-09 6.3419804227689239e-02 6.3419873071159177e-02 -6.8843469938628665e-08
320 6.2402343750000000e-01 5.4990683075797873e-02 5.4990675468052731e-02 7.6077451421907583e-09 6.3136638942309684e-02 6.3136707795433206e-02 -6.8853123522116810e-08
321 6.2597656250000000e-01 5.4762030938193998e-02 5.4762023329940089e-02 7.6082539088306866e-09 6.2849451609071988e-02 6.2849520471783452e-02 -6.8862711463668624e-08
322 6.2792968750000000e-01 5.4530293694438133e-02 5.4530286085578944e-02 7.6088591885459245e-09 6.2558264557398088e-02 6.2558333429611174e-02 -6.8872213085380274e-08
323 6.2988281250000000e-01 5.4295494022832326e-02 5.4295486413267369e-02 7.6095649573226787e-09 6.2263100465600019e-02 6.2263169347214459e-02 -6.8881614440075012e-08
324 6.3183593750000000e-01 5.4057654950575434e-02 5.4057647340200375e-02 7.6103750593081720e-09 6.1963982360936143e-02 6.1964051251788298e-02 -6.8890852154834814e-08
325 6.3378906250000000e-01 5.3816799853763191e-02 5.3816792242469907e-02 7.6112932831384761e-09 6.1660933619526861e-02 6.1661002519424649e-02 -6.8899897787133568e-08
326 6.3574218750000000e-01 5.3572952457388204e-02 5.3572944845064703e-02 7.6123235007163892e-09 6.1353977966338631e-02 6.1354046875112249e-02 -6.8908773617759600e-08
327 6.3769531250000000e-01 5.3326136835339974e-02 5.3326129221870487e-02 7.6134694868001951e-09 6.1043139475289498e-02 6.1043208392736810e-02 -6.8917447311467317e-08
328 6.3964843750000000e-01 5.3076377410404718e-02 5.3076369795669841e-02 7.6147348773702994e-09 6.0728442569187850e-02 6.0728511495080933e-02 -6.8925893083326972e-08
329 6.4160156250000000e-01 5.2823698954265710e-02 5.2823691338142256e-02 7.6161234541238798e-09 6.0409912019736112e-02 6.0409980953824098e-02 -6.8934087986416426e-08
330 6.4355468750000000e-01 5.2568126587502977e-02 5.2568118969864082e-02 7.6176388946747053e-09 6.0087572947537637e-02 6.0087641889542659e-02 -6.8942005021499497e-08
331 6.4550781250000000e-01 5.2309685779593378e-02 5.2309678160308598e-02 7.6192847794920304e-09 5.9761450822130094e-02 5.9761519771709889e-02 -6.8949579795640759e-08
332 6.4746093750000000e-01 5.2048402348910602e-02 5.2048394727845976e-02 7.6210646265950643e-09 5.9431571461872799e-02 5.9431640418695968e-02 -6.8956823168209169e-08
333 6.4941406250000000e-01 5.1784302462725078e-02 5.1784294839743256e-02 7.6229818221640322e-09 5.9097961034071264e-02 5.9098029997767920e-02 -6.8963696656099138e-08
334 6.5136718750000000e-01 5.1517412637204142e-02 5.1517405012164390e-02 7.6250397523791591e-09 5.8760646054919929e-02 5.8760715025089720e-02 -6.8970169790627534e-08
335 6.5332031250000000e-01 5.1247759737411927e-02 5.1247752110170235e-02 7.6272416923983677e-09 5.8419653389535142e-02 5.8419722365722210e-02 -6.8976187067582018e-08
336 6.5527343750000000e-01 5.0975370977309302e-02 5.0975363347718523e-02 7.6295907786017025e-09 5.8075010251855019e-02 5.8075079233623123e-02 -6.8981768103215657e-08
337 6.5722656250000000e-01 5.0700273919753916e-02 5.0700266287663880e-02 7.6320900363469057e-09 5.7726744204792360e-02 5.7726813191647096e-02 -6.8986854735719749e-08
338 6.5917968750000000e-01 5.0422496476500191e-02 5.0422488841757845e-02 7.6347423452749474e-09 5.7374883160140361e-02 5.7374952151545651e-02 -6.8991405290097507e-08
339 6.6113281250000000e-01 5.0142066908199313e-02 5.0142059270648832e-02 7.6375504809433892e-09 5.7019455378577229e-02 5.7019524373967213e-02 -6.8995389984616295e-08
340 6.6308593750000000e-01 4.9859013824399154e-02 4.9859006183882136e-02 7.6405170176818693e-09 5.6660489469683606e-02 5.6660558468457078e-02 -6.8998773472550567e-08
341 6.6503906250000000e-01 4.9573366183544396e-02 4.9573358539900005e-02 7.6436443910421481e-09 5.6298014391927609e-02 5.6298083393457481e-02 -6.9001529871826062e-08
342 6.6699218750000000e-01 4.9285153292976350e-02 4.9285145646041507e-02 7.6469348422869565e-09 5.5932059452743488e-02 5.5932128456307510e-02 -6.9003564022451780e-08
343 6.6894531250000000e-01 4.8994404808933051e-02 4.8994397158542646e-02 7.6503904045122084e-09 5.5562654308298778e-02 5.5562723313243155e-02 -6.9004944376616084e-08
344 6.7089843750000000e-01 4.8701150736549216e-02 4.8701143082536341e-02 7.6540128748914249e-09 5.5189828963853903e-02 5.5189897969397342e-02 -6.9005543439082384e-08
345 6.7285156250000000e-01 4.8405421429856259e-02 4.8405413772052333e-02 7.6578039256980368e-09 5.4813613773443438e-02 5.4813682778799805e-02 -6.9005356366502735e-08
346 6.7480468750000000e-01 4.8107247591782233e-02 4.8107239930017337e-02 7.6617648961385676e-09 5.4434039440032528e-02 5.4434108444377259e-02 -6.9004344731282696e-08
347 6.7675781250000000e-01 4.7806660274151820e-02 4.7806652608254903e-02 7.6658969172527236e-09 5.4051137015505901e-02 5.4051206017953261e-02 -6.9002447360133612e-08
348 6.7871093750000000e-01 4.7503690877686369e-02 4.7503683207485527e-02 7.6702008425244550e-09 5.3664937900563814e-02 5.3665006900248308e-02 -6.8999684493808999e-08
349 6.8066406250000000e-01 4.7198371152003815e-02 4.7198363477326526e-02 7.6746772895153192e-09 5.3275473844984454e-02 5.3275542840879708e-02 -6.8995895254053696e-08
350 6.8261718750000000e-01 4.6890733195618657e-02 4.6890725516292191e-02 7.6793264663921335e-09 5.2882776947219406e-02 5.2882845938361761e-02 -6.8991142354590806e-08
351 6.8457031250000000e-01 4.6580809455942049e-02 4.6580801771793669e-02 7.6841483800937915e-09 5.2486879654739110e-02 5.2486948640105599e-02 -6.8985366488694133e-08
352 6.8652343750000000e-01 4.6268632729281535e-02 4.6268625040138990e-02 7.6891425448977202e-09 5.2087814763891883e-02 5.2087883742419266e-02 -6.8978527383023458e-08
353 6.8847656250000000e-01 4.5954236160841523e-02 4.5954228466533090e-02 7.6943084334479828e-09 5.1685615419927444e-02 5.1685684390507705e-02 -6.8970580260896419e-08
354 6.9042968750000000e-01 4.5637653244722722e-02 4.5637645545077814e-02 7.6996449077659790e-09 5.1280315116997599e-02 5.1280384078472740e-02 -6.8961475141460227e-08
355 6.9238281250000000e-01 4.5318917823922417e-02 4.5318910118771878e-02 7.7051505384395647e-09 5.0871947698096033e-02 5.0872016649313102e-02 -6.8951217069290749e-08
356 6.9433593750000000e-01 4.4998064090334411e-02 4.4998056379510903e-02 7.7108235074785370e-09 5.0460547355216781e-02 5.0460616294924411e-02 -6.8939707630055747e-08
357 6.9628906250000000e-01 4.4675126584748925e-02 4.4675118868087414e-02 7.7166615111701198e-09 5.0046148629166197e-02 5.0046217556099185e-02 -6.8926932987600775e-08
358 6.9824218750000000e-01 4.4350140196852801e-02 4.4350132474190798e-02 7.7226620029402504e-09 4.9628786409673227e-02 4.9628855322526817e-02 -6.8912853590230583e-08
359 7.0019531250000000e-01 4.4023140165229242e-02 4.4023132436407382e-02 7.7288218602866721e-09 4.9208495935346264e-02 4.9208564832793622e-02 -6.8897447358384767e-08
360 7.0214843750000000e-01 4.3694162077357920e-02 4.3694154342220341e-02 7.7351375790679633e-09 4.8785312793782509e-02 4.8785381674382795e-02 -6.8880600286036486e-08
361 7.0410156250000000e-01 4.3363241869614912e-02 4.3363234128009777e-02 7.7416051347256598e-09 4.8359272921336391e-02 4.8359341783674424e-02 -6.8862338033215398e-08
362 7.0605468750000000e-01 4.3030415827272704e-02 4.3030408079052673e-02 7.7482200308565119e-09 4.7930412603319761e-02 4.7930481445945493e-02 -6.8842625731979634e-08
363 7.0800781250000000e-01 4.2695720584500198e-02 4.2695712829522905e-02 7.7549772922735905e-09 4.7498768473953651e-02 4.7498837295369883e-02 -6.8821416232545118e-08
364 7.0996093750000000e-01 4.2359193124362600e-02 4.2359185362491246e-02 7.7618713539839845e-09 4.7064377516345644e-02 4.7064446315018361e-02 -6.8798672717140796e-08
365 7.1191406250000000e-01 4.2020870778821572e-02 4.2020863009925351e-02 7.7688962207833612e-09 4.6627277062498251e-02 4.6627345836858590e-02 -6.8774360338641483e-08
366 7.1386718750000000e-01 4.1680791228735074e-02 4.1680783452689801e-02 7.7760452729669360e-09 4.6187504793309131e-02 4.6187573541755157e-02 -6.8748446026278831e-08
367 7.1582031250000000e-01 4.1338992503857405e-02 4.1338984720546042e-02 7.7833113634739881e-09 4.5745098738595447e-02 4.5745167459469487e-02 -6.8720874039918112e-08
368 7.1777343750000000e-01 4.0995512982839169e-02 4.0995505192152427e-02 7.7906867415600267e-09 4.5300097277027697e-02 4.5300165968659940e-02 -6.8691632243433887e-08
369 7.1972656250000000e-01 4.0650391393227243e-02 4.0650383595064184e-02 7.7981630597356855e-09 4.4852539136194948e-02 4.4852607796881751e-02 -6.8660686802779480e-08
370 7.2167968750000000e-01 4.0303666811464835e-02 4.0303659005733475e-02 7.8057313598889344e-09 4.4402463392579770e-02 4.4402532020587082e-02 -6.8628007311721806e-08
371 7.2363281250000000e-01 3.9955378662891353e-02 3.9955370849509307e-02 7.8133820455295044e-09 4.3949909471535875e-02 4.3949978065124927e-02 -6.8593589051813009e-08
372 7.2558593750000000e-01 3.9605566721742549e-02 3.9605558900637612e-02 7.8211049373000385e-09 4.3494917147413048e-02 4.3494985704741237e-02 -6.8557328189444711e-08
373 7.2753906250000000e-01 3.9254271111150360e-02 3.9254263282261205e-02 7.8288891550148954e-09 4.3037526543360335e-02 4.3037595062578815e-02 -6.8519218479612398e-08
374 7.2949218750000000e-01 3.8901532303142916e-02 3.8901524466419833e-02 7.8367230829656798e-09 4.2577778131393518e-02 4.2577846610677407e-02 -6.8479283889255615e-08
375 7.3144531250000000e-01 3.8547391118644588e-02 3.8547383274050051e-02 7.8445945364546965e-09 4.2115712732487584e-02 4.2115781169973582e-02 -6.8437485997718817e-08
376 7.3339843750000000e-01 3.8191888727475976e-02 3.8191880874985394e-02 7.8524905813837087e-09 4.1651371516496345e-02 4.1651439910300861e-02 -6.8393804515676226e-08
377 7.3535156250000000e-01 3.7835066648353739e-02 3.7835058787956254e-02 7.8603974856816805e-09 4.1184796002170287e-02 4.1184864350389629e-02 -6.8348219341152205e-08
378 7.3730468750000000e-01 3.7476966748890846e-02 3.7476958880589918e-02 7.8683009274715943e-09 4.0716028057147469e-02 4.0716096357867194e-02 -6.8300719725800096e-08
379 7.3925781250000000e-01 3.7117631245596368e-02 3.7117623369410553e-02 7.8761858146592090e-09 4.0245109897985749e-02 4.0245178149257710e-02 -6.8251271960473314e-08
380 7.4121093750000000e-01 3.6757102703875569e-02 3.6757094819839277e-02 7.8840362918719542e-09 3.9772084090102446e-02 3.9772152289982293e-02 -6.8199879847685718e-08
381 7.4316406250000000e-01 3.6395424038029686e-02 3.6395416146194015e-02 7.8918356710699911e-09 3.9296993547825509e-02 3.9297061694358877e-02 -6.8146533367674511e-08
382 7.4511718750000000e-01 3.6032638511256300e-02 3.6032630611689653e-02 7.8995666466519232e-09 3.8819881534376106e-02 3.8819949625602347e-02 -6.8091226240740710e-08
383 7.4707031250000000e-01 3.5668789735649027e-02 3.5668781828437968e-02 7.9072110595324041e-09 3.8340791661880758e-02 3.8340859695824472e-02 -6.8033943714795875e-08
384 7.4902343750000000e-01 3.5303921672197577e-02 3.5303913757447590e-02 7.9147499873477578e-09 3.7859767891347929e-02 3.7859835866033885e-02 -6.7974685956373460e-08
385 7.5097656250000000e-01 3.4938078630787767e-02 3.4938070708624078e-02 7.9221636889448277e-09 3.7376854532718704e-02 3.7376922446136149e-02 -6.7913417445275570e-08
386 7.5292968750000000e-01 3.4571305270201497e-02 3.4571297340769865e-02 7.9294316321365521e-09 3.6892096244740602e-02 3.6892164094933698e-02 -6.7850193095908562e-08
387 7.5488281250000000e-01 3.4203646598116769e-02 3.4203638661584303e-02 7.9365324659463887e-09 3.6405538035107668e-02 3.6405605820125878e-02 -6.7785018209587378e-08
388 7.5683593750000000e-01 3.3835147971107621e-02 3.3835140027663607e-02 7.9434440136694207e-09 3.5917225260404619e-02 3.5917292978308903e-02 -6.7717904284059216e-08
389 7.5878906250000000e-01 3.3465855094644260e-02 3.3465847144500911e-02 7.9501433492001894e-09 3.5427203626085202e-02 3.5427271274975913e-02 -6.7648890711424770e-08
390 7.6074218750000000e-01 3.3095814023092911e-02 3.3095806066486232e-02 7.9566066790714984e-09 3.4935519186575448e-02 3.4935586764516927e-02 -6.7577941478824677e-08
391 7.6269531250000000e-01 3.2725071159715895e-02 3.2725063196906483e-02 7.9628094118433523e-09 3.4442218345129984e-02 3.4442285850218850e-02 -6.7505088865993379e-08
392 7.6464843750000000e-01 3.2353673256671621e-02 3.2353665287945463e-02 7.9687261581029567e-09 3.3947347853870435e-02 3.3947415284265488e-02 -6.7430395052359149e-08
393 7.6660156250000000e-01 3.1981667415014466e-02 3.1981659440683888e-02 7.9743305778090523e-09 3.3450954813864196e-02 3.3451022167737550e-02 -6.7353873353659388e-08
394 7.6855468750000000e-01 3.1609101084695050e-02 3.1609093105099330e-02 7.9795957202977164e-09 3.2953086675054734e-02 3.2953153950612608e-02 -6.7275557874557634e-08
395 7.7050781250000000e-01 3.1236022064559953e-02 3.1236014080066304e-02 7.9844936495820917e-09 3.2453791236264351e-02 3.2453858431765188e-02 -6.7195500837169408e-08
396 7.7246093750000000e-01 3.0862478502351912e-02 3.0862470513356180e-02 7.9889957323164840e-09 3.1953116645283330e-02 3.1953183758966650e-02 -6.7113683319131034e-08
397 7.7441406250000000e-01 3.0488518894709708e-02 3.0488510901637237e-02 7.9930724712629075e-09 3.1451111398678580e-02 3.1451178428885271e-02 -6.7030206690743555e-08
398 7.7636718750000000e-01 3.0114192087168222e-02 3.0114184090474633e-02 7.9966935885578128e-09 3.0947824341978011e-02 3.0947891287086221e-02 -6.6945108210397786e-08
399 7.7832031250000000e-01 2.9739547274158448e-02 2.9739539274330457e-02 7.9998279910176162e-09 3.0443304669581003e-02 3.0443371528031574e-02 -6.6858450571000150e-08
400 7.8027343750000000e-01 2.9364633999007468e-02 2.9364625996563660e-02 8.0024438083026173e-09 2.9937601924785881e-02 2.9937668695080293e-02 -6.6770294411544473e-08
401 7.8222656250000000e-01 2.8989502153938515e-02 2.8989494149430084e-02 8.0045084310809145e-09 2.9430765999791220e-02 2.9430832680488215e-02 -6.6680696995252697e-08
402 7.8417968750000000e-01 2.8614201980070943e-02 2.8614193974082481e-02 8.0059884624561484e-09 2.8922847135646634e-02 2.8922913725408096e-02 -6.6589761461843811e-08
403 7.8613281250000000e-01 2.8238784067420270e-02 2.8238776060570511e-02 8.0068497596008648e-09 2.8413895922384923e-02 2.8413962419889589e-02 -6.6497504665891105e-08
404 7.8808593750000000e-01 2.7863299354898154e-02 2.7863291347840685e-02 8.0070574684509843e-09 2.7903963298831078e-02 2.7904029702879210e-02 -6.6404048131712967e-08
405 7.9003906250000000e-01 2.7487799130312442e-02 2.7487791123736446e-02 8.0065759959502270e-09 2.7393100552750755e-02 2.7393166862220399e-02 -6.6309469644310060e-08
406 7.9199218750000000e-01 2.7112335030367207e-02 2.7112327024998117e-02 8.0053690898473917e-09 2.6881359320793097e-02 2.6881425534653482e-02 -6.6213860384217726e-08
407 7.9394531250000000e-01 2.6736959040662745e-02 2.6736951037262906e-02 8.0033998386963567e-09 2.6368791588481599e-02 2.6368857705815665e-02 -6.6117334066029265e-08
408 7.9589843750000000e-01 2.6361723495695589e-02 2.6361715495064941e-02 8.0006306475699507e-09 2.5855449690325827e-02 2.5855515710241073e-02 -6.6019915246490202e-08
409 7.9785156250000000e-01 2.5986681078858535e-02 2.5986673081835214e-02 7.9970233213266795e-09 2.5341386309557942e-02 2.5341452231360709e-02 -6.5921802766544246e-08
410 7.9980468750000000e-01 2.5611884822440669e-02 2.5611876829901636e-02 7.9925390333857038e-09 2.4826654478423384e-02 2.4826720301502472e-02 -6.5823079088006553e-08
411 8.0175781250000000e-01 2.5237388107627431e-02 2.5237380120488991e-02 7.9871384402185885e-09 2.4311307578027522e-02 2.4311373301891152e-02 -6.5723863629241208e-08
412 8.0371093750000000e-01 2.4863244664500579e-02 2.4863236683718978e-02 7.9807816015520228e-09 2.3795399338366850e-02 2.3795464962648446e-02 -6.5624281595649814e-08
413 8.0566406250000000e-01 2.4489508572038302e-02 2.4489500598610173e-02 7.9734281295540388e-09 2.3278983838309841e-02 2.3279049362792931e-02 -6.5524483089385299e-08
414 8.0761718750000000e-01 2.4116234258115189e-02 2.4116226293078052e-02 7.9650371367923078e-09 2.2762115505685188e-02 2.2762180930240083e-02 -6.5424554895193721e-08
415 8.0957031250000000e-01 2.3743476499502300e-02 2.3743468543934988e-02 7.9555673125619730e-09 2.2244849117129407e-02 2.2244914441802273e-02 -6.5324672865463285e-08
416 8.1152343750000000e-01 2.3371290421867173e-02 2.3371282476890246e-02 7.9449769263550962e-09 2.1727239798198947e-02 2.1727305023188773e-02 -6.5224989825862778e-08
417 8.1347656250000000e-01 2.2999731499773926e-02 2.2999723566549984e-02 7.9332239423524076e-09 2.1209343023348565e-02 2.1209408149005727e-02 -6.5125657162240502e-08
418 8.1542968750000000e-01 2.2628855556683199e-02 2.2628847636417249e-02 7.9202659500343664e-09 2.0691214615919471e-02 2.0691279642756195e-02 -6.5026836724296766e-08
419 8.1738281250000000e-01 2.2258718764952324e-02 2.2258710858892000e-02 7.9060603237757210e-09 2.0172910748144091e-02 2.0172975676840135e-02 -6.4928696044685985e-08
420 8.1933593750000000e-01 2.1889377645835283e-02 2.1889369755271067e-02 7.8905642159066147e-09 1.9654487941146215e-02 1.9654552772554370e-02 -6.4831408155135994e-08
421 8.2128906250000000e-01 2.1520889069482785e-02 2.1520881195748191e-02 7.8737345948765025e-09 1.9136003064962583e-02 1.9136067800092645e-02 -6.4735130061999158e-08
422 8.2324218750000000e-01 2.1153310254942305e-02 2.1153302399414001e-02 7.8555283042347490e-09 1.8617513338463947e-02 1.8617577978545588e-02 -6.4640081641476055e-08
423 8.2519531250000000e-01 2.0786698770158183e-02 2.0786690934256016e-02 7.8359021667140372e-09 1.8099076329449841e-02 1.8099140875900720e-02 -6.4546450878610884e-08
424 8.2714843750000000e-01 2.0421112531971604e-02 2.0421104717158658e-02 7.8148129460664517e-09 1.7580749954604253e-02 1.7580814409042460e-02 -6.4454438206823506e-08
425 8.2910156250000000e-01 2.0056609806120770e-02 2.0056602013903232e-02 7.7922175378830616e-09 1.7062592479504701e-02 1.7062656843752116e-02 -6.4364247414488984e-08
426 8.3105468750000000e-01 1.9693249207240845e-02 1.9693241439167956e-02 7.7680728897966400e-09 1.6544662518597875e-02 1.6544726794707903e-02 -6.4276110028210764e-08
427 8.3300781250000000e-01 1.9331089698864094e-02 1.9331081956527912e-02 7.7423361818929060e-09 1.6027019035277049e-02 1.6027083225484906e-02 -6.4190207857417469e-08
428 8.3496093750000000e-01 1.8970190593419894e-02 1.8970182878455106e-02 7.7149647885466077e-09 1.5509721341757886e-02 1.5509785448555130e-02 -6.4106797243931868e-08
429 8.3691406250000000e-01 1.8610611552234924e-02 1.8610603866318430e-02 7.6859164935272339e-09 1.4992829099182292e-02 1.4992893125287465e-02 -6.4026105172851344e-08
430 8.3886718750000000e-01 1.8252412585533052e-02 1.8252404930383648e-02 7.6551494032628398e-09 1.4476402317576367e-02 1.4476466265947677e-02 -6.3948371310101892e-08
431 8.4082031250000000e-01 1.7895654052435601e-02 1.7895646429813453e-02 7.6226221480679701e-09 1.3960501355867905e-02 1.3960565229698459e-02 -6.3873830554589395e-08
432 8.4277343750000000e-01 1.7540396660961296e-02 1.7540389072667407e-02 7.5882938890825535e-09 1.3445186921828167e-02 1.3445250724599374e-02 -6.3802771206947217e-08
433 8.4472656250000000e-01 1.7186701468026394e-02 1.7186693915901972e-02 7.5521244223553108e-09 1.2930520072189394e-02 1.2930583807606881e-02 -6.3735417487123525e-08
434 8.4667968750000000e-01 1.6834629879444757e-02 1.6834622365370516e-02 7.5140742412938000e-09 1.2416562212528025e-02 1.2416625884574348e-02 -6.3672046322904574e-08
435 8.4863281250000000e-01 1.6484243649927961e-02 1.6484236175823279e-02 7.4741046823811885e-09 1.1903375097322174e-02 1.1903438710252023e-02 -6.3612929849035660e-08
436 8.5058593750000000e-01 1.6135604883085325e-02 1.6135597450907414e-02 7.4321779112984654e-09 1.1391020829940580e-02 1.1391084388287046e-02 -6.3558346466083271e-08
437 8.5253906250000000e-01 1.5788776031424111e-02 1.5788768643166959e-02 7.3882571519079399e-09 1.0879561862651599e-02 1.0879625371223466e-02 -6.3508571866710550e-08
438 8.5449218750000000e-01 1.5443819896349494e-02 1.5443812554042853e-02 7.3423066411504312e-09 1.0369060996573864e-02 1.0369124460502213e-02 -6.3463928348661547e-08
439 8.5644531250000000e-01 1.5100799628164744e-02 1.5100792333872919e-02 7.2942918250690214e-09 9.8595813817905480e-03 9.8596448064611191e-03 -6.3424670571077257e-08
440 8.5839843750000000e-01 1.4759778726071310e-02 1.4759771481891884e-02 7.2441794264632708e-09 9.3511865172101697e-03 9.3512499083349045e-03 -6.3391124734829551e-08
441 8.6035156250000000e-01 1.4420821038168850e-02 1.4420813846231357e-02 7.1919374934614755e-09 8.8439402506582197e-03 8.8440036142551810e-03 -6.3363596961366064e-08
442 8.6230468750000000e-01 1.4083990761455478e-02 1.4083983623919860e-02 7.1375356180958249e-09 8.3379067788481066e-03 8.3379701212504681e-03 -6.3342402361471484e-08
443 8.6425781250000000e-01 1.3749352441827751e-02 1.3749345360882787e-02 7.0809449640579780e-09 7.8331506473858781e-03 7.8332139752461654e-03 -6.3327860287329396e-08
444 8.6621093750000000e-01 1.3416970974080839e-02 1.3416963951942444e-02 7.0221383950686000e-09 7.3297367507692002e-03 7.3298000710645735e-03 -6.3320295373356372e-08
445 8.6816406250000000e-01 1.3086911601908616e-02 1.3086904640818024e-02 6.9610905928385591e-09 6.8277303323897353e-03 6.8277936524248880e-03 -6.3320035152691911e-08
446 8.7011718750000000e-01 1.2759239917903774e-02 1.2759233020125608e-02 6.8977781663565052e-09 6.3271969845185650e-03 6.3272603119431895e-03 -6.3327424624538831e-08
447 8.7207031250000000e-01 1.2434021863557977e-02 1.2434015031378183e-02 6.8321797941361950e-09 5.8282026483249833e-03 5.8282659911324626e-03 -6.3342807479251084e-08
448 8.7402343750000000e-01 1.2111323729261924e-02 1.2111316964985623e-02 6.7642763005443252e-09 5.3308136138707479e-03 5.3308769804025855e-03 -6.3366531837666384e-08
449 8.7597656250000000e-01 1.1791212154305534e-02 1.1791205460254695e-02 6.6940508396812204e-09 4.8350965201109375e-03 4.8351599190603212e-03 -6.3398949383744463e-08
450 8.7792968750000000e-01 1.1473754126878059e-02 1.1473747505389062e-02 6.6214889977295188e-09 4.3411183548869303e-03 4.3411817953093370e-03 -6.3440422406677022e-08
451 8.7988281250000000e-01 1.1159016984068197e-02 1.1159010437489288e-02 6.5465789091806448e-09 3.8489464549443415e-03 3.8490099462501919e-03 -6.3491305850402885e-08
452 8.8183593750000000e-01 1.0847068411864235e-02 1.0847061942552817e-02 6.4693114181640921e-09 3.3586485059091862e-03 3.3587120578803336e-03 -6.3551971147407516e-08
453 8.8378906250000000e-01 1.0537976445154168e-02 1.0537970055473998e-02 6.3896801703877681e-09 2.8702925423038199e-03 2.8703561650941095e-03 -6.3622790289624698e-08
454 8.8574218750000000e-01 1.0231809467725896e-02 1.0231803160044069e-02 6.3076818265089818e-09 2.3839469475438217e-03 2.3840106516827583e-03 -6.3704138936627325e-08
455 8.8769531250000000e-01 9.9286362122672916e-03 9.9286299889511671e-03 6.2233161245844881e-09 1.8996804539384016e-03 1.8997442503344165e-03 -6.3796396014906276e-08
456 8.8964843750000000e-01 9.6285257603664007e-03 9.6285196237803176e-03 6.1365860830331354e-09 1.4175621426986140e-03 1.4176260426341102e-03 -6.3899935496148502e-08
457 8.9160156250000000e-01 9.3315475425115556e-03 9.3315414950134422e-03 6.0474981133928907e-09 9.3766144390006688e-04 9.3772545906375938e-04 -6.4015163692490717e-08
458 8.9355468750000000e-01 9.0377713380915443e-03 9.0377653820293592e-03 5.9560621851195705e-09 4.6004813654358727e-04 4.6011227900218403e-04 -6.4142458596763100e-08
459 8.9550781250000000e-01 8.7472672753957578e-03 8.7472614131037744e-03 5.8622919834466769e-09 -1.5207651491929025e-05 -1.5143369274909398e-05 -6.4282217019627169e-08
460 8.9746093750000000e-01 8.4601058316143372e-03 8.4601000654092959e-03 5.7662050412243815e-09 -4.8803544343023844e-04 -4.8797100859491435e-04 -6.4434835324084141e-08
461 8.9941406250000000e-01 8.1763578328383577e-03 8.1763521650154228e-03 5.6678229349432785e-09 -9.5836441359864466e-04 -9.5829981288833143e-04 -6.4600710313229837e-08
462 9.0136718750000000e-01 7.8960944540599504e-03 7.8960888868885425e-03 5.5671714078997514e-09 -1.4261233874393042e-03 -1.4260586071887721e-03 -6.4780250532076381e-08
463 9.0332031250000000e-01 7.6193872191724962e-03 7.6193817548919447e-03 5.4642805514745763e-09 -1.8912408414820719e-03 -1.8911758676329491e-03 -6.4973849122794067e-08
464 9.0527343750000000e-01 7.3463080009707757e-03 7.3463026417858119e-03 5.3591849638601197e-09 -2.3536449033774954e-03 -2.3535797214606783e-03 -6.5181916817161345e-08
465 9.0722656250000000e-01 7.0769290211511425e-03 7.0769237692272146e-03 5.2519239278694951e-09 -2.8132633518753807e-03 -2.8131979470148892e-03 -6.5404860491533739e-08
466 9.0917968750000000e-01 6.8113228503116994e-03 6.8113177077701228e-03 5.1425415766026550e-09 -3.2700236168299907e-03 -3.2699579737416121e-03 -6.5643088378603692e-08
467 9.1113281250000000e-01 6.5495624079524575e-03 6.5495573768654001e-03 5.0310870573777589e-09 -3.7238527792027298e-03 -3.7237868821899814e-03 -6.5897012748415695e-08
468 9.1308593750000000e-01 6.2917209624755209e-03 6.2917160448608036e-03 4.9176147173465856e-09 -4.1746775710471695e-03 -4.1746114040122437e-03 -6.6167034925776469e-08
469 9.1503906250000000e-01 6.0378721311852611e-03 6.0378673290009816e-03 4.8021842795689662e-09 -4.6224243755268891e-03 -4.6223579219637490e-03 -6.6453563140125849e-08
470 9.1699218750000000e-01 5.7880898802884885e-03 5.7880851954274833e-03 4.6848610052094286e-09 -5.0670192269217105e-03 -5.0669524699029477e-03 -6.6757018762735043e-08
471 9.1894531250000000e-01 5.5424485248946487e-03 5.5424439591787444e-03 4.5657159043061002e-09 -5.5083878106000263e-03 -5.5083207327914028e-03 -6.7077808623555724e-08
472 9.2089843750000000e-01 5.3010227290159967e-03 5.3010182841900988e-03 4.4448258979673527e-09 -5.9464554630361413e-03 -5.9463880466937838e-03 -6.7416342357587422e-08
473 9.2285156250000000e-01 5.0638875055677825e-03 5.0638831832937733e-03 4.3222740091913847e-09 -6.3811471718047130e-03 -6.3810793987778636e-03 -6.7773026849425599e-08
474 9.2480468750000000e-01 4.8311182163684437e-03 4.8311140182188917e-03 4.1981495519510803e-09 -6.8123875755929930e-03 -6.8123194273145152e-03 -6.8148278477807300e-08
475 9.2675781250000000e-01 4.6027905721397937e-03 4.6027864995914656e-03 4.0725483280851238e-09 -7.2401009641649599e-03 -7.2400324216777287e-03 -6.8542487231121330e-08
476 9.2871093750000000e-01 4.3789806325072048e-03 4.3789766869344084e-03 3.9455727964335385e-09 -7.6642112784133633e-03 -7.6641423223445890e-03 -6.8956068774266022e-08
477 9.3066406250000000e-01 4.1597648059998136e-03 4.1597609886675204e-03 3.8173322931475684e-09 -8.0846421103174682e-03 -8.0845727208952983e-03 -6.9389422169968684e-08
478 9.3261718750000000e-01 3.9452198500507085e-03 3.9452161621075007e-03 3.6879432077641106e-09 -8.5013167029595726e-03 -8.5012468600131567e-03 -6.9842946415904494e-08
479 9.3457031250000000e-01 3.7354228709971303e-03 3.7354193134679411e-03 3.5575291892041283e-09 -8.9141579505209734e-03 -8.9140876334845749e-03 -7.0317036398453991e-08
480 9.3652343750000000e-01 3.5304513240806672e-03 3.5304478978593267e-03 3.4262213404953612e-09 -9.3230883982862167e-03 -9.3230175861990609e-03 -7.0812087155786019e-08
481 9.3847656250000000e-01 3.3303830134474560e-03 3.3303797192890381e-03 3.2941584178318439e-09 -9.7280302426317831e-03 -9.7279589141492425e-03 -7.1328482540572447e-08
482 9.4042968750000000e-01 3.1352960921483806e-03 3.1352929306613488e-03 3.1614870318018296e-09 -1.0128905331041467e-02 -1.0128833464430840e-02 -7.1866610627802086e-08
483 9.4238281250000000e-01 2.9452690621392806e-03 2.9452660337774264e-03 3.0283618542535640e-09 -1.0525635162093556e-02 -1.0525562735242690e-02 -7.2426850865683901e-08
484 9.4433593750000000e-01 2.7603807742811438e-03 2.7603778793353346e-03 2.8949458091148683e-09 -1.0918140885464694e-02 -1.0918067875886724e-02 -7.3009577970101214e-08
485 9.4628906250000000e-01 2.5807104283403323e-03 2.5807076669300279e-03 2.7614103044124039e-09 -1.1306343301928479e-02 -1.1306269686767992e-02 -7.3615160486525943e-08
486 9.4824218750000000e-01 2.4063375729887651e-03 2.4063349450533572e-03 2.6279354079124240e-09 -1.1690162863358999e-02 -1.1690088619394641e-02 -7.4243964358344794e-08
487 9.5019531250000000e-01 2.2373421058041400e-03 2.2373396110940669e-03 2.4947100730685068e-09 -1.2069519672720651e-02 -1.2069444776377926e-02 -7.4896342724950493e-08
488 9.5214843750000000e-01 2.0738042732701347e-03 2.0738019113377953e-03 2.3619323393821168e-09 -1.2444333484080269e-02 -1.2444257911432211e-02 -7.5572648057867231e-08
489 9.5410156250000000e-01 1.9158046707766240e-03 1.9158024409670748e-03 2.2298095492430392e-09 -1.2814523702598146e-02 -1.2814447429374961e-02 -7.6273223185291394e-08
490 9.5605468750000000e-01 1.7634242426198805e-03 1.7634221440613327e-03 2.0985585478562607e-09 -1.3180009384530232e-02 -1.3179932386126752e-02 -7.6998403479577870e-08
491 9.5800781250000000e-01 1.6167442820027903e-03 1.6167423135968885e-03 1.9684059018171274e-09 -1.3540709237227944e-02 -1.3540631488711262e-02 -7.7748516682032975e-08
492 9.5996093750000000e-01 1.4758464310350649e-03 1.4758445914469578e-03 1.8395881070613213e-09 -1.3896541619134339e-02 -1.3896463095255274e-02 -7.8523879065706126e-08
493 9.6191406250000000e-01 1.3408126807334505e-03 1.3408109683816490e-03 1.7123518015853267e-09 -1.4247424539790833e-02 -1.4247345214988683e-02 -7.9324802150504414e-08
494 9.6386718750000000e-01 1.2117253710219400e-03 1.2117237840679658e-03 1.5869539742637689e-09 -1.4593275659830172e-02 -1.4593195508244483e-02 -8.0151585689705596e-08
495 9.6582031250000000e-01 1.0886671907319890e-03 1.0886657270698040e-03 1.4636621849424547e-09 -1.4934012290978795e-02 -1.4933931286458780e-02 -8.1004520015304227e-08
496 9.6777343750000000e-01 9.7172117760272250e-04 9.7171983484795532e-04 1.3427547671841789e-09 -1.5269551396055443e-02 -1.5269469512170781e-02 -8.1883884662375950e-08
497 9.6972656250000000e-01 8.6097071828115566e-04 8.6096949376010513e-04 1.2245210505301696e-09 -1.5599809588970892e-02 -1.5599726799022797e-02 -8.2789948094991184e-08
498 9.7167968750000000e-01 7.5649954832240180e-04 7.5649843906083216e-04 1.1092615696426875e-09 -1.5924703134728269e-02 -1.5924619411760262e-02 -8.3722968006322285e-08
499 9.7363281250000000e-01 6.5839175218988485e-04 6.5839075490160999e-04 9.9728827485708743e-10 -1.6244147949419405e-02 -1.6244063266231689e-02 -8.4683187715622887e-08
500 9.7558593750000000e-01 5.6673176325555230e-04 5.6673087433080588e-04 8.8892474642016800e-10 -1.6558059600229946e-02 -1.6557973929388712e-02 -8.5670841233620454e-08
501 9.7753906250000000e-01 4.8160436380008956e-04 4.8160357929368137e-04 7.8450640818641948e-10 -1.6866353305433721e-02 -1.6866266619286072e-02 -8.6686147648951106e-08
502 9.7949218750000000e-01 4.0309468501312771e-04 4.0309400063239209e-04 6.8438073562221077e-10 -1.7168943934394488e-02 -1.7168856205081618e-02 -8.7729312869821996e-08
503 9.8144531250000000e-01 3.3128820699345699e-04 3.3128761808598744e-04 5.8890746955624768e-10 -1.7465746007565230e-02 -1.7465657207036297e-02 -8.8800528933591361e-08
504 9.8339843750000000e-01 2.6627075874923741e-04 2.6627026029041133e-04 4.9845882608111347e-10 -1.7756673696486036e-02 -1.7756583796514167e-02 -8.9899971869589201e-08
505 9.8535156250000000e-01 2.0812851819820751e-04 2.0812810477850146e-04 4.1341970604823371e-10 -1.8041640823786988e-02 -1.8041549795982385e-02 -9.1027804603044382e-08
506 9.8730468750000000e-01 1.5694801216789393e-04 1.5694767797998970e-04 3.3418790423758032e-10 -1.8320560863184690e-02 -1.8320468679011222e-02 -9.2184173468290442e-08
507 9.8925781250000000e-01 1.1281611639581542e-04 1.1281585522150205e-04 2.6117431336386294e-10 -1.8593346939482485e-02 -1.8593253570274051e-02 -9.3369208434279649e-08
508 9.9121093750000000e-01 7.5820055529698165e-05 7.5819860726558495e-05 1.9480313967013083e-10 -1.8859911828570022e-02 -1.8859817245547354e-02 -9.4583022667432681e-08
509 9.9316406250000000e-01 4.6047403127668611e-05 4.6047267615573143e-05 1.3551209546852627e-10 -1.9120167957422642e-02 -1.9120072131710721e-02 -9.5825711921015966e-08
510 9.9511718750000000e-01 2.3586081658466163e-05 2.3585997905854201e-05 8.3752611962394693e-11 -1.9374027404100713e-02 -1.9373930306746834e-02 -9.7097353879416204e-08
511 9.9707031250000000e-01 8.5243625016413296e-06 8.5243225116039234e-06 3.9990037406254582e-11 -1.9621401897749295e-02 -1.9621303499741494e-02 -9.8398007800787335e-08
512 9.9902343750000000e-01 9.5086594775645908e-07 9.5086124391866365e-07 4.7038377954312547e-12 -1.9862202818597279e-02 -1.9862103090883612e-02 -9.9727713667036033e-08
