# P x u_num u_exact u_err v_num v_exact v_err psi_num psi_exact psi_err
1 0.001953125 0.002257258504163206 0.00225726581582338 -7.311660174015577e-09 0.002257258504218442 0.00225726581582338 -7.311604937384336e-09 0.004514517008381649 0.00451453163164676 -1.462326511096623e-08
2 0.005859375 0.006771520557532845 0.006771457511541153 6.304599169202479e-08 0.006771520556993596 0.006771457511541153 6.304545244282395e-08 0.01354304111452644 0.01354291502308231 1.260914441348487e-07
3 0.009765625 0.0112847628396757 0.01128462945066507 1.333890106338526e-07 0.01128476284044291 0.01128462945066507 1.333897778430654e-07 0.02256952568011861 0.02256925890133013 2.667787884769179e-07
4 0.013671875 0.01579630567288132 0.01579610196610184 2.037067794863345e-07 0.01579630567352645 0.01579610196610184 2.037074246091786e-07 0.03159261134640777 0.03159220393220367 4.074142040955131e-07
5 0.017578125 0.02030546963537016 0.02030519564668514 2.73988685017823e-07 0.02030546963732109 0.02030519564668514 2.739906359502942e-07 0.04061093927269126 0.04061039129337029 5.479793209681172e-07
6 0.021484375 0.02481157566361203 0.02481123143949244 3.442241195902862e-07 0.02481157566261998 0.02481123143949244 3.442231275366248e-07 0.049623151326232 0.04962246287898488 6.88447247126911e-07
7 0.025390625 0.02931394515459058 0.02931353075210783 4.144024827491821e-07 0.02931394515506866 0.02931353075210783 4.144029608250943e-07 0.05862789030965924 0.05862706150421566 8.288054435742764e-07
8 0.029296875 0.03381190006799829 0.03381141555481559 4.845131826997084e-07 0.03381190007125074 0.03381141555481559 4.845164351466313e-07 0.06762380013924904 0.06762283110963119 9.690296178532787e-07
9 0.033203125 0.03830476302834708 0.03830420848270896 5.545456381178537e-07 0.03830476303018594 0.03830420848270896 5.545474769802494e-07 0.07660952605853302 0.07660841696541792 1.109093115098103e-06
10 0.037109375 0.04279185742697822 0.04279123293769878 6.244892794410317e-07 0.04279185742956465 0.04279123293769878 6.24491865872101e-07 0.08558371485654287 0.08558246587539756 1.248981145313133e-06
11 0.041015625 0.04727250752395756 0.04727181319040671 6.943335508491355e-07 0.04727250752835433 0.04727181319040671 6.943379476168077e-07 0.09454501505231189 0.09454362638081343 1.388671498459004e-06
12 0.044921875 0.05174603854983905 0.05174527448192755 7.640679114961912e-07 0.05174603854776403 0.05174527448192755 7.640658364754804e-07 0.1034920770976031 0.1034905489638551 1.528133747971672e-06
13 0.048828125 0.05621177680728292 0.05621094312544551 8.336818374046762e-07 0.05621177680818692 0.05621094312544551 8.33682741403774e-07 0.1124235536154698 0.112421886250891 1.66736457880845e-06
14 0.052734375 0.06066904977251152 0.06066814660768887 9.031648226451305e-07 0.06066904977835647 0.06066814660768887 9.031706676015938e-07 0.121338099550868 0.1213362932153777 1.806335490253663e-06
15 0.056640625 0.06511718619658961 0.06511621369020809 9.725063815219093e-07 0.06511718619972033 0.06511621369020809 9.725095122398164e-07 0.1302343723963099 0.1302324273804162 1.945015893761726e-06
16 0.060546875 0.06955551620651129 0.06955447451046182 1.041696049475238e-06 0.06955551621070312 0.06955447451046182 1.041700241302679e-06 0.1391110324172144 0.1391089490209236 2.083396290764039e-06
17 0.064453125 0.07398337140608092 0.07398226068269574 1.110723385183698e-06 0.0739833714129479 0.07398226068269574 1.110730252162906e-06 0.1479667428190288 0.1479645213653915 2.221453637346604e-06
18 0.068359375 0.07840008497657089 0.07839890539859899 1.179577971896495e-06 0.07840008497344383 0.07839890539859899 1.179574844842324e-06 0.1568001699500147 0.156797810797198 2.359152816738819e-06
19 0.072265625 0.0828049917771421 0.08280374352772304 1.248249419050218e-06 0.08280499177848753 0.08280374352772304 1.248250764487868e-06 0.1656099835556296 0.1656074870554461 2.496500183524208e-06
20 0.076171875 0.08719742844501167 0.08719611171764793 1.316727363739889e-06 0.08719742845344557 0.08719611171764793 1.316735797632362e-06 0.1743948568984572 0.1743922234352959 2.633463161372251e-06
21 0.080078125 0.09157673349535321 0.09157534849388065 1.385001472564706e-06 0.09157673349976754 0.09157534849388065 1.385005886894719e-06 0.1831534669951208 0.1831506969877613 2.770007359459425e-06
22 0.083984375 0.09594224742091351 0.0959407943594708 1.453061442710513e-06 0.09594224742669819 0.0959407943594708 1.453067227388805e-06 0.1918844948476117 0.1918815887189416 2.906128670099317e-06
23 0.087890625 0.1002933127913323 0.1002917918943284 1.520897003934318e-06 0.1002933128006553 0.1002917918943284 1.520906326948901e-06 0.2005866255919876 0.2005835837886568 3.041803330883219e-06
24 0.091796875 0.1046292743521489 0.1046276858542289 1.588497920007592e-06 0.1046292743479609 0.1046276858542289 1.588493731982665e-06 0.2092585487001098 0.2092553717084578 3.176991652004135e-06
25 0.095703125 0.1089494791234808 0.1089478232694906 1.655853990228939e-06 0.1089494791252588 0.1089478232694906 1.65585576820948e-06 0.2178989582487396 0.2178956465389812 3.311709758424541e-06
26 0.099609375 0.1132532764983602 0.1132515535433095 1.722955050700858e-06 0.1132532765092637 0.1132515535433095 1.722965954145672e-06 0.2265065530076239 0.2265031070866191 3.445921004846531e-06
27 0.103515625 0.1175400183407133 0.1175382285497368 1.78979097653631e-06 0.1175400183463885 0.1175382285497368 1.789796651732734e-06 0.2350800366871019 0.2350764570994736 3.579587628255165e-06
28 0.107421875 0.1218090590829666 0.1218072027312841 1.856351682497093e-06 0.1218090590903288 0.1218072027312841 1.85635904469128e-06 0.2436181181732953 0.2436144054625681 3.712710727188373e-06
29 0.111328125 0.1260597558232672 0.1260578331961421 1.922627125144905e-06 0.1260597558349782 0.1260578331961421 1.922638836138191e-06 0.2521195116582454 0.2521156663922841 3.845265961310851e-06
30 0.115234375 0.1302914684223021 0.1302894798149979 1.988607304242995e-06 0.1302914684170685 0.1302894798149979 1.988602070596146e-06 0.2605829368393706 0.2605789596299958 3.977209374839141e-06
31 0.119140625 0.1345035595997001 0.134501505317436 2.05428226413007e-06 0.1345035596018389 0.134501505317436 2.05428440289146e-06 0.269007119201539 0.269003010634872 4.108566666993774e-06
32 0.123046875 0.1386953950300039 0.1386932753879087 2.119642095232965e-06 0.1386953950433608 0.1386932753879087 2.11965545210413e-06 0.2773907900733647 0.2773865507758174 4.239297547337095e-06
33 0.126953125 0.1428663434381978 0.1428641587612619 2.184676935940155e-06 0.142866343445088 0.1428641587612619 2.184683826095268e-06 0.2857326868832858 0.2857283175225238 4.369360762035424e-06
34 0.130859375 0.1470157766947744 0.1470135273178013 2.249376973045836e-06 0.1470157767036206 0.1470135273178013 2.249385819302896e-06 0.294031553398395 0.2940270546356027 4.498762792348732e-06
35 0.134765625 0.1511430699103296 0.151140756177885 2.313732444608751e-06 0.1511430699243884 0.151140756177885 2.313746503418423e-06 0.302286139834718 0.3022815123557699 4.627478948027175e-06
36 0.138671875 0.1552476015296683 0.1552452237960276 2.377733640618329e-06 0.1552476015234643 0.1552452237960276 2.377727436664312e-06 0.3104952030531326 0.3104904475920553 4.755461077310397e-06
37 0.142578125 0.1593287534254079 0.1593263120545034 2.441370904437967e-06 0.1593287534279614 0.1593263120545034 2.441373458006435e-06 0.3186575068533693 0.3186526241090069 4.882744362444402e-06
38 0.146484375 0.1633859109910663 0.163383406356432 2.504634634331593e-06 0.1633859110067984 0.163383406356432 2.504650366413896e-06 0.3267718219978648 0.326766812712864 5.009285000745489e-06
39 0.150390625 0.1674184632336203 0.1674158957183348 2.567515285489819e-06 0.1674184632417036 0.1674158957183348 2.567523368829372e-06 0.3348369264753238 0.3348317914366695 5.135038654291435e-06
40 0.154296875 0.1714258028655165 0.1714231728621464 2.630003370140965e-06 0.1714258028758842 0.1714231728621464 2.630013737847658e-06 0.3428516057414007 0.3428463457242927 5.260017107988624e-06
41 0.158203125 0.1754073263961298 0.1754046343066689 2.692089460937241e-06 0.1754073264124755 0.1754046343066689 2.692105806639811e-06 0.3508146528086054 0.3508092686133378 5.384195267577052e-06
42 0.162109375 0.1793624342226439 0.1793596804584539 2.753764190094321e-06 0.1793624342154784 0.1793596804584539 2.753757024576142e-06 0.3587248684381223 0.3587193609169077 5.507521214642708e-06
43 0.166015625 0.1832905307203513 0.1832877157020985 2.815018252805279e-06 0.1832905307232663 0.1832877157020985 2.815021167862364e-06 0.3665810614436176 0.366575431404197 5.630039420667643e-06
44 0.169921875 0.1871910243323506 0.1871881484899436 2.875842407046303e-06 0.1871910243503984 0.1871881484899436 2.875860454859547e-06 0.374382048682749 0.3743762969798871 5.751702861933605e-06
45 0.173828125 0.1910633276586349 0.1910603914311582 2.93622747665756e-06 0.1910633276678725 0.1910603914311582 2.936236714295992e-06 0.3821266553265074 0.3821207828623164 5.872464190925797e-06
46 0.177734375 0.1949068575445498 0.1949038613801986 2.996164351204422e-06 0.1949068575563268 0.1949038613801986 2.996176128144956e-06 0.3898137151008766 0.3898077227603973 5.992340479321623e-06
47 0.181640625 0.1987210351686156 0.198717979524628 3.055643987642798e-06 0.1987210351870963 0.198717979524628 3.055662468331999e-06 0.397442070355712 0.397435959049256 6.111306456002552e-06
48 0.185546875 0.2025052861296956 0.2025021714722831 3.114657412484068e-06 0.2025052861216333 0.2025021714722831 3.114649350238752e-06 0.405010572251329 0.4050043429445662 6.229306762750575e-06
49 0.189453125 0.2062590405334991 0.206255867337776 3.173195723071842e-06 0.2062590405368116 0.206255867337776 3.173199035616525e-06 0.4125180810703107 0.412511734675552 6.346394758716123e-06
50 0.193359375 0.2099817330784034 0.2099785018283165 3.231250086888071e-06 0.2099817330986153 0.2099785018283165 3.23127029877579e-06 0.4199634661770187 0.4199570036566331 6.462520385663861e-06
51 0.197265625 0.2136728031405894 0.2136695143288434 3.288811746049447e-06 0.2136728031508974 0.2136695143288434 3.288822054026141e-06 0.4273456062914868 0.4273390286576867 6.577633800075589e-06
52 0.201171875 0.2173316948584669 0.2173283489864505 3.345872016391471e-06 0.217331694871569 0.2173283489864505 3.345885118494207e-06 0.4346633897300359 0.434656697972901 6.691757134913434e-06
53 0.205078125 0.2209578572163864 0.2209544547940968 3.402422289577878e-06 0.2209578572369301 0.2209544547940968 3.402442833227992e-06 0.4419157144533165 0.4419089095881937 6.804865122778114e-06
54 0.208984375 0.2245507441276198 0.2245472856735855 3.458454034321878e-06 0.2245507441186206 0.2245472856735855 3.458445035103841e-06 0.4491014882462404 0.449094571347171 6.916899069453475e-06
55 0.212890625 0.2281098145165991 0.2281063005578015 3.513958797579653e-06 0.2281098145202617 0.2281063005578015 3.513962460205411e-06 0.4562196290368608 0.456212601115603 7.027921257785064e-06
56 0.216796875 0.2316345324003998 0.2316309634721944 3.568928205327504e-06 0.2316345324227757 0.2316309634721944 3.568950581289698e-06 0.4632690648231755 0.4632619269443889 7.137878786644958e-06
57 0.220703125 0.2351243669694598 0.2351207436154941 3.623353965670484e-06 0.2351243669808171 0.2351207436154941 3.62336532297447e-06 0.4702487339502769 0.4702414872309882 7.246719288644954e-06
58 0.224609375 0.2385787926675143 0.2385751154396474 3.677227866955013e-06 0.2385787926819184 0.2385751154396474 3.677242270988534e-06 0.4771575853494327 0.4771502308792948 7.354470137943547e-06
59 0.228515625 0.2419972892707458 0.2419935587289637 3.730541782182017e-06 0.2419972892932528 0.2419935587289637 3.730564289178284e-06 0.4839945785639987 0.4839871174579273 7.461106071360302e-06
60 0.232421875 0.2453793419661262 0.2453755586784576 3.783287668535085e-06 0.2453793419562866 0.2453755586784576 3.783277829016995e-06 0.4907586839224128 0.4907511173569152 7.56656549755208e-06
61 0.236328125 0.2487244414289459 0.2487206059713768 3.835457569101308e-06 0.2487244414329104 0.2487206059713768 3.835461533568951e-06 0.4974488828618563 0.4974412119427536 7.670919102642504e-06
62 0.240234375 0.2520320838995163 0.2520281968559031 3.887043613259866e-06 0.2520320839238012 0.2520281968559031 3.887067898111773e-06 0.5040641678233175 0.5040563937118061 7.774111511427151e-06
63 0.244140625 0.2553017712590349 0.2552978332210153 3.93803801951309e-06 0.2553017712713454 0.2552978332210153 3.938050330054566e-06 0.5106035425303803 0.5105956664420307 7.876088349623167e-06
64 0.248046875 0.2585330111045984 0.2585290226715038 3.988433094570532e-06 0.2585330111202719 0.2585290226715038 3.988448768144082e-06 0.5170660222248703 0.5170580453430076 7.976881862714613e-06
65 0.251953125 0.2617253168233583 0.2617212786021224 4.038221235902473e-06 0.261725316847659 0.2617212786021224 4.038245536630569e-06 0.5234506336710174 0.5234425572042448 8.076466772588553e-06
66 0.255859375 0.2648782076658033 0.26487412027087 4.08739493323873e-06 0.2648782076552123 0.26487412027087 4.087384342266187e-06 0.5297564153210156 0.5297482405417401 8.174779275504918e-06
67 0.259765625 0.2679912088181574 0.2679870728713885 4.135946768901722e-06 0.2679912088224645 0.2679870728713885 4.135951076011946e-06 0.5359824176406218 0.5359741457427769 8.271897844913667e-06
68 0.263671875 0.2710638514738839 0.2710596676044664 4.183869417528907e-06 0.2710638515000094 0.2710596676044664 4.183895543019567e-06 0.5421277029738933 0.5421193352089327 8.367764960603985e-06
69 0.267578125 0.2740956729042898 0.2740914417486389 4.231155650957774e-06 0.2740956729175333 0.2740914417486389 4.231168894419657e-06 0.5481913458218231 0.5481828834972777 8.46232454532192e-06
70 0.271484375 0.277086216528207 0.2770819387298716 4.277798335394767e-06 0.2770862165449988 0.2770819387298716 4.277815127240459e-06 0.5541724330732059 0.5541638774597432 8.555613462690737e-06
71 0.275390625 0.2800350319807538 0.2800307081903191 4.323790434745955e-06 0.2800350320067208 0.2800307081903191 4.323816401696767e-06 0.5600700639874745 0.5600614163806381 8.647606836387212e-06
72 0.279296875 0.2829416751811585 0.2829373060561469 4.369125011616237e-06 0.2829416751698269 0.2829373060561469 4.369113679958403e-06 0.5658833503509855 0.5658746121122938 8.738238691630151e-06
73 0.283203125 0.2858057083996351 0.285801294604408 4.413795227087292e-06 0.2858057084042625 0.285801294604408 4.413799854496858e-06 0.5716114168038976 0.571602589208816 8.82759508158415e-06
74 0.287109375 0.2886267003233038 0.2886222425289614 4.457794342438426e-06 0.2886267003511118 0.2886222425289614 4.457822150416568e-06 0.5772534006744157 0.5772444850579228 8.915616492854994e-06
75 0.291015625 0.2914042261211468 0.291399725005426 4.501115720756399e-06 0.2914042261351801 0.291399725005426 4.501129754086453e-06 0.5828084522563269 0.5827994500108521 9.002245474842852e-06
76 0.294921875 0.2941378675079842 0.2941333237551572 4.543752826990932e-06 0.2941378675257146 0.2941333237551572 4.543770557363658e-06 0.5882757350336988 0.5882666475103144 9.08752338435459e-06
77 0.298828125 0.2968272128074674 0.2968226271082383 4.585699229175955e-06 0.2968272128350982 0.2968226271082383 4.585726859906991e-06 0.5936544256425655 0.5936452542164765 9.171426089027435e-06
78 0.302734375 0.2994718570140764 0.2994672300654763 4.626948600150449e-06 0.2994718570021022 0.2994672300654763 4.626936625951039e-06 0.5989437140161786 0.5989344601309525 9.253885226101488e-06
79 0.306640625 0.3020714018541112 0.3020667343593934 4.667494717836007e-06 0.3020714018589661 0.3020667343593934 4.667499572730271e-06 0.6041428037130774 0.6041334687187868 9.334994290566279e-06
80 0.310546875 0.3046254558456704 0.3046207485142049 4.707331465458875e-06 0.3046254558750526 0.3046207485142049 4.707360847733266e-06 0.609250911720723 0.6092414970284098 9.414692313192141e-06
81 0.314453125 0.3071336343576077 0.3071288879047732 4.746452834492043e-06 0.3071336343724687 0.3071288879047732 4.74646769543785e-06 0.6142672687300763 0.6142577758095464 9.492920529874382e-06
82 0.318359375 0.3095955596674553 0.3095907748145319 4.784852923378491e-06 0.3095955596861193 0.3095907748145319 4.784871587393269e-06 0.6191911193535746 0.6191815496290638 9.569724510827271e-06
83 0.322265625 0.3120108610183072 0.3120060384923679 4.822525939252031e-06 0.3120108610473297 0.3120060384923679 4.822554961814163e-06 0.6240217220656369 0.6240120769847358 9.645080901066194e-06
84 0.326171875 0.314379174674655 0.3143743152084555 4.859466199547136e-06 0.3143791746620593 0.3143743152084555 4.859453603789365e-06 0.6287583493367144 0.628748630416911 9.718919803392012e-06
85 0.330078125 0.3167001439771649 0.3166952483090322 4.895668132776088e-06 0.3167001439822216 0.3166952483090322 4.895673189453387e-06 0.6334002879593865 0.6333904966180643 9.791341322173963e-06
86 0.333984375 0.3189734193963876 0.3189684882701102 4.931126277363251e-06 0.3189734194271689 0.3189684882701102 4.931157058685187e-06 0.6379468388235565 0.6379369765402204 9.86228333610395e-06
87 0.337890625 0.3211986585853984 0.3211936927501131 4.965835285364317e-06 0.3211986586008952 0.3211936927501131 4.965850782134851e-06 0.6423973171862936 0.6423873855002261 9.931686067443657e-06
88 0.341796875 0.3233755264313516 0.323370526641431 4.999789920634434e-06 0.3233755264509066 0.323370526641431 4.99980947560319e-06 0.6467510528822582 0.646741053282862 9.999599396182113e-06
89 0.345703125 0.325503695105948 0.3254986621208871 5.032985060937634e-06 0.3255036951362658 0.3254986621208871 5.033015378685946e-06 0.6510073902422138 0.6509973242417741 1.006600043962358e-05
90 0.349609375 0.327582844114806 0.3275777786991058 5.065415700167275e-06 0.3275828441016708 0.3275777786991058 5.065402565007648e-06 0.6551656882164768 0.6551555573982116 1.013081826517492e-05
91 0.353515625 0.3296126603457247 0.3296075632687783 5.097076946347645e-06 0.3296126603510235 0.3296075632687783 5.097082245164586e-06 0.6592253206967482 0.6592151265375567 1.019415919156774e-05
92 0.357421875 0.3315928381158373 0.3315877101518144 5.127964022855203e-06 0.3315928381478357 0.3315877101518144 5.12799602131464e-06 0.663185676263673 0.6631754203036289 1.025596004411433e-05
93 0.361328125 0.333523079217649 0.3335179211453771 5.15807227186027e-06 0.3335230792337325 0.3335179211453771 5.158088355439183e-06 0.6670461584513815 0.6670358422907542 1.031616062729945e-05
94 0.365234375 0.3354030929639416 0.3353979055667907 5.187397150885342e-06 0.335403092984212 0.3353979055667907 5.187417421337326e-06 0.6708061859481536 0.6707958111335813 1.037481457222267e-05
95 0.369140625 0.3372325962315531 0.3372273802973163 5.215934236801889e-06 0.3372325962629295 0.3372273802973163 5.215965613203366e-06 0.6744651924944827 0.6744547605946326 1.043189985006077e-05
96 0.373046875 0.3390113135040142 0.3390060698247889 5.243679225275244e-06 0.3390113134903983 0.3390060698247889 5.243665609333537e-06 0.6780226269944125 0.6780121396495778 1.048734483466429e-05
97 0.376953125 0.3407389769130398 0.3407337062851082 5.270627931597271e-06 0.3407389769185347 0.3407337062851082 5.270633426479598e-06 0.6814779538315745 0.6814674125702165 1.054126135802136e-05
98 0.380859375 0.3424153262788679 0.3424100295025782 5.296776289798188e-06 0.3424153263119088 0.3424100295025782 5.296809330646024e-06 0.6848306525907768 0.6848200590051563 1.059358562049972e-05
99 0.384765625 0.3440401091494452 0.344034787029088 5.322120357142968e-06 0.3440401091660852 0.344034787029088 5.322136997221172e-06 0.6880802183155303 0.688069574058176 1.064425735430863e-05
100 0.388671875 0.3456130808384402 0.3456077341821307 5.346656309523912e-06 0.3456130808593122 0.3456077341821307 5.34667718149473e-06 0.6912261616977524 0.6912154683642614 1.069333349101864e-05
101 0.392578125 0.3471340044620974 0.3471286340816507 5.370380446678702e-06 0.3471340044943673 0.3471286340816507 5.370412716587669e-06 0.6942680089564648 0.6942572681633015 1.074079316332188e-05
102 0.396484375 0.3486026509749072 0.3485972576857175 5.393289189692396e-06 0.3486026509609679 0.3485972576857175 5.393275250398233e-06 0.697205301935875 0.697194515371435 1.078656444009063e-05
103 0.400390625 0.3500187992041019 0.3500133838250183 5.415379083606453e-06 0.3500187992096864 0.3500133838250183 5.415384668083778e-06 0.7000375984137883 0.7000267676500366 1.083076375174574e-05
104 0.404296875 0.3513822358829612 0.3513767992361654 5.436646795753397e-06 0.3513822359168557 0.3513767992361654 5.436680690307227e-06 0.7027644717998169 0.7027535984723309 1.087332748606062e-05
105 0.408203125 0.3526927556829323 0.3526872985938131 5.45708911919851e-06 0.3526927556999512 0.3526872985938131 5.4571061380293e-06 0.7053855113828835 0.7053745971876263 1.091419525722781e-05
106 0.412109375 0.3539501612445483 0.3539446845415783 5.476702969964276e-06 0.3539501612659543 0.3539446845415783 5.476724375952369e-06 0.7079003225105026 0.7078893690831567 1.095342734591664e-05
107 0.416015625 0.3551542632071517 0.3551487677217626 5.495485389139798e-06 0.3551542632401992 0.3551487677217626 5.495518436593461e-06 0.7103085264473509 0.7102975354435251 1.099100382573326e-05
108 0.419921875 0.356304880237412 0.3562993668038676 5.51343354443512e-06 0.3563048802231371 0.3562993668038676 5.513419269465025e-06 0.712609760460549 0.7125987336077352 1.102685281384463e-05
109 0.423828125 0.3574018390566329 0.3573963085119041 5.530544728737929e-06 0.3574018390624196 0.3573963085119041 5.530550515442378e-06 0.7148036781190524 0.7147926170238083 1.106109524418031e-05
110 0.427734375 0.3584449744668455 0.3584394276504857 5.546816359836004e-06 0.3584449745013796 0.3584394276504857 5.546850893933808e-06 0.7168899489682252 0.7168788553009714 1.109366725382532e-05
111 0.431640625 0.3594341293756917 0.3594285671297069 5.562245984747083e-06 0.3594341293931046 0.3594285671297069 5.562263397651535e-06 0.7188682587687962 0.7188571342594139 1.112450938234311e-05
112 0.435546875 0.3603691548200759 0.3603635779888006 5.576831275277971e-06 0.3603691548418536 0.3603635779888006 5.576853053024244e-06 0.7207383096619295 0.7207271559776012 1.115368432835773e-05
113 0.439453125 0.3612499099886025 0.3612443194185705 5.590570031910325e-06 0.3612499100221229 0.3612443194185705 5.590603552318996e-06 0.7224998200107253 0.7224886388371411 1.118117358422932e-05
114 0.443359375 0.362076262242779 0.3620706587825971 5.603460181913267e-06 0.3620762622282627 0.3620706587825971 5.603445665580686e-06 0.7241525244710416 0.7241413175651942 1.120690584743844e-05
115 0.447265625 0.3628480871369933 0.3628424716372116 5.615499781730371e-06 0.3628480871428396 0.3628424716372116 5.615505627998285e-06 0.7256961742798329 0.7256849432744231 1.123100540978417e-05
116 0.451171875 0.3635652684372517 0.3635596417502369 5.626687014759213e-06 0.3635652684723026 0.3635596417502369 5.626722065721346e-06 0.7271305369095543 0.7271192835004738 1.125340908048056e-05
117 0.455078125 0.3642276981386865 0.3642220611184922 5.637020194293463e-06 0.3642276981563177 0.3642220611184922 5.637037825523272e-06 0.7284553962950042 0.7284441222369844 1.127405801981674e-05
118 0.458984375 0.3648352764818178 0.364829629984057 5.646497760747327e-06 0.3648352765038234 0.364829629984057 5.646519766366875e-06 0.7296705529856412 0.7296592599681141 1.12930175271142e-05
119 0.462890625 0.3653879119675806 0.3653822568492952 5.655118285485816e-06 0.3653879120015754 0.3653822568492952 5.655152280237274e-06 0.730775823969156 0.7307645136985903 1.131027056566758e-05
120 0.466796875 0.3658855213711011 0.3658798584906333 5.662880467771636e-06 0.3658855213564381 0.3658798584906333 5.662865804834105e-06 0.7317710427275392 0.7317597169812666 1.132574627260574e-05
121 0.470703125 0.3663280297542316 0.3663223599710947 5.669783136874607e-06 0.3663280297601591 0.3663223599710947 5.669789064410846e-06 0.7326560595143907 0.7326447199421894 1.133957220134096e-05
122 0.474609375 0.366715370476835 0.3667096946515839 5.675825251072464e-06 0.3667153705121763 0.3667096946515839 5.675860592357918e-06 0.7334307409890113 0.7334193893031679 1.135168584343038e-05
123 0.478515625 0.3670474852068232 0.3670418042009229 5.681005900259883e-06 0.3670474852245786 0.3670418042009229 5.681023655723649e-06 0.7340949704314018 0.7340836084018458 1.136202955598353e-05
124 0.482421875 0.3673243239289372 0.3673186386046352 5.6853243020627e-06 0.3673243239511693 0.3673186386046352 5.685346534112234e-06 0.7346486478801064 0.7346372772092703 1.137067083611942e-05
125 0.486328125 0.3675458449522828 0.3675401561724776 5.688779805224087e-06 0.3675458449863915 0.3675401561724776 5.688813913884427e-06 0.7350916899386744 0.7350803123449552 1.137759371916403e-05
126 0.490234375 0.3677120149166083 0.3677063235447194 5.691371888882912e-06 0.3677120149019019 0.3677063235447194 5.691357182424639e-06 0.7354240298185102 0.7354126470894389 1.138272907130755e-05
127 0.494140625 0.3678228087973276 0.3678171156971656 5.693100162074138e-06 0.3678228088031844 0.3678171156971656 5.693106018778149e-06 0.7356456176005119 0.7356342313943312 1.138620618079678e-05
128 0.498046875 0.3678782099092887 0.3678725159449254 5.693964363284731e-06 0.3678782099447404 0.3678725159449254 5.693999814981865e-06 0.7357564198540292 0.7357450318898509 1.138796417832211e-05
129 0.501953125 0.367878209909289 0.3678725159449254 5.693964363617798e-06 0.3678782099270498 0.3678725159449254 5.693982124355124e-06 0.7357564198363389 0.7357450318898509 1.138794648802843e-05
130 0.505859375 0.3678228087973274 0.3678171156971656 5.693100161852094e-06 0.3678228088195502 0.3678171156971656 5.693122384575755e-06 0.7356456176168775 0.7356342313943312 1.138622254637234e-05
131 0.509765625 0.367712014916608 0.3677063235447194 5.691371888605357e-06 0.3677120149507524 0.3677063235447194 5.691406032959367e-06 0.7354240298673604 0.7354126470894389 1.138277792156472e-05
132 0.513671875 0.3675458449522824 0.3675401561724776 5.688779804835509e-06 0.3675458449375254 0.3675401561724776 5.688765047806577e-06 0.7350916898898079 0.7350803123449552 1.13775448526976e-05
133 0.517578125 0.3673243239289369 0.3673186386046352 5.685324301729633e-06 0.3673243239347841 0.3673186386046352 5.685330148996748e-06 0.7346486478637211 0.7346372772092703 1.137065445078189e-05
134 0.521484375 0.3670474852068227 0.3670418042009229 5.681005899815794e-06 0.3670474852422284 0.3670418042009229 5.681041305438672e-06 0.7340949704490511 0.7340836084018458 1.136204720530998e-05
135 0.525390625 0.3667153704768352 0.366709694651584 5.675825251183486e-06 0.366715370494514 0.366709694651584 5.675842930041863e-06 0.7334307409713492 0.733419389303168 1.135166818122535e-05
136 0.529296875 0.3663280297542311 0.3663223599710947 5.669783136375006e-06 0.3663280297763947 0.3663223599710947 5.669805299979291e-06 0.7326560595306257 0.7326447199421894 1.13395884363543e-05
137 0.533203125 0.3658855213711006 0.3658798584906333 5.662880467327547e-06 0.3658855214051278 0.3658798584906333 5.662914494442006e-06 0.7317710427762284 0.7317597169812666 1.132579496176955e-05
138 0.537109375 0.36538791196758 0.3653822568492952 5.655118284819682e-06 0.3653879119529237 0.3653822568492952 5.655103628599001e-06 0.7307758239205038 0.7307645136985903 1.131022191347419e-05
139 0.541015625 0.3648352764818177 0.364829629984057 5.646497760636304e-06 0.3648352764877187 0.364829629984057 5.646503661693725e-06 0.7296705529695364 0.7296592599681141 1.129300142233003e-05
140 0.544921875 0.3642276981386861 0.3642220611184922 5.637020193849374e-06 0.3642276981737465 0.3642220611184922 5.637055254248402e-06 0.7284553963124325 0.7284441222369844 1.127407544809778e-05
141 0.548828125 0.3635652684372517 0.3635596417502369 5.626687014814724e-06 0.3635652684547941 0.3635596417502369 5.626704557226692e-06 0.7271305368920459 0.7271192835004738 1.125339157204142e-05
142 0.552734375 0.3628480871369931 0.3628424716372116 5.615499781508326e-06 0.3628480871589516 0.3628424716372116 5.615521739998908e-06 0.7256961742959447 0.7256849432744231 1.123102152156275e-05
143 0.556640625 0.3620762622427786 0.3620706587825971 5.603460181524689e-06 0.3620762622764289 0.3620706587825971 5.603493831829454e-06 0.7241525245192075 0.7241413175651942 1.120695401335414e-05
144 0.560546875 0.3612499099886017 0.3612443194185705 5.590570031133169e-06 0.3612499099741368 0.3612443194185705 5.590555566259425e-06 0.7224998199627385 0.7224886388371411 1.118112559739259e-05
145 0.564453125 0.3603691548200753 0.3603635779888006 5.57683127472286e-06 0.3603691548258793 0.3603635779888006 5.576837078691277e-06 0.7207383096459545 0.7207271559776012 1.115366835335863e-05
146 0.568359375 0.3594341293756907 0.3594285671297069 5.562245983803393e-06 0.359434129410361 0.3594285671297069 5.562280654070051e-06 0.7188682587860518 0.7188571342594139 1.112452663787344e-05
147 0.572265625 0.358444974466845 0.3584394276504857 5.546816359280893e-06 0.3584449744841667 0.3584394276504857 5.546833680980523e-06 0.7168899489510117 0.7168788553009714 1.109365004026142e-05
148 0.576171875 0.357401839056632 0.3573963085119041 5.530544727905262e-06 0.3574018390781782 0.3573963085119041 5.530566274114523e-06 0.7148036781348103 0.7147926170238083 1.106111100201979e-05
149 0.580078125 0.3563048802374111 0.3562993668038676 5.513433543491431e-06 0.3563048802705135 0.3562993668038676 5.513466645901133e-06 0.7126097605079247 0.7125987336077353 1.102690018939256e-05
150 0.583984375 0.3551542632071507 0.3551487677217626 5.495485388140597e-06 0.355154263192943 0.3551487677217626 5.495471180394507e-06 0.7103085264000937 0.7102975354435251 1.09909565685351e-05
151 0.587890625 0.3539501612445476 0.3539446845415783 5.476702969298142e-06 0.3539501612502186 0.3539446845415783 5.47670864026184e-06 0.7079003224947662 0.7078893690831567 1.095341160950447e-05
152 0.591796875 0.3526927556829313 0.3526872985938131 5.45708911819931e-06 0.3526927557168995 0.3526872985938131 5.457123086360927e-06 0.7053855113998309 0.7053745971876263 1.091421220456024e-05
153 0.595703125 0.3513822358829607 0.3513767992361654 5.436646795309308e-06 0.3513822358998901 0.3513767992361654 5.436663724656121e-06 0.7027644717828508 0.7027535984723309 1.087331051996543e-05
154 0.599609375 0.3500187992041012 0.3500133838250183 5.415379082884808e-06 0.3500187992251862 0.3500133838250183 5.415400167907425e-06 0.7000375984292874 0.7000267676500366 1.083077925079223e-05
155 0.603515625 0.3486026509749063 0.3485972576857175 5.393289188748707e-06 0.3486026510073124 0.3485972576857175 5.393321594826528e-06 0.6972053019822186 0.6971945153714351 1.078661078357523e-05
156 0.607421875 0.3471340044620959 0.3471286340816507 5.370380445179901e-06 0.3471340044481471 0.3471286340816507 5.370366496337819e-06 0.694268008910243 0.6942572681633015 1.074074694151772e-05
157 0.611328125 0.3456130808384389 0.3456077341821307 5.346656308247155e-06 0.3456130808439823 0.3456077341821307 5.346661851590717e-06 0.6912261616824212 0.6912154683642614 1.069331815983787e-05
158 0.615234375 0.3440401091494436 0.344034787029088 5.322120355588655e-06 0.3440401091825684 0.344034787029088 5.322153480369352e-06 0.6880802183320121 0.688069574058176 1.064427383601352e-05
159 0.619140625 0.3424153262788669 0.3424100295025782 5.296776288743477e-06 0.3424153262954117 0.3424100295025782 5.296792833564545e-06 0.6848306525742787 0.6848200590051563 1.059356912236353e-05
160 0.623046875 0.3407389769130384 0.3407337062851083 5.27062793009847e-06 0.3407389769335561 0.3407337062851083 5.270648447852633e-06 0.6814779538465945 0.6814674125702166 1.054127637789559e-05
161 0.626953125 0.3390113135040128 0.3390060698247889 5.243679223887465e-06 0.3390113135355012 0.3390060698247889 5.243710712254934e-06 0.678022627039514 0.6780121396495778 1.04873899361424e-05
162 0.630859375 0.3372325962315512 0.3372273802973163 5.21593423491451e-06 0.3372325962180737 0.3372273802973163 5.215920757417614e-06 0.674465192449625 0.6744547605946326 1.043185499238763e-05
163 0.634765625 0.3354030929639399 0.3353979055667907 5.187397149275519e-06 0.335403092969284 0.3353979055667907 5.187402493334048e-06 0.6708061859332239 0.6707958111335813 1.037479964260957e-05
164 0.638671875 0.3335230792176472 0.3335179211453771 5.158072270139424e-06 0.333523079249788 0.3335179211453771 5.158104410873943e-06 0.6670461584674352 0.6670358422907542 1.031617668101337e-05
165 0.642578125 0.3315928381158363 0.3315877101518144 5.127964021856002e-06 0.331592838131909 0.3315877101518144 5.127980094610241e-06 0.6631856762477453 0.6631754203036289 1.025594411641073e-05
166 0.646484375 0.3296126603457233 0.3296075632687783 5.097076945015377e-06 0.329612660365618 0.3296075632687783 5.097096839656867e-06 0.6592253207113413 0.6592151265375567 1.019417378467224e-05
167 0.650390625 0.3275828441148049 0.3275777786991059 5.065415699057052e-06 0.3275828441452863 0.3275777786991059 5.065446180396727e-06 0.6551656882600911 0.6551555573982117 1.013086187939827e-05
168 0.654296875 0.3255036951059467 0.3254986621208871 5.032985059660877e-06 0.3255036950929466 0.3254986621208871 5.03297205950437e-06 0.6510073901988933 0.6509973242417741 1.006595711916525e-05
169 0.658203125 0.32337552643135 0.323370526641431 4.999789919024611e-06 0.3233755264365362 0.323370526641431 4.999795105153915e-06 0.6467510528678861 0.646741053282862 9.999585024123014e-06
170 0.662109375 0.321198658585397 0.3211936927501131 4.965835283865516e-06 0.3211986586163492 0.3211936927501131 4.965866236050775e-06 0.6423973172017461 0.6423873855002262 9.931701519860781e-06
171 0.666015625 0.3189734193963865 0.3189684882701103 4.931126276253028e-06 0.3189734194118278 0.3189684882701103 4.931141717567922e-06 0.6379468388082143 0.6379369765402205 9.86226799382095e-06
172 0.669921875 0.3167001439771638 0.3166952483090321 4.895668131665865e-06 0.3167001439962556 0.3166952483090321 4.895687223449574e-06 0.6334002879734193 0.6333904966180642 9.791355355059927e-06
173 0.673828125 0.3143791746746537 0.3143743152084555 4.859466198214868e-06 0.3143791747038824 0.3143743152084555 4.859495426945415e-06 0.6287583493785361 0.628748630416911 9.718961625160283e-06
174 0.677734375 0.3120108610183054 0.312006038492368 4.822525937475675e-06 0.3120108610057611 0.312006038492368 4.822513393121231e-06 0.6240217220240665 0.6240120769847359 9.645039330541394e-06
175 0.681640625 0.3095955596674536 0.309590774814532 4.784852921602134e-06 0.3095955596724289 0.309590774814532 4.784857896900085e-06 0.6191911193398825 0.6191815496290639 9.569710818557731e-06
176 0.685546875 0.307133634357606 0.3071288879047732 4.746452832771197e-06 0.3071336343871788 0.3071288879047732 4.74648240555986e-06 0.6142672687447848 0.6142577758095464 9.492935238331057e-06
177 0.689453125 0.3046254558456691 0.3046207485142049 4.707331464182118e-06 0.3046254558604242 0.3046207485142049 4.70734621926816e-06 0.6092509117060932 0.6092414970284098 9.414677683450279e-06
178 0.693359375 0.3020714018541099 0.3020667343593935 4.667494716448228e-06 0.302071401872376 0.3020667343593935 4.667512982503563e-06 0.6041428037264859 0.6041334687187869 9.335007698951792e-06
179 0.697265625 0.299471857014075 0.2994672300654763 4.626948598707159e-06 0.2994718570419425 0.2994672300654763 4.626976466193256e-06 0.5989437140560175 0.5989344601309526 9.253925064900415e-06
180 0.701171875 0.2968272128074657 0.2968226271082383 4.585699227344087e-06 0.2968272127955925 0.2968226271082383 4.585687354174972e-06 0.5936544256030581 0.5936452542164766 9.171386581519059e-06
181 0.705078125 0.2941378675079827 0.2941333237551573 4.543752825381109e-06 0.2941378675127046 0.2941333237551573 4.543757547326166e-06 0.5882757350206873 0.5882666475103145 9.087510372762786e-06
182 0.708984375 0.2914042261211451 0.291399725005426 4.501115719091064e-06 0.2914042261492337 0.291399725005426 4.501143807733587e-06 0.5828084522703788 0.582799450010852 9.002259526824652e-06
183 0.712890625 0.2886267003233022 0.2886222425289614 4.457794340773091e-06 0.2886267003372647 0.2886222425289614 4.457808303270916e-06 0.5772534006605669 0.5772444850579228 8.915602644044007e-06
184 0.716796875 0.2858057083996332 0.285801294604408 4.413795225144401e-06 0.2858057084168845 0.285801294604408 4.413812476511403e-06 0.5716114168165176 0.571602589208816 8.827607701600293e-06
185 0.720703125 0.2829416751811565 0.2829373060561469 4.369125009562325e-06 0.2829416752074946 0.2829373060561469 4.369151347716205e-06 0.5658833503886511 0.5658746121122938 8.738276357278529e-06
186 0.724609375 0.2800350319807518 0.2800307081903191 4.323790432692043e-06 0.2800350319694723 0.2800307081903191 4.32377915315918e-06 0.5600700639502241 0.5600614163806382 8.647569585851222e-06
187 0.728515625 0.2770862165282049 0.2770819387298716 4.277798333229832e-06 0.2770862165326758 0.2770819387298716 4.277802804208974e-06 0.5541724330608807 0.5541638774597433 8.555601137438806e-06
188 0.732421875 0.2740956729042875 0.2740914417486389 4.231155648626306e-06 0.2740956729306934 0.2740914417486389 4.231182054448279e-06 0.548191345834981 0.5481828834972778 8.462337703130096e-06
189 0.736328125 0.271063851473882 0.2710596676044664 4.183869415530506e-06 0.2710638514869793 0.2710596676044664 4.183882512831527e-06 0.5421277029608612 0.5421193352089329 8.367751928362033e-06
190 0.740234375 0.2679912088181552 0.2679870728713885 4.135946766736787e-06 0.2679912088343379 0.2679870728713885 4.135962949347594e-06 0.5359824176524931 0.535974145742777 8.27190971608438e-06
191 0.744140625 0.2648782076658014 0.2648741202708701 4.087394931351351e-06 0.264878207690479 0.2648741202708701 4.087419608889142e-06 0.5297564153562804 0.5297482405417402 8.174814540184983e-06
192 0.748046875 0.2617253168233561 0.2617212786021225 4.038221233626516e-06 0.2617253168128593 0.2617212786021225 4.038210736856396e-06 0.5234506336362155 0.5234425572042449 8.076431970538422e-06
193 0.751953125 0.2585330111045961 0.2585290226715037 3.988433092405597e-06 0.2585330111087373 0.2585290226715037 3.988437233537478e-06 0.5170660222133334 0.5170580453430075 7.976870325943075e-06
194 0.755859375 0.2553017712590324 0.2552978332210153 3.938038017015089e-06 0.2553017712836779 0.2552978332210153 3.938062662522945e-06 0.5106035425427102 0.5105956664420307 7.876100679538034e-06
195 0.759765625 0.2520320838995143 0.2520281968559031 3.887043611261465e-06 0.2520320839116978 0.2520281968559031 3.887055794737915e-06 0.5040641678112121 0.5040563937118061 7.77409940599938e-06
196 0.763671875 0.248724441428944 0.2487206059713768 3.835457567213929e-06 0.2487244414439169 0.2487206059713768 3.835472540070217e-06 0.4974488828728609 0.4974412119427536 7.670930107284146e-06
197 0.767578125 0.2453793419661243 0.2453755586784576 3.783287666675461e-06 0.245379341988937 0.2453755586784576 3.783310479316127e-06 0.4907586839550613 0.4907511173569153 7.566598145991588e-06
198 0.771484375 0.2419972892707438 0.2419935587289637 3.730541780128105e-06 0.2419972892610369 0.2419935587289637 3.7305320731984e-06 0.4839945785317807 0.4839871174579274 7.461073853354261e-06
199 0.775390625 0.2385787926675126 0.2385751154396474 3.6772278651509e-06 0.2385787926713618 0.2385751154396474 3.677231714377394e-06 0.4771575853388743 0.4771502308792948 7.354459579500539e-06
200 0.779296875 0.235124366969458 0.2351207436154942 3.623353963838616e-06 0.2351243669921385 0.2351207436154942 3.62337664430723e-06 0.4702487339615965 0.4702414872309884 7.246730608145846e-06
201 0.783203125 0.2316345324003984 0.2316309634721945 3.56892820391197e-06 0.2316345324115939 0.2316309634721945 3.568939399345439e-06 0.4632690648119923 0.4632619269443891 7.137867603257408e-06
202 0.787109375 0.2281098145165976 0.2281063005578016 3.513958796053096e-06 0.2281098145303547 0.2281063005578016 3.51397255310415e-06 0.4562196290469523 0.4562126011156032 7.027931349157246e-06
203 0.791015625 0.2245507441276185 0.2245472856735856 3.458454032906344e-06 0.2245507441484778 0.2245472856735856 3.458474892276131e-06 0.4491014882760963 0.4490945713471711 6.916928925182475e-06
204 0.794921875 0.220957857216385 0.2209544547940968 3.40242228824561e-06 0.2209578572075054 0.2209544547940968 3.402413408598592e-06 0.4419157144238904 0.4419089095881936 6.804835696871958e-06
205 0.798828125 0.2173316948584655 0.2173283489864505 3.345872015031448e-06 0.2173316948619065 0.2173283489864505 3.345875455973424e-06 0.434663389720372 0.434656697972901 6.691747470977116e-06
206 0.802734375 0.213672803140588 0.2136695143288434 3.288811744578402e-06 0.2136728031612016 0.2136695143288434 3.288832358255833e-06 0.4273456063017896 0.4273390286576867 6.577644102834235e-06
207 0.806640625 0.2099817330784021 0.2099785018283165 3.231250085555804e-06 0.2099817330885247 0.2099785018283165 3.231260208125253e-06 0.4199634661669268 0.4199570036566331 6.462510293681056e-06
208 0.810546875 0.2062590405334974 0.2062558673377761 3.173195721378752e-06 0.2062590405459471 0.2062558673377761 3.173208171003417e-06 0.4125180810794445 0.4125117346755521 6.346403892409924e-06
209 0.814453125 0.2025052861296943 0.2025021714722831 3.114657411124044e-06 0.2025052861485443 0.2025021714722831 3.114676261184446e-06 0.4050105722782386 0.4050043429445663 6.229333672280735e-06
210 0.818359375 0.198721035168614 0.198717979524628 3.055643986005219e-06 0.1987210351606482 0.198717979524628 3.055636020210528e-06 0.3974420703292623 0.397435959049256 6.111280006215747e-06
211 0.822265625 0.1949068575445483 0.1949038613801987 2.996164349622354e-06 0.194906857547698 0.1949038613801987 2.996167499269564e-06 0.3898137150922463 0.3898077227603974 5.992331848891919e-06
212 0.826171875 0.1910633276586333 0.1910603914311583 2.936227475047737e-06 0.1910633276770592 0.1910603914311583 2.936245900919676e-06 0.3821266553356925 0.3821207828623165 5.872473375967413e-06
213 0.830078125 0.1871910243323494 0.1871881484899437 2.87584240568628e-06 0.187191024341395 0.1871881484899437 2.875851451283884e-06 0.3743820486737443 0.3743762969798873 5.751693856970164e-06
214 0.833984375 0.1832905307203499 0.1832877157020984 2.815018251473012e-06 0.1832905307314363 0.1832877157020984 2.815029337910335e-06 0.3665810614517863 0.3665754314041968 5.630047589411102e-06
215 0.837890625 0.1793624342226426 0.1793596804584538 2.753764188762053e-06 0.1793624342393239 0.1793596804584538 2.753780870085043e-06 0.3587248684619664 0.3587193609169076 5.507545058847096e-06
216 0.841796875 0.1754073263961284 0.1754046343066689 2.692089459549463e-06 0.1754073263891081 0.1754046343066689 2.6920824392207e-06 0.3508146527852365 0.3508092686133378 5.384171898770163e-06
217 0.845703125 0.1714258028655154 0.1714231728621464 2.630003369002987e-06 0.1714258028682438 0.1714231728621464 2.630006097431581e-06 0.3428516057337592 0.3428463457242927 5.260009466434568e-06
218 0.849609375 0.1674184632336189 0.1674158957183348 2.567515284074284e-06 0.167418463249774 0.1674158957183348 2.567531439179316e-06 0.3348369264833928 0.3348317914366696 5.135046723225845e-06
219 0.853515625 0.1633859109910654 0.1633834063564321 2.504634633304637e-06 0.1633859109989335 0.1633834063564321 2.504642501399701e-06 0.3267718219899988 0.3267668127128641 5.009277134704337e-06
220 0.857421875 0.1593287534254066 0.1593263120545035 2.4413709031057e-06 0.15932875343504 0.1593263120545035 2.441380536510884e-06 0.3186575068604465 0.3186526241090069 4.882751439616584e-06
221 0.861328125 0.155247601529667 0.1552452237960277 2.377733639313817e-06 0.1552476015440933 0.1552452237960277 2.377748065635066e-06 0.3104952030737603 0.3104904475920554 4.755481704921127e-06
222 0.865234375 0.1511430699103283 0.1511407561778851 2.313732443276484e-06 0.1511430699042684 0.1511407561778851 2.313726383346149e-06 0.3022861398145967 0.3022815123557701 4.627458826622632e-06
223 0.869140625 0.1470157766947733 0.1470135273178014 2.249376971852346e-06 0.1470157766971388 0.1470135273178014 2.249379337321278e-06 0.294031553391912 0.2940270546356029 4.498756309145868e-06
224 0.873046875 0.1428663434381967 0.142864158761262 2.184676934746665e-06 0.1428663434519934 0.142864158761262 2.184690731404926e-06 0.2857326868901902 0.285728317522524 4.369367666179347e-06
225 0.876953125 0.1386953950300031 0.1386932753879086 2.119642094483565e-06 0.1386953950367122 0.1386932753879086 2.119648803533547e-06 0.2773907900667153 0.2773865507758173 4.239290898044867e-06
226 0.880859375 0.1345035595996994 0.134501505317436 2.054282263408425e-06 0.1345035596078335 0.134501505317436 2.054290397512926e-06 0.2690071192075328 0.2690030106348719 4.10857266092135e-06
227 0.884765625 0.1302914684223014 0.1302894798149979 1.988607303493595e-06 0.1302914684344168 0.1302894798149979 1.988619418885618e-06 0.2605829368567182 0.2605789596299958 3.977226722351457e-06
228 0.888671875 0.1260597558232665 0.1260578331961421 1.922627124367748e-06 0.1260597558182539 0.1260578331961421 1.92262211184957e-06 0.2521195116415204 0.2521156663922842 3.845249236189563e-06
229 0.892578125 0.1218090590829659 0.1218072027312841 1.856351681803203e-06 0.1218090590849055 0.1218072027312841 1.856353621376705e-06 0.2436181181678713 0.2436144054625682 3.712705303166031e-06
230 0.896484375 0.1175400183407126 0.1175382285497368 1.789790975800787e-06 0.117540018352041 0.1175382285497368 1.789802304155708e-06 0.2350800366927537 0.2350764570994737 3.579593279956494e-06
231 0.900390625 0.1132532764983598 0.1132515535433096 1.722955050229014e-06 0.1132532765038303 0.1132515535433096 1.722960520700312e-06 0.2265065530021901 0.2265031070866192 3.445915570915448e-06
232 0.904296875 0.1089494791234803 0.1089478232694907 1.655853989604439e-06 0.1089494791300646 0.1089478232694907 1.655860573920864e-06 0.2178989582535449 0.2178956465389814 3.311714563525303e-06
233 0.908203125 0.1046292743521483 0.104627685854229 1.588497919369214e-06 0.104629274361859 0.104627685854229 1.58850762999041e-06 0.2092585487140073 0.209255371708458 3.177005549359624e-06
234 0.912109375 0.1002933127913317 0.1002917918943285 1.520897003240429e-06 0.1002933127873055 0.1002917918943285 1.52089297701663e-06 0.2005866255786372 0.200583583788657 3.041789980257059e-06
235 0.916015625 0.09594224742091301 0.09594079435947092 1.453061442086012e-06 0.09594224742244473 0.09594079435947092 1.453062973805208e-06 0.1918844948433577 0.1918815887189418 2.90612441589122e-06
236 0.919921875 0.09157673349535274 0.09157534849388063 1.385001472106739e-06 0.09157673350417531 0.09157534849388063 1.385010294674416e-06 0.1831534669995281 0.1831506969877613 2.770011766795033e-06
237 0.923828125 0.08719742844501135 0.08719611171764792 1.316727363434578e-06 0.08719742844923964 0.08719611171764792 1.316731591718967e-06 0.174394856894251 0.1743922234352958 2.633458955153545e-06
238 0.927734375 0.08280499177714173 0.08280374352772304 1.248249418689396e-06 0.08280499178214329 0.08280374352772304 1.248254420244121e-06 0.165609983559285 0.1656074870554461 2.496503838933517e-06
239 0.931640625 0.07840008497657058 0.07839890539859901 1.179577971577306e-06 0.07840008498386605 0.07839890539859901 1.17958526704709e-06 0.1568001699604366 0.156797810797198 2.359163238624395e-06
240 0.935546875 0.07398337140608055 0.07398226068269578 1.110723384767365e-06 0.07398337140310902 0.07398226068269578 1.110720413241562e-06 0.1479667428091896 0.1479645213653916 2.221443798022804e-06
241 0.939453125 0.06955551620651099 0.06955447451046187 1.041696049114416e-06 0.06955551620761768 0.06955447451046187 1.041697155812482e-06 0.1391110324141287 0.1391089490209237 2.083393204926898e-06
242 0.943359375 0.06511718619658928 0.06511621369020816 9.725063811194534e-07 0.06511718620287482 0.06511621369020816 9.725126666609851e-07 0.1302343723994641 0.1302324273804163 1.945019047794316e-06
243 0.947265625 0.06066904977251123 0.06066814660768895 9.031648222773692e-07 0.06066904977545146 0.06066814660768895 9.03167762501822e-07 0.1213380995479627 0.1213362932153779 1.806332584772252e-06
244 0.951171875 0.05621177680728259 0.05621094312544561 8.336818369814036e-07 0.05621177681068347 0.05621094312544561 8.33685237858206e-07 0.1124235536179661 0.1124218862508912 1.66736707483961e-06
245 0.955078125 0.05174603854983877 0.05174527448192768 7.640679110937354e-07 0.05174603855465494 0.05174527448192768 7.640727272620329e-07 0.1034920771044937 0.1034905489638554 1.528140638348829e-06
246 0.958984375 0.04727250752395727 0.04727181319040668 6.943335505923964e-07 0.04727250752206056 0.04727181319040668 6.943316538804423e-07 0.09454501504601784 0.09454362638081336 1.388665204479778e-06
247 0.962890625 0.04279185742697798 0.04279123293769876 6.244892792189871e-07 0.04279185742765822 0.04279123293769876 6.244899594526343e-07 0.0855837148546362 0.08558246587539753 1.248979238671621e-06
248 0.966796875 0.03830476302834683 0.03830420848270896 5.545456378749924e-07 0.03830476303204722 0.03830420848270896 5.545493382622113e-07 0.07660952606039405 0.07660841696541791 1.109094976137204e-06
249 0.970703125 0.03381190006799813 0.0338114155548156 4.84513182533175e-07 0.03381190006964045 0.0338114155548156 4.845148248514008e-07 0.06762380013763858 0.0676228311096312 9.690280073776369e-07
250 0.974609375 0.02931394515459041 0.02931353075210786 4.144024825583625e-07 0.0293139451565717 0.02931353075210786 4.144044638415556e-07 0.05862789031116211 0.05862706150421571 8.288069463999181e-07
251 0.978515625 0.02481157566361187 0.02481123143949248 3.442241193855888e-07 0.02481157566591854 0.02481123143949248 3.442264260543337e-07 0.04962315132953041 0.04962246287898497 6.884505454399226e-07
252 0.982421875 0.02030546963536997 0.0203051956466852 2.739886847714923e-07 0.02030546963462468 0.0203051956466852 2.739879394822453e-07 0.04061093926999465 0.0406103912933704 5.479766242502682e-07
253 0.986328125 0.01579630567288114 0.01579610196610191 2.037067792295955e-07 0.01579630567330899 0.01579610196610191 2.037072070783241e-07 0.03159261134619012 0.03159220393220382 4.074139863044501e-07
254 0.990234375 0.01128476283967556 0.01128462945066515 1.333890104013996e-07 0.01128476284019069 0.01128462945066515 1.333895255379441e-07 0.02256952567986625 0.02256925890133031 2.667785359393438e-07
255 0.994140625 0.006771520557532749 0.006771457511541256 6.304599149253159e-08 0.006771520557380379 0.006771457511541256 6.304583912309508e-08 0.01354304111491313 0.01354291502308251 1.260918306156267e-07
256 0.998046875 0.002257258504163174 0.002257265815823499 -7.311660325370201e-09 0.002257258504104811 0.002257265815823499 -7.311718687973146e-09 0.004514517008267984 0.004514531631646998 -1.462337901377703e-08
