# P x_center tau_U tau_V tau_Psi
1 0.00390625 0.007424461888149381 0.007424461888263068 0.01484892377641245
2 0.01171875 -3.396585270820651e-06 -3.396585725568002e-06 -6.793170996388653e-06
3 0.01953125 -5.65870186619577e-06 -5.65870186619577e-06 -1.131740373239154e-05
4 0.02734375 -7.917410584923346e-06 -7.917410584923346e-06 -1.583482116984669e-05
5 0.03515625 -1.017134763969807e-05 -1.017134854919277e-05 -2.034269618889084e-05
6 0.04296875 -1.241916197614046e-05 -1.241916288563516e-05 -2.483832486177562e-05
7 0.05078125 -1.465949208068196e-05 -1.465949389967136e-05 -2.931898598035332e-05
8 0.05859375 -1.689099553914275e-05 -1.689099553914275e-05 -3.37819910782855e-05
9 0.06640625 -1.91123181139119e-05 -1.91123181139119e-05 -3.822463622782379e-05
10 0.07421875 -2.132213558070362e-05 -2.132213558070362e-05 -4.264427116140723e-05
11 0.08203125 -2.351910552533809e-05 -2.351910370634869e-05 -4.703820923168678e-05
12 0.08984375 -2.570191281847656e-05 -2.570190918049775e-05 -5.140382199897431e-05
13 0.09765625 -2.786922777886502e-05 -2.786923141684383e-05 -5.573845919570886e-05
14 0.10546875 -3.001976801897399e-05 -3.001976801897399e-05 -6.003953603794798e-05
15 0.11328125 -3.215221659047529e-05 -3.215221295249648e-05 -6.430442954297177e-05
16 0.12109375 -3.426530020078644e-05 -3.426530020078644e-05 -6.853060040157288e-05
17 0.12890625 -3.635774555732496e-05 -3.635774555732496e-05 -7.271549111464992e-05
18 0.13671875 -3.842829028144479e-05 -3.842829028144479e-05 -7.685658056288958e-05
19 0.14453125 -4.047568290843628e-05 -4.047568290843628e-05 -8.095136581687257e-05
20 0.15234375 -4.249869380146265e-05 -4.249869380146265e-05 -8.49973876029253e-05
21 0.16015625 -4.449611515155993e-05 -4.449611151358113e-05 -8.899222666514106e-05
22 0.16796875 -4.646672823582776e-05 -4.646672823582776e-05 -9.293345647165552e-05
23 0.17578125 -4.840934707317501e-05 -4.840934707317501e-05 -9.681869414635003e-05
24 0.18359375 -5.032280387240462e-05 -5.032280751038343e-05 -0.000100645611382788
25 0.19140625 -5.220595630817115e-05 -5.220595630817115e-05 -0.0001044119126163423
26 0.19921875 -5.405766569310799e-05 -5.405766569310799e-05 -0.000108115331386216
27 0.20703125 -5.587680061580613e-05 -5.587680061580613e-05 -0.0001117536012316123
28 0.21484375 -5.766229151049629e-05 -5.766228423453867e-05 -0.000115324575745035
29 0.22265625 -5.941302515566349e-05 -5.94130324316211e-05 -0.0001188260575872846
30 0.23046875 -6.112799019319937e-05 -6.112799019319937e-05 -0.0001222559803863987
31 0.23828125 -6.280613888520747e-05 -6.280613160924986e-05 -0.0001256122704944573
32 0.24609375 -6.44464380457066e-05 -6.444644532166421e-05 -0.0001288928833673708
33 0.25390625 -6.604793452424929e-05 -6.604792724829167e-05 -0.000132095861772541
34 0.26171875 -6.76096387906e-05 -6.76096387906e-05 -0.0001352192775812
35 0.26953125 -6.913060497026891e-05 -6.913061224622652e-05 -0.0001382612172164954
36 0.27734375 -7.060994539642707e-05 -7.060994539642707e-05 -0.0001412198907928541
37 0.28515625 -7.204674329841509e-05 -7.204674329841509e-05 -0.0001440934865968302
38 0.29296875 -7.344015466514975e-05 -7.344015466514975e-05 -0.0001468803093302995
39 0.30078125 -7.478932093363255e-05 -7.478931365767494e-05 -0.0001495786345913075
40 0.30859375 -7.609342719661072e-05 -7.609343447256833e-05 -0.0001521868616691791
41 0.31640625 -7.735170947853476e-05 -7.735170947853476e-05 -0.0001547034189570695
42 0.32421875 -7.856340380385518e-05 -7.856339652789757e-05 -0.0001571268003317527
43 0.33203125 -7.972776802489534e-05 -7.972776802489534e-05 -0.0001594555360497907
44 0.33984375 -8.084409637376666e-05 -8.084409637376666e-05 -0.0001616881927475333
45 0.34765625 -8.191173401428387e-05 -8.191174129024148e-05 -0.0001638234753045253
46 0.35546875 -8.293004066217691e-05 -8.293004793813452e-05 -0.0001658600886003114
47 0.36328125 -8.389839786104858e-05 -8.389839786104858e-05 -0.0001677967957220972
48 0.37109375 -8.481619443045929e-05 -8.481619443045929e-05 -0.0001696323888609186
49 0.37890625 -8.568292105337605e-05 -8.568292105337605e-05 -0.0001713658421067521
50 0.38671875 -8.649801748106256e-05 -8.649801748106256e-05 -0.0001729960349621251
51 0.39453125 -8.726101805223152e-05 -8.726102532818913e-05 -0.0001745220433804207
52 0.40234375 -8.797145710559562e-05 -8.797146438155323e-05 -0.0001759429214871489
53 0.41015625 -8.862892718752846e-05 -8.862892718752846e-05 -0.0001772578543750569
54 0.41796875 -8.923298446461558e-05 -8.923298446461558e-05 -0.0001784659689292312
55 0.42578125 -8.97832796908915e-05 -8.97832796908915e-05 -0.000179566559381783
56 0.43359375 -9.027952182805166e-05 -9.027952182805166e-05 -0.0001805590436561033
57 0.44140625 -9.072137618204579e-05 -9.072136890608817e-05 -0.000181442745088134
58 0.44921875 -9.110857354244217e-05 -9.110857354244217e-05 -0.0001822171470848843
59 0.45703125 -9.144088835455477e-05 -9.144089563051239e-05 -0.0001828817839850672
60 0.46484375 -9.171813144348562e-05 -9.171813144348562e-05 -0.0001834362628869712
61 0.47265625 -9.194012818625197e-05 -9.194012818625197e-05 -0.0001838802563725039
62 0.48046875 -9.210675489157438e-05 -9.210674761561677e-05 -0.0001842135025071912
63 0.48828125 -9.221787331625819e-05 -9.221787331625819e-05 -0.0001844357466325164
64 0.49609375 -9.227344708051533e-05 -9.227344708051533e-05 -0.0001845468941610307
65 0.50390625 -9.227345435647294e-05 -9.227344708051533e-05 -0.0001845469014369883
66 0.51171875 -9.221787331625819e-05 -9.221787331625819e-05 -0.0001844357466325164
67 0.51953125 -9.210674761561677e-05 -9.210674761561677e-05 -0.0001842134952312335
68 0.52734375 -9.194012818625197e-05 -9.194012818625197e-05 -0.0001838802563725039
69 0.53515625 -9.171813871944323e-05 -9.171813144348562e-05 -0.0001834362701629288
70 0.54296875 -9.144088835455477e-05 -9.144089563051239e-05 -0.0001828817839850672
71 0.55078125 -9.110857354244217e-05 -9.110857354244217e-05 -0.0001822171470848843
72 0.55859375 -9.072137618204579e-05 -9.072136890608817e-05 -0.000181442745088134
73 0.56640625 -9.027952182805166e-05 -9.027952182805166e-05 -0.0001805590436561033
74 0.57421875 -8.978328696684912e-05 -8.978328696684912e-05 -0.0001795665739336982
75 0.58203125 -8.92329917405732e-05 -8.923298446461558e-05 -0.0001784659762051888
76 0.58984375 -8.862892718752846e-05 -8.862891991157085e-05 -0.0001772578470990993
77 0.59765625 -8.797146438155323e-05 -8.797147165751085e-05 -0.0001759429360390641
78 0.60546875 -8.726103988010436e-05 -8.726103988010436e-05 -0.0001745220797602087
79 0.61328125 -8.649801748106256e-05 -8.649801748106256e-05 -0.0001729960349621251
80 0.62109375 -8.568291377741843e-05 -8.568291377741843e-05 -0.0001713658275548369
81 0.62890625 -8.481619443045929e-05 -8.481619443045929e-05 -0.0001696323888609186
82 0.63671875 -8.389837603317574e-05 -8.389838330913335e-05 -0.0001677967593423091
83 0.64453125 -8.293003338621929e-05 -8.293003338621929e-05 -0.0001658600667724386
84 0.65234375 -8.191173401428387e-05 -8.191174129024148e-05 -0.0001638234753045253
85 0.66015625 -8.084409637376666e-05 -8.084409637376666e-05 -0.0001616881927475333
86 0.66796875 -7.972777530085295e-05 -7.972776802489534e-05 -0.0001594555433257483
87 0.67578125 -7.856339652789757e-05 -7.856340380385518e-05 -0.0001571268003317527
88 0.68359375 -7.735170947853476e-05 -7.735171675449237e-05 -0.0001547034262330271
89 0.69140625 -7.609344174852595e-05 -7.609344174852595e-05 -0.0001521868834970519
90 0.69921875 -7.478932093363255e-05 -7.478931365767494e-05 -0.0001495786345913075
91 0.70703125 -7.344015466514975e-05 -7.344014738919213e-05 -0.0001468803020543419
92 0.71484375 -7.204673602245748e-05 -7.204674329841509e-05 -0.0001440934793208726
93 0.72265625 -7.060994539642707e-05 -7.060994539642707e-05 -0.0001412198907928541
94 0.73046875 -6.913061224622652e-05 -6.913061224622652e-05 -0.000138261224492453
95 0.73828125 -6.760963151464239e-05 -6.76096387906e-05 -0.0001352192703052424
96 0.74609375 -6.604792724829167e-05 -6.604792724829167e-05 -0.0001320958544965833
97 0.75390625 -6.444644532166421e-05 -6.444644532166421e-05 -0.0001288928906433284
98 0.76171875 -6.280613160924986e-05 -6.280612433329225e-05 -0.0001256122559425421
99 0.76953125 -6.112799019319937e-05 -6.112799019319937e-05 -0.0001222559803863987
100 0.77734375 -5.94130324316211e-05 -5.94130324316211e-05 -0.0001188260648632422
101 0.78515625 -5.766228423453867e-05 -5.766228423453867e-05 -0.0001153245684690773
102 0.79296875 -5.587680061580613e-05 -5.587680789176375e-05 -0.0001117536085075699
103 0.80078125 -5.405765841715038e-05 -5.405765841715038e-05 -0.0001081153168343008
104 0.80859375 -5.220595630817115e-05 -5.220595630817115e-05 -0.0001044119126163423
105 0.81640625 -5.032281114836223e-05 -5.032280751038343e-05 -0.0001006456186587457
106 0.82421875 -4.840935071115382e-05 -4.840934707317501e-05 -9.681869778432883e-05
107 0.83203125 -4.646672095987014e-05 -4.646672095987014e-05 -9.293344191974029e-05
108 0.83984375 -4.449612242751755e-05 -4.449611878953874e-05 -8.899224121705629e-05
109 0.84765625 -4.249869016348384e-05 -4.249869016348384e-05 -8.499738032696769e-05
110 0.85546875 -4.047567927045748e-05 -4.047567927045748e-05 -8.095135854091495e-05
111 0.86328125 -3.842829028144479e-05 -3.842829028144479e-05 -7.685658056288958e-05
112 0.87109375 -3.635774191934615e-05 -3.635774191934615e-05 -7.271548383869231e-05
113 0.87890625 -3.426530383876525e-05 -3.426530020078644e-05 -6.853060403955169e-05
114 0.88671875 -3.21522202284541e-05 -3.21522202284541e-05 -6.43044404569082e-05
115 0.89453125 -3.001976438099518e-05 -3.001976438099518e-05 -6.003952876199037e-05
116 0.90234375 -2.786923141684383e-05 -2.786923505482264e-05 -5.573846647166647e-05
117 0.91015625 -2.570191281847656e-05 -2.570190918049775e-05 -5.140382199897431e-05
118 0.91796875 -2.351910370634869e-05 -2.351910552533809e-05 -4.703820923168678e-05
119 0.92578125 -2.132213558070362e-05 -2.132213739969302e-05 -4.264427298039664e-05
120 0.93359375 -1.91123199329013e-05 -1.91123199329013e-05 -3.82246398658026e-05
121 0.94140625 -1.689099735813215e-05 -1.689099735813215e-05 -3.378199471626431e-05
122 0.94921875 -1.465949208068196e-05 -1.465949208068196e-05 -2.931898416136391e-05
123 0.95703125 -1.241916106664576e-05 -1.241916197614046e-05 -2.483832304278621e-05
124 0.96484375 -1.017134945868747e-05 -1.017134945868747e-05 -2.034269891737495e-05
125 0.97265625 -7.917408765933942e-06 -7.917408765933942e-06 -1.583481753186788e-05
126 0.98046875 -5.658703685185174e-06 -5.658704139932524e-06 -1.13174078251177e-05
127 0.98828125 -3.396585270820651e-06 -3.396585725568002e-06 -6.793170996388653e-06
128 0.99609375 0.007424461889286249 0.007424461889399936 0.01484892377868618
