# P x_center tau_U tau_V tau_Psi
1 0.015625 0.02959641864117657 0.02959641864117657 0.05919283728235314
2 0.046875 -0.0002165812278462909 -0.0002165812278462909 -0.0004331624556925817
3 0.078125 -0.0003586504160466575 -0.0003586504159329706 -0.0007173008319796281
4 0.109375 -0.0004972656047357304 -0.0004972656045083568 -0.0009945312092440872
5 0.140625 -0.0006310918536200916 -0.0006310918536200916 -0.001262183707240183
6 0.171875 -0.0007588403432237101 -0.0007588403432237101 -0.00151768068644742
7 0.203125 -0.0008792807852842088 -0.0008792807857389562 -0.001758561571023165
8 0.234375 -0.0009912532727867074 -0.0009912532727867074 -0.001982506545573415
9 0.265625 -0.001093679449695628 -0.001093679450150375 -0.002187358899846004
10 0.296875 -0.001185572895337828 -0.00118557289488308 -0.002371145790220908
11 0.328125 -0.001266048625893745 -0.001266048626348493 -0.002532097252242238
12 0.359375 -0.001334331615908013 -0.001334331615908013 -0.002668663231816026
13 0.390625 -0.001389764263876714 -0.001389764263421966 -0.00277952852729868
14 0.421875 -0.001431812720966263 -0.001431812720966263 -0.002863625441932527
15 0.453125 -0.001460072040117666 -0.001460072039662919 -0.002920144079780584
16 0.484375 -0.001474270065955352 -0.001474270065955352 -0.002948540131910704
17 0.515625 -0.001474270065955352 -0.001474270065955352 -0.002948540131910704
18 0.546875 -0.001460072039662919 -0.001460072039662919 -0.002920144079325837
19 0.578125 -0.001431812720966263 -0.001431812720966263 -0.002863625441932527
20 0.609375 -0.001389764263421966 -0.001389764263421966 -0.002779528526843933
21 0.640625 -0.001334331615908013 -0.001334331615908013 -0.002668663231816026
22 0.671875 -0.001266048626348493 -0.001266048626348493 -0.002532097252696985
23 0.703125 -0.001185572895337828 -0.00118557289488308 -0.002371145790220908
24 0.734375 -0.001093679449240881 -0.001093679449695628 -0.002187358898936509
25 0.765625 -0.0009912532727867074 -0.0009912532727867074 -0.001982506545573415
26 0.796875 -0.0008792807848294615 -0.0008792807848294615 -0.001758561569658923
27 0.828125 -0.0007588403429963364 -0.0007588403432237101 -0.001517680686220046
28 0.859375 -0.0006310918540748389 -0.0006310918538474652 -0.001262183707922304
29 0.890625 -0.0004972656047357304 -0.0004972656047357304 -0.0009945312094714609
30 0.921875 -0.0003586504159329706 -0.0003586504159329706 -0.0007173008318659413
31 0.953125 -0.0002165812278462909 -0.0002165812278462909 -0.0004331624556925817
32 0.984375 0.0295964186410913 0.0295964186410913 0.05919283728218261
