# P x_center tau_U tau_V tau_Psi
1 0.0078125 0.01483877591226701 0.01483877591226701 0.02967755182453402
2 0.0234375 -2.715265895858465e-05 -2.715265895858465e-05 -5.43053179171693e-05
3 0.0390625 -4.518174432632804e-05 -4.518174432632804e-05 -9.036348865265609e-05
4 0.0546875 -6.310198341452633e-05 -6.310198341452633e-05 -0.0001262039668290527
5 0.0703125 -8.087020341918105e-05 -8.087020341918105e-05 -0.0001617404068383621
6 0.0859375 -9.844360192801105e-05 -9.844360192801105e-05 -0.0001968872038560221
7 0.1015625 -0.000115779839688912 -0.0001157798387794173 -0.0002315596784683294
8 0.1171875 -0.0001328371536146733 -0.0001328371536146733 -0.0002656743072293466
9 0.1328125 -0.0001495744500061846 -0.0001495744509156793 -0.000299148900921864
10 0.1484375 -0.0001659514109633164 -0.0001659514109633164 -0.0003319028219266329
11 0.1640625 -0.000181928578967927 -0.000181928578967927 -0.000363857157935854
12 0.1796875 -0.0001974674642042373 -0.000197467465113732 -0.0003949349293179694
13 0.1953125 -0.0002125306364177959 -0.0002125306364177959 -0.0004250612728355918
14 0.2109375 -0.0002270818022225285 -0.0002270818022225285 -0.000454163604445057
15 0.2265625 -0.0002410859069641447 -0.0002410859069641447 -0.0004821718139282893
16 0.2421875 -0.0002545092156651663 -0.0002545092174841557 -0.0005090184331493219
17 0.2578125 -0.0002673193866939982 -0.0002673193866939982 -0.0005346387733879965
18 0.2734375 -0.000279485568171367 -0.0002794855663523776 -0.0005589711345237447
19 0.2890625 -0.0002909784379880875 -0.0002909784379880875 -0.0005819568759761751
20 0.3046875 -0.0003017703184013953 -0.0003017703184013953 -0.0006035406368027907
21 0.3203125 -0.000311835203319788 -0.0003118352051387774 -0.0006236704084585654
22 0.3359375 -0.0003211488565284526 -0.000321148858347442 -0.0006422977148758946
23 0.3515625 -0.0003296888316981494 -0.0003296888335171388 -0.0006593776652152883
24 0.3671875 -0.000337434554239735 -0.000337434554239735 -0.00067486910847947
25 0.3828125 -0.0003443673740548547 -0.0003443673740548547 -0.0006887347481097095
26 0.3984375 -0.0003504705728119006 -0.00035047057463089 -0.0007009411474427907
27 0.4140625 -0.0003557294658094179 -0.0003557294658094179 -0.0007114589316188358
28 0.4296875 -0.000360131371053285 -0.000360131371053285 -0.0007202627421065699
29 0.4453125 -0.0003636656947492156 -0.0003636656947492156 -0.0007273313894984312
30 0.4609375 -0.000366323909474886 -0.0003663239112938754 -0.0007326478207687614
31 0.4765625 -0.0003680996178445639 -0.0003680996196635533 -0.0007361992375081172
32 0.4921875 -0.0003689885415951721 -0.0003689885415951721 -0.0007379770831903443
33 0.5078125 -0.0003689885415951721 -0.0003689885415951721 -0.0007379770831903443
34 0.5234375 -0.0003680996196635533 -0.0003680996196635533 -0.0007361992393271066
35 0.5390625 -0.000366323909474886 -0.0003663239112938754 -0.0007326478207687614
36 0.5546875 -0.000363665696568205 -0.0003636656947492156 -0.0007273313913174206
37 0.5703125 -0.000360131371053285 -0.000360131371053285 -0.0007202627421065699
38 0.5859375 -0.0003557294658094179 -0.0003557294658094179 -0.0007114589316188358
39 0.6015625 -0.00035047057463089 -0.00035047057463089 -0.0007009411492617801
40 0.6171875 -0.0003443673740548547 -0.0003443673740548547 -0.0006887347481097095
41 0.6328125 -0.000337434554239735 -0.000337434554239735 -0.00067486910847947
42 0.6484375 -0.00032968882987916 -0.0003296888316981494 -0.0006593776615773095
43 0.6640625 -0.0003211488547094632 -0.0003211488565284526 -0.0006422977112379158
44 0.6796875 -0.000311835203319788 -0.0003118352051387774 -0.0006236704084585654
45 0.6953125 -0.0003017703202203847 -0.0003017703202203847 -0.0006035406404407695
46 0.7109375 -0.0002909784398070769 -0.0002909784379880875 -0.0005819568777951645
47 0.7265625 -0.0002794855645333882 -0.0002794855645333882 -0.0005589711290667765
48 0.7421875 -0.0002673193885129876 -0.0002673193866939982 -0.0005346387752069859
49 0.7578125 -0.0002545092120271875 -0.0002545092120271875 -0.0005090184240543749
50 0.7734375 -0.0002410859069641447 -0.0002410859069641447 -0.0004821718139282893
51 0.7890625 -0.0002270818022225285 -0.0002270818022225285 -0.000454163604445057
52 0.8046875 -0.0002125306382367853 -0.0002125306364177959 -0.0004250612746545812
53 0.8203125 -0.000197467465113732 -0.000197467465113732 -0.0003949349302274641
54 0.8359375 -0.0001819285798774217 -0.0001819285798774217 -0.0003638571597548435
55 0.8515625 -0.0001659514109633164 -0.0001659514118728111 -0.0003319028228361276
56 0.8671875 -0.0001495744500061846 -0.0001495744500061846 -0.0002991489000123693
57 0.8828125 -0.0001328371536146733 -0.0001328371527051786 -0.0002656743063198519
58 0.8984375 -0.0001157798405984067 -0.0001157798405984067 -0.0002315596811968135
59 0.9140625 -9.84436014732637e-05 -9.844360192801105e-05 -0.0001968872034012747
60 0.9296875 -8.08702038739284e-05 -8.08702038739284e-05 -0.0001617404077478568
61 0.9453125 -6.310198341452633e-05 -6.310198386927368e-05 -0.0001262039672838
62 0.9609375 -4.518174455370172e-05 -4.518174432632804e-05 -9.036348888002976e-05
63 0.9765625 -2.715265895858465e-05 -2.715265895858465e-05 -5.43053179171693e-05
64 0.9921875 0.01483877591203964 0.01483877591198279 0.02967755182402243
