# P x u_num u_exact u_err v_num v_exact v_err psi_num psi_exact psi_err
1 0.015625 0.01804692818803332 0.01805098861115287 -4.060423119546519e-06 0.01804692818805723 0.01805098861115287 -4.060423095635091e-06 0.03609385637609056 0.03610197722230574 -8.12084621518161e-06
2 0.046875 0.05401030564256071 0.05397912494545908 3.118069710163207e-05 0.05401030564255573 0.05397912494545908 3.118069709664995e-05 0.1080206112851164 0.1079582498909182 6.236139419828202e-05
3 0.078125 0.08945335824225392 0.08938741279854924 6.594544370468192e-05 0.08945335824221877 0.08938741279854924 6.594544366952948e-05 0.1789067164844727 0.1787748255970985 0.0001318908873742253
4 0.109375 0.1240347443843855 0.1239348510022591 9.989338212641752e-05 0.1240347443843349 0.1239348510022591 9.989338207586074e-05 0.2480694887687204 0.2478697020045181 0.0001997867642022644
5 0.140625 0.1574214211401749 0.157288728841136 0.0001326922990389223 0.1574214211400404 0.157288728841136 0.0001326922989044188 0.3148428422802153 0.314577457682272 0.0002653845979433411
6 0.171875 0.1892918516505539 0.1891278302385073 0.0001640214120465777 0.1892918516503048 0.1891278302385073 0.0001640214117974437 0.3785837033008587 0.3782556604770147 0.0003280428238440214
7 0.203125 0.2193391017114794 0.2191455272428932 0.000193574468586144 0.2193391017115297 0.2191455272428932 0.0001935744686364926 0.4386782034230091 0.4382910544857865 0.0003871489372226367
8 0.234375 0.2472737957269601 0.247052733022799 0.0002210627041611124 0.2472737957266614 0.247052733022799 0.0002210627038624347 0.4945475914536215 0.494105466045598 0.0004421254080235193
9 0.265625 0.2728269035623452 0.2725806859309337 0.0002462176314115827 0.2728269035620675 0.2725806859309337 0.0002462176311338049 0.5456538071244127 0.5451613718618673 0.0004924352625453876
10 0.296875 0.295752331458927 0.2954835378257933 0.000268793633133757 0.2957523314588928 0.2954835378257933 0.0002687936330995622 0.5915046629178199 0.5909670756515866 0.0005375872662333192
11 0.328125 0.3158292920579322 0.3155407217236581 0.0002885703342740964 0.3158292920576621 0.3155407217236581 0.0002885703340039791 0.6316585841155943 0.6310814434473162 0.0005771406682780755
12 0.359375 0.3328644307092507 0.3325590759792195 0.0003053547300311821 0.3328644307088114 0.3325590759792195 0.0003053547295919223 0.6657288614180621 0.665118151958439 0.0006107094596230489
13 0.390625 0.3466936875873833 0.3463747045378178 0.0003189830495655133 0.3466936875874723 0.3463747045378178 0.0003189830496544976 0.6933873751748556 0.6927494090756355 0.0006379660992200664
14 0.421875 0.3571838776813986 0.3568545553440427 0.0003293223373559417 0.3571838776809744 0.3568545553440427 0.0003293223369317255 0.7143677553623731 0.7137091106880854 0.0006586446742876673
15 0.453125 0.3642339734427298 0.3638977017057613 0.0003362717369685408 0.3642339734423529 0.3638977017057613 0.0003362717365916201 0.7284679468850828 0.7277954034115226 0.000672543473560161
16 0.484375 0.3677760777381985 0.3674363142733346 0.0003397634648639181 0.3677760777381543 0.3674363142733346 0.0003397634648197312 0.7355521554763529 0.7348726285466692 0.0006795269296836493
17 0.515625 0.3677760777381985 0.3674363142733346 0.0003397634648639181 0.3677760777378856 0.3674363142733346 0.0003397634645509462 0.7355521554760841 0.7348726285466692 0.0006795269294148643
18 0.546875 0.3642339734427298 0.3638977017057613 0.0003362717369685408 0.3642339734422484 0.3638977017057613 0.0003362717364870926 0.7284679468849782 0.7277954034115226 0.000672543473455578
19 0.578125 0.3571838776813991 0.3568545553440427 0.0003293223373564413 0.3571838776814888 0.3568545553440427 0.0003293223374461474 0.714367755362888 0.7137091106880854 0.0006586446748025887
20 0.609375 0.3466936875873843 0.3463747045378178 0.0003189830495665125 0.3466936875869646 0.3463747045378178 0.0003189830491468482 0.6933873751743489 0.6927494090756355 0.0006379660987133606
21 0.640625 0.3328644307092524 0.3325590759792196 0.0003053547300328474 0.3328644307089108 0.3325590759792196 0.0003053547296912318 0.6657288614181632 0.6651181519584392 0.0006107094597240792
22 0.671875 0.3158292920579341 0.3155407217236581 0.0002885703342759838 0.3158292920579013 0.3155407217236581 0.0002885703342431767 0.6316585841158353 0.6310814434473162 0.0005771406685191049
23 0.703125 0.2957523314589288 0.2954835378257933 0.0002687936331354224 0.2957523314586807 0.2954835378257933 0.0002687936328873985 0.5915046629176095 0.5909670756515867 0.0005375872660228209
24 0.734375 0.2728269035623469 0.2725806859309337 0.000246217631413248 0.2728269035619848 0.2725806859309337 0.0002462176310511488 0.5456538071243318 0.5451613718618673 0.0004924352624644524
25 0.765625 0.2472737957269624 0.2470527330227991 0.0002210627041633051 0.2472737957270155 0.2470527330227991 0.000221062704216457 0.4945475914539779 0.4941054660455981 0.0004421254083797344
26 0.796875 0.2193391017114819 0.2191455272428933 0.0001935744685885865 0.2193391017109827 0.2191455272428933 0.0001935744680893747 0.4386782034224646 0.4382910544857866 0.0003871489366779612
27 0.828125 0.1892918516505567 0.1891278302385074 0.00016402141204927 0.1892918516503594 0.1891278302385074 0.0001640214118520111 0.3785837033009161 0.3782556604770148 0.0003280428239012534
28 0.859375 0.1574214211401774 0.157288728841136 0.0001326922990414203 0.1574214211401507 0.157288728841136 0.0001326922990147472 0.3148428422803281 0.3145774576822719 0.0002653845980561953
29 0.890625 0.1240347443843877 0.1239348510022591 9.989338212858245e-05 0.1240347443844448 0.1239348510022591 9.989338218563404e-05 0.2480694887688325 0.2478697020045183 0.0001997867643142026
30 0.921875 0.08945335824225549 0.08938741279854931 6.594544370618072e-05 0.08945335824240232 0.08938741279854931 6.594544385300771e-05 0.1789067164846578 0.1787748255970986 0.0001318908875591884
31 0.953125 0.05401030564256167 0.0539791249454591 3.118069710257576e-05 0.05401030564261639 0.0539791249454591 3.118069715729588e-05 0.1080206112851781 0.1079582498909182 6.236139425987164e-05
32 0.984375 0.01804692818803364 0.01805098861115285 -4.060423119203044e-06 0.01804692818804556 0.01805098861115285 -4.060423107288963e-06 0.0360938563760792 0.0361019772223057 -8.120846226492007e-06
