# P x u_num u_exact u_err v_num v_exact v_err psi_num psi_exact psi_err
1 0.0078125 0.009027728189665848 0.009028213434669634 -4.852450037860778e-07 0.009027728189722674 0.009028213434669634 -4.852449469600062e-07 0.01805545637938852 0.01805642686933927 -9.70489950746084e-07
2 0.0234375 0.02706686917370644 0.02706289054706668 3.978626639755678e-06 0.02706686917367783 0.02706289054706668 3.978626611143149e-06 0.05413373834738426 0.05412578109413337 7.957253250895358e-06
3 0.0390625 0.04504079833062808 0.04503237078570659 8.427544921488228e-06 0.04504079833077651 0.04503237078570659 8.427545069918108e-06 0.09008159666140458 0.09006474157141318 1.68550899913994e-05
4 0.0546875 0.06290621479732496 0.0628933640987539 1.285069857105692e-05 0.06290621479669802 0.0628933640987539 1.285069794411398e-05 0.125812429594023 0.1257867281975078 2.570139651517089e-05
5 0.0703125 0.0806200791299333 0.08060284178887925 1.723734105404939e-05 0.08062007913000234 0.08060284178887925 1.723734112309139e-05 0.1612401582599357 0.1612056835777585 3.447468217715466e-05
6 0.0859375 0.09813971698966618 0.09811814017316003 2.157681650614973e-05 0.09813971698916696 0.09811814017316003 2.157681600692407e-05 0.1962794339788331 0.1962362803463201 4.315363251305993e-05
7 0.1015625 0.1154229219490765 0.1153970633636297 2.585858544684738e-05 0.1154229219489352 0.1153970633636297 2.585858530550211e-05 0.2308458438980117 0.2307941267272593 5.171717075233562e-05
8 0.1171875 0.1324280571710786 0.1323979849208672 3.00722502113715e-05 0.1324280571709144 0.1323979849208672 3.0072250047114e-05 0.264856114341993 0.2647959698417345 6.01445002584855e-05
9 0.1328125 0.1491141557157769 0.1490799481357367 3.420758004019087e-05 0.1491141557153958 0.1490799481357367 3.420757965913457e-05 0.2982283114311727 0.2981598962714733 6.841515969935319e-05
10 0.1484375 0.1654410192334504 0.1654027646976858 3.825453576464244e-05 0.1654410192324283 0.1654027646976858 3.825453474248786e-05 0.3308820384658787 0.3308055293953716 7.650907050710254e-05
11 0.1640625 0.1813693148059374 0.1813271115119071 4.220329403026302e-05 0.1813693148061195 0.1813271115119071 4.220329421236735e-05 0.3627386296120568 0.3626542230238142 8.440658824260261e-05
12 0.1796875 0.1968606697031139 0.196814625432117 4.604427099685893e-05 0.1968606697021266 0.196814625432117 4.60442700095931e-05 0.3937213394052405 0.3936292508642341 9.208854100645203e-05
13 0.1953125 0.2118777638261984 0.2118279956807358 4.976814546256425e-05 0.2118777638259426 0.2118279956807358 4.976814520676887e-05 0.423755527652141 0.4236559913614717 9.953629066933312e-05
14 0.2109375 0.2263844196151703 0.2263310537338186 5.336588135168574e-05 0.2263844196148872 0.2263310537338186 5.336588106857887e-05 0.4527688392300575 0.4526621074676372 0.0001067317624202646
15 0.2265625 0.2403456892037133 0.2402888604541976 5.682874951568051e-05 0.2403456892030879 0.2402888604541976 5.682874889023637e-05 0.4806913784068012 0.4805777209083953 0.0001136574984059169
16 0.2421875 0.2537279386117167 0.2536677902629241 6.014834879264352e-05 0.2537279386101489 0.2536677902629241 6.014834722484208e-05 0.5074558772218656 0.5073355805258482 0.0001202966960174301
17 0.2578125 0.2664989287725089 0.2664356121462329 6.331662627601098e-05 0.2664989287727771 0.2664356121462329 6.331662654424086e-05 0.5329978575452861 0.5328712242924658 0.0001266332528202518
18 0.2734375 0.2786278931996181 0.278561567302878 6.632589674016032e-05 0.2786278931981997 0.278561567302878 6.632589532173938e-05 0.5572557863978178 0.5571231346057559 0.0001326517920618997
19 0.2890625 0.2900856121059606 0.2900164432447788 6.916886118174537e-05 0.2900856121055975 0.2900164432447788 6.916886081864693e-05 0.580171224211558 0.5800328864895576 0.0001383377220003368
20 0.3046875 0.3008444827968888 0.3007726441724627 7.183862442611266e-05 0.300844482796513 0.3007726441724627 7.183862405035768e-05 0.6016889655934019 0.6015452883449254 0.0001436772484765259
21 0.3203125 0.3108785861675264 0.3108042574557629 7.432871176349387e-05 0.3108785861667208 0.3108042574557629 7.432871095791604e-05 0.6217571723342472 0.6216085149115258 0.0001486574227214099
22 0.3359375 0.3201637491441803 0.3200871160596144 7.663308456590245e-05 0.3201637491421995 0.3200871160596144 7.663308258509804e-05 0.6403274982863798 0.6401742321192289 0.000153266167150945
23 0.3515625 0.3286776029194149 0.3285988567645582 7.874615485664593e-05 0.3286776029197386 0.3285988567645582 7.874615518033146e-05 0.6573552058391534 0.6571977135291165 0.0001574923100369219
24 0.3671875 0.3363996368404825 0.3363189740416957 8.066279878682359e-05 0.336399636838791 0.3363189740416957 8.06627970953433e-05 0.6727992736792736 0.6726379480833914 0.0001613255958822224
25 0.3828125 0.3433112478213021 0.3432288694523036 8.237836899849249e-05 0.3433112478208638 0.3432288694523036 8.237836856012093e-05 0.6866224956421658 0.6864577389046073 0.0001647567375585579
26 0.3984375 0.3493957851589346 0.3493118964531027 8.388870583186936e-05 0.3493957851585105 0.3493118964531027 8.388870540776416e-05 0.6987915703174451 0.6986237929062055 0.0001677774112396335
27 0.4140625 0.3546385906466001 0.3545534004992377 8.519014736241282e-05 0.3546385906456787 0.3545534004992377 8.519014644098322e-05 0.7092771812922787 0.7091068009984753 0.0001703802938033405
28 0.4296875 0.3590270338865924 0.3589407543483599 8.627953823248102e-05 0.3590270338843752 0.3589407543483599 8.627953601536564e-05 0.7180540677709676 0.7178815086967197 0.0001725590742478467
29 0.4453125 0.3625505427180245 0.3624633884807599 8.715423726463056e-05 0.3625505427183958 0.3624633884807599 8.715423763594465e-05 0.7251010854364204 0.7249267769615197 0.0001743084749006307
30 0.4609375 0.3652006286860962 0.3651128165622666 8.781212382963366e-05 0.3652006286842495 0.3651128165622666 8.781212198288868e-05 0.7304012573703457 0.7302256331245331 0.0001756242458125223
31 0.4765625 0.3669709074915331 0.3668826558885691 8.825160296405121e-05 0.3669709074910631 0.3668826558885691 8.825160249403829e-05 0.7339418149825963 0.7337653117771381 0.000176503205458145
32 0.4921875 0.3678571143709264 0.3677686427617107 8.847160921571229e-05 0.3678571143704779 0.3677686427617107 8.847160876718219e-05 0.7357142287414042 0.7355372855234213 0.0001769432179828945
33 0.5078125 0.3678571143709265 0.3677686427617107 8.847160921582331e-05 0.3678571143699662 0.3677686427617107 8.847160825553591e-05 0.7357142287408927 0.7355372855234213 0.0001769432174713037
34 0.5234375 0.366970907491533 0.3668826558885691 8.825160296394019e-05 0.3669709074892556 0.3668826558885691 8.825160068659521e-05 0.7339418149807886 0.7337653117771381 0.0001765032036504799
35 0.5390625 0.3652006286860966 0.3651128165622666 8.781212383002224e-05 0.3652006286864777 0.3651128165622666 8.78121242111618e-05 0.7304012573725743 0.7302256331245331 0.000175624248041184
36 0.5546875 0.3625505427180248 0.3624633884807599 8.715423726490812e-05 0.3625505427162007 0.3624633884807599 8.71542354408672e-05 0.7251010854342255 0.7249267769615197 0.0001743084727057198
37 0.5703125 0.3590270338865928 0.3589407543483599 8.627953823292511e-05 0.3590270338861482 0.3589407543483599 8.627953778828079e-05 0.7180540677727409 0.7178815086967197 0.0001725590760212059
38 0.5859375 0.3546385906466001 0.3545534004992377 8.519014736246833e-05 0.3546385906461716 0.3545534004992377 8.519014693397775e-05 0.7092771812927718 0.7091068009984753 0.0001703802942965016
39 0.6015625 0.3493957851589344 0.3493118964531027 8.388870583164731e-05 0.3493957851580308 0.3493118964531027 8.388870492809231e-05 0.6987915703169651 0.6986237929062055 0.0001677774107596841
40 0.6171875 0.3433112478213016 0.3432288694523036 8.237836899799289e-05 0.343311247819174 0.3432288694523036 8.237836687036149e-05 0.6866224956404756 0.6864577389046073 0.0001647567358683544
41 0.6328125 0.3363996368404823 0.3363189740416957 8.066279878660154e-05 0.3363996368408121 0.3363189740416957 8.066279911639329e-05 0.6727992736812944 0.6726379480833914 0.0001613255979030503
42 0.6484375 0.3286776029194143 0.3285988567645582 7.874615485603531e-05 0.3286776029177502 0.3285988567645582 7.874615319197753e-05 0.6573552058371646 0.6571977135291165 0.0001574923080480684
43 0.6640625 0.3201637491441802 0.3200871160596145 7.663308456568041e-05 0.3201637491437808 0.3200871160596145 7.663308416633319e-05 0.640327498287961 0.640174232119229 0.0001532661687320136
44 0.6796875 0.3108785861675258 0.310804257455763 7.432871176282774e-05 0.3108785861671445 0.310804257455763 7.432871138152164e-05 0.6217571723346704 0.621608514911526 0.0001486574231444049
45 0.6953125 0.300844482796888 0.3007726441724627 7.183862442528e-05 0.3008444827961095 0.3007726441724627 7.183862364684712e-05 0.6016889655929976 0.6015452883449254 0.0001436772480721826
46 0.7109375 0.2900856121059593 0.2900164432447788 6.916886118052412e-05 0.2900856121041554 0.2900164432447788 6.916885937657824e-05 0.5801712242101147 0.5800328864895576 0.0001383377205570469
47 0.7265625 0.2786278931996173 0.2785615673028781 6.632589673927214e-05 0.2786278931998978 0.2785615673028781 6.632589701976999e-05 0.5572557863995151 0.5571231346057561 0.0001326517937589866
48 0.7421875 0.2664989287725081 0.2664356121462329 6.331662627517831e-05 0.2664989287711474 0.2664356121462329 6.331662491454448e-05 0.5329978575436556 0.5328712242924658 0.0001266332511897783
49 0.7578125 0.2537279386117163 0.2536677902629242 6.014834879208841e-05 0.2537279386113993 0.2536677902629242 6.014834847511974e-05 0.5074558772231156 0.5073355805258484 0.0001202966972672082
50 0.7734375 0.2403456892037126 0.2402888604541976 5.682874951501438e-05 0.2403456892034103 0.2402888604541976 5.68287492127284e-05 0.4806913784071229 0.4805777209083952 0.000113657498727715
51 0.7890625 0.2263844196151696 0.2263310537338186 5.336588135093634e-05 0.2263844196145772 0.2263310537338186 5.336588075852133e-05 0.4527688392297468 0.4526621074676373 0.0001067317621094577
52 0.8046875 0.2118777638261977 0.2118279956807359 4.976814546187036e-05 0.2118777638248806 0.2118279956807359 4.976814414470176e-05 0.4237555276510783 0.4236559913614718 9.953628960657213e-05
53 0.8203125 0.1968606697031135 0.196814625432117 4.604427099644259e-05 0.1968606697033155 0.196814625432117 4.604427119850318e-05 0.393721339406429 0.3936292508642341 9.208854219494578e-05
54 0.8359375 0.181369314805937 0.1813271115119071 4.220329402984668e-05 0.1813693148050218 0.1813271115119071 4.220329311466209e-05 0.3627386296109588 0.3626542230238143 8.440658714453653e-05
55 0.8515625 0.1654410192334503 0.1654027646976859 3.825453576439264e-05 0.1654410192332387 0.1654027646976859 3.825453555281189e-05 0.3308820384666891 0.3308055293953718 7.650907131723228e-05
56 0.8671875 0.1491141557157765 0.1490799481357367 3.420758003980229e-05 0.1491141557155944 0.1490799481357367 3.42075798576702e-05 0.2982283114313709 0.2981598962714734 6.841515989747249e-05
57 0.8828125 0.1324280571710782 0.1323979849208673 3.00722502108719e-05 0.1324280571707317 0.1323979849208673 3.007224986434354e-05 0.2648561143418099 0.2647959698417346 6.014450007524319e-05
58 0.8984375 0.1154229219490759 0.1153970633636296 2.585858544632003e-05 0.1154229219484137 0.1153970633636296 2.585858478403036e-05 0.2308458438974896 0.2307941267272592 5.171717023033651e-05
59 0.9140625 0.09813971698966573 0.09811814017316008 2.157681650565013e-05 0.09813971698976355 0.09811814017316008 2.157681660347466e-05 0.1962794339794293 0.1962362803463202 4.315363310911091e-05
60 0.9296875 0.08062007912993278 0.08060284178887933 1.723734105345265e-05 0.08062007912951794 0.08060284178887933 1.723734063860394e-05 0.1612401582594507 0.1612056835777587 3.447468169204271e-05
61 0.9453125 0.0629062147973245 0.0628933640987539 1.285069857059895e-05 0.06290621479709617 0.0628933640987539 1.285069834226771e-05 0.1258124295944207 0.1257867281975078 2.570139691288054e-05
62 0.9609375 0.04504079833062774 0.04503237078570665 8.427544921092711e-06 0.04504079833060582 0.04503237078570665 8.427544899172745e-06 0.09008159666123355 0.0900647415714133 1.685508982025852e-05
63 0.9765625 0.02706686917370617 0.02706289054706679 3.978626639380978e-06 0.02706686917361365 0.02706289054706679 3.978626546854297e-06 0.05413373834731983 0.05412578109413359 7.957253186238744e-06
64 0.9921875 0.009027728189665761 0.009028213434669648 -4.852450038866918e-07 0.009027728189697558 0.009028213434669648 -4.852449720892105e-07 0.01805545637936332 0.0180564268693393 -9.704899759759023e-07
