# P x_center tau_U tau_V tau_Psi
1 0.001953125 0.003712865282750499 0.003712865282750499 0.007425730565500999
2 0.005859375 -4.246512617100962e-07 -4.246503522153944e-07 -8.493016139254905e-07
3 0.009765625 -7.076805559336208e-07 -7.076814654283226e-07 -1.415362021361943e-06
4 0.013671875 -9.90603439277038e-07 -9.90603439277038e-07 -1.981206878554076e-06
5 0.017578125 -1.273376255994663e-06 -1.273378074984066e-06 -2.546754330978729e-06
6 0.021484375 -1.555963535793126e-06 -1.555961716803722e-06 -3.111925252596848e-06
7 0.025390625 -1.838307071011513e-06 -1.838307071011513e-06 -3.676614142023027e-06
8 0.029296875 -2.120381395798177e-06 -2.120377757819369e-06 -4.240759153617546e-06
9 0.033203125 -2.402131940471008e-06 -2.402128302492201e-06 -4.80426024296321e-06
10 0.037109375 -2.683518687263131e-06 -2.683518687263131e-06 -5.367037374526262e-06
11 0.041015625 -2.964505256386474e-06 -2.964505256386474e-06 -5.929010512772948e-06
12 0.044921875 -3.245055268052965e-06 -3.245055268052965e-06 -6.490110536105931e-06
13 0.048828125 -3.525099600665271e-06 -3.525099600665271e-06 -7.050199201330543e-06
14 0.052734375 -3.804620064329356e-06 -3.804620064329356e-06 -7.609240128658712e-06
15 0.056640625 -4.08356572734192e-06 -4.083558451384306e-06 -8.167124178726226e-06
16 0.060546875 -4.361892933957279e-06 -4.361892933957279e-06 -8.723785867914557e-06
17 0.064453125 -4.639572580344975e-06 -4.639579856302589e-06 -9.279152436647564e-06
18 0.068359375 -4.916546458844095e-06 -4.916546458844095e-06 -9.833092917688191e-06
19 0.072265625 -5.192785465624183e-06 -5.192785465624183e-06 -1.038557093124837e-05
20 0.076171875 -5.468231393024325e-06 -5.46823866898194e-06 -1.093647006200626e-05
21 0.080078125 -5.742869689129293e-06 -5.742869689129293e-06 -1.148573937825859e-05
22 0.083984375 -6.016634870320559e-06 -6.016634870320559e-06 -1.203326974064112e-05
23 0.087890625 -6.289497832767665e-06 -6.289490556810051e-06 -1.257898838957772e-05
24 0.091796875 -6.5614003688097e-06 -6.5614003688097e-06 -1.31228007376194e-05
25 0.095703125 -6.832327926531434e-06 -6.832327926531434e-06 -1.366465585306287e-05
26 0.099609375 -7.102222298271954e-06 -7.102222298271954e-06 -1.420444459654391e-05
27 0.103515625 -7.371039828285575e-06 -7.371039828285575e-06 -1.474207965657115e-05
28 0.107421875 -7.638765964657068e-06 -7.638765964657068e-06 -1.527753192931414e-05
29 0.111328125 -7.905342499725521e-06 -7.905342499725521e-06 -1.581068499945104e-05
30 0.115234375 -8.170725777745247e-06 -8.170725777745247e-06 -1.634145155549049e-05
31 0.119140625 -8.434857591055334e-06 -8.434843039140105e-06 -1.686970063019544e-05
32 0.123046875 -8.697708835825324e-06 -8.697708835825324e-06 -1.739541767165065e-05
33 0.126953125 -8.959279512055218e-06 -8.959294063970447e-06 -1.791857357602566e-05
34 0.130859375 -9.219496860168874e-06 -9.219511412084103e-06 -1.843900827225298e-05
35 0.134765625 -9.478331776335835e-06 -9.478331776335835e-06 -1.895666355267167e-05
36 0.138671875 -9.735726052895188e-06 -9.735726052895188e-06 -1.947145210579038e-05
37 0.142578125 -9.991665137931705e-06 -9.991665137931705e-06 -1.998333027586341e-05
38 0.146484375 -1.02461053756997e-05 -1.02461053756997e-05 -2.04922107513994e-05
39 0.150390625 -1.049897400662303e-05 -1.049897400662303e-05 -2.099794801324606e-05
40 0.154296875 -1.075028558261693e-05 -1.07502710307017e-05 -2.150055661331862e-05
41 0.158203125 -1.09999964479357e-05 -1.099998189602047e-05 -2.199997834395617e-05
42 0.162109375 -1.124799018725753e-05 -1.124799018725753e-05 -2.249598037451506e-05
43 0.166015625 -1.149431045632809e-05 -1.149431045632809e-05 -2.298862091265619e-05
44 0.169921875 -1.173891359940171e-05 -1.173891359940171e-05 -2.347782719880342e-05
45 0.173828125 -1.198177051264793e-05 -1.198177051264793e-05 -2.396354102529585e-05
46 0.177734375 -1.222279388457537e-05 -1.22228084364906e-05 -2.444560232106596e-05
47 0.181640625 -1.246198371518403e-05 -1.246198371518403e-05 -2.492396743036807e-05
48 0.185546875 -1.269929634872824e-05 -1.269929634872824e-05 -2.539859269745648e-05
49 0.189453125 -1.293470268137753e-05 -1.293467357754707e-05 -2.58693762589246e-05
50 0.193359375 -1.316814450547099e-05 -1.316814450547099e-05 -2.633628901094198e-05
51 0.197265625 -1.339963637292385e-05 -1.339963637292385e-05 -2.67992727458477e-05
52 0.201171875 -1.362909097224474e-05 -1.362909097224474e-05 -2.725818194448948e-05
53 0.205078125 -1.385650830343366e-05 -1.385650830343366e-05 -2.771301660686731e-05
54 0.208984375 -1.408177195116878e-05 -1.408180105499923e-05 -2.816357300616801e-05
55 0.212890625 -1.430496922694147e-05 -1.430499833077192e-05 -2.860996755771339e-05
56 0.216796875 -1.45259837154299e-05 -1.452601281926036e-05 -2.905199653469026e-05
57 0.220703125 -1.474490272812545e-05 -1.4744873624295e-05 -2.948977635242045e-05
58 0.224609375 -1.496152253821492e-05 -1.496152253821492e-05 -2.992304507642984e-05
59 0.228515625 -1.517587224952877e-05 -1.517587224952877e-05 -3.035174449905753e-05
60 0.232421875 -1.538795186206698e-05 -1.538795186206698e-05 -3.077590372413397e-05
61 0.236328125 -1.559776137582958e-05 -1.559776137582958e-05 -3.119552275165915e-05
62 0.240234375 -1.580518437549472e-05 -1.580518437549472e-05 -3.161036875098944e-05
63 0.244140625 -1.601019175723195e-05 -1.601022086106241e-05 -3.202041261829436e-05
64 0.248046875 -1.62128999363631e-05 -1.62128999363631e-05 -3.24257998727262e-05
65 0.251953125 -1.641307608224452e-05 -1.641307608224452e-05 -3.282615216448903e-05
66 0.255859375 -1.661077840253711e-05 -1.661077840253711e-05 -3.322155680507421e-05
67 0.259765625 -1.680597779341042e-05 -1.680597779341042e-05 -3.361195558682084e-05
68 0.263671875 -1.699867425486445e-05 -1.699867425486445e-05 -3.399734850972891e-05
69 0.267578125 -1.71888095792383e-05 -1.718883868306875e-05 -3.437764826230705e-05
70 0.271484375 -1.737635466270149e-05 -1.737635466270149e-05 -3.475270932540298e-05
71 0.275390625 -1.756125129759312e-05 -1.756125129759312e-05 -3.512250259518623e-05
72 0.279296875 -1.77435576915741e-05 -1.77435576915741e-05 -3.548711538314819e-05
73 0.283203125 -1.79231574293226e-05 -1.79231574293226e-05 -3.58463148586452e-05
74 0.287109375 -1.810005051083863e-05 -1.810007961466908e-05 -3.620013012550771e-05
75 0.291015625 -1.827423693612218e-05 -1.827423693612218e-05 -3.654847387224436e-05
76 0.294921875 -1.84456876013428e-05 -1.84456876013428e-05 -3.689137520268559e-05
77 0.298828125 -1.861431519500911e-05 -1.861434429883957e-05 -3.722865949384868e-05
78 0.302734375 -1.878017792478204e-05 -1.878014882095158e-05 -3.756032674573362e-05
79 0.306640625 -1.894321758300066e-05 -1.894321758300066e-05 -3.788643516600132e-05
80 0.310546875 -1.910331775434315e-05 -1.910331775434315e-05 -3.82066355086863e-05
81 0.314453125 -1.92606239579618e-05 -1.926065306179225e-05 -3.852127701975405e-05
82 0.318359375 -1.941504888236523e-05 -1.941504888236523e-05 -3.883009776473045e-05
83 0.322265625 -1.956653431989253e-05 -1.956650521606207e-05 -3.913303953595459e-05
84 0.326171875 -1.971499295905232e-05 -1.971502206288278e-05 -3.943001502193511e-05
85 0.330078125 -1.986059942282736e-05 -1.986059942282736e-05 -3.972119884565473e-05
86 0.333984375 -2.000312088057399e-05 -2.000312088057399e-05 -4.000624176114798e-05
87 0.337890625 -2.014267374761403e-05 -2.014267374761403e-05 -4.028534749522805e-05
88 0.341796875 -2.027917071245611e-05 -2.027919981628656e-05 -4.055837052874267e-05
89 0.345703125 -2.041264087893069e-05 -2.041264087893069e-05 -4.082528175786138e-05
90 0.349609375 -2.054308424703777e-05 -2.054308424703777e-05 -4.108616849407554e-05
91 0.353515625 -2.067029708996415e-05 -2.067029708996415e-05 -4.13405941799283e-05
92 0.357421875 -2.079454134218395e-05 -2.079454134218395e-05 -4.15890826843679e-05
93 0.361328125 -2.09155841730535e-05 -2.09155841730535e-05 -4.183116834610701e-05
94 0.365234375 -2.103345468640327e-05 -2.103345468640327e-05 -4.206690937280655e-05
95 0.369140625 -2.114818198606372e-05 -2.114818198606372e-05 -4.229636397212744e-05
96 0.373046875 -2.125970786437392e-05 -2.125970786437392e-05 -4.251941572874784e-05
97 0.376953125 -2.13680905289948e-05 -2.13680905289948e-05 -4.27361810579896e-05
98 0.380859375 -2.147318446077406e-05 -2.147318446077406e-05 -4.294636892154813e-05
99 0.384765625 -2.157507697120309e-05 -2.157507697120309e-05 -4.315015394240618e-05
100 0.388671875 -2.167373895645142e-05 -2.167376806028187e-05 -4.334750701673329e-05
101 0.392578125 -2.176911220885813e-05 -2.176914131268859e-05 -4.353825352154672e-05
102 0.396484375 -2.186125493608415e-05 -2.186122583225369e-05 -4.372248076833785e-05
103 0.400390625 -2.195005072280765e-05 -2.195005072280765e-05 -4.390010144561529e-05
104 0.404296875 -2.203552867285907e-05 -2.203552867285907e-05 -4.407105734571815e-05
105 0.408203125 -2.211768878623843e-05 -2.211771789006889e-05 -4.423540667630732e-05
106 0.412109375 -2.219658927060664e-05 -2.219658927060664e-05 -4.439317854121327e-05
107 0.416015625 -2.227205550298095e-05 -2.22720846068114e-05 -4.454414010979235e-05
108 0.419921875 -2.234423300251365e-05 -2.234423300251365e-05 -4.468846600502729e-05
109 0.423828125 -2.241300535388291e-05 -2.241303445771337e-05 -4.482603981159627e-05
110 0.427734375 -2.24784598685801e-05 -2.24784598685801e-05 -4.495691973716021e-05
111 0.431640625 -2.254045102745295e-05 -2.254042192362249e-05 -4.508087295107543e-05
112 0.435546875 -2.259909524582326e-05 -2.259909524582326e-05 -4.519819049164653e-05
113 0.439453125 -2.26543634198606e-05 -2.26543634198606e-05 -4.53087268397212e-05
114 0.443359375 -2.270613913424313e-05 -2.270616823807359e-05 -4.541230737231672e-05
115 0.447265625 -2.275456790812314e-05 -2.275453880429268e-05 -4.550910671241581e-05
116 0.451171875 -2.279956243000925e-05 -2.279956243000925e-05 -4.559912486001849e-05
117 0.455078125 -2.284106449224055e-05 -2.284106449224055e-05 -4.56821289844811e-05
118 0.458984375 -2.287916140630841e-05 -2.287919051013887e-05 -4.575835191644728e-05
119 0.462890625 -2.291382406838238e-05 -2.291385317221284e-05 -4.582767724059522e-05
120 0.466796875 -2.294505247846246e-05 -2.294505247846246e-05 -4.589010495692492e-05
121 0.470703125 -2.297273022122681e-05 -2.297275932505727e-05 -4.594548954628408e-05
122 0.474609375 -2.299706102348864e-05 -2.299706102348864e-05 -4.599412204697728e-05
123 0.478515625 -2.301787026226521e-05 -2.301789936609566e-05 -4.603576962836087e-05
124 0.482421875 -2.303521614521742e-05 -2.303521614521742e-05 -4.607043229043484e-05
125 0.486328125 -2.304915688000619e-05 -2.304915688000619e-05 -4.609831376001239e-05
126 0.490234375 -2.305954694747925e-05 -2.30595760513097e-05 -4.611912299878895e-05
127 0.494140625 -2.306653186678886e-05 -2.306656097061932e-05 -4.613309283740819e-05
128 0.498046875 -2.307002432644367e-05 -2.307002432644367e-05 -4.614004865288734e-05
129 0.501953125 -2.307002432644367e-05 -2.307002432644367e-05 -4.614004865288734e-05
130 0.505859375 -2.306653186678886e-05 -2.306656097061932e-05 -4.613309283740819e-05
131 0.509765625 -2.30595760513097e-05 -2.30595760513097e-05 -4.611915210261941e-05
132 0.513671875 -2.304918598383665e-05 -2.304915688000619e-05 -4.609834286384284e-05
133 0.517578125 -2.303521614521742e-05 -2.303521614521742e-05 -4.607043229043484e-05
134 0.521484375 -2.301789936609566e-05 -2.301789936609566e-05 -4.603579873219132e-05
135 0.525390625 -2.299703191965818e-05 -2.299703191965818e-05 -4.599406383931637e-05
136 0.529296875 -2.297273022122681e-05 -2.297275932505727e-05 -4.594548954628408e-05
137 0.533203125 -2.2945023374632e-05 -2.294505247846246e-05 -4.589007585309446e-05
138 0.537109375 -2.291385317221284e-05 -2.291385317221284e-05 -4.582770634442568e-05
139 0.541015625 -2.287919051013887e-05 -2.287919051013887e-05 -4.575838102027774e-05
140 0.544921875 -2.284106449224055e-05 -2.284106449224055e-05 -4.56821289844811e-05
141 0.548828125 -2.279956243000925e-05 -2.279956243000925e-05 -4.559912486001849e-05
142 0.552734375 -2.275453880429268e-05 -2.275453880429268e-05 -4.550907760858536e-05
143 0.556640625 -2.270613913424313e-05 -2.270616823807359e-05 -4.541230737231672e-05
144 0.560546875 -2.265433431603014e-05 -2.26543634198606e-05 -4.530869773589075e-05
145 0.564453125 -2.259909524582326e-05 -2.259909524582326e-05 -4.519819049164653e-05
146 0.568359375 -2.254045102745295e-05 -2.254042192362249e-05 -4.508087295107543e-05
147 0.572265625 -2.24784598685801e-05 -2.24784598685801e-05 -4.495691973716021e-05
148 0.576171875 -2.241300535388291e-05 -2.241303445771337e-05 -4.482603981159627e-05
149 0.580078125 -2.234420389868319e-05 -2.234423300251365e-05 -4.468843690119684e-05
150 0.583984375 -2.22720846068114e-05 -2.22720846068114e-05 -4.454416921362281e-05
151 0.587890625 -2.219658927060664e-05 -2.219658927060664e-05 -4.439317854121327e-05
152 0.591796875 -2.211768878623843e-05 -2.211771789006889e-05 -4.423540667630732e-05
153 0.595703125 -2.203552867285907e-05 -2.203552867285907e-05 -4.407105734571815e-05
154 0.599609375 -2.19500798266381e-05 -2.195005072280765e-05 -4.390013054944575e-05
155 0.603515625 -2.186119672842324e-05 -2.186119672842324e-05 -4.372239345684648e-05
156 0.607421875 -2.176911220885813e-05 -2.176914131268859e-05 -4.353825352154672e-05
157 0.611328125 -2.167373895645142e-05 -2.167376806028187e-05 -4.334750701673329e-05
158 0.615234375 -2.157510607503355e-05 -2.157510607503355e-05 -4.315021215006709e-05
159 0.619140625 -2.147315535694361e-05 -2.147318446077406e-05 -4.294633981771767e-05
160 0.623046875 -2.136806142516434e-05 -2.136806142516434e-05 -4.273612285032868e-05
161 0.626953125 -2.125979517586529e-05 -2.125976607203484e-05 -4.251956124790013e-05
162 0.630859375 -2.114818198606372e-05 -2.114818198606372e-05 -4.229636397212744e-05
163 0.634765625 -2.103345468640327e-05 -2.103345468640327e-05 -4.206690937280655e-05
164 0.638671875 -2.09155841730535e-05 -2.09155841730535e-05 -4.183116834610701e-05
165 0.642578125 -2.079454134218395e-05 -2.079454134218395e-05 -4.15890826843679e-05
166 0.646484375 -2.067035529762506e-05 -2.067035529762506e-05 -4.134071059525013e-05
167 0.650390625 -2.054302603937685e-05 -2.054305514320731e-05 -4.108608118258417e-05
168 0.654296875 -2.041266998276114e-05 -2.041266998276114e-05 -4.082533996552229e-05
169 0.658203125 -2.027922892011702e-05 -2.027922892011702e-05 -4.055845784023404e-05
170 0.662109375 -2.014264464378357e-05 -2.014264464378357e-05 -4.028528928756714e-05
171 0.666015625 -2.000314998440444e-05 -2.000312088057399e-05 -4.000627086497843e-05
172 0.669921875 -1.986057031899691e-05 -1.986057031899691e-05 -3.972114063799381e-05
173 0.673828125 -1.971499295905232e-05 -1.971502206288278e-05 -3.943001502193511e-05
174 0.677734375 -1.956653431989253e-05 -1.956653431989253e-05 -3.913306863978505e-05
175 0.681640625 -1.941504888236523e-05 -1.941501977853477e-05 -3.88300686609e-05
176 0.685546875 -1.926068216562271e-05 -1.926068216562271e-05 -3.852136433124542e-05
177 0.689453125 -1.910331775434315e-05 -1.910331775434315e-05 -3.82066355086863e-05
178 0.693359375 -1.894315937533975e-05 -1.89431884791702e-05 -3.788634785450995e-05
179 0.697265625 -1.878014882095158e-05 -1.878014882095158e-05 -3.756029764190316e-05
180 0.701171875 -1.861434429883957e-05 -1.861434429883957e-05 -3.722868859767914e-05
181 0.705078125 -1.844565849751234e-05 -1.844565849751234e-05 -3.689131699502468e-05
182 0.708984375 -1.827423693612218e-05 -1.827423693612218e-05 -3.654847387224436e-05
183 0.712890625 -1.810005051083863e-05 -1.810005051083863e-05 -3.620010102167726e-05
184 0.716796875 -1.79231574293226e-05 -1.79231574293226e-05 -3.58463148586452e-05
185 0.720703125 -1.77435576915741e-05 -1.77435576915741e-05 -3.548711538314819e-05
186 0.724609375 -1.756122219376266e-05 -1.756125129759312e-05 -3.512247349135578e-05
187 0.728515625 -1.737632555887103e-05 -1.737632555887103e-05 -3.475265111774206e-05
188 0.732421875 -1.718875137157738e-05 -1.718878047540784e-05 -3.437753184698522e-05
189 0.736328125 -1.699867425486445e-05 -1.699867425486445e-05 -3.399734850972891e-05
190 0.740234375 -1.680600689724088e-05 -1.680597779341042e-05 -3.36119846906513e-05
191 0.744140625 -1.661077840253711e-05 -1.661080750636756e-05 -3.322158590890467e-05
192 0.748046875 -1.641307608224452e-05 -1.641307608224452e-05 -3.282615216448903e-05
193 0.751953125 -1.62128999363631e-05 -1.621287083253264e-05 -3.242577076889575e-05
194 0.755859375 -1.601019175723195e-05 -1.601022086106241e-05 -3.202041261829436e-05
195 0.759765625 -1.580515527166426e-05 -1.580518437549472e-05 -3.161033964715898e-05
196 0.763671875 -1.559776137582958e-05 -1.559776137582958e-05 -3.119552275165915e-05
197 0.767578125 -1.538795186206698e-05 -1.538798096589744e-05 -3.077593282796443e-05
198 0.771484375 -1.517590135335922e-05 -1.517590135335922e-05 -3.035180270671844e-05
199 0.775390625 -1.496152253821492e-05 -1.496152253821492e-05 -2.992304507642984e-05
200 0.779296875 -1.474490272812545e-05 -1.4744873624295e-05 -2.948977635242045e-05
201 0.783203125 -1.45259837154299e-05 -1.452601281926036e-05 -2.905199653469026e-05
202 0.787109375 -1.430496922694147e-05 -1.430499833077192e-05 -2.860996755771339e-05
203 0.791015625 -1.408177195116878e-05 -1.408180105499923e-05 -2.816357300616801e-05
204 0.794921875 -1.38564791996032e-05 -1.38564791996032e-05 -2.77129583992064e-05
205 0.798828125 -1.362906186841428e-05 -1.362909097224474e-05 -2.725815284065902e-05
206 0.802734375 -1.339963637292385e-05 -1.339963637292385e-05 -2.67992727458477e-05
207 0.806640625 -1.316817360930145e-05 -1.316814450547099e-05 -2.633631811477244e-05
208 0.810546875 -1.293470268137753e-05 -1.293467357754707e-05 -2.58693762589246e-05
209 0.814453125 -1.269931090064347e-05 -1.269931090064347e-05 -2.539862180128694e-05
210 0.818359375 -1.246199826709926e-05 -1.246199826709926e-05 -2.492399653419852e-05
211 0.822265625 -1.22228084364906e-05 -1.222279388457537e-05 -2.444560232106596e-05
212 0.826171875 -1.198177051264793e-05 -1.198177051264793e-05 -2.396354102529585e-05
213 0.830078125 -1.173892815131694e-05 -1.173892815131694e-05 -2.347785630263388e-05
214 0.833984375 -1.149433956015855e-05 -1.149435411207378e-05 -2.298869367223233e-05
215 0.837890625 -1.124799018725753e-05 -1.124799018725753e-05 -2.249598037451506e-05
216 0.841796875 -1.099998189602047e-05 -1.099998189602047e-05 -2.199996379204094e-05
217 0.845703125 -1.075028558261693e-05 -1.07502710307017e-05 -2.150055661331862e-05
218 0.849609375 -1.049897400662303e-05 -1.049897400662303e-05 -2.099794801324606e-05
219 0.853515625 -1.024609082378447e-05 -1.024609082378447e-05 -2.049218164756894e-05
220 0.857421875 -9.991665137931705e-06 -9.991650586016476e-06 -1.998331572394818e-05
221 0.861328125 -9.735740604810417e-06 -9.735740604810417e-06 -1.947148120962083e-05
222 0.865234375 -9.478331776335835e-06 -9.478331776335835e-06 -1.895666355267167e-05
223 0.869140625 -9.219482308253646e-06 -9.219496860168874e-06 -1.843897916842252e-05
224 0.873046875 -8.959279512055218e-06 -8.959279512055218e-06 -1.791855902411044e-05
225 0.876953125 -8.697737939655781e-06 -8.697737939655781e-06 -1.739547587931156e-05
226 0.880859375 -8.434843039140105e-06 -8.434843039140105e-06 -1.686968607828021e-05
227 0.884765625 -8.170711225830019e-06 -8.170711225830019e-06 -1.634142245166004e-05
228 0.888671875 -7.905357051640749e-06 -7.905342499725521e-06 -1.581069955136627e-05
229 0.892578125 -7.638765964657068e-06 -7.638765964657068e-06 -1.527753192931414e-05
230 0.896484375 -7.371025276370347e-06 -7.371025276370347e-06 -1.474205055274069e-05
231 0.900390625 -7.102222298271954e-06 -7.102222298271954e-06 -1.420444459654391e-05
232 0.904296875 -6.832327926531434e-06 -6.832342478446662e-06 -1.36646704049781e-05
233 0.908203125 -6.561414920724928e-06 -6.5614003688097e-06 -1.312281528953463e-05
234 0.912109375 -6.289497832767665e-06 -6.289483280852437e-06 -1.25789811136201e-05
235 0.916015625 -6.01662031840533e-06 -6.01662031840533e-06 -1.203324063681066e-05
236 0.919921875 -5.742862413171679e-06 -5.742862413171679e-06 -1.148572482634336e-05
237 0.923828125 -5.46823866898194e-06 -5.46823866898194e-06 -1.093647733796388e-05
238 0.927734375 -5.192785465624183e-06 -5.192785465624183e-06 -1.038557093124837e-05
239 0.931640625 -4.916546458844095e-06 -4.916546458844095e-06 -9.833092917688191e-06
240 0.935546875 -4.639572580344975e-06 -4.639565304387361e-06 -9.279137884732336e-06
241 0.939453125 -4.361892933957279e-06 -4.361892933957279e-06 -8.723785867914557e-06
242 0.943359375 -4.08356572734192e-06 -4.083558451384306e-06 -8.167124178726226e-06
243 0.947265625 -3.804612788371742e-06 -3.804620064329356e-06 -7.609232852701098e-06
244 0.951171875 -3.525099600665271e-06 -3.525092324707657e-06 -7.050191925372928e-06
245 0.955078125 -3.245047992095351e-06 -3.245047992095351e-06 -6.490095984190702e-06
246 0.958984375 -2.964516170322895e-06 -2.964516170322895e-06 -5.92903234064579e-06
247 0.962890625 -2.683518687263131e-06 -2.683522325241938e-06 -5.367041012505069e-06
248 0.966796875 -2.402131940471008e-06 -2.402131940471008e-06 -4.804263880942017e-06
249 0.970703125 -2.120381395798177e-06 -2.120381395798177e-06 -4.240762791596353e-06
250 0.974609375 -1.838307071011513e-06 -1.838307071011513e-06 -3.676614142023027e-06
251 0.978515625 -1.555963535793126e-06 -1.555961716803722e-06 -3.111925252596848e-06
252 0.982421875 -1.27337989397347e-06 -1.27337989397347e-06 -2.546759787946939e-06
253 0.986328125 -9.906070772558451e-07 -9.906052582664415e-07 -1.981212335522287e-06
254 0.990234375 -7.076823749230243e-07 -7.076823749230243e-07 -1.415364749846049e-06
255 0.994140625 -4.246521712047979e-07 -4.246521712047979e-07 -8.493043424095958e-07
256 0.998046875 0.003712865293891809 0.003712865293891809 0.007425730587783619
