# P x_center tau_U tau_V tau_Psi
1 0.03125 0.05854536119440468 0.05854536119440468 0.1170907223888094
2 0.09375 -0.0017122682045283 -0.0017122682045283 -0.0034245364090566
3 0.15625 -0.002780572684173421 -0.002780572684173421 -0.005561145368346843
4 0.21875 -0.003742021315019883 -0.003742021314906196 -0.00748404262992608
5 0.28125 -0.004559666164936971 -0.004559666165050658 -0.009119332329987628
6 0.34375 -0.005202085601467843 -0.005202085601467843 -0.01040417120293569
7 0.40625 -0.005644591805776145 -0.005644591805776145 -0.01128918361155229
8 0.46875 -0.005870179512271534 -0.005870179512271534 -0.01174035902454307
9 0.53125 -0.005870179512385221 -0.005870179512385221 -0.01174035902477044
10 0.59375 -0.005644591805776145 -0.005644591805776145 -0.01128918361155229
11 0.65625 -0.005202085601467843 -0.005202085601354156 -0.010404171202822
12 0.71875 -0.004559666165050658 -0.004559666165050658 -0.009119332330101315
13 0.78125 -0.003742021315019883 -0.003742021314906196 -0.00748404262992608
14 0.84375 -0.002780572684116578 -0.002780572684173421 -0.005561145368289999
15 0.90625 -0.001712268204585143 -0.001712268204585143 -0.003424536409170287
16 0.96875 0.05854536119441889 0.05854536119441889 0.1170907223888378
