# MMS4BGC Gaussian-pulse profile
# sample = 2  tau = 5.0000000000000001e-04  bv = 5.0000000000000000e-01  nx = 256
# xi phi
0.0000000000000000e+00 0.0000000000000000e+00
1.9531250000000000e-03 1.0343808375303120e-04
5.8593750000000000e-03 9.2618068651920311e-04
9.7656250000000000e-03 2.5595092311643795e-03
1.3671875000000000e-02 4.9907618302790016e-03
1.7578125000000000e-02 8.2073000678837132e-03
2.1484375000000000e-02 1.2196507801416045e-02
2.5390625000000000e-02 1.6945789724499151e-02
2.9296875000000000e-02 2.2442569705971596e-02
3.3203125000000000e-02 2.8674288920630210e-02
3.7109375000000000e-02 3.5628403787105904e-02
4.1015625000000000e-02 4.3292383728253510e-02
4.4921875000000000e-02 5.1653708769391050e-02
4.8828125000000000e-02 6.0699866989669393e-02
5.2734375000000000e-02 7.0418351841789614e-02
5.6640625000000000e-02 8.0796659355212228e-02
6.0546875000000000e-02 9.1822285237917758e-02
6.4453125000000000e-02 1.0348272189168228e-01
6.8359375000000000e-02 1.1576545535572415e-01
7.2265625000000000e-02 1.2865796219345618e-01
7.6171875000000000e-02 1.4214770633694479e-01
8.0078125000000000e-02 1.5622213590352863e-01
8.3984375000000000e-02 1.7086867999888811e-01
8.7890625000000000e-02 1.8607474552067974e-01
9.1796875000000000e-02 2.0182771397665805e-01
9.5703125000000000e-02 2.1811493833100193e-01
9.9609375000000000e-02 2.3492373989233922e-01
1.0351562500000000e-01 2.5224140525672656e-01
1.0742187500000000e-01 2.7005518331858847e-01
1.1132812500000000e-01 2.8835228236235078e-01
1.1523437500000000e-01 3.0711986724722007e-01
1.1914062500000000e-01 3.2634505669725944e-01
1.2304687500000000e-01 3.4601492070859868e-01
1.2695312500000000e-01 3.6611647808528303e-01
1.3085937500000000e-01 3.8663669411492219e-01
1.3476562500000000e-01 4.0756247839493825e-01
1.3867187500000000e-01 4.2888068281984015e-01
1.4257812500000000e-01 4.5057809973955915e-01
1.4648437500000000e-01 4.7264146029847881e-01
1.5039062500000000e-01 4.9505743296437937e-01
1.5429687500000000e-01 5.1781262225608160e-01
1.5820312500000000e-01 5.4089356767813934e-01
1.6210937500000000e-01 5.6428674287047342e-01
1.6601562500000000e-01 5.8797855498037521e-01
1.6992187500000000e-01 6.1195534426383502e-01
1.7382812500000000e-01 6.3620338392266174e-01
1.7773437500000000e-01 6.6070888018336682e-01
1.8164062500000000e-01 6.8545797262328301e-01
1.8554687500000000e-01 7.1043673474887470e-01
1.8945312500000000e-01 7.3563117483068097e-01
1.9335937500000000e-01 7.6102723699880048e-01
1.9726562500000000e-01 7.8661080260230720e-01
2.0117187500000000e-01 8.1236769183543911e-01
2.0507812500000000e-01 8.3828366563286760e-01
2.0898437500000000e-01 8.6434442783581256e-01
2.1289062500000000e-01 8.9053562763021832e-01
2.1679687500000000e-01 9.1684286225766487e-01
2.2070312500000000e-01 9.4325167999913329e-01
2.2460937500000000e-01 9.6974758343120693e-01
2.2851562500000000e-01 9.9631603295373106e-01
2.3242187500000000e-01 1.0229424505874207e+00
2.3632812500000000e-01 1.0496122240393588e+00
2.4023437500000000e-01 1.0763107110337928e+00
2.4414062500000000e-01 1.1030232439051022e+00
2.4804687500000000e-01 1.1297351344492796e+00
2.5195312500000000e-01 1.1564316790297606e+00
2.5585937500000000e-01 1.1830981639329061e+00
2.5976562500000000e-01 1.2097198709679520e+00
2.6367187500000000e-01 1.2362820833057324e+00
2.6757812500000000e-01 1.2627700915500120e+00
2.7148437500000000e-01 1.2891692000347656e+00
2.7539062500000000e-01 1.3154647333403091e+00
2.7929687500000000e-01 1.3416420430207054e+00
2.8320312500000000e-01 1.3676865145344528e+00
2.8710937500000000e-01 1.3935835743700313e+00
2.9101562500000000e-01 1.4193186973574765e+00
2.9492187500000000e-01 1.4448774141567466e+00
2.9882812500000000e-01 1.4702453189132922e+00
3.0273437500000000e-01 1.4954080770708540e+00
3.0664062500000000e-01 1.5203514333311881e+00
3.1054687500000000e-01 1.5450612197500855e+00
3.1445312500000000e-01 1.5695233639587503e+00
3.1835937500000000e-01 1.5937238974993064e+00
3.2226562500000000e-01 1.6176489642629461e+00
3.2617187500000000e-01 1.6412848290189799e+00
3.3007812500000000e-01 1.6646178860228193e+00
3.3398437500000000e-01 1.6876346676907219e+00
3.3789062500000000e-01 1.7103218533289415e+00
3.4179687500000000e-01 1.7326662779047668e+00
3.4570312500000000e-01 1.7546549408467895e+00
3.4960937500000000e-01 1.7762750148616226e+00
3.5351562500000000e-01 1.7975138547541980e+00
3.5742187500000000e-01 1.8183590062386954e+00
3.6132812500000000e-01 1.8387982147271109e+00
3.6523437500000000e-01 1.8588194340824358e+00
3.6914062500000000e-01 1.8784108353234243e+00
3.7304687500000000e-01 1.8975608152679375e+00
3.7695312500000000e-01 1.9162580051018951e+00
3.8085937500000000e-01 1.9344912788609383e+00
3.8476562500000000e-01 1.9522497618119836e+00
3.8867187500000000e-01 1.9695228387219652e+00
3.9257812500000000e-01 1.9863001620011915e+00
3.9648437500000000e-01 2.0025716597089023e+00
4.0039062500000000e-01 2.0183275434087795e+00
4.0429687500000000e-01 2.0335583158623765e+00
4.0820312500000000e-01 2.0482547785486398e+00
4.1210937500000000e-01 2.0624080389979391e+00
4.1601562500000000e-01 2.0760095179292914e+00
4.1992187500000000e-01 2.0890509561797335e+00
4.2382812500000000e-01 2.1015244214151103e+00
4.2773437500000000e-01 2.1134223146118591e+00
4.3164062500000000e-01 2.1247373762997115e+00
4.3554687500000000e-01 2.1354626925555822e+00
4.3945312500000000e-01 2.1455917007393071e+00
4.4335937500000000e-01 2.1551181949622609e+00
4.4726562500000000e-01 2.1640363312803097e+00
4.5117187500000000e-01 2.1723406326029577e+00
4.5507812500000000e-01 2.1800259933110016e+00
4.5898437500000000e-01 2.1870876835754380e+00
4.6289062500000000e-01 2.1935213533708451e+00
4.6679687500000000e-01 2.1993230361769216e+00
4.7070312500000000e-01 2.2044891523623682e+00
4.7460937500000000e-01 2.2090165122457757e+00
4.7851562500000000e-01 2.2129023188287009e+00
4.8242187500000000e-01 2.2161441701966189e+00
4.8632812500000000e-01 2.2187400615839659e+00
4.9023437500000000e-01 2.2206883871000156e+00
4.9414062500000000e-01 2.2219879411128614e+00
4.9804687500000000e-01 2.2226379192893231e+00
5.0195312500000000e-01 2.2226379192891264e+00
5.0585937500000000e-01 2.2219879411122716e+00
5.0976562500000000e-01 2.2206883870990328e+00
5.1367187500000000e-01 2.2187400615825927e+00
5.1757812500000000e-01 2.2161441701948577e+00
5.2148437500000000e-01 2.2129023188265533e+00
5.2539062500000000e-01 2.2090165122432448e+00
5.2929687500000000e-01 2.2044891523594572e+00
5.3320312500000000e-01 2.1993230361736358e+00
5.3710937500000000e-01 2.1935213533671911e+00
5.4101562500000000e-01 2.1870876835714248e+00
5.4492187500000000e-01 2.1800259933066393e+00
5.4882812500000000e-01 2.1723406325982584e+00
5.5273437500000000e-01 2.1640363312752857e+00
5.5664062500000000e-01 2.1551181949569256e+00
5.6054687500000000e-01 2.1455917007336751e+00
5.6445312500000000e-01 2.1354626925496700e+00
5.6835937500000000e-01 2.1247373762935364e+00
5.7226562500000000e-01 2.1134223146054389e+00
5.7617187500000000e-01 2.1015244214084632e+00
5.8007812500000000e-01 2.0890509561728785e+00
5.8398437500000000e-01 2.0760095179222469e+00
5.8789062500000000e-01 2.0624080389907209e+00
5.9179687500000000e-01 2.0482547785412635e+00
5.9570312500000000e-01 2.0335583158548594e+00
5.9960937500000000e-01 2.0183275434011376e+00
6.0351562500000000e-01 2.0025716597011498e+00
6.0742187500000000e-01 1.9863001619933418e+00
6.1132812500000000e-01 1.9695228387140291e+00
6.1523437500000000e-01 1.9522497618039709e+00
6.1914062500000000e-01 1.9344912788528585e+00
6.2304687500000000e-01 1.9162580050937559e+00
6.2695312500000000e-01 1.8975608152597454e+00
6.3085937500000000e-01 1.8784108353151854e+00
6.3476562500000000e-01 1.8588194340741555e+00
6.3867187500000000e-01 1.8387982147187949e+00
6.4257812500000000e-01 1.8183590062303492e+00
6.4648437500000000e-01 1.7975138547458260e+00
6.5039062500000000e-01 1.7762750148532296e+00
6.5429687500000000e-01 1.7546549408383791e+00
6.5820312500000000e-01 1.7326662778963426e+00
6.6210937500000000e-01 1.7103218533205085e+00
6.6601562500000000e-01 1.6876346676822853e+00
6.6992187500000000e-01 1.6646178860143841e+00
6.7382812500000000e-01 1.6412848290105506e+00
6.7773437500000000e-01 1.6176489642545284e+00
6.8164062500000000e-01 1.5937238974909060e+00
6.8554687500000000e-01 1.5695233639503732e+00
6.8945312500000000e-01 1.5450612197417368e+00
6.9335937500000000e-01 1.5203514333228743e+00
6.9726562500000000e-01 1.4954080770625815e+00
7.0117187500000000e-01 1.4702453189050673e+00
7.0507812500000000e-01 1.4448774141485741e+00
7.0898437500000000e-01 1.4193186973493614e+00
7.1289062500000000e-01 1.3935835743619791e+00
7.1679687500000000e-01 1.3676865145264676e+00
7.2070312500000000e-01 1.3416420430127916e+00
7.2460937500000000e-01 1.3154647333324696e+00
7.2851562500000000e-01 1.2891692000270036e+00
7.3242187500000000e-01 1.2627700915423314e+00
7.3632812500000000e-01 1.2362820832981374e+00
7.4023437500000000e-01 1.2097198709604451e+00
7.4414062500000000e-01 1.1830981639254903e+00
7.4804687500000000e-01 1.1564316790224389e+00
7.5195312500000000e-01 1.1297351344420552e+00
7.5585937500000000e-01 1.1030232438979786e+00
7.5976562500000000e-01 1.0763107110267747e+00
7.6367187500000000e-01 1.0496122240324499e+00
7.6757812500000000e-01 1.0229424505806253e+00
7.7148437500000000e-01 9.9631603294705318e-01
7.7539062500000000e-01 9.6974758342464928e-01
7.7929687500000000e-01 9.4325167999269943e-01
7.8320312500000000e-01 9.1684286225135792e-01
7.8710937500000000e-01 8.9053562762404204e-01
7.9101562500000000e-01 8.6434442782976917e-01
7.9492187500000000e-01 8.3828366562695955e-01
7.9882812500000000e-01 8.1236769182966817e-01
8.0273437500000000e-01 7.8661080259667504e-01
8.0664062500000000e-01 7.6102723699330854e-01
8.1054687500000000e-01 7.3563117482533014e-01
8.1445312500000000e-01 7.1043673474366553e-01
8.1835937500000000e-01 6.8545797261821606e-01
8.2226562500000000e-01 6.6070888017844298e-01
8.2617187500000000e-01 6.3620338391788145e-01
8.3007812500000000e-01 6.1195534425919884e-01
8.3398437500000000e-01 5.8797855497588325e-01
8.3789062500000000e-01 5.6428674286612657e-01
8.4179687500000000e-01 5.4089356767393804e-01
8.4570312500000000e-01 5.1781262225202607e-01
8.4960937500000000e-01 4.9505743296047000e-01
8.5351562500000000e-01 4.7264146029471610e-01
8.5742187500000000e-01 4.5057809973594359e-01
8.6132812500000000e-01 4.2888068281637221e-01
8.6523437500000000e-01 4.0756247839161780e-01
8.6914062500000000e-01 3.8663669411174911e-01
8.7304687500000000e-01 3.6611647808225711e-01
8.7695312500000000e-01 3.4601492070571954e-01
8.8085937500000000e-01 3.2634505669452668e-01
8.8476562500000000e-01 3.0711986724463297e-01
8.8867187500000000e-01 2.8835228235990840e-01
8.9257812500000000e-01 2.7005518331628930e-01
8.9648437500000000e-01 2.5224140525456890e-01
9.0039062500000000e-01 2.3492373989032098e-01
9.0429687500000000e-01 2.1811493832912068e-01
9.0820312500000000e-01 2.0182771397491098e-01
9.1210937500000000e-01 1.8607474551906358e-01
9.1601562500000000e-01 1.7086867999739944e-01
9.1992187500000000e-01 1.5622213590216372e-01
9.2382812500000000e-01 1.4214770633569979e-01
9.2773437500000000e-01 1.2865796219232686e-01
9.3164062500000000e-01 1.1576545535470595e-01
9.3554687500000000e-01 1.0348272189077042e-01
9.3945312500000000e-01 9.1822285237107129e-02
9.4335937500000000e-01 8.0796659354497605e-02
9.4726562500000000e-01 7.0418351841165627e-02
9.5117187500000000e-01 6.0699866989130526e-02
9.5507812500000000e-01 5.1653708768931640e-02
9.5898437500000000e-01 4.3292383727867749e-02
9.6289062500000000e-01 3.5628403786787839e-02
9.6679687500000000e-01 2.8674288920373738e-02
9.7070312500000000e-01 2.2442569705770472e-02
9.7460937500000000e-01 1.6945789724347002e-02
9.7851562500000000e-01 1.2196507801306326e-02
9.8242187500000000e-01 8.2073000678097325e-03
9.8632812500000000e-01 4.9907618302339214e-03
9.9023437500000000e-01 2.5595092311412118e-03
9.9414062500000000e-01 9.2618068651080206e-04
9.9804687500000000e-01 1.0343808375209105e-04
1.0000000000000000e+00 0.0000000000000000e+00
