# MMS4BGC Gaussian-pulse profile
# sample = 4  tau = 1.0000000000000000e-03  bv = 5.0000000000000000e-01  nx = 256
# xi phi
0.0000000000000000e+00 0.0000000000000000e+00
1.9531250000000000e-03 1.0329167747536091e-04
5.8593750000000000e-03 9.2380502371832839e-04
9.7656250000000000e-03 2.5499712527966610e-03
1.3671875000000000e-02 4.9663073926700142e-03
1.7578125000000000e-02 8.1573548670914892e-03
2.1484375000000000e-02 1.2107679291343335e-02
2.5390625000000000e-02 1.6801870354972510e-02
2.9296875000000000e-02 2.2224541790065191e-02
3.3203125000000000e-02 2.8360331423604258e-02
3.7109375000000000e-02 3.5193901312458600e-02
4.1015625000000000e-02 4.2709937959557562e-02
4.4921875000000000e-02 5.0893152609808520e-02
4.8828125000000000e-02 5.9728281624319396e-02
5.2734375000000000e-02 6.9200086931491864e-02
5.6640625000000000e-02 7.9293356553555017e-02
6.0546875000000000e-02 8.9992905207111840e-02
6.4453125000000000e-02 1.0128357497627501e-01
6.8359375000000000e-02 1.1315023605697047e-01
7.2265625000000000e-02 1.2557778757099020e-01
7.6171875000000000e-02 1.3855115844837762e-01
8.0078125000000000e-02 1.5205530837673151e-01
8.3984375000000000e-02 1.6607522881601525e-01
8.7890625000000000e-02 1.8059594407746030e-01
9.1796875000000000e-02 1.9560251246515301e-01
9.5703125000000000e-02 2.1108002747889604e-01
9.9609375000000000e-02 2.2701361907693440e-01
1.0351562500000000e-01 2.4338845499713843e-01
1.0742187500000000e-01 2.6018974213523327e-01
1.1132812500000000e-01 2.7740272797866694e-01
1.1523437500000000e-01 2.9501270209470631e-01
1.1914062500000000e-01 3.1300499767134998e-01
1.2304687500000000e-01 3.3136499310964745e-01
1.2695312500000000e-01 3.5007811366600988e-01
1.3085937500000000e-01 3.6912983314309850e-01
1.3476562500000000e-01 3.8850567562787247e-01
1.3867187500000000e-01 4.0819121727538060e-01
1.4257812500000000e-01 4.2817208813687285e-01
1.4648437500000000e-01 4.4843397403080937e-01
1.5039062500000000e-01 4.6896261845534265e-01
1.5429687500000000e-01 4.8974382454084214e-01
1.5820312500000000e-01 5.1076345704103243e-01
1.6210937500000000e-01 5.3200744436130720e-01
1.6601562500000000e-01 5.5346178062278617e-01
1.6992187500000000e-01 5.7511252776067145e-01
1.7382812500000000e-01 5.9694581765546195e-01
1.7773437500000000e-01 6.1894785429557808e-01
1.8164062500000000e-01 6.4110491596994679e-01
1.8554687500000000e-01 6.6340335748909585e-01
1.8945312500000000e-01 6.8582961243330054e-01
1.9335937500000000e-01 7.0837019542632207e-01
1.9726562500000000e-01 7.3101170443327967e-01
2.0117187500000000e-01 7.5374082308118873e-01
2.0507812500000000e-01 7.7654432300069764e-01
2.0898437500000000e-01 7.9940906618755492e-01
2.1289062500000000e-01 8.2232200738233185e-01
2.1679687500000000e-01 8.4527019646692769e-01
2.2070312500000000e-01 8.6824078087638079e-01
2.2460937500000000e-01 8.9122100802450732e-01
2.2851562500000000e-01 9.1419822774188420e-01
2.3242187500000000e-01 9.3715989472470240e-01
2.3632812500000000e-01 9.6009357099300130e-01
2.4023437500000000e-01 9.8298692835680790e-01
2.4414062500000000e-01 1.0058277508886939e+00
2.4804687500000000e-01 1.0286039374012683e+00
2.5195312500000000e-01 1.0513035039281284e+00
2.5585937500000000e-01 1.0739145862067836e+00
2.5976562500000000e-01 1.0964254421620763e+00
2.6367187500000000e-01 1.1188244543886214e+00
2.6757812500000000e-01 1.1411001326307910e+00
2.7148437500000000e-01 1.1632411162587697e+00
2.7539062500000000e-01 1.1852361767392190e+00
2.7929687500000000e-01 1.2070742200990772e+00
2.8320312500000000e-01 1.2287442893810461e+00
2.8710937500000000e-01 1.2502355670893019e+00
2.9101562500000000e-01 1.2715373776239920e+00
2.9492187500000000e-01 1.2926391897030649e+00
2.9882812500000000e-01 1.3135306187700093e+00
3.0273437500000000e-01 1.3342014293860696e+00
3.0664062500000000e-01 1.3546415376055205e+00
3.1054687500000000e-01 1.3748410133325975e+00
3.1445312500000000e-01 1.3947900826586785e+00
3.1835937500000000e-01 1.4144791301783275e+00
3.2226562500000000e-01 1.4338987012828317e+00
3.2617187500000000e-01 1.4530395044298594e+00
3.3007812500000000e-01 1.4718924133878903e+00
3.3398437500000000e-01 1.4904484694540800e+00
3.3789062500000000e-01 1.5086988836442308e+00
3.4179687500000000e-01 1.5266350388535652e+00
3.4570312500000000e-01 1.5442484919870070e+00
3.4960937500000000e-01 1.5615309760576905e+00
3.5351562500000000e-01 1.5784744022524440e+00
3.5742187500000000e-01 1.5950708619630012e+00
3.6132812500000000e-01 1.6113126287817225e+00
3.6523437500000000e-01 1.6271921604606230e+00
3.6914062500000000e-01 1.6427021008325240e+00
3.7304687500000000e-01 1.6578352816931654e+00
3.7695312500000000e-01 1.6725847246431469e+00
3.8085937500000000e-01 1.6869436428885738e+00
3.8476562500000000e-01 1.7009054429993242e+00
3.8867187500000000e-01 1.7144637266238578e+00
3.9257812500000000e-01 1.7276122921595343e+00
3.9648437500000000e-01 1.7403451363774185e+00
4.0039062500000000e-01 1.7526564560005775e+00
4.0429687500000000e-01 1.7645406492349145e+00
4.0820312500000000e-01 1.7759923172515955e+00
4.1210937500000000e-01 1.7870062656201660e+00
4.1601562500000000e-01 1.7975775056914731e+00
4.1992187500000000e-01 1.8077012559295504e+00
4.2382812500000000e-01 1.8173729431916450e+00
4.2773437500000000e-01 1.8265882039555963e+00
4.3164062500000000e-01 1.8353428854938145e+00
4.3554687500000000e-01 1.8436330469931306e+00
4.3945312500000000e-01 1.8514549606198321e+00
4.4335937500000000e-01 1.8588051125292206e+00
4.4726562500000000e-01 1.8656802038190707e+00
4.5117187500000000e-01 1.8720771514263981e+00
4.5507812500000000e-01 1.8779930889669862e+00
4.5898437500000000e-01 1.8834253675171420e+00
4.6289062500000000e-01 1.8883715563372032e+00
4.6679687500000000e-01 1.8928294435363449e+00
4.7070312500000000e-01 1.8967970366782725e+00
4.7460937500000000e-01 1.9002725633274253e+00
4.7851562500000000e-01 1.9032544715353519e+00
4.8242187500000000e-01 1.9057414302669504e+00
4.8632812500000000e-01 1.9077323297663140e+00
4.9023437500000000e-01 1.9092262818619503e+00
4.9414062500000000e-01 1.9102226202111867e+00
4.9804687500000000e-01 1.9107209004836074e+00
5.0195312500000000e-01 1.9107209004834049e+00
5.0585937500000000e-01 1.9102226202105801e+00
5.0976562500000000e-01 1.9092262818609393e+00
5.1367187500000000e-01 1.9077323297649003e+00
5.1757812500000000e-01 1.9057414302651363e+00
5.2148437500000000e-01 1.9032544715331394e+00
5.2539062500000000e-01 1.9002725633248176e+00
5.2929687500000000e-01 1.8967970366752729e+00
5.3320312500000000e-01 1.8928294435329587e+00
5.3710937500000000e-01 1.8883715563334362e+00
5.4101562500000000e-01 1.8834253675130024e+00
5.4492187500000000e-01 1.8779930889624834e+00
5.4882812500000000e-01 1.8720771514215426e+00
5.5273437500000000e-01 1.8656802038138740e+00
5.5664062500000000e-01 1.8588051125236953e+00
5.6054687500000000e-01 1.8514549606139912e+00
5.6445312500000000e-01 1.8436330469869890e+00
5.6835937500000000e-01 1.8353428854873883e+00
5.7226562500000000e-01 1.8265882039489023e+00
5.7617187500000000e-01 1.8173729431847001e+00
5.8007812500000000e-01 1.8077012559223706e+00
5.8398437500000000e-01 1.7975775056840744e+00
5.8789062500000000e-01 1.7870062656125634e+00
5.9179687500000000e-01 1.7759923172438044e+00
5.9570312500000000e-01 1.7645406492269498e+00
5.9960937500000000e-01 1.7526564559924547e+00
6.0351562500000000e-01 1.7403451363691511e+00
6.0742187500000000e-01 1.7276122921511352e+00
6.1132812500000000e-01 1.7144637266153371e+00
6.1523437500000000e-01 1.7009054429906922e+00
6.1914062500000000e-01 1.6869436428798399e+00
6.2304687500000000e-01 1.6725847246343184e+00
6.2695312500000000e-01 1.6578352816842494e+00
6.3085937500000000e-01 1.6427021008235270e+00
6.3476562500000000e-01 1.6271921604515516e+00
6.3867187500000000e-01 1.6113126287725823e+00
6.4257812500000000e-01 1.5950708619537983e+00
6.4648437500000000e-01 1.5784744022431847e+00
6.5039062500000000e-01 1.5615309760483802e+00
6.5429687500000000e-01 1.5442484919776507e+00
6.5820312500000000e-01 1.5266350388441683e+00
6.6210937500000000e-01 1.5086988836347985e+00
6.6601562500000000e-01 1.4904484694446192e+00
6.6992187500000000e-01 1.4718924133784068e+00
6.7382812500000000e-01 1.4530395044203592e+00
6.7773437500000000e-01 1.4338987012733211e+00
6.8164062500000000e-01 1.4144791301688131e+00
6.8554687500000000e-01 1.3947900826491673e+00
6.8945312500000000e-01 1.3748410133230964e+00
6.9335937500000000e-01 1.3546415375960359e+00
6.9726562500000000e-01 1.3342014293766098e+00
7.0117187500000000e-01 1.3135306187605813e+00
7.0507812500000000e-01 1.2926391896936749e+00
7.0898437500000000e-01 1.2715373776146457e+00
7.1289062500000000e-01 1.2502355670800063e+00
7.1679687500000000e-01 1.2287442893718066e+00
7.2070312500000000e-01 1.2070742200898996e+00
7.2460937500000000e-01 1.1852361767301076e+00
7.2851562500000000e-01 1.1632411162497294e+00
7.3242187500000000e-01 1.1411001326218264e+00
7.3632812500000000e-01 1.1188244543797379e+00
7.4023437500000000e-01 1.0964254421532784e+00
7.4414062500000000e-01 1.0739145861980759e+00
7.4804687500000000e-01 1.0513035039195155e+00
7.5195312500000000e-01 1.0286039373927547e+00
7.5585937500000000e-01 1.0058277508802846e+00
7.5976562500000000e-01 9.8298692834850809e-01
7.6367187500000000e-01 9.6009357098481618e-01
7.6757812500000000e-01 9.3715989471663741e-01
7.7148437500000000e-01 9.1419822773394466e-01
7.7539062500000000e-01 8.9122100801669735e-01
7.7929687500000000e-01 8.6824078086870526e-01
7.8320312500000000e-01 8.4527019645939061e-01
7.8710937500000000e-01 8.2232200737493788e-01
7.9101562500000000e-01 7.9940906618030783e-01
7.9492187500000000e-01 7.7654432299360110e-01
7.9882812500000000e-01 7.5374082307424561e-01
8.0273437500000000e-01 7.3101170442649277e-01
8.0664062500000000e-01 7.0837019541969404e-01
8.1054687500000000e-01 6.8582961242683349e-01
8.1445312500000000e-01 6.6340335748279133e-01
8.1835937500000000e-01 6.4110491596380625e-01
8.2226562500000000e-01 6.1894785428960319e-01
8.2617187500000000e-01 5.9694581764965404e-01
8.3007812500000000e-01 5.7511252775503174e-01
8.3398437500000000e-01 5.5346178061731588e-01
8.3789062500000000e-01 5.3200744435600766e-01
8.4179687500000000e-01 5.1076345703590498e-01
8.4570312500000000e-01 4.8974382453588788e-01
8.4960937500000000e-01 4.6896261845056220e-01
8.5351562500000000e-01 4.4843397402620411e-01
8.5742187500000000e-01 4.2817208813244367e-01
8.6132812500000000e-01 4.0819121727112812e-01
8.6523437500000000e-01 3.8850567562379701e-01
8.6914062500000000e-01 3.6912983313920017e-01
8.7304687500000000e-01 3.5007811366228886e-01
8.7695312500000000e-01 3.3136499310610346e-01
8.8085937500000000e-01 3.1300499766798268e-01
8.8476562500000000e-01 2.9501270209151503e-01
8.8867187500000000e-01 2.7740272797565085e-01
8.9257812500000000e-01 2.6018974213239071e-01
8.9648437500000000e-01 2.4338845499446748e-01
9.0039062500000000e-01 2.2701361907443288e-01
9.0429687500000000e-01 2.1108002747656124e-01
9.0820312500000000e-01 1.9560251246298183e-01
9.1210937500000000e-01 1.8059594407544910e-01
9.1601562500000000e-01 1.6607522881416012e-01
9.1992187500000000e-01 1.5205530837502820e-01
9.2382812500000000e-01 1.3855115844682164e-01
9.2773437500000000e-01 1.2557778756957660e-01
9.3164062500000000e-01 1.1315023605569399e-01
9.3554687500000000e-01 1.0128357497513003e-01
9.3945312500000000e-01 8.9992905206092461e-02
9.4335937500000000e-01 7.9293356552655070e-02
9.4726562500000000e-01 6.9200086930704952e-02
9.5117187500000000e-01 5.9728281623638864e-02
9.5507812500000000e-01 5.0893152609227540e-02
9.5898437500000000e-01 4.2709937959069043e-02
9.6289062500000000e-01 3.5193901312055249e-02
9.6679687500000000e-01 2.8360331423278592e-02
9.7070312500000000e-01 2.2224541789809472e-02
9.7460937500000000e-01 1.6801870354778800e-02
9.7851562500000000e-01 1.2107679291203466e-02
9.8242187500000000e-01 8.1573548669970665e-03
9.8632812500000000e-01 4.9663073926124101e-03
9.9023437500000000e-01 2.5499712527670242e-03
9.9414062500000000e-01 9.2380502370756985e-04
9.9804687500000000e-01 1.0329167747415562e-04
1.0000000000000000e+00 0.0000000000000000e+00
