# MMS4TBGC Gaussian-pulse profile
# sample = 3  tau = 3.7500000000000003e-03  bv = 5.0000000000000001e-04  nx = 512
# xi phi
0.0000000000000000e+00 0.0000000000000000e+00
9.7656250000000000e-04 3.9915011753517291e-07
2.9296875000000000e-03 3.4293170069665870e-06
4.8828125000000000e-03 9.0836598207100621e-06
6.8359375000000000e-03 1.6959545773191426e-05
8.7890625000000000e-03 2.6671765577094482e-05
1.0742187500000000e-02 3.7850033818526991e-05
1.2695312500000000e-02 5.0136735709286132e-05
1.4648437500000000e-02 6.3184897667718868e-05
1.6601562500000000e-02 7.6656361764126623e-05
1.8554687500000000e-02 9.0220146423222194e-05
2.0507812500000000e-02 1.0355097792321158e-04
2.2460937500000000e-02 1.1632797918562234e-04
2.4414062500000000e-02 1.2823350412767491e-04
2.6367187500000000e-02 1.3895210746419943e-04
2.8320312500000000e-02 1.4816964131207920e-04
3.0273437500000000e-02 1.5557247127911456e-04
3.2226562500000000e-02 1.6084680592221367e-04
3.4179687500000000e-02 1.6367813454714900e-04
3.6132812500000000e-02 1.6375076930313868e-04
3.8085937500000000e-02 1.6074748840877388e-04
4.0039062500000000e-02 1.5434927813913439e-04
4.1992187500000000e-02 1.4423517191444149e-04
4.3945312500000000e-02 1.3008218546477598e-04
4.5898437500000000e-02 1.1156534760915216e-04
4.7851562500000000e-02 8.8357826685935630e-05
4.9804687500000000e-02 6.0131153110097047e-05
5.1757812500000000e-02 2.6555538915503090e-05
5.3710937500000000e-02 -1.2699704528653975e-05
5.5664062500000000e-02 -5.7965649155501778e-05
5.7617187500000000e-02 -1.0957313148270628e-04
5.9570312500000000e-02 -1.6785203063409692e-04
6.1523437500000000e-02 -2.3313044103929337e-04
6.3476562500000000e-02 -3.0573373763075567e-04
6.5429687500000000e-02 -3.8598353127346127e-04
6.7382812500000000e-02 -4.7419651211124623e-04
6.9335937500000000e-02 -5.7068317849404387e-04
7.1289062500000000e-02 -6.7574644916028282e-04
7.3242187500000000e-02 -7.8968015638721249e-04
7.5195312500000000e-02 -9.1276741788768202e-04
7.7148437500000000e-02 -1.0452788853238042e-03
7.9101562500000000e-02 -1.1874708674250141e-03
8.1054687500000000e-02 -1.3395833258393682e-03
8.3007812500000000e-02 -1.5018377420117179e-03
8.4960937500000000e-02 -1.6744348535698834e-03
8.6914062500000000e-02 -1.8575522589094466e-03
8.8867187500000000e-02 -2.0513418888986530e-03
9.0820312500000000e-02 -2.2559273448764646e-03
9.2773437500000000e-02 -2.4714011023886390e-03
9.4726562500000000e-02 -2.6978215803979441e-03
9.6679687500000000e-02 -2.9352100760150460e-03
9.8632812500000000e-02 -3.1835475651253182e-03
1.0058593750000000e-01 -3.4427713696335268e-03
1.0253906250000000e-01 -3.7127716924122548e-03
1.0449218750000000e-01 -3.9933880214205134e-03
1.0644531250000000e-01 -4.2844054048556401e-03
1.0839843750000000e-01 -4.5855505996135340e-03
1.1035156250000000e-01 -4.8964880957589997e-03
1.1230468750000000e-01 -5.2168160201484844e-03
1.1425781250000000e-01 -5.5460619228011546e-03
1.1621093750000000e-01 -5.8836784500804224e-03
1.1816406250000000e-01 -6.2290389092252525e-03
1.2011718750000000e-01 -6.5814327292585935e-03
1.2207031250000000e-01 -6.9400608237976738e-03
1.2402343750000000e-01 -7.3040308617966813e-03
1.2597656250000000e-01 -7.6723524527655762e-03
1.2792968750000000e-01 -8.0439322535281830e-03
1.2988281250000000e-01 -8.4175690041070252e-03
1.3183593750000000e-01 -8.7919485008503950e-03
1.3378906250000000e-01 -9.1656385154476865e-03
1.3574218750000000e-01 -9.5370836690103003e-03
1.3769531250000000e-01 -9.9046002709263555e-03
1.3964843750000000e-01 -1.0266371132726611e-02
1.4160156250000000e-01 -1.0620440367724167e-02
1.4355468750000000e-01 -1.0964708187711125e-02
1.4550781250000000e-01 -1.1296925708508850e-02
1.4746093750000000e-01 -1.1614689776673598e-02
1.4941406250000000e-01 -1.1915437830154335e-02
1.5136718750000000e-01 -1.2196442806182485e-02
1.5332031250000000e-01 -1.2454808110142606e-02
1.5527343750000000e-01 -1.2687462659626642e-02
1.5722656250000000e-01 -1.2891156018310665e-02
1.5917968750000000e-01 -1.3062453634709805e-02
1.6113281250000000e-01 -1.3197732201262739e-02
1.6308593750000000e-01 -1.3293175149569677e-02
1.6503906250000000e-01 -1.3344768297955251e-02
1.6699218750000000e-01 -1.3348295667848262e-02
1.6894531250000000e-01 -1.3299335485761940e-02
1.7089843750000000e-01 -1.3193256387919508e-02
1.7285156250000000e-01 -1.3025213844798012e-02
1.7480468750000000e-01 -1.2790146823057636e-02
1.7675781250000000e-01 -1.2482774702481355e-02
1.7871093750000000e-01 -1.2097594465669539e-02
1.8066406250000000e-01 -1.1628878178314418e-02
1.8261718750000000e-01 -1.1070670777917756e-02
1.8457031250000000e-01 -1.0416788188811071e-02
1.8652343750000000e-01 -9.6608157812889724e-03
1.8847656250000000e-01 -8.7961071925714007e-03
1.9042968750000000e-01 -7.8157835271686939e-03
1.9238281250000000e-01 -6.7127329540327026e-03
1.9433593750000000e-01 -5.4796107176368018e-03
1.9628906250000000e-01 -4.1088395798363859e-03
1.9824218750000000e-01 -2.5926107090182031e-03
2.0019531250000000e-01 -9.2288503265110049e-04
2.0214843750000000e-01 9.0860493109860493e-04
2.0410156250000000e-01 2.9103527475273254e-03
2.0605468750000000e-01 5.0910752307280569e-03
2.0800781250000000e-01 7.4597090861088173e-03
2.0996093750000000e-01 1.0025407016774384e-02
2.1191406250000000e-01 1.2797533281173119e-02
2.1386718750000000e-01 1.5785658690188484e-02
2.1582031250000000e-01 1.8999555032687656e-02
2.1777343750000000e-01 2.2449188919426412e-02
2.1972656250000000e-01 2.6144715036150117e-02
2.2167968750000000e-01 3.0096468797724124e-02
2.2363281250000000e-01 3.4314958396172331e-02
2.2558593750000000e-01 3.8810856236598558e-02
2.2753906250000000e-01 4.3594989756111820e-02
2.2949218750000000e-01 4.8678331622069436e-02
2.3144531250000000e-01 5.4071989307192814e-02
2.3339843750000000e-01 5.9787194040395182e-02
2.3535156250000000e-01 6.5835289133487615e-02
2.3730468750000000e-01 7.2227717685297704e-02
2.3925781250000000e-01 7.8976009666140448e-02
2.4121093750000000e-01 8.6091768387022455e-02
2.4316406250000000e-01 9.3586656359433806e-02
2.4511718750000000e-01 1.0147238055308648e-01
2.4707031250000000e-01 1.0976067706048803e-01
2.4902343750000000e-01 1.1846329517879427e-01
2.5097656250000000e-01 1.2759198092095908e-01
2.5292968750000000e-01 1.3715845996979079e-01
2.5488281250000000e-01 1.4717442009013007e-01
2.5683593750000000e-01 1.5765149301597850e-01
2.5878906250000000e-01 1.6860123583102576e-01
2.6074218750000000e-01 1.8003511186264767e-01
2.6269531250000000e-01 1.9196447111106271e-01
2.6464843750000000e-01 2.0440053023695234e-01
2.6660156250000000e-01 2.1735435213244653e-01
2.6855468750000000e-01 2.3083682510196687e-01
2.7050781250000000e-01 2.4485864168098379e-01
2.7246093750000000e-01 2.5943027712228822e-01
2.7441406250000000e-01 2.7456196758089069e-01
2.7636718750000000e-01 2.9026368803014380e-01
2.7832031250000000e-01 3.0654512994312377e-01
2.8027343750000000e-01 3.2341567877471133e-01
2.8222656250000000e-01 3.4088439128116166e-01
2.8417968750000000e-01 3.5895997271525698e-01
2.8613281250000000e-01 3.7765075393638581e-01
2.8808593750000000e-01 3.9696466847606909e-01
2.9003906250000000e-01 4.1690922960058585e-01
2.9199218750000000e-01 4.3749150741339443e-01
2.9394531250000000e-01 4.5871810604102814e-01
2.9589843750000000e-01 4.8059514094704386e-01
2.9785156250000000e-01 5.0312821641942418e-01
2.9980468750000000e-01 5.2632240327756608e-01
3.0175781250000000e-01 5.5018221684563307e-01
3.0371093750000000e-01 5.7471159523960791e-01
3.0566406250000000e-01 5.9991387801583029e-01
3.0761718750000000e-01 6.2579178522917145e-01
3.0957031250000000e-01 6.5234739694924748e-01
3.1152343750000000e-01 6.7958213328322481e-01
3.1347656250000000e-01 7.0749673495382015e-01
3.1542968750000000e-01 7.3609124448102681e-01
3.1738281250000000e-01 7.6536498801592101e-01
3.1933593750000000e-01 7.9531655787461564e-01
3.2128906250000000e-01 8.2594379582001698e-01
3.2324218750000000e-01 8.5724377713852462e-01
3.2519531250000000e-01 8.8921279555816568e-01
3.2714843750000000e-01 9.2184634905390805e-01
3.2910156250000000e-01 9.5513912658501032e-01
3.3105468750000000e-01 9.8908499580828468e-01
3.3300781250000000e-01 1.0236769918100175e+00
3.3496093750000000e-01 1.0589073068980925e+00
3.3691406250000000e-01 1.0947672814944782e+00
3.3886718750000000e-01 1.1312473961668150e+00
3.4082031250000000e-01 1.1683372648362349e+00
3.4277343750000000e-01 1.2060256291968758e+00
3.4472656250000000e-01 1.2443003543807478e+00
3.4667968750000000e-01 1.2831484258997090e+00
3.4863281250000000e-01 1.3225559478942901e+00
3.5058593750000000e-01 1.3625081427170151e+00
3.5253906250000000e-01 1.4029893518756389e+00
3.5449218750000000e-01 1.4439830383594323e+00
3.5644531250000000e-01 1.4854717903692534e+00
3.5839843750000000e-01 1.5274373264696652e+00
3.6035156250000000e-01 1.5698605021788026e+00
3.6230468750000000e-01 1.6127213180090614e+00
3.6425781250000000e-01 1.6559989289689796e+00
3.6621093750000000e-01 1.6996716555339089e+00
3.6816406250000000e-01 1.7437169960902594e+00
3.7011718750000000e-01 1.7881116408552009e+00
3.7207031250000000e-01 1.8328314872708034e+00
3.7402343750000000e-01 1.8778516568686121e+00
3.7597656250000000e-01 1.9231465135976582e+00
3.7792968750000000e-01 1.9686896836058878e+00
3.7988281250000000e-01 2.0144540764619303e+00
3.8183593750000000e-01 2.0604119078010736e+00
3.8378906250000000e-01 2.1065347233762615e+00
3.8574218750000000e-01 2.1527934244918363e+00
3.8769531250000000e-01 2.1991582947947199e+00
3.8964843750000000e-01 2.2455990283946772e+00
3.9160156250000000e-01 2.2920847592822975e+00
3.9355468750000000e-01 2.3385840920103429e+00
3.9550781250000000e-01 2.3850651336011692e+00
3.9746093750000000e-01 2.4314955266400409e+00
3.9941406250000000e-01 2.4778424835112971e+00
4.0136718750000000e-01 2.5240728217315747e+00
4.0332031250000000e-01 2.5701530003315596e+00
4.0527343750000000e-01 2.6160491572351217e+00
4.0722656250000000e-01 2.6617271475821198e+00
4.0917968750000000e-01 2.7071525829387260e+00
4.1113281250000000e-01 2.7522908713367369e+00
4.1308593750000000e-01 2.7971072580810818e+00
4.1503906250000000e-01 2.8415668672626220e+00
4.1699218750000000e-01 2.8856347439112326e+00
4.1894531250000000e-01 2.9292758967223520e+00
4.2089843750000000e-01 2.9724553412882959e+00
4.2285156250000000e-01 3.0151381437640667e+00
4.2480468750000000e-01 3.0572894648958440e+00
4.2675781250000000e-01 3.0988746043389837e+00
4.2871093750000000e-01 3.1398590451911406e+00
4.3066406250000000e-01 3.1802084986650616e+00
4.3261718750000000e-01 3.2198889488246940e+00
4.3457031250000000e-01 3.2588666973074973e+00
4.3652343750000000e-01 3.2971084079552595e+00
4.3847656250000000e-01 3.3345811512753194e+00
4.4042968750000000e-01 3.3712524486538005e+00
4.4238281250000000e-01 3.4070903162424120e+00
4.4433593750000000e-01 3.4420633084404493e+00
4.4628906250000000e-01 3.4761405608938629e+00
4.4824218750000000e-01 3.5092918329337097e+00
4.5019531250000000e-01 3.5414875493769022e+00
4.5214843750000000e-01 3.5726988416129304e+00
4.5410156250000000e-01 3.6028975879011522e+00
4.5605468750000000e-01 3.6320564528044130e+00
4.5800781250000000e-01 3.6601489256859665e+00
4.5996093750000000e-01 3.6871493581981456e+00
4.6191406250000000e-01 3.7130330006928474e+00
4.6386718750000000e-01 3.7377760374856028e+00
4.6582031250000000e-01 3.7613556209069916e+00
4.6777343750000000e-01 3.7837499040771871e+00
4.6972656250000000e-01 3.8049380723416402e+00
4.7167968750000000e-01 3.8249003733082780e+00
4.7363281250000000e-01 3.8436181454291098e+00
4.7558593750000000e-01 3.8610738450717297e+00
4.7753906250000000e-01 3.8772510720289914e+00
4.7949218750000000e-01 3.8921345934179916e+00
4.8144531250000000e-01 3.9057103659225061e+00
4.8339843750000000e-01 3.9179655563361195e+00
4.8535156250000000e-01 3.9288885603664752e+00
4.8730468750000000e-01 3.9384690196643963e+00
4.8925781250000000e-01 3.9466978370449683e+00
4.9121093750000000e-01 3.9535671898711602e+00
4.9316406250000000e-01 3.9590705415740808e+00
4.9511718750000000e-01 3.9632026512875269e+00
4.9707031250000000e-01 3.9659595815781707e+00
4.9902343750000000e-01 3.9673387042563779e+00
5.0097656250000000e-01 3.9673387042563442e+00
5.0292968750000000e-01 3.9659595815780713e+00
5.0488281250000000e-01 3.9632026512873595e+00
5.0683593750000000e-01 3.9590705415738503e+00
5.0878906250000000e-01 3.9535671898708693e+00
5.1074218750000000e-01 3.9466978370446153e+00
5.1269531250000000e-01 3.9384690196639842e+00
5.1464843750000000e-01 3.9288885603660075e+00
5.1660156250000000e-01 3.9179655563355991e+00
5.1855468750000000e-01 3.9057103659219350e+00
5.2050781250000000e-01 3.8921345934173686e+00
5.2246093750000000e-01 3.8772510720283160e+00
5.2441406250000000e-01 3.8610738450710005e+00
5.2636718750000000e-01 3.8436181454283247e+00
5.2832031250000000e-01 3.8249003733074378e+00
5.3027343750000000e-01 3.8049380723407489e+00
5.3222656250000000e-01 3.7837499040762461e+00
5.3417968750000000e-01 3.7613556209060013e+00
5.3613281250000000e-01 3.7377760374845685e+00
5.3808593750000000e-01 3.7130330006917753e+00
5.4003906250000000e-01 3.6871493581970407e+00
5.4199218750000000e-01 3.6601489256848327e+00
5.4394531250000000e-01 3.6320564528032584e+00
5.4589843750000000e-01 3.6028975878999767e+00
5.4785156250000000e-01 3.5726988416117385e+00
5.4980468750000000e-01 3.5414875493756970e+00
5.5175781250000000e-01 3.5092918329324929e+00
5.5371093750000000e-01 3.4761405608926430e+00
5.5566406250000000e-01 3.4420633084392285e+00
5.5761718750000000e-01 3.4070903162411965e+00
5.5957031250000000e-01 3.3712524486525983e+00
5.6152343750000000e-01 3.3345811512741386e+00
5.6347656250000000e-01 3.2971084079541058e+00
5.6542968750000000e-01 3.2588666973063769e+00
5.6738281250000000e-01 3.2198889488236109e+00
5.6933593750000000e-01 3.1802084986640167e+00
5.7128906250000000e-01 3.1398590451901360e+00
5.7324218750000000e-01 3.0988746043380191e+00
5.7519531250000000e-01 3.0572894648949198e+00
5.7714843750000000e-01 3.0151381437631812e+00
5.7910156250000000e-01 2.9724553412874517e+00
5.8105468750000000e-01 2.9292758967215500e+00
5.8300781250000000e-01 2.8856347439104737e+00
5.8496093750000000e-01 2.8415668672619070e+00
5.8691406250000000e-01 2.7971072580804131e+00
5.8886718750000000e-01 2.7522908713361103e+00
5.9082031250000000e-01 2.7071525829381420e+00
5.9277343750000000e-01 2.6617271475815727e+00
5.9472656250000000e-01 2.6160491572346070e+00
5.9667968750000000e-01 2.5701530003310724e+00
5.9863281250000000e-01 2.5240728217311097e+00
6.0058593750000000e-01 2.4778424835108530e+00
6.0253906250000000e-01 2.4314955266396137e+00
6.0449218750000000e-01 2.3850651336007567e+00
6.0644531250000000e-01 2.3385840920099423e+00
6.0839843750000000e-01 2.2920847592819085e+00
6.1035156250000000e-01 2.2455990283942975e+00
6.1230468750000000e-01 2.1991582947943487e+00
6.1425781250000000e-01 2.1527934244914717e+00
6.1621093750000000e-01 2.1065347233758995e+00
6.1816406250000000e-01 2.0604119078007126e+00
6.2011718750000000e-01 2.0144540764615675e+00
6.2207031250000000e-01 1.9686896836055228e+00
6.2402343750000000e-01 1.9231465135972876e+00
6.2597656250000000e-01 1.8778516568682346e+00
6.2792968750000000e-01 1.8328314872704194e+00
6.2988281250000000e-01 1.7881116408548114e+00
6.3183593750000000e-01 1.7437169960898653e+00
6.3378906250000000e-01 1.6996716555335110e+00
6.3574218750000000e-01 1.6559989289685786e+00
6.3769531250000000e-01 1.6127213180086588e+00
6.3964843750000000e-01 1.5698605021783978e+00
6.4160156250000000e-01 1.5274373264692589e+00
6.4355468750000000e-01 1.4854717903688457e+00
6.4550781250000000e-01 1.4439830383590235e+00
6.4746093750000000e-01 1.4029893518752310e+00
6.4941406250000000e-01 1.3625081427166084e+00
6.5136718750000000e-01 1.3225559478938866e+00
6.5332031250000000e-01 1.2831484258993107e+00
6.5527343750000000e-01 1.2443003543803572e+00
6.5722656250000000e-01 1.2060256291964948e+00
6.5917968750000000e-01 1.1683372648358652e+00
6.6113281250000000e-01 1.1312473961664580e+00
6.6308593750000000e-01 1.0947672814941356e+00
6.6503906250000000e-01 1.0589073068977641e+00
6.6699218750000000e-01 1.0236769918097037e+00
6.6894531250000000e-01 9.8908499580798503e-01
6.7089843750000000e-01 9.5513912658472644e-01
6.7285156250000000e-01 9.2184634905363882e-01
6.7480468750000000e-01 8.8921279555791199e-01
6.7675781250000000e-01 8.5724377713828703e-01
6.7871093750000000e-01 8.2594379581979582e-01
6.8066406250000000e-01 7.9531655787441080e-01
6.8261718750000000e-01 7.6536498801573316e-01
6.8457031250000000e-01 7.3609124448085528e-01
6.8652343750000000e-01 7.0749673495366416e-01
6.8847656250000000e-01 6.7958213328308303e-01
6.9042968750000000e-01 6.5234739694911870e-01
6.9238281250000000e-01 6.2579178522905432e-01
6.9433593750000000e-01 5.9991387801572371e-01
6.9628906250000000e-01 5.7471159523951065e-01
6.9824218750000000e-01 5.5018221684554502e-01
7.0019531250000000e-01 5.2632240327748625e-01
7.0214843750000000e-01 5.0312821641935224e-01
7.0410156250000000e-01 4.8059514094697897e-01
7.0605468750000000e-01 4.5871810604097019e-01
7.0800781250000000e-01 4.3749150741334270e-01
7.0996093750000000e-01 4.1690922960053939e-01
7.1191406250000000e-01 3.9696466847602752e-01
7.1386718750000000e-01 3.7765075393634845e-01
7.1582031250000000e-01 3.5895997271522317e-01
7.1777343750000000e-01 3.4088439128113068e-01
7.1972656250000000e-01 3.2341567877468314e-01
7.2167968750000000e-01 3.0654512994309790e-01
7.2363281250000000e-01 2.9026368803012020e-01
7.2558593750000000e-01 2.7456196758086937e-01
7.2753906250000000e-01 2.5943027712226896e-01
7.2949218750000000e-01 2.4485864168096683e-01
7.3144531250000000e-01 2.3083682510195186e-01
7.3339843750000000e-01 2.1735435213243348e-01
7.3535156250000000e-01 2.0440053023694107e-01
7.3730468750000000e-01 1.9196447111105297e-01
7.3925781250000000e-01 1.8003511186263915e-01
7.4121093750000000e-01 1.6860123583101863e-01
7.4316406250000000e-01 1.5765149301597234e-01
7.4511718750000000e-01 1.4717442009012488e-01
7.4707031250000000e-01 1.3715845996978654e-01
7.4902343750000000e-01 1.2759198092095581e-01
7.5097656250000000e-01 1.1846329517879192e-01
7.5292968750000000e-01 1.0976067706048641e-01
7.5488281250000000e-01 1.0147238055308565e-01
7.5683593750000000e-01 9.3586656359433681e-02
7.5878906250000000e-01 8.6091768387022913e-02
7.6074218750000000e-01 7.8976009666141406e-02
7.6269531250000000e-01 7.2227717685299064e-02
7.6464843750000000e-01 6.5835289133489253e-02
7.6660156250000000e-01 5.9787194040397111e-02
7.6855468750000000e-01 5.4071989307194972e-02
7.7050781250000000e-01 4.8678331622071802e-02
7.7246093750000000e-01 4.3594989756114380e-02
7.7441406250000000e-01 3.8810856236601299e-02
7.7636718750000000e-01 3.4314958396175238e-02
7.7832031250000000e-01 3.0096468797727181e-02
7.8027343750000000e-01 2.6144715036153277e-02
7.8222656250000000e-01 2.2449188919429642e-02
7.8417968750000000e-01 1.8999555032690907e-02
7.8613281250000000e-01 1.5785658690191721e-02
7.8808593750000000e-01 1.2797533281176301e-02
7.9003906250000000e-01 1.0025407016777508e-02
7.9199218750000000e-01 7.4597090861118652e-03
7.9394531250000000e-01 5.0910752307310250e-03
7.9589843750000000e-01 2.9103527475302098e-03
7.9785156250000000e-01 9.0860493110141041e-04
7.9980468750000000e-01 -9.2288503264836743e-04
8.0175781250000000e-01 -2.5926107090155377e-03
8.0371093750000000e-01 -4.1088395798337786e-03
8.0566406250000000e-01 -5.4796107176342465e-03
8.0761718750000000e-01 -6.7127329540301863e-03
8.0957031250000000e-01 -7.8157835271662115e-03
8.1152343750000000e-01 -8.7961071925689444e-03
8.1347656250000000e-01 -9.6608157812865369e-03
8.1542968750000000e-01 -1.0416788188808652e-02
8.1738281250000000e-01 -1.1070670777915357e-02
8.1933593750000000e-01 -1.1628878178312037e-02
8.2128906250000000e-01 -1.2097594465667175e-02
8.2324218750000000e-01 -1.2482774702479001e-02
8.2519531250000000e-01 -1.2790146823055296e-02
8.2714843750000000e-01 -1.3025213844795672e-02
8.2910156250000000e-01 -1.3193256387917168e-02
8.3105468750000000e-01 -1.3299335485759589e-02
8.3300781250000000e-01 -1.3348295667845896e-02
8.3496093750000000e-01 -1.3344768297952879e-02
8.3691406250000000e-01 -1.3293175149567302e-02
8.3886718750000000e-01 -1.3197732201260354e-02
8.4082031250000000e-01 -1.3062453634707438e-02
8.4277343750000000e-01 -1.2891156018308330e-02
8.4472656250000000e-01 -1.2687462659624357e-02
8.4667968750000000e-01 -1.2454808110140388e-02
8.4863281250000000e-01 -1.2196442806180333e-02
8.5058593750000000e-01 -1.1915437830152248e-02
8.5253906250000000e-01 -1.1614689776671573e-02
8.5449218750000000e-01 -1.1296925708506886e-02
8.5644531250000000e-01 -1.0964708187709213e-02
8.5839843750000000e-01 -1.0620440367722309e-02
8.6035156250000000e-01 -1.0266371132724808e-02
8.6230468750000000e-01 -9.9046002709246156e-03
8.6425781250000000e-01 -9.5370836690086263e-03
8.6621093750000000e-01 -9.1656385154460871e-03
8.6816406250000000e-01 -8.7919485008488701e-03
8.7011718750000000e-01 -8.4175690041055785e-03
8.7207031250000000e-01 -8.0439322535268212e-03
8.7402343750000000e-01 -7.6723524527642873e-03
8.7597656250000000e-01 -7.3040308617954687e-03
8.7792968750000000e-01 -6.9400608237965324e-03
8.7988281250000000e-01 -6.5814327292575180e-03
8.8183593750000000e-01 -6.2290389092242472e-03
8.8378906250000000e-01 -5.8836784500794813e-03
8.8574218750000000e-01 -5.5460619228002777e-03
8.8769531250000000e-01 -5.2168160201476717e-03
8.8964843750000000e-01 -4.8964880957582521e-03
8.9160156250000000e-01 -4.5855505996128454e-03
8.9355468750000000e-01 -4.2844054048550148e-03
8.9550781250000000e-01 -3.9933880214199496e-03
8.9746093750000000e-01 -3.7127716924117444e-03
8.9941406250000000e-01 -3.4427713696330684e-03
9.0136718750000000e-01 -3.1835475651249058e-03
9.0332031250000000e-01 -2.9352100760146748e-03
9.0527343750000000e-01 -2.6978215803976093e-03
9.0722656250000000e-01 -2.4714011023883372e-03
9.0917968750000000e-01 -2.2559273448761958e-03
9.1113281250000000e-01 -2.0513418888984153e-03
9.1308593750000000e-01 -1.8575522589092390e-03
9.1503906250000000e-01 -1.6744348535697019e-03
9.1699218750000000e-01 -1.5018377420115640e-03
9.1894531250000000e-01 -1.3395833258392400e-03
9.2089843750000000e-01 -1.1874708674249087e-03
9.2285156250000000e-01 -1.0452788853237210e-03
9.2480468750000000e-01 -9.1276741788761859e-04
9.2675781250000000e-01 -7.8968015638716652e-04
9.2871093750000000e-01 -6.7574644916025301e-04
9.3066406250000000e-01 -5.7068317849402880e-04
9.3261718750000000e-01 -4.7419651211124439e-04
9.3457031250000000e-01 -3.8598353127347157e-04
9.3652343750000000e-01 -3.0573373763077697e-04
9.3847656250000000e-01 -2.3313044103932462e-04
9.4042968750000000e-01 -1.6785203063413728e-04
9.4238281250000000e-01 -1.0957313148275466e-04
9.4433593750000000e-01 -5.7965649155557201e-05
9.4628906250000000e-01 -1.2699704528715446e-05
9.4824218750000000e-01 2.6555538915436588e-05
9.5019531250000000e-01 6.0131153110026554e-05
9.5214843750000000e-01 8.8357826685862107e-05
9.5410156250000000e-01 1.1156534760907659e-04
9.5605468750000000e-01 1.3008218546469932e-04
9.5800781250000000e-01 1.4423517191436465e-04
9.5996093750000000e-01 1.5434927813905828e-04
9.6191406250000000e-01 1.6074748840869924e-04
9.6386718750000000e-01 1.6375076930306640e-04
9.6582031250000000e-01 1.6367813454707961e-04
9.6777343750000000e-01 1.6084680592214775e-04
9.6972656250000000e-01 1.5557247127905257e-04
9.7167968750000000e-01 1.4816964131202147e-04
9.7363281250000000e-01 1.3895210746414625e-04
9.7558593750000000e-01 1.2823350412762634e-04
9.7753906250000000e-01 1.1632797918557868e-04
9.7949218750000000e-01 1.0355097792317291e-04
9.8144531250000000e-01 9.0220146423188678e-05
9.8339843750000000e-01 7.6656361764098271e-05
9.8535156250000000e-01 6.3184897667695531e-05
9.8730468750000000e-01 5.0136735709267693e-05
9.8925781250000000e-01 3.7850033818513086e-05
9.9121093750000000e-01 2.6671765577084718e-05
9.9316406250000000e-01 1.6959545773185236e-05
9.9511718750000000e-01 9.0836598207067570e-06
9.9707031250000000e-01 3.4293170069653368e-06
9.9902343750000000e-01 3.9915011753502764e-07
1.0000000000000000e+00 0.0000000000000000e+00
