# MMS4TBGC Gaussian-pulse profile
# sample = 2  tau = 2.5000000000000001e-03  bv = 5.0000000000000001e-04  nx = 512
# xi phi
0.0000000000000000e+00 0.0000000000000000e+00
9.7656250000000000e-04 1.3517328002540146e-07
2.9296875000000000e-03 1.2041203504567277e-06
4.8828125000000000e-03 3.3140240486695113e-06
6.8359375000000000e-03 6.4437335243910081e-06
8.7890625000000000e-03 1.0579405706955695e-05
1.0742187500000000e-02 1.5713976232596708e-05
1.2695312500000000e-02 2.1846568704601234e-05
1.4648437500000000e-02 2.8981850250430588e-05
1.6601562500000000e-02 3.7129340177132058e-05
1.8554687500000000e-02 4.6302677510764482e-05
2.0507812500000000e-02 5.6518852324114495e-05
2.2460937500000000e-02 6.7797404997939863e-05
2.4414062500000000e-02 8.0159596913719153e-05
2.6367187500000000e-02 9.3627555530812354e-05
2.8320312500000000e-02 1.0822339634936206e-04
3.0273437500000000e-02 1.2396832389433314e-04
3.2226562500000000e-02 1.4088171356867776e-04
3.4179687500000000e-02 1.5898017600827016e-04
3.6132812500000000e-02 1.7827660542209974e-04
3.8085937500000000e-02 1.9877921331290423e-04
4.0039062500000000e-02 2.2049054894107236e-04
4.1992187500000000e-02 2.4340650791377280e-04
4.3945312500000000e-02 2.6751533034774733e-04
4.5898437500000000e-02 2.9279659016424127e-04
4.7851562500000000e-02 3.1922017722458044e-04
4.9804687500000000e-02 3.4674527420165219e-04
5.1757812500000000e-02 3.7531933030288936e-04
5.3710937500000000e-02 4.0487703421135548e-04
5.5664062500000000e-02 4.3533928889040354e-04
5.7617187500000000e-02 4.6661219120141287e-04
5.9570312500000000e-02 4.9858601961074779e-04
6.1523437500000000e-02 5.3113423360877669e-04
6.3476562500000000e-02 5.6411248882809624e-04
6.5429687500000000e-02 5.9735767222757565e-04
6.7382812500000000e-02 6.3068696210107533e-04
6.9335937500000000e-02 6.6389691807232018e-04
7.1289062500000000e-02 6.9676260664798073e-04
7.3242187500000000e-02 7.2903676831718490e-04
7.5195312500000000e-02 7.6044903260499060e-04
7.7148437500000000e-02 7.9070518790734816e-04
7.9101562500000000e-02 8.1948651335332948e-04
8.1054687500000000e-02 8.4644918035433790e-04
8.3007812500000000e-02 8.7122373190715247e-04
8.4960937500000000e-02 8.9341464811538496e-04
8.6914062500000000e-02 9.1260000677963931e-04
8.8867187500000000e-02 9.2833124827771741e-04
9.0820312500000000e-02 9.4013305430992039e-04
9.2773437500000000e-02 9.4750335041814842e-04
9.4726562500000000e-02 9.4991344249836503e-04
9.6679687500000000e-02 9.4680829781131212e-04
9.8632812500000000e-02 9.3760698125337067e-04
1.0058593750000000e-01 9.2170325787535947e-04
1.0253906250000000e-01 8.9846637282913616e-04
1.0449218750000000e-01 8.6724202007724916e-04
1.0644531250000000e-01 8.2735351131693808e-04
1.0839843750000000e-01 7.7810315664370337e-04
1.1035156250000000e-01 7.1877386850881665e-04
1.1230468750000000e-01 6.4863100050688814e-04
1.1425781250000000e-01 5.6692443246137770e-04
1.1621093750000000e-01 4.7289091315525346e-04
1.1816406250000000e-01 3.6575667187845322e-04
1.2011718750000000e-01 2.4474030973110374e-04
1.2207031250000000e-01 1.0905598132943001e-04
1.2402343750000000e-01 -4.2083122792139754e-05
1.2597656250000000e-01 -2.0946098320585619e-04
1.2792968750000000e-01 -3.9385463864742619e-04
1.2988281250000000e-01 -5.9602974425791158e-04
1.3183593750000000e-01 -8.1673579278025883e-04
1.3378906250000000e-01 -1.0567009911654000e-03
1.3574218750000000e-01 -1.3166267857983866e-03
1.3769531250000000e-01 -1.5971820303813506e-03
1.3964843750000000e-01 -1.8989967914077159e-03
1.4160156250000000e-01 -2.2226557871311836e-03
1.4355468750000000e-01 -2.5686914569735693e-03
1.4550781250000000e-01 -2.9375766594271517e-03
1.4746093750000000e-01 -3.3297169976892532e-03
1.4941406250000000e-01 -3.7454427735182307e-03
1.5136718750000000e-01 -4.1850005711196849e-03
1.5332031250000000e-01 -4.6485444742578961e-03
1.5527343750000000e-01 -5.1361269212382493e-03
1.5722656250000000e-01 -5.6476892039194438e-03
1.5917968750000000e-01 -6.1830516184869407e-03
1.6113281250000000e-01 -6.7419032773483236e-03
1.6308593750000000e-01 -7.3237915931937273e-03
1.6503906250000000e-01 -7.9281114479963413e-03
1.6699218750000000e-01 -8.5540940615052626e-03
1.6894531250000000e-01 -9.2007955756010784e-03
1.7089843750000000e-01 -9.8670853727386518e-03
1.7285156250000000e-01 -1.0551634148586465e-02
1.7480468750000000e-01 -1.1252901760882133e-02
1.7675781250000000e-01 -1.1969124878453084e-02
1.7871093750000000e-01 -1.2698304456294116e-02
1.8066406250000000e-01 -1.3438193064542652e-02
1.8261718750000000e-01 -1.4186282101141253e-02
1.8457031250000000e-01 -1.4939788919918356e-02
1.8652343750000000e-01 -1.5695643907744371e-02
1.8847656250000000e-01 -1.6450477546323942e-02
1.9042968750000000e-01 -1.7200607496057955e-02
1.9238281250000000e-01 -1.7942025741243279e-02
1.9433593750000000e-01 -1.8670385837664564e-02
1.9628906250000000e-01 -1.9380990305363856e-02
1.9824218750000000e-01 -2.0068778211040215e-02
2.0019531250000000e-01 -2.0728312986124767e-02
2.0214843750000000e-01 -2.1353770528087727e-02
2.0410156250000000e-01 -2.1938927633954098e-02
2.0605468750000000e-01 -2.2477150816324482e-02
2.0800781250000000e-01 -2.2961385553408414e-02
2.0996093750000000e-01 -2.3384146025670939e-02
2.1191406250000000e-01 -2.3737505392659269e-02
2.1386718750000000e-01 -2.4013086664407639e-02
2.1582031250000000e-01 -2.4202054222505931e-02
2.1777343750000000e-01 -2.4295106046452540e-02
2.1972656250000000e-01 -2.4282466701287801e-02
2.2167968750000000e-01 -2.4153881142710974e-02
2.2363281250000000e-01 -2.3898609395916676e-02
2.2558593750000000e-01 -2.3505422164236376e-02
2.2753906250000000e-01 -2.2962597423331947e-02
2.2949218750000000e-01 -2.2257918056154555e-02
2.3144531250000000e-01 -2.1378670583148070e-02
2.3339843750000000e-01 -2.0311645041236309e-02
2.3535156250000000e-01 -1.9043136063983179e-02
2.3730468750000000e-01 -1.7558945213950908e-02
2.3925781250000000e-01 -1.5844384616699850e-02
2.4121093750000000e-01 -1.3884281944071920e-02
2.4316406250000000e-01 -1.1662986792376654e-02
2.4511718750000000e-01 -9.1643784988524844e-03
2.4707031250000000e-01 -6.3718754373066813e-03
2.4902343750000000e-01 -3.2684458311452048e-03
2.5097656250000000e-01 1.6337988090975731e-04
2.5292968750000000e-01 3.9414950942497475e-03
2.5488281250000000e-01 8.0842014741415516e-03
2.5683593750000000e-01 1.2610191752565879e-02
2.5878906250000000e-01 1.7538530864647628e-02
2.6074218750000000e-01 2.2888635407162891e-02
2.6269531250000000e-01 2.8680251405773662e-02
2.6464843750000000e-01 3.4933430381994569e-02
2.6660156250000000e-01 4.1668503715428483e-02
2.6855468750000000e-01 4.8906055301510119e-02
2.7050781250000000e-01 5.6666892509858145e-02
2.7246093750000000e-01 6.4972015453346493e-02
2.7441406250000000e-01 7.3842584583150975e-02
2.7636718750000000e-01 8.3299886630297110e-02
2.7832031250000000e-01 9.3365298919613801e-02
2.8027343750000000e-01 1.0406025208747054e-01
2.8222656250000000e-01 1.1540619124022961e-01
2.8417968750000000e-01 1.2742453559596179e-01
2.8613281250000000e-01 1.4013663665763756e-01
2.8808593750000000e-01 1.5356373497169873e-01
2.9003906250000000e-01 1.6772691553162122e-01
2.9199218750000000e-01 1.8264706189177557e-01
2.9394531250000000e-01 1.9834480906256546e-01
2.9589843750000000e-01 2.1484049526344817e-01
2.9785156250000000e-01 2.3215411261600441e-01
2.9980468750000000e-01 2.5030525686469812e-01
3.0175781250000000e-01 2.6931307621833483e-01
3.0371093750000000e-01 2.8919621941047574e-01
3.0566406250000000e-01 3.0997278308215342e-01
3.0761718750000000e-01 3.3166025859516962e-01
3.0957031250000000e-01 3.5427547838898960e-01
3.1152343750000000e-01 3.7783456199878501e-01
3.1347656250000000e-01 4.0235286185647562e-01
3.1542968750000000e-01 4.2784490900067335e-01
3.1738281250000000e-01 4.5432435882521988e-01
3.1933593750000000e-01 4.8180393699950430e-01
3.2128906250000000e-01 5.1029538569693877e-01
3.2324218750000000e-01 5.3980941027083773e-01
3.2519531250000000e-01 5.7035562651947191e-01
3.2714843750000000e-01 6.0194250868423882e-01
3.2910156250000000e-01 6.3457733832667984e-01
3.3105468750000000e-01 6.6826615423148772e-01
3.3300781250000000e-01 7.0301370348365178e-01
3.3496093750000000e-01 7.3882339386847584e-01
3.3691406250000000e-01 7.7569724774337456e-01
3.3886718750000000e-01 8.1363585753007861e-01
3.4082031250000000e-01 8.5263834297516916e-01
3.4277343750000000e-01 8.9270231032569247e-01
3.4472656250000000e-01 9.3382381356498256e-01
3.4667968750000000e-01 9.7599731785173016e-01
3.4863281250000000e-01 1.0192156653027826e+00
3.5058593750000000e-01 1.0634700432571420e+00
3.5253906250000000e-01 1.1087499551551325e+00
3.5449218750000000e-01 1.1550431941627577e+00
3.5644531250000000e-01 1.2023358196668545e+00
3.5839843750000000e-01 1.2506121367617544e+00
3.6035156250000000e-01 1.2998546788428706e+00
3.6230468750000000e-01 1.3500441934168133e+00
3.6425781250000000e-01 1.4011596312314680e+00
3.6621093750000000e-01 1.4531781388228240e+00
3.6816406250000000e-01 1.5060750545683070e+00
3.7011718750000000e-01 1.5598239083289440e+00
3.7207031250000000e-01 1.6143964247548650e+00
3.7402343750000000e-01 1.6697625303205086e+00
3.7597656250000000e-01 1.7258903641473449e+00
3.7792968750000000e-01 1.7827462926631348e+00
3.7988281250000000e-01 1.8402949281376078e+00
3.8183593750000000e-01 1.8984991511250278e+00
3.8378906250000000e-01 1.9573201368344906e+00
3.8574218750000000e-01 2.0167173854389064e+00
3.8769531250000000e-01 2.0766487563235652e+00
3.8964843750000000e-01 2.1370705062649380e+00
3.9160156250000000e-01 2.1979373315200323e+00
3.9355468750000000e-01 2.2592024137960940e+00
3.9550781250000000e-01 2.3208174700599336e+00
3.9746093750000000e-01 2.3827328061355644e+00
3.9941406250000000e-01 2.4448973740282085e+00
4.0136718750000000e-01 2.5072588329021612e+00
4.0332031250000000e-01 2.5697636136294886e+00
4.0527343750000000e-01 2.6323569868160672e+00
4.0722656250000000e-01 2.6949831342011907e+00
4.0917968750000000e-01 2.7575852233167870e+00
4.1113281250000000e-01 2.8201054852823337e+00
4.1308593750000000e-01 2.8824852956018137e+00
4.1503906250000000e-01 2.9446652578195622e+00
4.1699218750000000e-01 3.0065852898826644e+00
4.1894531250000000e-01 3.0681847130486601e+00
4.2089843750000000e-01 3.1294023431688491e+00
4.2285156250000000e-01 3.1901765841692638e+00
4.2480468750000000e-01 3.2504455235437053e+00
4.2675781250000000e-01 3.3101470296659627e+00
4.2871093750000000e-01 3.3692188507214280e+00
4.3066406250000000e-01 3.4275987150521003e+00
4.3261718750000000e-01 3.4852244327030912e+00
4.3457031250000000e-01 3.5420339979534927e+00
4.3652343750000000e-01 3.5979656926097774e+00
4.3847656250000000e-01 3.6529581898357613e+00
4.4042968750000000e-01 3.7069506582896476e+00
4.4238281250000000e-01 3.7598828663357500e+00
4.4433593750000000e-01 3.8116952860962421e+00
4.4628906250000000e-01 3.8623291971066109e+00
4.4824218750000000e-01 3.9117267893375578e+00
4.5019531250000000e-01 3.9598312653457226e+00
4.5214843750000000e-01 4.0065869413159891e+00
4.5410156250000000e-01 4.0519393467591449e+00
4.5605468750000000e-01 4.0958353226303306e+00
4.5800781250000000e-01 4.1382231176361142e+00
4.5996093750000000e-01 4.1790524825010298e+00
4.6191406250000000e-01 4.2182747619681118e+00
4.6386718750000000e-01 4.2558429843123342e+00
4.6582031250000000e-01 4.2917119481508186e+00
4.6777343750000000e-01 4.3258383063393353e+00
4.6972656250000000e-01 4.3581806467508626e+00
4.7167968750000000e-01 4.3886995697387929e+00
4.7363281250000000e-01 4.4173577620949054e+00
4.7558593750000000e-01 4.4441200673200782e+00
4.7753906250000000e-01 4.4689535520344412e+00
4.7949218750000000e-01 4.4918275683625808e+00
4.8144531250000000e-01 4.5127138121390677e+00
4.8339843750000000e-01 4.5315863767895843e+00
4.8535156250000000e-01 4.5484218027533503e+00
4.8730468750000000e-01 4.5631991223234998e+00
4.8925781250000000e-01 4.5758998997932174e+00
4.9121093750000000e-01 4.5865082668070851e+00
4.9316406250000000e-01 4.5950109528289644e+00
4.9511718750000000e-01 4.6013973106498813e+00
4.9707031250000000e-01 4.6056593368718115e+00
4.9902343750000000e-01 4.6077916873158280e+00
5.0097656250000000e-01 4.6077916873157925e+00
5.0292968750000000e-01 4.6056593368717031e+00
5.0488281250000000e-01 4.6013973106496984e+00
5.0683593750000000e-01 4.5950109528287131e+00
5.0878906250000000e-01 4.5865082668067645e+00
5.1074218750000000e-01 4.5758998997928320e+00
5.1269531250000000e-01 4.5631991223230521e+00
5.1464843750000000e-01 4.5484218027528449e+00
5.1660156250000000e-01 4.5315863767890230e+00
5.1855468750000000e-01 4.5127138121384522e+00
5.2050781250000000e-01 4.4918275683619084e+00
5.2246093750000000e-01 4.4689535520337120e+00
5.2441406250000000e-01 4.4441200673192922e+00
5.2636718750000000e-01 4.4173577620940607e+00
5.2832031250000000e-01 4.3886995697378914e+00
5.3027343750000000e-01 4.3581806467499051e+00
5.3222656250000000e-01 4.3258383063383246e+00
5.3417968750000000e-01 4.2917119481497581e+00
5.3613281250000000e-01 4.2558429843112293e+00
5.3808593750000000e-01 4.2182747619669678e+00
5.4003906250000000e-01 4.1790524824998521e+00
5.4199218750000000e-01 4.1382231176349089e+00
5.4394531250000000e-01 4.0958353226291004e+00
5.4589843750000000e-01 4.0519393467578944e+00
5.4785156250000000e-01 4.0065869413147244e+00
5.4980468750000000e-01 3.9598312653444454e+00
5.5175781250000000e-01 3.9117267893362726e+00
5.5371093750000000e-01 3.8623291971053240e+00
5.5566406250000000e-01 3.8116952860949569e+00
5.5761718750000000e-01 3.7598828663344750e+00
5.5957031250000000e-01 3.7069506582883900e+00
5.6152343750000000e-01 3.6529581898345302e+00
5.6347656250000000e-01 3.5979656926085792e+00
5.6542968750000000e-01 3.5420339979523336e+00
5.6738281250000000e-01 3.4852244327019744e+00
5.6933593750000000e-01 3.4275987150510283e+00
5.7128906250000000e-01 3.3692188507204039e+00
5.7324218750000000e-01 3.3101470296649862e+00
5.7519531250000000e-01 3.2504455235427758e+00
5.7714843750000000e-01 3.1901765841683813e+00
5.7910156250000000e-01 3.1294023431680151e+00
5.8105468750000000e-01 3.0681847130478750e+00
5.8300781250000000e-01 3.0065852898819294e+00
5.8496093750000000e-01 2.9446652578188788e+00
5.8691406250000000e-01 2.8824852956011791e+00
5.8886718750000000e-01 2.8201054852817506e+00
5.9082031250000000e-01 2.7575852233162532e+00
5.9277343750000000e-01 2.6949831342007027e+00
5.9472656250000000e-01 2.6323569868156196e+00
5.9667968750000000e-01 2.5697636136290760e+00
5.9863281250000000e-01 2.5072588329017789e+00
6.0058593750000000e-01 2.4448973740278532e+00
6.0253906250000000e-01 2.3827328061352335e+00
6.0449218750000000e-01 2.3208174700596240e+00
6.0644531250000000e-01 2.2592024137958044e+00
6.0839843750000000e-01 2.1979373315197615e+00
6.1035156250000000e-01 2.1370705062646826e+00
6.1230468750000000e-01 2.0766487563233236e+00
6.1425781250000000e-01 2.0167173854386777e+00
6.1621093750000000e-01 1.9573201368342701e+00
6.1816406250000000e-01 1.8984991511248139e+00
6.2011718750000000e-01 1.8402949281373975e+00
6.2207031250000000e-01 1.7827462926629258e+00
6.2402343750000000e-01 1.7258903641471348e+00
6.2597656250000000e-01 1.6697625303202974e+00
6.2792968750000000e-01 1.6143964247546527e+00
6.2988281250000000e-01 1.5598239083287304e+00
6.3183593750000000e-01 1.5060750545680928e+00
6.3378906250000000e-01 1.4531781388226077e+00
6.3574218750000000e-01 1.4011596312312509e+00
6.3769531250000000e-01 1.3500441934165954e+00
6.3964843750000000e-01 1.2998546788426519e+00
6.4160156250000000e-01 1.2506121367615353e+00
6.4355468750000000e-01 1.2023358196666338e+00
6.4550781250000000e-01 1.1550431941625361e+00
6.4746093750000000e-01 1.1087499551549103e+00
6.4941406250000000e-01 1.0634700432569204e+00
6.5136718750000000e-01 1.0192156653025624e+00
6.5332031250000000e-01 9.7599731785151300e-01
6.5527343750000000e-01 9.3382381356477040e-01
6.5722656250000000e-01 8.9270231032548630e-01
6.5917968750000000e-01 8.5263834297497021e-01
6.6113281250000000e-01 8.1363585752988765e-01
6.6308593750000000e-01 7.7569724774319238e-01
6.6503906250000000e-01 7.3882339386830209e-01
6.6699218750000000e-01 7.0301370348348646e-01
6.6894531250000000e-01 6.6826615423133118e-01
6.7089843750000000e-01 6.3457733832653229e-01
6.7285156250000000e-01 6.0194250868410015e-01
6.7480468750000000e-01 5.7035562651934191e-01
6.7675781250000000e-01 5.3980941027071705e-01
6.7871093750000000e-01 5.1029538569682786e-01
6.8066406250000000e-01 4.8180393699940305e-01
6.8261718750000000e-01 4.5432435882512828e-01
6.8457031250000000e-01 4.2784490900059102e-01
6.8652343750000000e-01 4.0235286185640190e-01
6.8847656250000000e-01 3.7783456199871951e-01
6.9042968750000000e-01 3.5427547838893148e-01
6.9238281250000000e-01 3.3166025859511811e-01
6.9433593750000000e-01 3.0997278308210796e-01
6.9628906250000000e-01 2.8919621941043555e-01
6.9824218750000000e-01 2.6931307621829964e-01
7.0019531250000000e-01 2.5030525686466765e-01
7.0214843750000000e-01 2.3215411261597824e-01
7.0410156250000000e-01 2.1484049526342580e-01
7.0605468750000000e-01 1.9834480906254676e-01
7.0800781250000000e-01 1.8264706189176019e-01
7.0996093750000000e-01 1.6772691553160876e-01
7.1191406250000000e-01 1.5356373497168879e-01
7.1386718750000000e-01 1.4013663665762974e-01
7.1582031250000000e-01 1.2742453559595573e-01
7.1777343750000000e-01 1.1540619124022501e-01
7.1972656250000000e-01 1.0406025208746715e-01
7.2167968750000000e-01 9.3365298919611470e-02
7.2363281250000000e-01 8.3299886630295680e-02
7.2558593750000000e-01 7.3842584583150336e-02
7.2753906250000000e-01 6.4972015453346549e-02
7.2949218750000000e-01 5.6666892509858763e-02
7.3144531250000000e-01 4.8906055301511167e-02
7.3339843750000000e-01 4.1668503715429892e-02
7.3535156250000000e-01 3.4933430381996249e-02
7.3730468750000000e-01 2.8680251405775507e-02
7.3925781250000000e-01 2.2888635407164792e-02
7.4121093750000000e-01 1.7538530864649498e-02
7.4316406250000000e-01 1.2610191752567662e-02
7.4511718750000000e-01 8.0842014741431840e-03
7.4707031250000000e-01 3.9414950942511830e-03
7.4902343750000000e-01 1.6337988091095479e-04
7.5097656250000000e-01 -3.2684458311442793e-03
7.5292968750000000e-01 -6.3718754373060498e-03
7.5488281250000000e-01 -9.1643784988521704e-03
7.5683593750000000e-01 -1.1662986792376663e-02
7.5878906250000000e-01 -1.3884281944072268e-02
7.6074218750000000e-01 -1.5844384616700534e-02
7.6269531250000000e-01 -1.7558945213951935e-02
7.6464843750000000e-01 -1.9043136063984535e-02
7.6660156250000000e-01 -2.0311645041237995e-02
7.6855468750000000e-01 -2.1378670583150104e-02
7.7050781250000000e-01 -2.2257918056156938e-02
7.7246093750000000e-01 -2.2962597423334685e-02
7.7441406250000000e-01 -2.3505422164239450e-02
7.7636718750000000e-01 -2.3898609395920076e-02
7.7832031250000000e-01 -2.4153881142714675e-02
7.8027343750000000e-01 -2.4282466701291753e-02
7.8222656250000000e-01 -2.4295106046456717e-02
7.8417968750000000e-01 -2.4202054222510282e-02
7.8613281250000000e-01 -2.4013086664412125e-02
7.8808593750000000e-01 -2.3737505392663848e-02
7.9003906250000000e-01 -2.3384146025675560e-02
7.9199218750000000e-01 -2.2961385553413056e-02
7.9394531250000000e-01 -2.2477150816329134e-02
7.9589843750000000e-01 -2.1938927633958747e-02
7.9785156250000000e-01 -2.1353770528092349e-02
7.9980468750000000e-01 -2.0728312986129357e-02
8.0175781250000000e-01 -2.0068778211044754e-02
8.0371093750000000e-01 -1.9380990305368297e-02
8.0566406250000000e-01 -1.8670385837668908e-02
8.0761718750000000e-01 -1.7942025741247498e-02
8.0957031250000000e-01 -1.7200607496062024e-02
8.1152343750000000e-01 -1.6450477546327828e-02
8.1347656250000000e-01 -1.5695643907748077e-02
8.1542968750000000e-01 -1.4939788919921870e-02
8.1738281250000000e-01 -1.4186282101144584e-02
8.1933593750000000e-01 -1.3438193064545806e-02
8.2128906250000000e-01 -1.2698304456297100e-02
8.2324218750000000e-01 -1.1969124878455901e-02
8.2519531250000000e-01 -1.1252901760884794e-02
8.2714843750000000e-01 -1.0551634148588965e-02
8.2910156250000000e-01 -9.8670853727409937e-03
8.3105468750000000e-01 -9.2007955756032624e-03
8.3300781250000000e-01 -8.5540940615072870e-03
8.3496093750000000e-01 -7.9281114479982165e-03
8.3691406250000000e-01 -7.3237915931954603e-03
8.3886718750000000e-01 -6.7419032773499161e-03
8.4082031250000000e-01 -6.1830516184884056e-03
8.4277343750000000e-01 -5.6476892039207952e-03
8.4472656250000000e-01 -5.1361269212394983e-03
8.4667968750000000e-01 -4.6485444742590566e-03
8.4863281250000000e-01 -4.1850005711207647e-03
8.5058593750000000e-01 -3.7454427735192381e-03
8.5253906250000000e-01 -3.3297169976901921e-03
8.5449218750000000e-01 -2.9375766594280251e-03
8.5644531250000000e-01 -2.5686914569743799e-03
8.5839843750000000e-01 -2.2226557871319347e-03
8.6035156250000000e-01 -1.8989967914084106e-03
8.6230468750000000e-01 -1.5971820303819933e-03
8.6425781250000000e-01 -1.3166267857989814e-03
8.6621093750000000e-01 -1.0567009911659506e-03
8.6816406250000000e-01 -8.1673579278076841e-04
8.7011718750000000e-01 -5.9602974425838450e-04
8.7207031250000000e-01 -3.9385463864786535e-04
8.7402343750000000e-01 -2.0946098320626374e-04
8.7597656250000000e-01 -4.2083122792518466e-05
8.7792968750000000e-01 1.0905598132907803e-04
8.7988281250000000e-01 2.4474030973077653e-04
8.8183593750000000e-01 3.6575667187814932e-04
8.8378906250000000e-01 4.7289091315497135e-04
8.8574218750000000e-01 5.6692443246111510e-04
8.8769531250000000e-01 6.4863100050664452e-04
8.8964843750000000e-01 7.1877386850859092e-04
8.9160156250000000e-01 7.7810315664349401e-04
8.9355468750000000e-01 8.2735351131674412e-04
8.9550781250000000e-01 8.6724202007706897e-04
8.9746093750000000e-01 8.9846637282896844e-04
8.9941406250000000e-01 9.2170325787520270e-04
9.0136718750000000e-01 9.3760698125322321e-04
9.0332031250000000e-01 9.4680829781117290e-04
9.0527343750000000e-01 9.4991344249823254e-04
9.0722656250000000e-01 9.4750335041802265e-04
9.0917968750000000e-01 9.4013305430979994e-04
9.1113281250000000e-01 9.2833124827760248e-04
9.1308593750000000e-01 9.1260000677952980e-04
9.1503906250000000e-01 8.9341464811528099e-04
9.1699218750000000e-01 8.7122373190705446e-04
9.1894531250000000e-01 8.4644918035424530e-04
9.2089843750000000e-01 8.1948651335324199e-04
9.2285156250000000e-01 7.9070518790726500e-04
9.2480468750000000e-01 7.6044903260491124e-04
9.2675781250000000e-01 7.2903676831710923e-04
9.2871093750000000e-01 6.9676260664790809e-04
9.3066406250000000e-01 6.6389691807225090e-04
9.3261718750000000e-01 6.3068696210100898e-04
9.3457031250000000e-01 5.9735767222751255e-04
9.3652343750000000e-01 5.6411248882803672e-04
9.3847656250000000e-01 5.3113423360872053e-04
9.4042968750000000e-01 4.9858601961069574e-04
9.4238281250000000e-01 4.6661219120136484e-04
9.4433593750000000e-01 4.3533928889035952e-04
9.4628906250000000e-01 4.0487703421131520e-04
9.4824218750000000e-01 3.7531933030285250e-04
9.5019531250000000e-01 3.4674527420161842e-04
9.5214843750000000e-01 3.1922017722454905e-04
9.5410156250000000e-01 2.9279659016421248e-04
9.5605468750000000e-01 2.6751533034772104e-04
9.5800781250000000e-01 2.4340650791374895e-04
9.5996093750000000e-01 2.2049054894105090e-04
9.6191406250000000e-01 1.9877921331288504e-04
9.6386718750000000e-01 1.7827660542208280e-04
9.6582031250000000e-01 1.5898017600825531e-04
9.6777343750000000e-01 1.4088171356866494e-04
9.6972656250000000e-01 1.2396832389432216e-04
9.7167968750000000e-01 1.0822339634935275e-04
9.7363281250000000e-01 9.3627555530804426e-05
9.7558593750000000e-01 8.0159596913712390e-05
9.7753906250000000e-01 6.7797404997934184e-05
9.7949218750000000e-01 5.6518852324109765e-05
9.8144531250000000e-01 4.6302677510760600e-05
9.8339843750000000e-01 3.7129340177128934e-05
9.8535156250000000e-01 2.8981850250428141e-05
9.8730468750000000e-01 2.1846568704599395e-05
9.8925781250000000e-01 1.5713976232595386e-05
9.9121093750000000e-01 1.0579405706954812e-05
9.9316406250000000e-01 6.4437335243904744e-06
9.9511718750000000e-01 3.3140240486692398e-06
9.9707031250000000e-01 1.2041203504566293e-06
9.9902343750000000e-01 1.3517328002539037e-07
1.0000000000000000e+00 0.0000000000000000e+00
