# MMS4TBGC Gaussian-pulse profile
# sample = 1  tau = 1.2500000000000000e-03  bv = 5.0000000000000001e-04  nx = 512
# xi phi
0.0000000000000000e+00 0.0000000000000000e+00
9.7656250000000000e-04 1.0911938613560105e-08
2.9296875000000000e-03 8.9222369640178798e-08
4.8828125000000000e-03 2.2315264644680906e-07
6.8359375000000000e-03 3.8950703933525490e-07
8.7890625000000000e-03 5.6543594777508520e-07
1.0742187500000000e-02 7.2835255346932585e-07
1.2695312500000000e-02 8.5587845405613045e-07
1.4648437500000000e-02 9.2581648221675802e-07
1.6601562500000000e-02 9.1614926247390094e-07
1.8554687500000000e-02 8.0506236164630506e-07
2.0507812500000000e-02 5.7099114945787106e-07
2.2460937500000000e-02 1.9269070394819096e-07
2.4414062500000000e-02 -3.5067172707597856e-07
2.6367187500000000e-02 -1.0794020614009089e-06
2.8320312500000000e-02 -2.0131427713023269e-06
3.0273437500000000e-02 -3.1707145254229664e-06
3.2226562500000000e-02 -4.5699362636882380e-06
3.4179687500000000e-02 -6.2274239028382166e-06
3.6132812500000000e-02 -8.1583679235703999e-06
3.8085937500000000e-02 -1.0376290178546172e-05
4.0039062500000000e-02 -1.2892780382513464e-05
4.1992187500000000e-02 -1.5717212900376791e-05
4.3945312500000000e-02 -1.8856444634968371e-05
4.5898437500000000e-02 -2.2314495032216909e-05
4.7851562500000000e-02 -2.6092209465945471e-05
4.9804687500000000e-02 -3.0186907536109978e-05
5.1757812500000000e-02 -3.4592018111230957e-05
5.3710937500000000e-02 -3.9296703266235318e-05
5.5664062500000000e-02 -4.4285473608907165e-05
5.7617187500000000e-02 -4.9537797849456136e-05
5.9570312500000000e-02 -5.5027709845954403e-05
6.1523437500000000e-02 -6.0723416750969354e-05
6.3476562500000000e-02 -6.6586912288791632e-05
6.5429687500000000e-02 -7.2573599605163560e-05
6.7382812500000000e-02 -7.8631928549030837e-05
6.9335937500000000e-02 -8.4703052665006598e-05
7.1289062500000000e-02 -9.0720511592117870e-05
7.3242187500000000e-02 -9.6609944974914666e-05
7.5195312500000000e-02 -1.0228884439280876e-04
7.7148437500000000e-02 -1.0766635019796387e-04
7.9101562500000000e-02 -1.1264310051632451e-04
8.1054687500000000e-02 -1.1711114000533928e-04
8.3007812500000000e-02 -1.2095389627028307e-04
8.4960937500000000e-02 -1.2404623211325963e-04
8.6914062500000000e-02 -1.2625458201924483e-04
8.8867187500000000e-02 -1.2743718146599777e-04
9.0820312500000000e-02 -1.2744439777329075e-04
9.2773437500000000e-02 -1.2611917127552464e-04
9.4726562500000000e-02 -1.2329757560418906e-04
9.6679687500000000e-02 -1.1880950579653358e-04
9.8632812500000000e-02 -1.1247950279798794e-04
1.0058593750000000e-01 -1.0412772269211919e-04
1.0253906250000000e-01 -9.3571058667153386e-05
1.0449218750000000e-01 -8.0624423306398078e-05
1.0644531250000000e-01 -6.5102198265578083e-05
1.0839843750000000e-01 -4.6819857767713717e-05
1.1035156250000000e-01 -2.5595771600644884e-05
1.1230468750000000e-01 -1.2531924389643386e-06
1.1425781250000000e-01 2.6377568673239847e-05
1.1621093750000000e-01 5.7456775953468099e-05
1.1816406250000000e-01 9.2132710140118522e-05
1.2011718750000000e-01 1.3053891726526681e-04
1.2207031250000000e-01 1.7279126632970440e-04
1.2402343750000000e-01 2.1898481890604031e-04
1.2597656250000000e-01 2.6919051546606202e-04
1.2792968750000000e-01 3.2345168513123413e-04
1.2988281250000000e-01 3.8178038757809898e-04
1.3183593750000000e-01 4.4415359799024139e-04
1.3378906250000000e-01 5.1050924823105716e-04
1.3574218750000000e-01 5.8074213981128460e-04
1.3769531250000000e-01 6.5469974673532290e-04
1.3964843750000000e-01 7.3217792892271802e-04
1.4160156250000000e-01 8.1291657960637137e-04
1.4355468750000000e-01 8.9659523289630991e-04
1.4550781250000000e-01 9.8282866055502175e-04
1.4746093750000000e-01 1.0711624899438915e-03
1.4941406250000000e-01 1.1610688780551669e-03
1.5136718750000000e-01 1.2519422795238225e-03
1.5332031250000000e-01 1.3430953495008732e-03
1.5527343750000000e-01 1.4337550252450796e-03
1.5722656250000000e-01 1.5230588332331265e-03
1.5917968750000000e-01 1.6100514714775817e-03
1.6113281250000000e-01 1.6936817195543879e-03
1.6308593750000000e-01 1.7727997315532640e-03
1.6503906250000000e-01 1.8461547697501790e-03
1.6699218750000000e-01 1.9123934392350117e-03
1.6894531250000000e-01 1.9700584859828089e-03
1.7089843750000000e-01 2.0175882229062055e-03
1.7285156250000000e-01 2.0533166502415142e-03
1.7480468750000000e-01 2.0754743381732484e-03
1.7675781250000000e-01 2.0821901408627141e-03
1.7871093750000000e-01 2.0714938119870069e-03
1.8066406250000000e-01 2.0413195924867109e-03
1.8261718750000000e-01 1.9895108414353245e-03
1.8457031250000000e-01 1.9138257807533652e-03
1.8652343750000000e-01 1.8119444238680238e-03
1.8847656250000000e-01 1.6814767573391017e-03
1.9042968750000000e-01 1.5199722429090003e-03
1.9238281250000000e-01 1.3249307053651834e-03
1.9433593750000000e-01 1.0938146690061322e-03
1.9628906250000000e-01 8.2406320235649244e-04
1.9824218750000000e-01 5.1310732706623375e-04
2.0019531250000000e-01 1.5838704263691650e-04
2.0214843750000000e-01 -2.4262998626699677e-04
2.0410156250000000e-01 -6.9242803865217481e-04
2.0605468750000000e-01 -1.1934212070043046e-03
2.0800781250000000e-01 -1.7479294996095194e-03
2.0996093750000000e-01 -2.3581531542530292e-03
2.1191406250000000e-01 -3.0261451500914064e-03
2.1386718750000000e-01 -3.7537819130286070e-03
2.1582031250000000e-01 -4.5427322190482802e-03
2.1777343750000000e-01 -5.3944243096499186e-03
2.1972656250000000e-01 -6.3100112437832860e-03
2.2167968750000000e-01 -7.2903345214491997e-03
2.2363281250000000e-01 -8.3358860254053469e-03
2.2558593750000000e-01 -9.4467683391491128e-03
2.2753906250000000e-01 -1.0622653511506271e-02
2.2949218750000000e-01 -1.1862740350691328e-02
2.3144531250000000e-01 -1.3165710343573622e-02
2.3339843750000000e-01 -1.4529682309030602e-02
2.3535156250000000e-01 -1.5952165907638004e-02
2.3730468750000000e-01 -1.7430014143474639e-02
2.3925781250000000e-01 -1.8959375007441014e-02
2.4121093750000000e-01 -2.0535642425135694e-02
2.4316406250000000e-01 -2.2153406685928530e-02
2.4511718750000000e-01 -2.3806404543336140e-02
2.4707031250000000e-01 -2.5487469190064570e-02
2.4902343750000000e-01 -2.7188480324050721e-02
2.5097656250000000e-01 -2.8900314534424220e-02
2.5292968750000000e-01 -3.0612796248434857e-02
2.5488281250000000e-01 -3.2314649491958912e-02
2.5683593750000000e-01 -3.3993450727119949e-02
2.5878906250000000e-01 -3.5635583040742227e-02
2.6074218750000000e-01 -3.7226191966707789e-02
2.6269531250000000e-01 -3.8749143233719467e-02
2.6464843750000000e-01 -4.0186982737388445e-02
2.6660156250000000e-01 -4.1520899041881082e-02
2.6855468750000000e-01 -4.2730688721484229e-02
2.7050781250000000e-01 -4.3794724856299191e-02
2.7246093750000000e-01 -4.4689928998769085e-02
2.7441406250000000e-01 -4.5391746928805217e-02
2.7636718750000000e-01 -4.5874128514832892e-02
2.7832031250000000e-01 -4.6109511996057492e-02
2.8027343750000000e-01 -4.6068812997594515e-02
2.8222656250000000e-01 -4.5721418584759518e-02
2.8417968750000000e-01 -4.5035186655723813e-02
2.8613281250000000e-01 -4.3976450962870554e-02
2.8808593750000000e-01 -4.2510032042497647e-02
2.9003906250000000e-01 -4.0599254319988183e-02
2.9199218750000000e-01 -3.8205969643185338e-02
2.9394531250000000e-01 -3.5290587480465568e-02
2.9589843750000000e-01 -3.1812112001902447e-02
2.9785156250000000e-01 -2.7728186241969318e-02
2.9980468750000000e-01 -2.2995143520466544e-02
3.0175781250000000e-01 -1.7568066274814415e-02
3.0371093750000000e-01 -1.1400852431572924e-02
3.0566406250000000e-01 -4.4462894180916385e-03
3.0761718750000000e-01 3.3438641133720624e-03
3.0957031250000000e-01 1.2018788806821308e-02
3.1152343750000000e-01 2.1628507358257051e-02
3.1347656250000000e-01 3.2223779528127779e-02
3.1542968750000000e-01 4.3855989466712840e-02
3.1738281250000000e-01 5.6577025443833105e-02
3.1933593750000000e-01 7.0439152110412781e-02
3.2128906250000000e-01 8.5494875456360156e-02
3.2324218750000000e-01 1.0179680066683869e-01
3.2519531250000000e-01 1.1939748311709782e-01
3.2714843750000000e-01 1.3834927278445755e-01
3.2910156250000000e-01 1.5870415239460825e-01
3.3105468750000000e-01 1.8051356965791765e-01
3.3300781250000000e-01 2.0382826398972928e-01
3.3496093750000000e-01 2.2869808814650974e-01
3.3691406250000000e-01 2.5517182524693405e-01
3.3886718750000000e-01 2.8329700168340488e-01
3.4082031250000000e-01 3.1311969646486543e-01
3.4277343750000000e-01 3.4468434756587985e-01
3.4472656250000000e-01 3.7803355588962212e-01
3.4667968750000000e-01 4.1320788748341492e-01
3.4863281250000000e-01 4.5024567467460064e-01
3.5058593750000000e-01 4.8918281682161124e-01
3.5253906250000000e-01 5.3005258139992040e-01
3.5449218750000000e-01 5.7288540616494799e-01
3.5644531250000000e-01 6.1770870315373316e-01
3.5839843750000000e-01 6.6454666530415485e-01
3.6035156250000000e-01 7.1342007648447359e-01
3.6230468750000000e-01 7.6434612573684824e-01
3.6425781250000000e-01 8.1733822654612032e-01
3.6621093750000000e-01 8.7240584194940474e-01
3.6816406250000000e-01 9.2955431630280005e-01
3.7011718750000000e-01 9.8878471451869354e-01
3.7207031250000000e-01 1.0500936695806502e+00
3.7402343750000000e-01 1.1134732391326458e+00
3.7597656250000000e-01 1.1789107719253884e+00
3.7792968750000000e-01 1.2463887848846533e+00
3.7988281250000000e-01 1.3158848515449308e+00
3.8183593750000000e-01 1.3873715025662052e+00
3.8378906250000000e-01 1.4608161390224861e+00
3.8574218750000000e-01 1.5361809591177273e+00
3.8769531250000000e-01 1.6134228989481447e+00
3.8964843750000000e-01 1.6924935878897560e+00
3.9160156250000000e-01 1.7733393191462909e+00
3.9355468750000000e-01 1.8559010359456192e+00
3.9550781250000000e-01 1.9401143338226847e+00
3.9746093750000000e-01 2.0259094793737082e+00
3.9941406250000000e-01 2.1132114458104119e+00
4.0136718750000000e-01 2.2019399655843590e+00
4.0332031250000000e-01 2.2920096002904788e+00
4.0527343750000000e-01 2.3833298279955755e+00
4.0722656250000000e-01 2.4758051480725807e+00
4.0917968750000000e-01 2.5693352035544774e+00
4.1113281250000000e-01 2.6638149209537634e+00
4.1308593750000000e-01 2.7591346674241182e+00
4.1503906250000000e-01 2.8551804250710124e+00
4.1699218750000000e-01 2.9518339821476287e+00
4.1894531250000000e-01 3.0489731408019254e+00
4.2089843750000000e-01 3.1464719409704447e+00
4.2285156250000000e-01 3.2442008999446204e+00
4.2480468750000000e-01 3.3420272670664812e+00
4.2675781250000000e-01 3.4398152929429764e+00
4.2871093750000000e-01 3.5374265125018836e+00
4.3066406250000000e-01 3.6347200411480975e+00
4.3261718750000000e-01 3.7315528832168474e+00
4.3457031250000000e-01 3.8277802518608728e+00
4.3652343750000000e-01 3.9232558994517666e+00
4.3847656250000000e-01 4.0178324575220214e+00
4.4042968750000000e-01 4.1113617852240774e+00
4.4238281250000000e-01 4.2036953252360414e+00
4.4433593750000000e-01 4.2946844660011845e+00
4.4628906250000000e-01 4.3841809091498156e+00
4.4824218750000000e-01 4.4720370409180861e+00
4.5019531250000000e-01 4.5581063063489919e+00
4.5214843750000000e-01 4.6422435850360078e+00
4.5410156250000000e-01 4.7243055671503624e+00
4.5605468750000000e-01 4.8041511284783098e+00
4.5800781250000000e-01 4.8816417031854700e+00
4.5996093750000000e-01 4.9566416530213084e+00
4.6191406250000000e-01 5.0290186316782908e+00
4.6386718750000000e-01 5.0986439430269108e+00
4.6582031250000000e-01 5.1653928919602139e+00
4.6777343750000000e-01 5.2291451265989854e+00
4.6972656250000000e-01 5.2897849706318558e+00
4.7167968750000000e-01 5.3472017445930344e+00
4.7363281250000000e-01 5.4012900749137502e+00
4.7558593750000000e-01 5.4519501896224760e+00
4.7753906250000000e-01 5.4990881996123910e+00
4.7949218750000000e-01 5.5426163644430968e+00
4.8144531250000000e-01 5.5824533416965894e+00
4.8339843750000000e-01 5.6185244189648502e+00
4.8535156250000000e-01 5.6507617276079865e+00
4.8730468750000000e-01 5.6791044374871076e+00
4.8925781250000000e-01 5.7034989319451901e+00
4.9121093750000000e-01 5.7238989623813232e+00
4.9316406250000000e-01 5.7402657818389429e+00
4.9511718750000000e-01 5.7525682571064118e+00
4.9707031250000000e-01 5.7607829589084822e+00
4.9902343750000000e-01 5.7648942298490162e+00
5.0097656250000000e-01 5.7648942298489834e+00
5.0292968750000000e-01 5.7607829589083792e+00
5.0488281250000000e-01 5.7525682571062404e+00
5.0683593750000000e-01 5.7402657818387057e+00
5.0878906250000000e-01 5.7238989623810248e+00
5.1074218750000000e-01 5.7034989319448304e+00
5.1269531250000000e-01 5.6791044374866884e+00
5.1464843750000000e-01 5.6507617276075122e+00
5.1660156250000000e-01 5.6185244189643235e+00
5.1855468750000000e-01 5.5824533416960129e+00
5.2050781250000000e-01 5.5426163644424724e+00
5.2246093750000000e-01 5.4990881996117160e+00
5.2441406250000000e-01 5.4519501896217486e+00
5.2636718750000000e-01 5.4012900749129678e+00
5.2832031250000000e-01 5.3472017445921969e+00
5.3027343750000000e-01 5.2897849706309641e+00
5.3222656250000000e-01 5.2291451265980351e+00
5.3417968750000000e-01 5.1653928919592191e+00
5.3613281250000000e-01 5.0986439430258752e+00
5.3808593750000000e-01 5.0290186316772205e+00
5.4003906250000000e-01 4.9566416530202080e+00
5.4199218750000000e-01 4.8816417031843420e+00
5.4394531250000000e-01 4.8041511284771623e+00
5.4589843750000000e-01 4.7243055671491936e+00
5.4785156250000000e-01 4.6422435850348238e+00
5.4980468750000000e-01 4.5581063063477965e+00
5.5175781250000000e-01 4.4720370409168799e+00
5.5371093750000000e-01 4.3841809091486050e+00
5.5566406250000000e-01 4.2946844659999819e+00
5.5761718750000000e-01 4.2036953252348450e+00
5.5957031250000000e-01 4.1113617852228996e+00
5.6152343750000000e-01 4.0178324575208721e+00
5.6347656250000000e-01 3.9232558994506515e+00
5.6542968750000000e-01 3.8277802518597994e+00
5.6738281250000000e-01 3.7315528832158198e+00
5.6933593750000000e-01 3.6347200411471188e+00
5.7128906250000000e-01 3.5374265125009550e+00
5.7324218750000000e-01 3.4398152929420975e+00
5.7519531250000000e-01 3.3420272670656535e+00
5.7714843750000000e-01 3.2442008999438414e+00
5.7910156250000000e-01 3.1464719409697199e+00
5.8105468750000000e-01 3.0489731408012517e+00
5.8300781250000000e-01 2.9518339821470088e+00
5.8496093750000000e-01 2.8551804250704476e+00
5.8691406250000000e-01 2.7591346674236061e+00
5.8886718750000000e-01 2.6638149209533060e+00
5.9082031250000000e-01 2.5693352035540724e+00
5.9277343750000000e-01 2.4758051480722241e+00
5.9472656250000000e-01 2.3833298279952633e+00
5.9667968750000000e-01 2.2920096002902053e+00
5.9863281250000000e-01 2.2019399655841201e+00
6.0058593750000000e-01 2.1132114458102045e+00
6.0253906250000000e-01 2.0259094793735302e+00
6.0449218750000000e-01 1.9401143338225317e+00
6.0644531250000000e-01 1.8559010359454899e+00
6.0839843750000000e-01 1.7733393191461839e+00
6.1035156250000000e-01 1.6924935878896694e+00
6.1230468750000000e-01 1.6134228989480761e+00
6.1425781250000000e-01 1.5361809591176754e+00
6.1621093750000000e-01 1.4608161390224477e+00
6.1816406250000000e-01 1.3873715025661784e+00
6.2011718750000000e-01 1.3158848515449129e+00
6.2207031250000000e-01 1.2463887848846418e+00
6.2402343750000000e-01 1.1789107719253804e+00
6.2597656250000000e-01 1.1134732391326416e+00
6.2792968750000000e-01 1.0500936695806475e+00
6.2988281250000000e-01 9.8878471451869276e-01
6.3183593750000000e-01 9.2955431630280072e-01
6.3378906250000000e-01 8.7240584194940640e-01
6.3574218750000000e-01 8.1733822654612331e-01
6.3769531250000000e-01 7.6434612573685223e-01
6.3964843750000000e-01 7.1342007648447803e-01
6.4160156250000000e-01 6.6454666530415918e-01
6.4355468750000000e-01 6.1770870315373683e-01
6.4550781250000000e-01 5.7288540616495076e-01
6.4746093750000000e-01 5.3005258139992173e-01
6.4941406250000000e-01 4.8918281682161119e-01
6.5136718750000000e-01 4.5024567467459953e-01
6.5332031250000000e-01 4.1320788748341303e-01
6.5527343750000000e-01 3.7803355588961990e-01
6.5722656250000000e-01 3.4468434756587746e-01
6.5917968750000000e-01 3.1311969646486354e-01
6.6113281250000000e-01 2.8329700168340360e-01
6.6308593750000000e-01 2.5517182524693310e-01
6.6503906250000000e-01 2.2869808814650944e-01
6.6699218750000000e-01 2.0382826398972947e-01
6.6894531250000000e-01 1.8051356965791829e-01
6.7089843750000000e-01 1.5870415239460905e-01
6.7285156250000000e-01 1.3834927278445844e-01
6.7480468750000000e-01 1.1939748311709900e-01
6.7675781250000000e-01 1.0179680066684012e-01
6.7871093750000000e-01 8.5494875456361863e-02
6.8066406250000000e-01 7.0439152110414766e-02
6.8261718750000000e-01 5.6577025443835430e-02
6.8457031250000000e-01 4.3855989466715414e-02
6.8652343750000000e-01 3.2223779528130568e-02
6.8847656250000000e-01 2.1628507358260041e-02
6.9042968750000000e-01 1.2018788806824424e-02
6.9238281250000000e-01 3.3438641133752434e-03
6.9433593750000000e-01 -4.4462894180884466e-03
6.9628906250000000e-01 -1.1400852431569753e-02
6.9824218750000000e-01 -1.7568066274811330e-02
7.0019531250000000e-01 -2.2995143520463585e-02
7.0214843750000000e-01 -2.7728186241966529e-02
7.0410156250000000e-01 -3.1812112001899831e-02
7.0605468750000000e-01 -3.5290587480463147e-02
7.0800781250000000e-01 -3.8205969643183124e-02
7.0996093750000000e-01 -4.0599254319986157e-02
7.1191406250000000e-01 -4.2510032042495816e-02
7.1386718750000000e-01 -4.3976450962868889e-02
7.1582031250000000e-01 -4.5035186655722308e-02
7.1777343750000000e-01 -4.5721418584758117e-02
7.1972656250000000e-01 -4.6068812997593266e-02
7.2167968750000000e-01 -4.6109511996056389e-02
7.2363281250000000e-01 -4.5874128514831955e-02
7.2558593750000000e-01 -4.5391746928804481e-02
7.2753906250000000e-01 -4.4689928998768585e-02
7.2949218750000000e-01 -4.3794724856298935e-02
7.3144531250000000e-01 -4.2730688721484215e-02
7.3339843750000000e-01 -4.1520899041881283e-02
7.3535156250000000e-01 -4.0186982737388868e-02
7.3730468750000000e-01 -3.8749143233720078e-02
7.3925781250000000e-01 -3.7226191966708559e-02
7.4121093750000000e-01 -3.5635583040743130e-02
7.4316406250000000e-01 -3.3993450727121011e-02
7.4511718750000000e-01 -3.2314649491960085e-02
7.4707031250000000e-01 -3.0612796248436151e-02
7.4902343750000000e-01 -2.8900314534425639e-02
7.5097656250000000e-01 -2.7188480324052237e-02
7.5292968750000000e-01 -2.5487469190066218e-02
7.5488281250000000e-01 -2.3806404543337906e-02
7.5683593750000000e-01 -2.2153406685930375e-02
7.5878906250000000e-01 -2.0535642425137605e-02
7.6074218750000000e-01 -1.8959375007442960e-02
7.6269531250000000e-01 -1.7430014143476606e-02
7.6464843750000000e-01 -1.5952165907639954e-02
7.6660156250000000e-01 -1.4529682309032527e-02
7.6855468750000000e-01 -1.3165710343575512e-02
7.7050781250000000e-01 -1.1862740350693186e-02
7.7246093750000000e-01 -1.0622653511508092e-02
7.7441406250000000e-01 -9.4467683391508891e-03
7.7636718750000000e-01 -8.3358860254070886e-03
7.7832031250000000e-01 -7.2903345214508936e-03
7.8027343750000000e-01 -6.3100112437849297e-03
7.8222656250000000e-01 -5.3944243096515059e-03
7.8417968750000000e-01 -4.5427322190497998e-03
7.8613281250000000e-01 -3.7537819130300477e-03
7.8808593750000000e-01 -3.0261451500927655e-03
7.9003906250000000e-01 -2.3581531542543042e-03
7.9199218750000000e-01 -1.7479294996107075e-03
7.9394531250000000e-01 -1.1934212070054062e-03
7.9589843750000000e-01 -6.9242803865319125e-04
7.9785156250000000e-01 -2.4262998626793051e-04
7.9980468750000000e-01 1.5838704263606207e-04
8.0175781250000000e-01 5.1310732706545572e-04
8.0371093750000000e-01 8.2406320235578652e-04
8.0566406250000000e-01 1.0938146690054943e-03
8.0761718750000000e-01 1.3249307053646085e-03
8.0957031250000000e-01 1.5199722429084842e-03
8.1152343750000000e-01 1.6814767573386405e-03
8.1347656250000000e-01 1.8119444238676140e-03
8.1542968750000000e-01 1.9138257807530014e-03
8.1738281250000000e-01 1.9895108414350040e-03
8.1933593750000000e-01 2.0413195924864321e-03
8.2128906250000000e-01 2.0714938119867658e-03
8.2324218750000000e-01 2.0821901408625090e-03
8.2519531250000000e-01 2.0754743381730775e-03
8.2714843750000000e-01 2.0533166502413711e-03
8.2910156250000000e-01 2.0175882229060880e-03
8.3105468750000000e-01 1.9700584859827131e-03
8.3300781250000000e-01 1.9123934392349330e-03
8.3496093750000000e-01 1.8461547697501161e-03
8.3691406250000000e-01 1.7727997315532158e-03
8.3886718750000000e-01 1.6936817195543519e-03
8.4082031250000000e-01 1.6100514714775577e-03
8.4277343750000000e-01 1.5230588332331148e-03
8.4472656250000000e-01 1.4337550252450802e-03
8.4667968750000000e-01 1.3430953495008849e-03
8.4863281250000000e-01 1.2519422795238444e-03
8.5058593750000000e-01 1.1610688780551986e-03
8.5253906250000000e-01 1.0711624899439310e-03
8.5449218750000000e-01 9.8282866055506729e-04
8.5644531250000000e-01 8.9659523289635935e-04
8.5839843750000000e-01 8.1291657960642428e-04
8.6035156250000000e-01 7.3217792892277332e-04
8.6230468750000000e-01 6.5469974673537971e-04
8.6425781250000000e-01 5.8074213981134228e-04
8.6621093750000000e-01 5.1050924823111538e-04
8.6816406250000000e-01 4.4415359799029950e-04
8.7011718750000000e-01 3.8178038757815676e-04
8.7207031250000000e-01 3.2345168513129126e-04
8.7402343750000000e-01 2.6919051546611813e-04
8.7597656250000000e-01 2.1898481890609498e-04
8.7792968750000000e-01 1.7279126632975720e-04
8.7988281250000000e-01 1.3053891726531736e-04
8.8183593750000000e-01 9.2132710140166579e-05
8.8378906250000000e-01 5.7456775953513574e-05
8.8574218750000000e-01 2.6377568673282575e-05
8.8769531250000000e-01 -1.2531924389244467e-06
8.8964843750000000e-01 -2.5595771600607892e-05
8.9160156250000000e-01 -4.6819857767679598e-05
8.9355468750000000e-01 -6.5102198265546885e-05
8.9550781250000000e-01 -8.0624423306369672e-05
8.9746093750000000e-01 -9.3571058667127623e-05
8.9941406250000000e-01 -1.0412772269209600e-04
9.0136718750000000e-01 -1.1247950279796714e-04
9.0332031250000000e-01 -1.1880950579651504e-04
9.0527343750000000e-01 -1.2329757560417256e-04
9.0722656250000000e-01 -1.2611917127551008e-04
9.0917968750000000e-01 -1.2744439777327807e-04
9.1113281250000000e-01 -1.2743718146598692e-04
9.1308593750000000e-01 -1.2625458201923575e-04
9.1503906250000000e-01 -1.2404623211325220e-04
9.1699218750000000e-01 -1.2095389627027724e-04
9.1894531250000000e-01 -1.1711114000533499e-04
9.2089843750000000e-01 -1.1264310051632149e-04
9.2285156250000000e-01 -1.0766635019796212e-04
9.2480468750000000e-01 -1.0228884439280808e-04
9.2675781250000000e-01 -9.6609944974914924e-05
9.2871093750000000e-01 -9.0720511592118765e-05
9.3066406250000000e-01 -8.4703052665008143e-05
9.3261718750000000e-01 -7.8631928549032911e-05
9.3457031250000000e-01 -7.2573599605166121e-05
9.3652343750000000e-01 -6.6586912288794640e-05
9.3847656250000000e-01 -6.0723416750972783e-05
9.4042968750000000e-01 -5.5027709845958218e-05
9.4238281250000000e-01 -4.9537797849460283e-05
9.4433593750000000e-01 -4.4285473608911617e-05
9.4628906250000000e-01 -3.9296703266239980e-05
9.4824218750000000e-01 -3.4592018111235761e-05
9.5019531250000000e-01 -3.0186907536114799e-05
9.5214843750000000e-01 -2.6092209465950302e-05
9.5410156250000000e-01 -2.2314495032221700e-05
9.5605468750000000e-01 -1.8856444634973057e-05
9.5800781250000000e-01 -1.5717212900381337e-05
9.5996093750000000e-01 -1.2892780382517851e-05
9.6191406250000000e-01 -1.0376290178550370e-05
9.6386718750000000e-01 -8.1583679235743996e-06
9.6582031250000000e-01 -6.2274239028419969e-06
9.6777343750000000e-01 -4.5699362636917828e-06
9.6972656250000000e-01 -3.1707145254262618e-06
9.7167968750000000e-01 -2.0131427713053601e-06
9.7363281250000000e-01 -1.0794020614036700e-06
9.7558593750000000e-01 -3.5067172707845851e-07
9.7753906250000000e-01 1.9269070394599339e-07
9.7949218750000000e-01 5.7099114945595338e-07
9.8144531250000000e-01 8.0506236164466341e-07
9.8339843750000000e-01 9.1614926247252811e-07
9.8535156250000000e-01 9.2581648221564248e-07
9.8730468750000000e-01 8.5587845405525653e-07
9.8925781250000000e-01 7.2835255346867374e-07
9.9121093750000000e-01 5.6543594777463056e-07
9.9316406250000000e-01 3.8950703933496871e-07
9.9511718750000000e-01 2.2315264644665725e-07
9.9707031250000000e-01 8.9222369640121954e-08
9.9902343750000000e-01 1.0911938613553532e-08
1.0000000000000000e+00 0.0000000000000000e+00
