# P x psi_num psi_exact psi_err v_num v_exact v_err
1 1.5625000000000000e-02 7.3573899095971318e-01 7.3531575544477701e-01 4.2323551493617106e-04 3.6790012959664758e-01 3.6765787772238850e-01 2.4225187425908068e-04
2 4.6875000000000000e-02 7.3219660678102316e-01 7.3177714287720363e-01 4.1946390381952803e-04 3.6612868091904782e-01 3.6588857143860182e-01 2.4010948044600466e-04
3 7.8125000000000000e-02 7.2514595351974709e-01 7.2473399651548509e-01 4.1195700426199799e-04 3.6260284358298855e-01 3.6236699825774255e-01 2.3584532524600910e-04
4 1.0937500000000000e-01 7.1465493282107417e-01 7.1425414570926005e-01 4.0078711181412707e-04 3.5735657332943721e-01 3.5712707285463002e-01 2.2950047480718716e-04
5 1.4062500000000000e-01 7.0082457894930028e-01 7.0043851715066185e-01 3.8606179863842627e-04 3.5044039460883025e-01 3.5021925857533093e-01 2.2113603349932509e-04
6 1.7187500000000000e-01 6.8378808577265782e-01 6.8342016289510044e-01 3.6792287755738062e-04 3.4192091400302010e-01 3.4171008144755022e-01 2.1083255546988644e-04
7 2.0312500000000000e-01 6.6370952403353090e-01 6.6336297899723562e-01 3.4654503629527600e-04 3.3188017876746601e-01 3.3168148949861781e-01 1.9868926884819560e-04
8 2.3437500000000000e-01 6.4078226125752691e-01 6.4046012710237610e-01 3.2213415515081056e-04 3.2041488667130208e-01 3.2023006355118805e-01 1.8482312011403046e-04
9 2.6562500000000000e-01 6.1522709951848586e-01 6.1493217419424140e-01 2.9492532424446605e-04 3.0763545474498205e-01 3.0746608709712070e-01 1.6936764786135150e-04
10 2.9687500000000000e-01 5.8729014899383691e-01 5.8702496841433560e-01 2.6518057950131180e-04 2.9366495590391134e-01 2.9351248420716780e-01 1.5247169674353911e-04
11 3.2812500000000000e-01 5.5724045778902120e-01 5.5700727140994966e-01 2.3318637907154827e-04 2.7863793368897422e-01 2.7850363570497483e-01 1.3429798399938742e-04
12 3.5937500000000000e-01 5.2536742085717514e-01 5.2516817001257832e-01 1.9925084459682108e-04 2.6269910653871270e-01 2.6258408500628916e-01 1.1502153242354263e-04
13 3.9062500000000000e-01 4.9197799296752120e-01 4.9181429217370137e-01 1.6370079381983205e-04 2.4600197407162724e-01 2.4590714608685069e-01 9.4827984776557628e-05
14 4.2187500000000000e-01 4.5739373256315902e-01 4.5726685396999162e-01 1.2687859316740102e-04 2.2870733880095759e-01 2.2863342698499581e-01 7.3911815961780203e-05
15 4.5312500000000000e-01 4.2194770497746203e-01 4.2185856611690137e-01 8.9138860560666888e-05 2.1098175751857659e-01 2.1092928305845068e-01 5.2474460125906397e-05
16 4.8437500000000000e-01 3.8598127483285116e-01 3.8593042978259523e-01 5.0845050255932112e-05 1.9299593726201403e-01 1.9296521489129762e-01 3.0722370716412817e-05
17 5.1562500000000000e-01 3.4984081851286336e-01 3.4982845256028949e-01 1.2365952573867300e-05 1.7492309131239100e-01 1.7491422628014475e-01 8.8650322462580089e-06
18 5.4687500000000000e-01 3.1387438836824910e-01 3.1390031622598330e-01 -2.5927857734198145e-05 1.5693727105582736e-01 1.5695015811299165e-01 -1.2887057164290283e-05
19 5.7812500000000000e-01 2.7842836078255079e-01 2.7849202837289311e-01 -6.3667590342320057e-05 1.3921168977344237e-01 1.3924601418644655e-01 -3.4324413004188647e-05
20 6.0937500000000000e-01 2.4384410037818913e-01 2.4394459016918330e-01 -1.0048979099416822e-04 1.2191705450277462e-01 1.2197229508459165e-01 -5.5240581817023182e-05
21 6.4062500000000000e-01 2.1045467248853517e-01 2.1059071233030643e-01 -1.3603984177126827e-04 1.0521992203568827e-01 1.0529535616515322e-01 -7.5434129464951871e-05
22 6.7187500000000000e-01 1.7858163555668666e-01 1.7875161093293498e-01 -1.6997537624832693e-04 8.9281094885424586e-02 8.9375805466467492e-02 -9.4710581042906083e-05
23 7.0312500000000000e-01 1.4853194435187111e-01 1.4873391392854909e-01 -2.0196957667797943e-04 7.4254072670490168e-02 7.4366956964274547e-02 -1.1288429378437936e-04
24 7.3437500000000000e-01 1.2059499382722330e-01 1.2082670814864331e-01 -2.3171432142000958e-04 6.0283573829418548e-02 6.0413354074321655e-02 -1.2978024490310769e-04
25 7.6562500000000000e-01 9.5039832088184450e-02 9.5298755240508737e-02 -2.5892315232428631e-04 4.7504141903100816e-02 4.7649377620254368e-02 -1.4523571715355232e-04
26 7.9687500000000000e-01 7.2112569312175565e-02 7.2395903345649035e-02 -2.8333403347347019e-04 3.6038849806936002e-02 3.6197951672824517e-02 -1.5910186588851544e-04
27 8.2812500000000000e-01 5.2034007573046062e-02 5.2338719447784267e-02 -3.0471187473820466e-04 2.5998114571377125e-02 2.6169359723892133e-02 -1.7124515251500799e-04
28 8.5937500000000000e-01 3.4997514396402189e-02 3.5320365192222820e-02 -3.2285079582063114e-04 1.7478633965566599e-02 1.7660182596111410e-02 -1.8154863054481093e-04
29 8.9062500000000000e-01 2.1167160524629174e-02 2.1504736633624604e-02 -3.3757610899542989e-04 1.0562455244959485e-02 1.0752368316812302e-02 -1.8991307185281699e-04
30 9.2187500000000000e-01 1.0676139825952983e-02 1.1024885827399611e-02 -3.4874600144662801e-04 5.3161849914038894e-03 5.5124429136998053e-03 -1.9625792229591588e-04
31 9.5312500000000000e-01 3.6254865646770411e-03 3.9817394656810352e-03 -3.5625290100399411e-04 1.7903476553441651e-03 1.9908697328405176e-03 -2.0052207749635250e-04
32 9.8437500000000000e-01 8.3102385986598063e-05 4.4312689810770416e-04 -3.6002451212110607e-04 1.8898977745529069e-05 2.2156344905385208e-04 -2.0266447130832301e-04
