# P x psi_num psi_exact psi_err v_num v_exact v_err
1 3.1250000000000000e-02 7.3567652572332909e-01 7.3398744228196477e-01 1.6890834413643141e-03 3.6795979888317987e-01 3.6699372114098239e-01 9.6607774219747977e-04
2 9.3750000000000000e-02 7.2154714811080500e-01 7.1991811711501974e-01 1.6290309957852633e-03 3.6089105300957530e-01 3.5995905855750987e-01 9.3199445206543219e-04
3 1.5625000000000000e-01 6.9383137694355979e-01 6.9232014305712697e-01 1.5112338864328168e-03 3.4702520920209201e-01 3.4616007152856348e-01 8.6513767352852655e-04
4 2.1875000000000000e-01 6.5359431376437005e-01 6.5225409477420926e-01 1.3402189901607908e-03 3.2689512406219939e-01 3.2612704738710463e-01 7.6807667509476429e-04
5 2.8125000000000000e-01 6.0238224634600124e-01 6.0125968803248020e-01 1.1225583135210382e-03 3.0127438547273344e-01 3.0062984401624010e-01 6.4454145649334160e-04
6 3.4375000000000000e-01 5.4216322571928799e-01 5.4129660928503187e-01 8.6661643425611778e-04 2.7114758404941924e-01 2.7064830464251594e-01 4.9927940690330797e-04
7 4.0625000000000000e-01 4.7525143507569789e-01 4.7466920602044643e-01 5.8222905525145974e-04 2.3767247587564916e-01 2.3733460301022322e-01 3.3787286542594219e-04
8 4.6875000000000000e-01 4.0421825700510045e-01 4.0393793198110406e-01 2.8032502399638615e-04 2.0213549058548172e-01 2.0196896599055203e-01 1.6652459492969007e-04
9 5.3125000000000000e-01 3.3179345670487748e-01 3.3182095036178072e-01 -2.7493656903243568e-05 1.6590229459424560e-01 1.6591047518089036e-01 -8.1805866447570708e-06
10 5.9375000000000000e-01 2.6076027863427681e-01 2.6108967632243829e-01 -3.2939768816148129e-04 1.3036530930407542e-01 1.3054483816121915e-01 -1.7952885714372924e-04
11 6.5625000000000000e-01 1.9384848799068496e-01 1.9446227305785282e-01 -6.1378506716786019e-04 9.6890201130302833e-02 9.7231136528926412e-02 -3.4093539862357913e-04
12 7.1875000000000000e-01 1.3362946736397138e-01 1.3449919431040447e-01 -8.6972694643308590e-04 6.6763399706988621e-02 6.7249597155202234e-02 -4.8619744821361277e-04
13 7.8125000000000000e-01 8.2417399945602932e-02 8.3504787568675368e-02 -1.0873876230724361e-03 4.1142661117524175e-02 4.1752393784337684e-02 -6.0973266681350891e-04
14 8.4375000000000000e-01 4.2180336766410718e-02 4.3438739285757651e-02 -1.2584025193469323e-03 2.1012575977628449e-02 2.1719369642878825e-02 -7.0679366525037632e-04
15 9.0625000000000000e-01 1.4464565599165738e-02 1.5840765227864942e-02 -1.3761996286992036e-03 7.1467321701453122e-03 7.9203826139324709e-03 -7.7365044378715879e-04
16 9.6875000000000000e-01 3.3518798664175227e-04 1.7714400609199861e-03 -1.4362520742782338e-03 7.7986296541601884e-05 8.8572003045999303e-04 -8.0773373391839116e-04
