# P x phi_num phi_exact phi_err mu_num mu_exact mu_err
1 9.7656250000000000e-04 5.2650186806512633e-01 1.2279486633289569e+00 -7.0144679526383058e-01 -4.5868812000307639e+02 1.1788307167957985e+00 -4.5986695071987219e+02
2 2.9296875000000000e-03 -1.4189730270791401e-01 1.2251687983447936e+00 -1.3670661010527076e+00 -9.5909108964506800e+02 1.1761620464110019e+00 -9.6026725169147903e+02
3 4.8828125000000000e-03 -4.0220032387549315e-01 1.2224076279766618e+00 -1.6246079518521550e+00 -9.5204785257317781e+02 1.1735113228575953e+00 -9.5322136389603543e+02
4 6.8359375000000000e-03 -2.9104173042423076e-01 1.2196651100923914e+00 -1.5107068405166222e+00 -3.7379582934977429e+02 1.1708785056886957e+00 -3.7496670785546297e+02
5 8.7890625000000000e-03 -5.2109373365764072e-02 1.2169412028444275e+00 -1.2690505762101916e+00 1.4485166059852261e+02 1.1682635547306504e+00 1.4368339704379196e+02
6 1.0742187500000000e-02 1.3654300807928879e-01 1.2142358646691911e+00 -1.0776928565899022e+00 5.4938073337673836e+02 1.1656664300824233e+00 5.4821506694665595e+02
7 1.2695312500000000e-02 1.3934829257273404e-01 1.2115490542864449e+00 -1.0722007617137108e+00 3.7738383060998251e+02 1.1630870921149870e+00 3.7622074351786750e+02
8 1.4648437500000000e-02 2.8222209005861598e-02 1.2088807306986642e+00 -1.1806585216928025e+00 3.4062878652505489e+01 1.1605255014707176e+00 3.2902353151034774e+01
9 1.6601562500000000e-02 -6.9477601246624998e-02 1.2062308531904105e+00 -1.2757084544370354e+00 -1.6580377325386013e+02 1.1579816190627941e+00 -1.6696175487292291e+02
10 1.8554687500000000e-02 -8.2382618040475850e-02 1.2035993813277102e+00 -1.2859819993681860e+00 -1.7037112945336690e+02 1.1554554060746016e+00 -1.7152658485944150e+02
11 2.0507812500000000e-02 -1.9172011677151799e-02 1.2009862749574380e+00 -1.2201582866345899e+00 3.9589015826130293e+01 1.1529468239591405e+00 3.8436069002171152e+01
12 2.2460937500000000e-02 2.0401832026870806e-02 1.1983914942067049e+00 -1.1779896621798340e+00 7.4854910550479318e+01 1.1504558344384366e+00 7.3704454716040885e+01
13 2.4414062500000000e-02 1.9584419364486759e-02 1.1958149994822480e+00 -1.1762305801177613e+00 4.7896815169705306e+01 1.1479823995029581e+00 4.6748832770202348e+01
14 2.6367187500000000e-02 -9.2121628234000264e-03 1.1932567514698276e+00 -1.2024689142932277e+00 -6.9926291874154828e+01 1.1455264814110344e+00 -7.1071818355565867e+01
15 2.8320312500000000e-02 -6.2137118529257320e-03 1.1907167111336274e+00 -1.1969304229865532e+00 -1.9823477390715738e+01 1.1430880426882823e+00 -2.0966565433404021e+01
16 3.0273437500000000e-02 1.1012711503687701e-02 1.1881948397156590e+00 -1.1771821282119712e+00 5.9262109764207089e+01 1.1406670461270325e+00 5.8121442718080054e+01
17 3.2226562500000000e-02 -8.9333118172728928e-04 1.1856910987351690e+00 -1.1865844299168962e+00 -3.8901781155620462e+01 1.1382634547857622e+00 -4.0040044610406227e+01
18 3.4179687500000000e-02 -7.1604932867602895e-03 1.1832054499880529e+00 -1.1903659432748133e+00 1.4038623079721706e+01 1.1358772319885306e+00 1.2902745847733176e+01
19 3.6132812500000000e-02 2.5825939564644192e-03 1.1807378555462733e+00 -1.1781552615898090e+00 -3.1674741506427475e+00 1.1335083413244222e+00 -4.3009824919671695e+00
20 3.8085937500000000e-02 2.7784927359493024e-03 1.1782882777572790e+00 -1.1755097850213296e+00 4.1866833793514358e-01 1.1311567466469878e+00 -7.1248840871184427e-01
21 4.0039062500000000e-02 -1.1758519944312573e-03 1.1758566792434313e+00 -1.1770325312378624e+00 8.0505594208622223e-04 1.1288224120736940e+00 -1.1280173561316078e+00
22 4.1992187500000000e-02 -1.3044076607892034e-03 1.1734430229014348e+00 -1.1747474305622239e+00 3.9679892811703969e-02 1.1265053019853772e+00 -1.0868254091736733e+00
23 4.3945312500000000e-02 2.2054575909593015e-04 1.1710472719017693e+00 -1.1708267261426732e+00 -8.4964673511524810e-03 1.1242053810256984e+00 -1.1327018483768510e+00
24 4.5898437500000000e-02 3.9938603751369804e-05 1.1686693896881293e+00 -1.1686294510843780e+00 -1.5790211062797686e-02 1.1219226141006040e+00 -1.1377128251634017e+00
25 4.7851562500000000e-02 1.9009531900215481e-03 1.1663093399768656e+00 -1.1644083867868440e+00 -4.1571615733771175e-02 1.1196569663777909e+00 -1.1612285821115620e+00
26 4.9804687500000000e-02 -9.1486934038138975e-04 1.1639670867564316e+00 -1.1648819560968129e+00 7.5234844699309071e-03 1.1174084032861742e+00 -1.1098849188162432e+00
27 5.1757812500000000e-02 -6.1353464892553993e-04 1.1616425942868340e+00 -1.1622561289357596e+00 2.0301620051179785e-02 1.1151768905153607e+00 -1.0948752704641809e+00
28 5.3710937500000000e-02 -6.1212288845427580e-05 1.1593358270990874e+00 -1.1593970393879329e+00 1.6342603626438156e-02 1.1129623940151239e+00 -1.0966197903886856e+00
29 5.5664062500000000e-02 -6.4325817721405535e-04 1.1570467499946733e+00 -1.1576900081718873e+00 -3.9058554953358762e-04 1.1107648799948864e+00 -1.1111554655444200e+00
30 5.7617187500000000e-02 2.0566660355546295e-03 1.1547753280450024e+00 -1.1527186620094478e+00 -2.3173520858840811e-02 1.1085843149232022e+00 -1.1317578357820430e+00
31 5.9570312500000000e-02 -1.6254337647696520e-03 1.1525215265908826e+00 -1.1541469603556522e+00 6.1059666323637699e-04 1.1064206655272473e+00 -1.1058100688640109e+00
32 6.1523437500000000e-02 7.6922504065121667e-04 1.1502853112419886e+00 -1.1495160862013374e+00 1.0215299539810088e-02 1.1042738987923091e+00 -1.0940585992524989e+00
33 6.3476562500000000e-02 -7.4231563844053786e-04 1.1480666478763393e+00 -1.1488089635147798e+00 2.1392338371051616e-03 1.1021439819612857e+00 -1.1000047481241806e+00
34 6.5429687500000000e-02 7.4099386053935127e-04 1.1458655026397748e+00 -1.1451245087792354e+00 -6.7519314657501339e-03 1.1000308825341838e+00 -1.1067828139999338e+00
35 6.7382812500000000e-02 -3.6710574812866308e-04 1.1436818419454418e+00 -1.1440489476935705e+00 1.0334009047246152e-03 1.0979345682676240e+00 -1.0969011673628994e+00
36 6.9335937500000000e-02 2.7889484149201053e-05 1.1415156324732805e+00 -1.1414877429891312e+00 3.2846201388234816e-03 1.0958550071743491e+00 -1.0925703870355257e+00
37 7.1289062500000000e-02 1.1678216745704656e-05 1.1393668411695144e+00 -1.1393551629527687e+00 -2.0141708804666319e-03 1.0937921675227338e+00 -1.0958063384032004e+00
38 7.3242187500000000e-02 8.5533454657195189e-06 1.1372354352461493e+00 -1.1372268819006837e+00 4.6372769733013107e-04 1.0917460178363034e+00 -1.0912822901389734e+00
39 7.5195312500000000e-02 5.0140555405179914e-05 1.1351213821804704e+00 -1.1350712416250652e+00 -1.7252150101342862e-03 1.0897165268932516e+00 -1.0914417419033859e+00
40 7.7148437500000000e-02 -6.5919568326676278e-05 1.1330246497145469e+00 -1.1330905692828734e+00 1.8470150761454849e-03 1.0877036637259649e+00 -1.0858566486498196e+00
41 7.9101562500000000e-02 -1.2974134903722953e-05 1.1309452058547393e+00 -1.1309581799896431e+00 -5.3833895076840115e-04 1.0857073976205498e+00 -1.0862457365713183e+00
42 8.1054687500000000e-02 7.5531729854544307e-05 1.1288830188712127e+00 -1.1288074871413580e+00 2.6495548547919909e-04 1.0837276981163642e+00 -1.0834627426308849e+00
43 8.3007812500000000e-02 -1.3750410224307516e-04 1.1268380572974501e+00 -1.1269755613996932e+00 1.8381586349782239e-04 1.0817645350055520e+00 -1.0815807191420541e+00
44 8.4960937500000000e-02 2.0762350708975434e-04 1.1248102899297752e+00 -1.1246026664226854e+00 -1.0057205865347876e-03 1.0798178783325840e+00 -1.0808235989191188e+00
45 8.6914062500000000e-02 -2.6042501718070884e-04 1.1227996858268738e+00 -1.1230601108440545e+00 1.0947369263236747e-03 1.0778876983937988e+00 -1.0767929614674752e+00
46 8.8867187500000000e-02 2.5321492038426959e-04 1.1208062143093231e+00 -1.1205529993889389e+00 -1.0439878657149061e-03 1.0759739657369503e+00 -1.0770179536026652e+00
47 9.0820312500000000e-02 -2.0011975302122674e-04 1.1188298449591230e+00 -1.1190299647121442e+00 6.7931731885412087e-04 1.0740766511607580e+00 -1.0733973338419038e+00
48 9.2773437500000000e-02 1.1696589147755195e-04 1.1168705476192320e+00 -1.1167535817277545e+00 7.8985019211511237e-05 1.0721957257144628e+00 -1.0721167406952512e+00
49 9.4726562500000000e-02 -6.6373534985107087e-05 1.1149282923931074e+00 -1.1149946659280925e+00 -2.4243098354536150e-04 1.0703311606973831e+00 -1.0705735916809285e+00
50 9.6679687500000000e-02 4.1758850057535202e-05 1.1130030496442489e+00 -1.1129612907941913e+00 2.7728509066127874e-05 1.0684829276584789e+00 -1.0684551991494127e+00
51 9.8632812500000000e-02 -3.8001986585150500e-05 1.1110947899957460e+00 -1.1111327919823311e+00 5.8612309231891653e-05 1.0666509983959160e+00 -1.0665923860866842e+00
52 1.0058593750000000e-01 3.0111686457463247e-05 1.1092034843298300e+00 -1.1091733726433726e+00 -9.8518411838834107e-05 1.0648353449566368e+00 -1.0649338633684757e+00
53 1.0253906250000000e-01 -2.5009740814284456e-05 1.1073291037874302e+00 -1.1073541135282445e+00 -5.9873121900656467e-05 1.0630359396359330e+00 -1.0630958127578336e+00
54 1.0449218750000000e-01 1.4117687030279107e-05 1.1054716197677328e+00 -1.1054575020807025e+00 2.3868675096559003e-04 1.0612527549770234e+00 -1.0610140682260578e+00
55 1.0644531250000000e-01 -2.0822446499209260e-05 1.1036310039277450e+00 -1.1036518263742443e+00 -1.7200387478182407e-04 1.0594857637706352e+00 -1.0596577676454171e+00
56 1.0839843750000000e-01 2.3772291480842093e-05 1.1018072281818625e+00 -1.1017834558903816e+00 1.1896871391556073e-04 1.0577349390545880e+00 -1.0576159703406725e+00
57 1.1035156250000000e-01 -3.0888751029385579e-05 1.1000002647014402e+00 -1.1000311534524696e+00 -1.3577760789132022e-04 1.0560002541133826e+00 -1.0561360317212740e+00
58 1.1230468750000000e-01 3.1139402901422370e-05 1.0982100859143682e+00 -1.0981789465114669e+00 5.0762297286188762e-05 1.0542816824777934e+00 -1.0542309201805071e+00
59 1.1425781250000000e-01 -3.7219652222753281e-05 1.0964366645046519e+00 -1.0964738841568746e+00 2.7729966570785126e-05 1.0525791979244659e+00 -1.0525514679578951e+00
60 1.1621093750000000e-01 3.1930333527127169e-05 1.0946799734119932e+00 -1.0946480430784660e+00 -8.6239480681253914e-06 1.0508927744755134e+00 -1.0509013984235815e+00
61 1.1816406250000000e-01 -3.0574455610637273e-05 1.0929399858313791e+00 -1.0929705602869897e+00 -1.7968344426900413e-05 1.0492223863981238e+00 -1.0492403547425506e+00
62 1.2011718750000000e-01 2.1596929273638011e-05 1.0912166752126728e+00 -1.0911950782833992e+00 1.8893056598429756e-05 1.0475680082041658e+00 -1.0475491151475673e+00
63 1.2207031250000000e-01 -2.0436318175461420e-05 1.0895100152602075e+00 -1.0895304515783830e+00 -3.2898900687335948e-05 1.0459296146497992e+00 -1.0459625135504864e+00
64 1.2402343750000000e-01 1.3900849594001671e-05 1.0878199799323860e+00 -1.0878060790827919e+00 6.5233998843138710e-05 1.0443071807350905e+00 -1.0442419467362474e+00
65 1.2597656250000000e-01 -1.5979459130901047e-05 1.0861465434412825e+00 -1.0861625229004135e+00 -8.8013025402699759e-05 1.0427006817036311e+00 -1.0427886947290337e+00
66 1.2792968750000000e-01 1.2887935521090944e-05 1.0844896802522506e+00 -1.0844767923167296e+00 8.3391532997102971e-05 1.0411100930421604e+00 -1.0410267015091632e+00
67 1.2988281250000000e-01 -1.8240025668172159e-05 1.0828493650835316e+00 -1.0828676051091997e+00 -6.4912588170434196e-05 1.0395353904801903e+00 -1.0396003030683607e+00
68 1.3183593750000000e-01 1.7066669608117979e-05 1.0812255729058711e+00 -1.0812085062362629e+00 4.8816658940780794e-05 1.0379765499896363e+00 -1.0379277333306955e+00
69 1.3378906250000000e-01 -2.2063173334042664e-05 1.0796182789421354e+00 -1.0796403421154694e+00 -3.4514738471936367e-05 1.0364335477844500e+00 -1.0364680625229219e+00
70 1.3574218750000000e-01 1.9046481090543095e-05 1.0780274586669329e+00 -1.0780084121858424e+00 1.6374608506443086e-05 1.0349063603202555e+00 -1.0348899857117491e+00
71 1.3769531250000000e-01 -2.1732125034558751e-05 1.0764530878062428e+00 -1.0764748199312775e+00 -7.5273046616774618e-07 1.0333949642939930e+00 -1.0333957170244592e+00
72 1.3964843750000000e-01 1.6361781980440461e-05 1.0748951423370408e+00 -1.0748787805550604e+00 -5.6132847237729217e-07 1.0318993366435592e+00 -1.0318998979720315e+00
73 1.4160156250000000e-01 -1.7238499919087474e-05 1.0733535984869360e+00 -1.0733708369868551e+00 -1.0308573138997586e-05 1.0304194545474585e+00 -1.0304297631205976e+00
74 1.4355468750000000e-01 1.1543707375512394e-05 1.0718284327338057e+00 -1.0718168890264301e+00 1.8732478574859354e-05 1.0289552954244534e+00 -1.0289365629458787e+00
75 1.4550781250000000e-01 -1.3304776006235598e-05 1.0703196218054378e+00 -1.0703329265814441e+00 -2.3548389974613290e-05 1.0275068369332203e+00 -1.0275303853231950e+00
76 1.4746093750000000e-01 8.7133776452857207e-06 1.0688271426791758e+00 -1.0688184293015306e+00 3.0279035751368404e-05 1.0260740569720088e+00 -1.0260437779362575e+00
77 1.4941406250000000e-01 -1.1522425785919717e-05 1.0673509725815657e+00 -1.0673624950073517e+00 -3.5010868372358834e-05 1.0246569336783031e+00 -1.0246919445466756e+00
78 1.5136718750000000e-01 8.1582876034521135e-06 1.0658910889880115e+00 -1.0658829307004081e+00 3.2534151564931894e-05 1.0232554454284910e+00 -1.0232229112769260e+00
79 1.5332031250000000e-01 -1.1905781995890712e-05 1.0644474696224286e+00 -1.0644593754044245e+00 -2.6038279206735610e-05 1.0218695708375314e+00 -1.0218956091167382e+00
80 1.5527343750000000e-01 8.7223630013329691e-06 1.0630200924569060e+00 -1.0630113700939046e+00 1.7476009527734735e-05 1.0204992887586297e+00 -1.0204818127491020e+00
81 1.5722656250000000e-01 -1.1982456020865097e-05 1.0616089357113689e+00 -1.0616209181673899e+00 -8.3724147215682448e-06 1.0191445782829140e+00 -1.0191529506976356e+00
82 1.5917968750000000e-01 8.0642899787186675e-06 1.0602139778532462e+00 -1.0602059135632675e+00 2.0732205773768783e-06 1.0178054187391163e+00 -1.0178033455185389e+00
83 1.6113281250000000e-01 -1.0546270912331755e-05 1.0588351975971437e+00 -1.0588457438680561e+00 -8.9553067596705470e-07 1.0164817896932579e+00 -1.0164826852239339e+00
84 1.6308593750000000e-01 6.0081962381981155e-06 1.0574725739045174e+00 -1.0574665657082791e+00 2.3576247469613831e-06 1.0151736709483368e+00 -1.0151713133235898e+00
85 1.6503906250000000e-01 -8.1604876485409747e-06 1.0561260859833534e+00 -1.0561342464710020e+00 -4.7524407258094576e-06 1.0138810425440192e+00 -1.0138857949847451e+00
86 1.6699218750000000e-01 3.7215645904076267e-06 1.0547957132878505e+00 -1.0547919917232600e+00 7.5859794903276076e-06 1.0126038847563363e+00 -1.0125962987768460e+00
87 1.6894531250000000e-01 -6.3286041084232606e-06 1.0534814355181061e+00 -1.0534877641222145e+00 -1.0576357492612266e-05 1.0113421780973819e+00 -1.0113527544548746e+00
88 1.7089843750000000e-01 2.5541983433067264e-06 1.0521832326198082e+00 -1.0521806784214649e+00 1.1441862142949740e-05 1.0100959033150159e+00 -1.0100844614528730e+00
89 1.7285156250000000e-01 -5.7800531941893095e-06 1.0509010847839266e+00 -1.0509068648371209e+00 -9.7575421615103612e-06 1.0088650413925695e+00 -1.0088747989347311e+00
90 1.7480468750000000e-01 2.4510090651468286e-06 1.0496349724464136e+00 -1.0496325214373485e+00 6.4667523953781128e-06 1.0076495735485569e+00 -1.0076431067961615e+00
91 1.7675781250000000e-01 -5.8543101944519288e-06 1.0483848762879036e+00 -1.0483907305980980e+00 -3.2387517755909388e-06 1.0064494812363873e+00 -1.0064527199881630e+00
92 1.7871093750000000e-01 2.4871474789384112e-06 1.0471507772334181e+00 -1.0471482900859392e+00 -1.5951342310866417e-08 1.0052647461440813e+00 -1.0052647620954236e+00
93 1.8066406250000000e-01 -5.6608696997854043e-06 1.0459326564520768e+00 -1.0459383173217767e+00 2.4983913285722931e-06 1.0040953501939938e+00 -1.0040928518026653e+00
94 1.8261718750000000e-01 1.9709345696577549e-06 1.0447304953568075e+00 -1.0447285244222380e+00 -3.5635020019095268e-06 1.0029412755425351e+00 -1.0029448390445370e+00
95 1.8457031250000000e-01 -4.7932007817219587e-06 1.0435442756040645e+00 -1.0435490688048461e+00 2.6560508157849673e-06 1.0018025045799019e+00 -1.0017998485290862e+00
96 1.8652343750000000e-01 8.7518489804404218e-07 1.0423739790935476e+00 -1.0423731039086495e+00 -1.2107441037813046e-06 1.0006790199298057e+00 -1.0006802306739095e+00
97 1.8847656250000000e-01 -3.6366670028143792e-06 1.0412195879679269e+00 -1.0412232246349298e+00 -8.7594106047914560e-08 9.9957080444920976e-01 -9.9957089204331584e-01
98 1.9042968750000000e-01 -1.7307473027386212e-07 1.0400810846125690e+00 -1.0400812576872993e+00 7.9523288587320329e-07 9.9847784122806615e-01 -9.9847704599518028e-01
99 1.9238281250000000e-01 -2.7591404670263897e-06 1.0389584516552695e+00 -1.0389612107957364e+00 -1.3765395516160095e-06 9.9740011358905867e-01 -9.9740149012861024e-01
100 1.9433593750000000e-01 -8.3338558333941472e-07 1.0378516719659867e+00 -1.0378525053515701e+00 1.1575218800535148e-06 9.9633760508734726e-01 -9.9633644756546724e-01
101 1.9628906250000000e-01 -2.3125561846834353e-06 1.0367607286565816e+00 -1.0367630412127664e+00 -3.4187386882182030e-07 9.9529029951031833e-01 -9.9529064138418710e-01
102 1.9824218750000000e-01 -1.0838519911028903e-06 1.0356856050805594e+00 -1.0356866889325504e+00 -9.5544413944030966e-07 9.9425818087733697e-01 -9.9425913632147644e-01
103 2.0019531250000000e-01 -2.1687026129480461e-06 1.0346262848328147e+00 -1.0346284535354278e+00 1.8821112187234013e-06 9.9324123343950210e-01 -9.9323935132828334e-01
104 2.0214843750000000e-01 -1.1845876180524989e-06 1.0335827517493836e+00 -1.0335839363370016e+00 -2.7028084909487369e-06 9.9223944167940825e-01 -9.9224214448789916e-01
105 2.0410156250000000e-01 -2.0508794583898198e-06 1.0325549899071942e+00 -1.0325570407866527e+00 3.1028834801783442e-06 9.9125279031090641e-01 -9.9124968742742625e-01
106 2.0605468750000000e-01 -1.3287943683668891e-06 1.0315429836238252e+00 -1.0315443124181936e+00 -3.3558593765255038e-06 9.9028126427887220e-01 -9.9028462013824869e-01
107 2.0800781250000000e-01 -1.8573293900621871e-06 1.0305467174572671e+00 -1.0305485747866572e+00 3.1287487214048375e-06 9.8932484875897642e-01 -9.8932172001025498e-01
108 2.0996093750000000e-01 -1.5544138473332717e-06 1.0295661762056849e+00 -1.0295677306195323e+00 -2.9764942942586212e-06 9.8838352915745753e-01 -9.8838650565175179e-01
109 2.1191406250000000e-01 -1.6040418033782997e-06 1.0286013449071871e+00 -1.0286029489489905e+00 2.7203021434995630e-06 9.8745729111089964e-01 -9.8745457080875609e-01
110 2.1386718750000000e-01 -1.8058112234822092e-06 1.0276522088395987e+00 -1.0276540146508222e+00 -2.7022831734664214e-06 9.8654612048601475e-01 -9.8654882276918821e-01
111 2.1582031250000000e-01 -1.3522572199783522e-06 1.0267187535202333e+00 -1.0267201057774533e+00 2.5146259472823887e-06 9.8565000337942399e-01 -9.8564748875347674e-01
112 2.1777343750000000e-01 -2.0389799602651264e-06 1.0258009647056756e+00 -1.0258030036856358e+00 -2.5051888187611705e-06 9.8476892611744860e-01 -9.8477143130626732e-01
113 2.1972656250000000e-01 -1.1337170419101032e-06 1.0248988283915617e+00 -1.0248999621086035e+00 2.3359067790338814e-06 9.8390287525589915e-01 -9.8390053934912014e-01
114 2.2167968750000000e-01 -2.2249745315862865e-06 1.0240123308123661e+00 -1.0240145557868976e+00 -2.3281522214677356e-06 9.8305183757987136e-01 -9.8305416573209281e-01
115 2.2363281250000000e-01 -9.7206266814077441e-07 1.0231414584411924e+00 -1.0231424305038606e+00 2.1301323752115587e-06 9.8221580010354470e-01 -9.8221366997116943e-01
116 2.2558593750000000e-01 -2.3488943879271925e-06 1.0222861979895654e+00 -1.0222885468839533e+00 -2.1338977932055799e-06 9.8139475006998278e-01 -9.8139688396777602e-01
117 2.2753906250000000e-01 -8.7607814967036591e-07 1.0214465364072303e+00 -1.0214474124853798e+00 2.0304219228155070e-06 9.8058867495094104e-01 -9.8058664452901823e-01
118 2.2949218750000000e-01 -2.4084933319776386e-06 1.0206224608819514e+00 -1.0206248693752833e+00 -2.1548823396115111e-06 9.7979756244667326e-01 -9.7979971732901283e-01
119 2.3144531250000000e-01 -8.3584668175020061e-07 1.0198139588393182e+00 -1.0198147946859999e+00 2.1318379788425055e-06 9.7902140048574549e-01 -9.7901926864776667e-01
120 2.3339843750000000e-01 -2.4267655243514548e-06 1.0190210179425532e+00 -1.0190234447080775e+00 -2.2865571595004508e-06 9.7826017722485104e-01 -9.7826246378201054e-01
121 2.3535156250000000e-01 -8.2181870276742264e-07 1.0182436260923227e+00 -1.0182444479110255e+00 2.2555940105704688e-06 9.7751388104862968e-01 -9.7751162545461912e-01
122 2.3730468750000000e-01 -2.4334548112046217e-06 1.0174817714265534e+00 -1.0174842048813646e+00 -2.3640802853153257e-06 9.7678250056949123e-01 -9.7678486464977654e-01
123 2.3925781250000000e-01 -8.0709246613247199e-07 1.0167354423202510e+00 -1.0167362494127172e+00 2.2599226259823672e-06 9.7606602462744096e-01 -9.7606376470481493e-01
124 2.4121093750000000e-01 -2.4491728178564085e-06 1.0160046273853229e+00 -1.0160070765581408e+00 -2.2967560101323896e-06 9.7536444228990993e-01 -9.7536673904592008e-01
125 2.4316406250000000e-01 -7.8165939235549278e-07 1.0152893154704032e+00 -1.0152900971297956e+00 2.1450997707698558e-06 9.7467774285158704e-01 -9.7467559775181623e-01
126 2.4511718750000000e-01 -2.4723386659619952e-06 1.0145894956606853e+00 -1.0145919679993514e+00 -2.1611374145633340e-06 9.7400591583425788e-01 -9.7400807697167247e-01
127 2.4707031250000000e-01 -7.5502030562868028e-07 1.0139051572777522e+00 -1.0139059122980578e+00 2.0106558773496633e-06 9.7334895098664209e-01 -9.7334694033076474e-01
128 2.4902343750000000e-01 -2.4906697509497199e-06 1.0132362898794158e+00 -1.0132387805491667e+00 -2.0430632486011080e-06 9.7270683828423921e-01 -9.7270888134748779e-01
129 2.5097656250000000e-01 -7.3836132752755594e-07 1.0125828832595565e+00 -1.0125836216208841e+00 1.9163351706213330e-06 9.7207956792917416e-01 -9.7207765159400350e-01
130 2.5292968750000000e-01 -2.4964812033792190e-06 1.0119449274479677e+00 -1.0119474239291710e+00 -1.9722325895339856e-06 9.7146713035004895e-01 -9.7146910258263852e-01
131 2.5488281250000000e-01 -7.3474392028684020e-07 1.0113224127102041e+00 -1.0113231474541244e+00 1.8671438180594429e-06 9.7086951620179585e-01 -9.7086764905797773e-01
132 2.5683593750000000e-01 -2.4908554094073128e-06 1.0107153295474325e+00 -1.0107178204028420e+00 -1.9429807075492143e-06 9.7028671636553510e-01 -9.7028865934624264e-01
133 2.5878906250000000e-01 -7.4067504306238075e-07 1.0101236686962873e+00 -1.0101244093713304e+00 1.8556754540137490e-06 9.6971872194843578e-01 -9.6971686627298181e-01
134 2.6074218750000000e-01 -2.4778809952619765e-06 1.0095474211287285e+00 -1.0095498990097238e+00 -1.9449997946802131e-06 9.6916552428357938e-01 -9.6916746928337405e-01
135 2.6269531250000000e-01 -7.5253404597146668e-07 1.0089865780519056e+00 -1.0089873305859516e+00 1.8661370746084710e-06 9.6862711492982934e-01 -9.6862524879275469e-01
136 2.6464843750000000e-01 -2.4603913484895467e-06 1.0084411309080206e+00 -1.0084435912993690e+00 -1.9567829727014188e-06 9.6810348567169968e-01 -9.6810544245467234e-01
137 2.6660156250000000e-01 -7.6820888335362497e-07 1.0079110713742006e+00 -1.0079118395830839e+00 1.8705445530179824e-06 9.6759462851923250e-01 -9.6759275797467947e-01
138 2.6855468750000000e-01 -2.4398971656334285e-06 1.0073963913623682e+00 -1.0073988312595339e+00 -1.9456593469547226e-06 9.6710053570787347e-01 -9.6710248136722043e-01
139 2.7050781250000000e-01 -7.8679126595355920e-07 1.0068970830191202e+00 -1.0068978698103861e+00 1.8408068994451149e-06 9.6662119969835536e-01 -9.6661935889145589e-01
140 2.7246093750000000e-01 -2.4166815039857465e-06 1.0064131387256061e+00 -1.0064155554071101e+00 -1.8990223213647327e-06 9.6615661317658186e-01 -9.6615851219890325e-01
141 2.7441406250000000e-01 -8.0842174493883380e-07 1.0059445510974123e+00 -1.0059453595191572e+00 1.7818253926225127e-06 9.6570676905351582e-01 -9.6570498722812315e-01
142 2.7636718750000000e-01 -2.3906101293072157e-06 1.0054913129844503e+00 -1.0054937035945797e+00 -1.8320711817362891e-06 9.6527166046507218e-01 -9.6527349253625394e-01
143 2.7832031250000000e-01 -8.3284025223468138e-07 1.0050534174708465e+00 -1.0050542503110989e+00 1.7106640556920587e-06 9.6485128077201265e-01 -9.6484957010795691e-01
144 2.8027343750000000e-01 -2.3624894815599579e-06 1.0046308578748371e+00 -1.0046332203643187e+00 -1.7583046850197881e-06 9.6444562355984353e-01 -9.6444738186452861e-01
145 2.8222656250000000e-01 -8.5874948715634542e-07 1.0042236277486660e+00 -1.0042244864981531e+00 1.6338113119577829e-06 9.6405468263871930e-01 -9.6405304882740739e-01
146 2.8417968750000000e-01 -2.3338916491739462e-06 1.0038317208784868e+00 -1.0038340547701361e+00 -1.6761377415178098e-06 9.6367845204334734e-01 -9.6368012818108884e-01
147 2.8613281250000000e-01 -8.8467211592096922e-07 1.0034551312842677e+00 -1.0034560159563837e+00 1.5447739746005204e-06 9.6331692603289687e-01 -9.6331538125892224e-01
148 2.8808593750000000e-01 -2.3057873359773531e-06 1.0030938532197000e+00 -1.0030961590070360e+00 -1.5800171879557571e-06 9.6297009909091202e-01 -9.6297167910810000e-01
149 2.9003906250000000e-01 -9.1038719675272878e-07 1.0027478811721111e+00 -1.0027487915593079e+00 1.4433005369427672e-06 9.6263796592522666e-01 -9.6263652262468968e-01
150 2.9199218750000000e-01 -2.2776746590447050e-06 1.0024172098623798e+00 -1.0024194875370389e+00 -1.4759120508173576e-06 9.6232052146788460e-01 -9.6232199737993540e-01
151 2.9394531250000000e-01 -9.3689450278836262e-07 1.0021018342448558e+00 -1.0021027711393586e+00 1.3401179715760745e-06 9.6201776087506152e-01 -9.6201642075708993e-01
152 2.9589843750000000e-01 -2.2483610592976586e-06 1.0018017495072833e+00 -1.0018039978683426e+00 -1.3767155125059716e-06 9.6172967952699195e-01 -9.6173105624250443e-01
153 2.9785156250000000e-01 -9.6526388185502433e-07 1.0015169510707262e+00 -1.0015179163346082e+00 1.2470617825852874e-06 9.6145627302789716e-01 -9.6145502596611454e-01
154 2.9980468750000000e-01 -2.2171626397287497e-06 1.0012474345895002e+00 -1.0012496517521399e+00 -1.2902294079708222e-06 9.6119753720592016e-01 -9.6119882743532814e-01
155 3.0175781250000000e-01 -9.9565312878911375e-07 1.0009931959511047e+00 -1.0009941916042335e+00 1.1664219900236364e-06 9.6095346811306048e-01 -9.6095230169107049e-01
156 3.0371093750000000e-01 -2.1844328321075028e-06 1.0007542312761610e+00 -1.0007564157089932e+00 -1.2136956614109772e-06 9.6072406202511451e-01 -9.6072527572077593e-01
157 3.0566406250000000e-01 -1.0273282804369862e-06 1.0005305369183528e+00 -1.0005315642466333e+00 1.0921921769796848e-06 9.6050931544161866e-01 -9.6050822324944163e-01
158 3.0761718750000000e-01 -2.1511097814055262e-06 1.0003221094643711e+00 -1.0003242605741525e+00 -1.1401051129340012e-06 9.6030922508579619e-01 -9.6031036519090918e-01
159 3.0957031250000000e-01 -1.0593091445805806e-06 1.0001289457338611e+00 -1.0001300050430058e+00 1.0183638146055433e-06 9.6012378790450670e-01 -9.6012276954069209e-01
160 3.1152343750000000e-01 -2.1181010336415274e-06 9.9995104277937419e-01 -9.9995316088040787e-01 -1.0657143575305375e-06 9.5995300106819914e-01 -9.5995406678255668e-01
161 3.1347656250000000e-01 -1.0908160665768977e-06 9.9978839788632357e-01 -9.9978948870239015e-01 9.4372488000311963e-07 9.5979686197087055e-01 -9.5979591824599053e-01
162 3.1542968750000000e-01 -2.0860519995077156e-06 9.9964100857294214e-01 -9.9964309462494161e-01 -9.9123417799053804e-07 9.5965536823002440e-01 -9.5965635946420236e-01
163 3.1738281250000000e-01 -1.1213194761090569e-06 9.9950887259024412e-01 -9.9950999390972028e-01 8.6987878519971972e-07 9.5952851768663427e-01 -9.5952764780784905e-01
164 3.1933593750000000e-01 -2.0553930873475252e-06 9.9939198792199224e-01 -9.9939404331507964e-01 -9.1823637028248566e-07 9.5941630840511249e-01 -9.5941722664148277e-01
165 3.2128906250000000e-01 -1.1504870292647383e-06 9.9929035278466527e-01 -9.9929150327169458e-01 7.9789876396215328e-07 9.5931873867327866e-01 -9.5931794077451471e-01
166 3.2324218750000000e-01 -2.0263451124022472e-06 9.9920396562743263e-01 -9.9920599197254500e-01 -8.4734225103074854e-07 9.5923580700233524e-01 -9.5923665434458627e-01
167 3.2519531250000000e-01 -1.1782239383835507e-06 9.9913282513212909e-01 -9.9913400335606750e-01 7.2831800285373208e-07 9.5916751212684392e-01 -9.5916678380884102e-01
168 3.2714843750000000e-01 -1.9988761967081836e-06 9.9907693021323529e-01 -9.9907892908943197e-01 -7.7939173815084407e-07 9.5911385300470586e-01 -9.5911463239644401e-01
169 3.2910156250000000e-01 -1.2046665452176840e-06 9.9903628001786160e-01 -9.9903748468440678e-01 6.6249826124080167e-07 9.5907482881714712e-01 -9.5907416631888587e-01
170 3.3105468750000000e-01 -1.9727888289237975e-06 9.9901087392573429e-01 -9.9901284671456325e-01 -7.1623105577248655e-07 9.5905043896870490e-01 -9.5905115519976070e-01
171 3.3300781250000000e-01 -1.2300183238234138e-06 9.9900071154918679e-01 -9.9900194156751065e-01 6.0251716951755627e-07 9.5904068308721924e-01 -9.5904008057004975e-01
172 3.3496093750000000e-01 -1.9479273561492643e-06 9.9900579273315304e-01 -9.9900774066050924e-01 -6.5979869275987150e-07 9.5904556102382688e-01 -9.5904622082251967e-01
173 3.3691406250000000e-01 -1.2543475118636937e-06 9.9902611755516635e-01 -9.9902737190267821e-01 5.4980975900329575e-07 9.5906507285295961e-01 -9.5906452304320056e-01
174 3.3886718750000000e-01 -1.9243269685552855e-06 9.9906168632535897e-01 -9.9906361065232752e-01 -6.1078253953217960e-07 9.5909921887234462e-01 -9.5909982965488416e-01
175 3.4082031250000000e-01 -1.2775259557709114e-06 9.9911249958646786e-01 -9.9911377711242366e-01 5.0426248305353772e-07 9.5914799960300912e-01 -9.5914749534052601e-01
176 3.4277343750000000e-01 -1.9021761608997166e-06 9.9917855811384304e-01 -9.9918046029000396e-01 -5.6840370548525970e-07 9.5921141578928926e-01 -9.5921198419299469e-01
177 3.4472656250000000e-01 -1.2993495274221061e-06 9.9925986291545910e-01 -9.9926116226498651e-01 4.6469488156383906e-07 9.5928946839884066e-01 -9.5928900370395909e-01
178 3.4667968750000000e-01 -1.8816504909609802e-06 9.9935641523193008e-01 -9.9935829688242106e-01 -5.3137423332816960e-07 9.5938215862265286e-01 -9.5938268999688614e-01
179 3.4863281250000000e-01 -1.3197041792624469e-06 9.9946821653652929e-01 -9.9946953624070856e-01 4.2994521003038974e-07 9.5948948787506805e-01 -9.5948905792985806e-01
180 3.5058593750000000e-01 -1.8627871719073164e-06 9.9959526853521175e-01 -9.9959713132238370e-01 -4.9878105106102764e-07 9.5961145779380319e-01 -9.5961195657485421e-01
181 3.5253906250000000e-01 -1.3386271087123192e-06 9.9973757316663936e-01 -9.9973891179374808e-01 3.9935770193452988e-07 9.5974807023997377e-01 -9.5974767088227186e-01
182 3.5449218750000000e-01 -1.8454907132489303e-06 9.9989513260221097e-01 -9.9989697809292422e-01 -4.7015240277954612e-07 9.5989932729812244e-01 -9.5989979745052523e-01
183 3.5644531250000000e-01 -1.3562492556049991e-06 1.0000679492460964e+00 -1.0000693054953520e+00 3.7253460861870421e-07 9.6006523127625254e-01 -9.6006485874164393e-01
184 3.5839843750000000e-01 -1.8296181000879314e-06 1.0002560257352713e+00 -1.0002578553533714e+00 -4.4505977257432059e-07 9.6024578470586042e-01 -9.6024622976563301e-01
185 3.6035156250000000e-01 -1.3727071264402613e-06 1.0004593649395590e+00 -1.0004607376466854e+00 3.4894602220372289e-07 9.6044099034197661e-01 -9.6044064139595442e-01
186 3.6230468750000000e-01 -1.8150509985670523e-06 1.0006779699616732e+00 -1.0006797850126719e+00 -4.2284757323929220e-07 9.6065085116320625e-01 -9.6065127401077954e-01
187 3.6425781250000000e-01 -1.3880970471507482e-06 1.0009118441372664e+00 -1.0009132322343135e+00 3.2782958488731902e-07 9.6087537037177573e-01 -9.6087504254219080e-01
188 3.6621093750000000e-01 -1.8017129324883041e-06 1.0011609910349799e+00 -1.0011627927479123e+00 -4.0269543815412087e-07 9.6111455139358071e-01 -9.6111495408901881e-01
189 3.6816406250000000e-01 -1.4024821729557238e-06 1.0014254144564980e+00 -1.0014268169386711e+00 3.0836816392690573e-07 9.6136839787823802e-01 -9.6136808951007413e-01
190 3.7011718750000000e-01 -1.7895463023421422e-06 1.0017051184366075e+00 -1.0017069079829097e+00 -3.8384743548087220e-07 9.6163691369914317e-01 -9.6163729754657867e-01
191 3.7207031250000000e-01 -1.4159221378396005e-06 1.0020001072432576e+00 -1.0020015231653954e+00 2.8991123204430020e-07 9.6192010295352726e-01 -9.6191981304229524e-01
192 3.7402343750000000e-01 -1.7784841739005871e-06 1.0023103853776263e+00 -1.0023121638618002e+00 -3.6578465389117456e-07 9.6221796996252118e-01 -9.6221833574717508e-01
193 3.7597656250000000e-01 -1.4284943141931947e-06 1.0026359575741877e+00 -1.0026373860685018e+00 2.7208006923564639e-07 9.6253051927122013e-01 -9.6253024719115088e-01
194 3.7792968750000000e-01 -1.7684385310187582e-06 1.0029768288007861e+00 -1.0029785972393170e+00 -3.4826225847463661e-07 9.6285775564875464e-01 -9.6285810391101312e-01
195 3.7988281250000000e-01 -1.4402960010504650e-06 1.0033330042587099e+00 -1.0033344445547110e+00 2.5474624872169211e-07 9.6319968408836143e-01 -9.6319942934211267e-01
196 3.8183593750000000e-01 -1.7593059801081982e-06 1.0037044893827727e+00 -1.0037062486887527e+00 -3.3124386738628047e-07 9.6355630980746176e-01 -9.6355664105132910e-01
197 3.8378906250000000e-01 -1.4514333794317795e-06 1.0040912898413943e+00 -1.0040927412747738e+00 2.3793846783903756e-07 9.6392763824773853e-01 -9.6392740030927071e-01
198 3.8574218750000000e-01 -1.7509814000088177e-06 1.0044934115366888e+00 -1.0044951625180889e+00 -3.1479736525196277e-07 9.6431367507522125e-01 -9.6431398987258654e-01
199 3.8769531250000000e-01 -1.4620076570157437e-06 1.0049108606045547e+00 -1.0049123226122116e+00 2.2174144372210529e-07 9.6471442618037251e-01 -9.6471420443892875e-01
200 3.8964843750000000e-01 -1.7433702232497949e-06 1.0053436434147669e+00 -1.0053453867849902e+00 -2.9900685139734733e-07 9.6512989767817614e-01 -9.6513019668502753e-01
201 3.9160156250000000e-01 -1.4721054609956624e-06 1.0057917665710756e+00 -1.0057932386765367e+00 2.0622654485880657e-07 9.6556009590823255e-01 -9.6555988968168771e-01
202 3.9355468750000000e-01 -1.7363948660216976e-06 1.0062552369113060e+00 -1.0062569733061721e+00 -2.8392405142996430e-07 9.6600502743485372e-01 -9.6600531135890511e-01
203 3.9550781250000000e-01 -1.4817956130392611e-06 1.0067340615074634e+00 -1.0067355433030765e+00 1.9142342623042027e-07 9.6646469904716481e-01 -9.6646450762373859e-01
204 3.9746093750000000e-01 -1.7299950867723146e-06 1.0072282476658407e+00 -1.0072299776609275e+00 -2.6955755239081640e-07 9.6693911775920705e-01 -9.6693938731675944e-01
205 3.9941406250000000e-01 -1.4911310364310319e-06 1.0077378029271298e+00 -1.0077392940581662e+00 1.7732270383139467e-07 9.6742829081004456e-01 -9.6742811348734070e-01
206 4.0136718750000000e-01 -1.7241245550240654e-06 1.0082627350665367e+00 -1.0082644591910919e+00 -2.5588399162045202e-07 9.6793222566387527e-01 -9.6793248154786693e-01
207 4.0332031250000000e-01 -1.5001529654039712e-06 1.0088030520939004e+00 -1.0088045522468658e+00 1.6389096628695393e-07 9.6845093001014437e-01 -9.6845076611917813e-01
208 4.0527343750000000e-01 -1.7187464925624335e-06 1.0093587622538152e+00 -1.0093604810003076e+00 -2.4286333224110222e-07 9.6898441176366257e-01 -9.6898465462699479e-01
209 4.0722656250000000e-01 -1.5088950127916948e-06 1.0099298740257554e+00 -1.0099313829207681e+00 1.5108431182418177e-07 9.6953267906472518e-01 -9.6953252798041334e-01
210 4.0917968750000000e-01 -1.7138301435343422e-06 1.0105163961242067e+00 -1.0105181099543503e+00 -2.3045002479249465e-07 9.7009574027923839e-01 -9.7009597072926324e-01
211 4.1113281250000000e-01 -1.5173860678316403e-06 1.0111183374987973e+00 -1.0111198548848652e+00 1.3885726939236383e-07 9.7067360399884539e-01 -9.7067346514157604e-01
212 4.1308593750000000e-01 -1.7093485075806127e-06 1.0117357073344351e+00 -1.0117374166829427e+00 -2.1859999725434541e-07 9.7126627904105767e-01 -9.7126649764105488e-01
213 4.1503906250000000e-01 -1.5256519848918822e-06 1.0123685150514485e+00 -1.0123700407034335e+00 1.2716803841677777e-07 9.7187377444939060e-01 -9.7187364728135217e-01
214 4.1699218750000000e-01 -1.7052771479725128e-06 1.0130167703057293e+00 -1.0130184755828773e+00 -2.0727421414391335e-07 9.7249609949350013e-01 -9.7249630676771426e-01
215 4.1894531250000000e-01 -1.5337163785014678e-06 1.0136804829888799e+00 -1.0136820167052585e+00 1.1598048438205354e-07 9.7313326366932473e-01 -9.7313314768884041e-01
216 4.2089843750000000e-01 -1.7015936828609509e-06 1.0143596632283653e+00 -1.0143613648220482e+00 -1.9643937900089992e-07 9.7378527669923065e-01 -9.7378547313860964e-01
217 4.2285156250000000e-01 -1.5416009550834935e-06 1.0150543213876666e+00 -1.0150558629886217e+00 1.0526394846331797e-07 9.7445214853215989e-01 -9.7445204326821144e-01
218 4.2480468750000000e-01 -1.6982775364300384e-06 1.0157644680664395e+00 -1.0157661663439759e+00 -1.8606727235343276e-07 9.7513388934378187e-01 -9.7513407541105424e-01
219 4.2675781250000000e-01 -1.5493257477313154e-06 1.0164901141006764e+00 -1.0164916634264241e+00 9.4992448677502815e-08 9.7583050953664929e-01 -9.7583041454420061e-01
220 4.2871093750000000e-01 -1.6953096782836555e-06 1.0172312705628708e+00 -1.0172329658725490e+00 -1.7613401391877682e-07 9.7654201974035593e-01 -9.7654219587436986e-01
221 4.3066406250000000e-01 -1.5569094167502469e-06 1.0179879487621875e+00 -1.0179895056716042e+00 8.5144069011949832e-08 9.7726843081169990e-01 -9.7726834566763088e-01
222 4.3261718750000000e-01 -1.6926722882455629e-06 1.0187601602446339e+00 -1.0187618529169222e+00 -1.6661954423104309e-07 9.7800975383484845e-01 -9.7800992045439272e-01
223 4.3457031250000000e-01 -1.5643696024861080e-06 1.0195479167932375e+00 -1.0195494811628401e+00 7.5700436089190124e-08 9.7876600012150794e-01 -9.7876592442107180e-01
224 4.3652343750000000e-01 -1.6903484077854457e-06 1.0203512304282245e+00 -1.0203529207766322e+00 -1.5750697447820060e-07 9.7953718121109545e-01 -9.7953733871806992e-01
225 4.3847656250000000e-01 -1.5717232492765646e-06 1.0211701134072035e+00 -1.0211716851304529e+00 6.6645836984600773e-08 9.8032330887091534e-01 -9.8032324222507838e-01
226 4.4042968750000000e-01 -1.6883216547527046e-06 1.0220045782253533e+00 -1.0220062665470080e+00 -1.4878142118928664e-07 9.8112439509633909e-01 -9.8112454387776027e-01
227 4.4238281250000000e-01 -1.5789868471182374e-06 1.0228546376156127e+00 -1.0228562166024597e+00 5.7965792404379846e-08 9.8194045211098813e-01 -9.8194039414519574e-01
228 4.4433593750000000e-01 -1.6865760214151277e-06 1.0237203045488752e+00 -1.0237219911248967e+00 -1.4042840271747533e-07 9.8277149236692019e-01 -9.8277163279532287e-01
229 4.4628906250000000e-01 -1.5861766040434871e-06 1.0246015922341862e+00 -1.0246031784107903e+00 4.9645393865747520e-08 9.8361752854481876e-01 -9.8361747889942486e-01
230 4.4824218750000000e-01 -1.6850957193755753e-06 1.0254985141189463e+00 -1.0255001992146657e+00 -1.3243223183435045e-07 9.8447857355418844e-01 -9.8447870598642029e-01
231 4.5019531250000000e-01 -1.5933085950221033e-06 1.0264110838891147e+00 -1.0264126771977098e+00 4.1667839020028013e-08 9.8535464053355015e-01 -9.8535459886571108e-01
232 4.5214843750000000e-01 -1.6838650291733228e-06 1.0273393154694184e+00 -1.0273409993344476e+00 -1.2477474592673804e-07 9.8624574285064159e-01 -9.8624586762538757e-01
233 4.5410156250000000e-01 -1.6003989176961973e-06 1.0282832230235657e+00 -1.0282848234224833e+00 3.4013378183171427e-08 9.8715189410262305e-01 -9.8715186008924483e-01
234 4.5605468750000000e-01 -1.6828681388893099e-06 1.0292428209544608e+00 -1.0292445038225997e+00 -1.1743446943290410e-07 9.8807310811628235e-01 -9.8807322555075183e-01
235 4.5800781250000000e-01 -1.6074638573536222e-06 1.0302181239044248e+00 -1.0302197313682822e+00 2.6658678913779379e-08 9.8900939894824780e-01 -9.8900937228956887e-01
236 4.5996093750000000e-01 -1.6820889792681108e-06 1.0312091467554190e+00 -1.0312108288443982e+00 -1.1038615974636585e-07 9.8996078088520223e-01 -9.8996089127136200e-01
237 4.6191406250000000e-01 -1.6145200474373508e-06 1.0322159046292705e+00 -1.0322175191493179e+00 1.9576529159854549e-08 9.9092726844409962e-01 -9.9092724886757044e-01
238 4.6386718750000000e-01 -1.6815110720044402e-06 1.0332384128879057e+00 -1.0332400943989777e+00 -1.0360064287380211e-07 9.9190887637238945e-01 -9.9190897997303229e-01
239 4.6582031250000000e-01 -1.6215846084963278e-06 1.0342766871335818e+00 -1.0342783087181904e+00 1.2735782004197372e-08 9.9290561964823842e-01 -9.9290560691245644e-01
240 4.6777343750000000e-01 -1.6811174069640782e-06 1.0353307432091268e+00 -1.0353324243265338e+00 -9.7044846181941966e-08 9.9391751348076163e-01 -9.9391761052560779e-01
241 4.6972656250000000e-01 -1.6286752522795022e-06 1.0364005971981802e+00 -1.0364022258734324e+00 6.1014581752729708e-09 9.9494457331025299e-01 -9.9494456720879476e-01
242 4.7167968750000000e-01 -1.6808903585177796e-06 1.0374862654254395e+00 -1.0374879463157980e+00 -9.0681955900118209e-08 9.9598681480842188e-01 -9.9598690549037783e-01
243 4.7363281250000000e-01 -1.6358103441768672e-06 1.0385877644569081e+00 -1.0385894002672522e+00 -3.6505244433354609e-10 9.9704425387863183e-01 -9.9704425424368426e-01
244 4.7558593750000000e-01 -1.6808116444548622e-06 1.0397051111001487e+00 -1.0397067919117933e+00 -8.4471655030176961e-08 9.9811690665614272e-01 -9.9811699112779773e-01
245 4.7753906250000000e-01 -1.6430089235449736e-06 1.0408383224045397e+00 -1.0408399654134632e+00 -6.7057214344978068e-09 9.9920478950835800e-01 -9.9920479621407943e-01
246 4.7949218750000000e-01 -1.6808623254712816e-06 1.0419874156615352e+00 -1.0419890965238607e+00 -7.8370421176515722e-08 1.0003079190350737e+00 -1.0003079974054949e+00
247 4.8144531250000000e-01 -1.6502906857331615e-06 1.0431524084049295e+00 -1.0431540586956152e+00 -1.2965557586849406e-08 1.0014263120687323e+00 -1.0014263250342899e+00
248 4.8339843750000000e-01 -1.6810228402762925e-06 1.0443333184111234e+00 -1.0443349994339637e+00 -7.2331875542938986e-08 1.0025599856746785e+00 -1.0025600580065541e+00
249 4.8535156250000000e-01 -1.6576759313217932e-06 1.0455301636993968e+00 -1.0455318213753282e+00 -1.9192234823540481e-08 1.0037089571514208e+00 -1.0037089763436557e+00
250 4.8730468750000000e-01 -1.6812730706851684e-06 1.0467429625321825e+00 -1.0467446438052532e+00 -6.6307176244848614e-08 1.0048732440308952e+00 -1.0048733103380714e+00
251 4.8925781250000000e-01 -1.6651854880519863e-06 1.0479717334153456e+00 -1.0479733986008335e+00 -2.5435679764167837e-08 1.0060528640787316e+00 -1.0060528895144114e+00
252 4.9121093750000000e-01 -1.6815924315036950e-06 1.0492164950984655e+00 -1.0492181766908970e+00 -6.0245447679798946e-08 1.0072478352945269e+00 -1.0072478955399746e+00
253 4.9316406250000000e-01 -1.6728406103350488e-06 1.0504772665751225e+00 -1.0504789394157328e+00 -3.1747627523499956e-08 1.0084581759121176e+00 -1.0084582076597450e+00
254 4.9511718750000000e-01 -1.6819599805706584e-06 1.0517540670831873e+00 -1.0517557490431679e+00 -5.4094237556890673e-08 1.0096839043998598e+00 -1.0096839584940973e+00
255 4.9707031250000000e-01 -1.6806628608142566e-06 1.0530469161051139e+00 -1.0530485967679748e+00 -3.8181153656047785e-08 1.0109250394609093e+00 -1.0109250776420629e+00
256 4.9902343750000000e-01 -1.6823545445358723e-06 1.0543558333682381e+00 -1.0543575157227827e+00 -4.7799994599846720e-08 1.0121816000335087e+00 -1.0121816478335033e+00
257 5.0097656250000000e-01 -1.6886739784553444e-06 1.0556808388450778e+00 -1.0556825275190562e+00 -4.4790187667585136e-08 1.0134536052912746e+00 -1.0134536500814622e+00
258 5.0292968750000000e-01 -1.6827548557612389e-06 1.0570219527536375e+00 -1.0570236355084932e+00 -4.1308563358637362e-08 1.0147410746434919e+00 -1.0147411159520554e+00
259 5.0488281250000000e-01 -1.6968957379717843e-06 1.0583791955577178e+00 -1.0583808924534557e+00 -5.1629009996367832e-08 1.0160440277354090e+00 -1.0160440793644190e+00
260 5.0683593750000000e-01 -1.6831396953146168e-06 1.0597525879672265e+00 -1.0597542711069219e+00 -3.4565695708942177e-08 1.0173624844485374e+00 -1.0173625190142330e+00
261 5.0878906250000000e-01 -1.7053498058419822e-06 1.0611421509384953e+00 -1.0611438562883011e+00 -5.8751731591266378e-08 1.0186964649009553e+00 -1.0186965236526870e+00
262 5.1074218750000000e-01 -1.6834880365929773e-06 1.0625479056745994e+00 -1.0625495891626360e+00 -2.7517580625486537e-08 1.0200459894476155e+00 -1.0200460169651961e+00
263 5.1269531250000000e-01 -1.7140575985500919e-06 1.0639698736256811e+00 -1.0639715876832796e+00 -6.6211754444068529e-08 1.0214110786806538e+00 -1.0214111448924084e+00
264 5.1464843750000000e-01 -1.6837791838257369e-06 1.0654080764892773e+00 -1.0654097602684611e+00 -2.0111393381952934e-08 1.0227917534297062e+00 -1.0227917735410996e+00
265 5.1660156250000000e-01 -1.7230401488629318e-06 1.0668625362106499e+00 -1.0668642592507986e+00 -7.4061213137383088e-08 1.0241880347622239e+00 -1.0241881088234370e+00
266 5.1855468750000000e-01 -1.6839928996275414e-06 1.0683332749831207e+00 -1.0683349589760203e+00 -1.2295862176727385e-08 1.0255999439837957e+00 -1.0255999562796578e+00
267 5.2050781250000000e-01 -1.7323179859652667e-06 1.0698203152484116e+00 -1.0698220475663975e+00 -8.2350401814964073e-08 1.0270275026384752e+00 -1.0270275849888770e+00
268 5.2246093750000000e-01 -1.6841095157878063e-06 1.0713236796969847e+00 -1.0713253638065006e+00 -4.0218450172308618e-09 1.0284707325091054e+00 -1.0284707365309504e+00
269 5.2441406250000000e-01 -1.7419110352892170e-06 1.0728433912683903e+00 -1.0728451331794255e+00 -9.1127196786054889e-08 1.0299296556176547e+00 -1.0299297467448514e+00
270 5.2636718750000000e-01 -1.6841100213657926e-06 1.0743794731516165e+00 -1.0743811572616380e+00 4.7570963169222989e-09 1.0314042942255519e+00 -1.0314042894684556e+00
271 5.2832031250000000e-01 -1.7518385441762243e-06 1.0759319487854424e+00 -1.0759337006239866e+00 -1.0043649036537522e-07 1.0328946708340248e+00 -1.0328947712705152e+00
272 5.3027343750000000e-01 -1.6839761216033077e-06 1.0775008418587959e+00 -1.0775025258349176e+00 1.4084142548149346e-08 1.0344008081844440e+00 -1.0344007941003015e+00
273 5.3222656250000000e-01 -1.7621190403606701e-06 1.0790861763111164e+00 -1.0790879384301568e+00 -1.1031965418852104e-07 1.0359227292586717e+00 -1.0359228395783258e+00
274 5.3417968750000000e-01 -1.6836902600378582e-06 1.0806879763327186e+00 -1.0806896600229787e+00 2.3998701630857754e-08 1.0374604572794099e+00 -1.0374604332807082e+00
275 5.3613281250000000e-01 -1.7727703315786616e-06 1.0823062663651624e+00 -1.0823080391354940e+00 -1.2081404937990685e-07 1.0390140157105558e+00 -1.0390141365246053e+00
276 5.3808593750000000e-01 -1.6832355948882167e-06 1.0839410711016249e+00 -1.0839427543372198e+00 3.4535948037013231e-08 1.0405834282575599e+00 -1.0405833937216118e+00
277 5.4003906250000000e-01 -1.7838095556149686e-06 1.0855924154872787e+00 -1.0855941992968343e+00 -1.3195259867240111e-07 1.0421687188677875e+00 -1.0421688508203861e+00
278 5.4199218750000000e-01 -1.6825959204877654e-06 1.0872603247196719e+00 -1.0872620073155925e+00 4.5726431909502630e-08 1.0437699117308850e+00 -1.0437698660044530e+00
279 5.4394531250000000e-01 -1.7952532891879649e-06 1.0889448242491113e+00 -1.0889466195024005e+00 -1.4376343824598942e-07 1.0453870312791469e+00 -1.0453871750425852e+00
280 5.4589843750000000e-01 -1.6817555271657142e-06 1.0906459397790533e+00 -1.0906476215345804e+00 5.7595782441752919e-08 1.0470201021878911e+00 -1.0470200445921087e+00
281 5.4785156250000000e-01 -1.8071177193513429e-06 1.0923636972664932e+00 -1.0923655043842124e+00 -1.5626968609229584e-07 1.0486691493758333e+00 -1.0486693056455194e+00
282 5.4980468750000000e-01 -1.6806989999203679e-06 1.0940981229223641e+00 -1.0940998036213641e+00 7.0164559993862173e-08 1.0503341980054695e+00 -1.0503341278409095e+00
283 5.5175781250000000e-01 -1.8194188721554671e-06 1.0958492432119347e+00 -1.0958510626308069e+00 -1.6948940260670857e-07 1.0520152734834571e+00 -1.0520154429728596e+00
284 5.5371093750000000e-01 -1.6794109665940294e-06 1.0976170848552136e+00 -1.0976187642661801e+00 8.3448355753345026e-08 1.0537124014610051e+00 -1.0537123180126493e+00
285 5.5566406250000000e-01 -1.8321728823028068e-06 1.0994016748273587e+00 -1.0994035070002410e+00 -1.8343586479765242e-07 1.0554256078342643e+00 -1.0554257912701290e+00
286 5.5761718750000000e-01 -1.6778758169471355e-06 1.1012030403590862e+00 -1.1012047182349032e+00 9.7458279539516449e-08 1.0571549187447227e+00 -1.0571548212864432e+00
287 5.5957031250000000e-01 -1.8453962783396807e-06 1.1030212089370877e+00 -1.1030230543333659e+00 -1.9811830862229645e-07 1.0589003605796041e+00 -1.0589005586979128e+00
288 5.6152343750000000e-01 -1.6760774202638003e-06 1.1048562083044491e+00 -1.1048578843818693e+00 1.1220199675528297e-07 1.0606619599722711e+00 -1.0606618477702743e+00
289 5.6347656250000000e-01 -1.8591062564885114e-06 1.1067080664610747e+00 -1.1067099255673312e+00 -2.1354329538300075e-07 1.0624397438026316e+00 -1.0624399573459271e+00
290 5.6542968750000000e-01 -1.6739988635288187e-06 1.1085768116641126e+00 -1.1085784856629761e+00 1.2768544699979211e-07 1.0642337391975480e+00 -1.0642336115121009e+00
291 5.6738281250000000e-01 -1.8733209312813436e-06 1.1104624724283891e+00 -1.1104643457493204e+00 -2.2971678328842679e-07 1.0660439735312535e+00 -1.0660442032480368e+00
292 5.6933593750000000e-01 -1.6716222056796940e-06 1.1123650775268397e+00 -1.1123667491490454e+00 1.4391523362972590e-07 1.0678704744257661e+00 -1.0678703305105324e+00
293 5.7128906250000000e-01 -1.8880595893627050e-06 1.1142846559909516e+00 -1.1142865440505410e+00 -2.4664674926960954e-07 1.0697132697513134e+00 -1.0697135163980627e+00
294 5.7324218750000000e-01 -1.6689281974611257e-06 1.1162212371112048e+00 -1.1162229060394022e+00 1.6090133372796307e-07 1.0715723876267567e+00 -1.0715722267254228e+00
295 5.7519531250000000e-01 -1.9033430165014319e-06 1.1181748504375200e+00 -1.1181767537805365e+00 -2.6434579815116400e-07 1.0734478564200192e+00 -1.0734481207658173e+00
296 5.7714843750000000e-01 -1.6658958909146917e-06 1.1201455257797079e+00 -1.1201471916755990e+00 1.7865941327742328e-07 1.0753397047485196e+00 -1.0753395260891063e+00
297 5.7910156250000000e-01 -1.9191939582561992e-06 1.1221332932079273e+00 -1.1221352124018855e+00 -2.8283304419926744e-07 1.0772479614796102e+00 -1.0772482443126543e+00
298 5.8105468750000000e-01 -1.6625021167286925e-06 1.1241381830531396e+00 -1.1241398455552563e+00 1.9721223949794258e-07 1.0791726557310140e+00 -1.0791724585187745e+00
299 5.8300781250000000e-01 -1.9356376816579197e-06 1.1261602259075754e+00 -1.1261621615452571e+00 -3.0213513857110394e-07 1.0811138168712724e+00 -1.0811141190064109e+00
300 5.8496093750000000e-01 -1.6587209171772908e-06 1.1281994526251995e+00 -1.1282011113461168e+00 2.1659049735832645e-07 1.0830714745201915e+00 -1.0830712579296942e+00
301 5.8691406250000000e-01 -1.9527025118043182e-06 1.1302558943221814e+00 -1.1302578470246933e+00 -3.2228707609023584e-07 1.0850456585492940e+00 -1.0850459808363702e+00
302 5.8886718750000000e-01 -1.6545230681175748e-06 1.1323295823773714e+00 -1.1323312369004395e+00 2.3683374675578423e-07 1.0870363990822764e+00 -1.0870361622485296e+00
303 5.9082031250000000e-01 -1.9704202428345169e-06 1.1344205484327781e+00 -1.1344225188530208e+00 -3.4333335962206253e-07 1.0890437264954669e+00 -1.0890440698288264e+00
304 5.9277343750000000e-01 -1.6498757118416206e-06 1.1365288243940523e+00 -1.1365304742697642e+00 2.5799168602200107e-07 1.0910676714182903e+00 -1.0910674134266043e+00
305 5.9472656250000000e-01 -1.9888265273533204e-06 1.1386544424309728e+00 -1.1386564312575000e+00 -3.6532903623011439e-07 1.0931082647337338e+00 -1.0931086300627699e+00
306 5.9667968750000000e-01 -1.6447418318699044e-06 1.1407974349779386e+00 -1.1407990797197705e+00 2.8012440799007669e-07 1.0951655375788210e+00 -1.0951652574544131e+00
307 5.9863281250000000e-01 -2.0079616929876786e-06 1.1429578347344620e+00 -1.1429598426961549e+00 -3.8833847816879554e-07 1.0972395213450834e+00 -1.0972399096835617e+00
308 6.0058593750000000e-01 -1.6390789647985325e-06 1.1451356746656691e+00 -1.1451373137446339e+00 3.0329904516597933e-07 1.0993302476790423e+00 -1.0993299443799971e+00
309 6.0253906250000000e-01 -2.0278726847992909e-06 1.1473309880028024e+00 -1.1473330158754873e+00 -4.1242944569524744e-07 1.1014377484826903e+00 -1.1014381609121360e+00
310 6.0449218750000000e-01 -1.6328364386503473e-06 1.1495438082437277e+00 -1.1495454410801664e+00 3.2758105659789180e-07 1.1035620559139785e+00 -1.1035617283329220e+00
311 6.0644531250000000e-01 -2.0486167804529043e-06 1.1517741691534453e+00 -1.1517762177702258e+00 -4.3766148235240763e-07 1.1057032023873075e+00 -1.1057036400487898e+00
312 6.0839843750000000e-01 -1.6259506172640455e-06 1.1540221047646051e+00 -1.1540237307152224e+00 3.5301943294124315e-07 1.1078612205740208e+00 -1.1078608675545878e+00
313 6.1035156250000000e-01 -2.0702673881812369e-06 1.1562876493780259e+00 -1.1562897196454140e+00 -4.6406742064548771e-07 1.1100361434029047e+00 -1.1100366074703254e+00
314 6.1230468750000000e-01 -1.6183382160587394e-06 1.1585708375632189e+00 -1.1585724559014350e+00 3.7962428258778097e-07 1.1122280040606900e+00 -1.1122276244364073e+00
315 6.1425781250000000e-01 -2.0929212102149282e-06 1.1608717041589158e+00 -1.1608737970801259e+00 -4.9162810241630342e-07 1.1144368359925592e+00 -1.1144373276206616e+00
316 6.1621093750000000e-01 -1.6098893869511607e-06 1.1631902842735986e+00 -1.1631918941629855e+00 4.0734199390449479e-07 1.1166626729026545e+00 -1.1166622655606606e+00
317 6.1816406250000000e-01 -2.1167038721541740e-06 1.1655266132860376e+00 -1.1655287299899098e+00 -5.2025385781008170e-07 1.1189055487545960e+00 -1.1189060690084538e+00
318 6.2011718750000000e-01 -1.6004646054964812e-06 1.1678807268458302e+00 -1.1678823273104357e+00 4.3605077203059672e-07 1.1211654977719969e+00 -1.1211650617212250e+00
319 6.2207031250000000e-01 -2.1417692960194428e-06 1.1702526608739432e+00 -1.1702548026432391e+00 -5.4980222285726619e-07 1.1234425544389854e+00 -1.1234431042412083e+00
320 6.2402343750000000e-01 -1.5899000283972683e-06 1.1726424515632645e+00 -1.1726440414632928e+00 4.6560739680766908e-07 1.1257367535007339e+00 -1.1257362878933370e+00
321 6.2597656250000000e-01 -2.1682890543323541e-06 1.1750501353791520e+00 -1.1750523036682063e+00 -5.8015806147737663e-07 1.1280481299639860e+00 -1.1280487101220473e+00
322 6.2792968750000000e-01 -1.5780233819883593e-06 1.1774757490599921e+00 -1.1774773270833740e+00 4.9596162421796563e-07 1.1303767190975924e+00 -1.1303762231359682e+00
323 6.2988281250000000e-01 -2.1964320688581588e-06 1.1799193296177595e+00 -1.1799215260498284e+00 -6.1137878813946303e-07 1.1327225564330490e+00 -1.1327231678118370e+00
324 6.3183593750000000e-01 -1.5646768623684932e-06 1.1823809143385817e+00 -1.1823824790154440e+00 5.2732294648792468e-07 1.1350856777650384e+00 -1.1350851504420920e+00
325 6.3378906250000000e-01 -2.2263420464179947e-06 1.1848605407833086e+00 -1.1848627671253551e+00 -6.4386622644100387e-07 1.1374661191519762e+00 -1.1374667630182025e+00
326 6.3574218750000000e-01 -1.5497354057688598e-06 1.1873582467880850e+00 -1.1873597965234908e+00 5.6031429852510912e-07 1.1398639169165616e+00 -1.1398633566022631e+00
327 6.3769531250000000e-01 -2.2581280142184691e-06 1.1898740704649287e+00 -1.1898763285929428e+00 -6.7847490208544017e-07 1.1422791076463314e+00 -1.1422797861212335e+00
328 6.3964843750000000e-01 -1.5331031355930139e-06 1.1924080502023111e+00 -1.1924095833054467e+00 5.9600760623504630e-07 1.1447117281942185e+00 -1.1447111321866124e+00
329 6.4160156250000000e-01 -2.2918836421371958e-06 1.1949602246657436e+00 -1.1949625165493858e+00 -7.1645096699929416e-07 1.1471618156791139e+00 -1.1471625321300809e+00
330 6.4355468750000000e-01 -1.5146783437426946e-06 1.1975306327983679e+00 -1.1975321474767116e+00 6.3575024745888323e-07 1.1496294074864331e+00 -1.1496287717361855e+00
331 6.4550781250000000e-01 -2.3277337375360288e-06 1.2001193138215489e+00 -1.2001216415552864e+00 -7.5914740481203320e-07 1.1521145412686868e+00 -1.1521153004160916e+00
332 6.4746093750000000e-01 -1.4943046136283152e-06 1.2027263072354748e+00 -1.2027278015400884e+00 6.8079963192720943e-07 1.1546172549460558e+00 -1.1546165741464238e+00
333 6.4941406250000000e-01 -2.3658721294778935e-06 1.2053516528197588e+00 -1.2053540186918883e+00 -8.0764555606690987e-07 1.1571375867069684e+00 -1.1571383943525244e+00
334 6.5136718750000000e-01 -1.4717592820249700e-06 1.2079953906340462e+00 -1.2079968623933282e+00 7.3202966456213804e-07 1.1596755750086842e+00 -1.1596748429790196e+00
335 6.5332031250000000e-01 -2.4065332965687147e-06 1.2106575610186259e+00 -1.2106599675519225e+00 -8.6265193405768881e-07 1.1622312585778809e+00 -1.1622321212298150e+00
336 6.5527343750000000e-01 -1.4468289686429489e-06 1.2133382045950458e+00 -1.2133396514240145e+00 7.9009589693504518e-07 1.1648046764112439e+00 -1.1648038863153469e+00
337 6.5722656250000000e-01 -2.4498731512870431e-06 1.2160373622667333e+00 -1.2160398121398845e+00 -9.2494409495930811e-07 1.1673958677760639e+00 -1.1673967927201587e+00
338 6.5917968750000000e-01 -1.4194551837894786e-06 1.2187550752196179e+00 -1.2187564946748017e+00 8.5607944329834048e-07 1.1700048722108332e+00 -1.1700040161313898e+00
339 6.6113281250000000e-01 -2.4958283337115255e-06 1.2214913849227609e+00 -1.2214938807510947e+00 -9.9602787152054120e-07 1.1726317295258504e+00 -1.1726327255537219e+00
340 6.6308593750000000e-01 -1.3898293996223963e-06 1.2242463331289883e+00 -1.2242477229583879e+00 9.3189672747430882e-07 1.1752764798038287e+00 -1.1752755479071011e+00
341 6.6503906250000000e-01 -2.5441067071770513e-06 1.2270199618755269e+00 -1.2270225059822339e+00 -1.0780283942848055e-06 1.1779391634005056e+00 -1.1779402414289000e+00
342 6.6699218750000000e-01 -1.3582922911834312e-06 1.2298123134846468e+00 -1.2298136717769379e+00 1.0194958848296883e-06 1.1806198209452610e+00 -1.1806188014493761e+00
343 6.6894531250000000e-01 -2.5943941979111416e-06 1.2326234305643058e+00 -1.2326260249585037e+00 -1.1722314179310619e-06 1.1833184933417336e+00 -1.1833196655731515e+00
344 6.7089843750000000e-01 -1.3250597108928479e-06 1.2354533560088015e+00 -1.2354546810685123e+00 1.1190645485773327e-06 1.1860352217684493e+00 -1.1860341027039007e+00
345 6.7285156250000000e-01 -2.6466292629710338e-06 1.2383021329994242e+00 -1.2383047796286872e+00 -1.2775013027410318e-06 1.1887700476794472e+00 -1.1887713251807499e+00
346 6.7480468750000000e-01 -1.2900237148834225e-06 1.2411698050051159e+00 -1.2411710950288308e+00 1.2282325802139681e-06 1.1915230128049112e+00 -1.1915217845723309e+00
347 6.7675781250000000e-01 -2.7010651710881700e-06 1.2440564157831351e+00 -1.2440591168483062e+00 -1.3906348527563370e-06 1.1942941591518097e+00 -1.1942955497866625e+00
348 6.7871093750000000e-01 -1.2528531704987271e-06 1.2469620093797222e+00 -1.2469632622328928e+00 1.3435643520136538e-06 1.1970835290045334e+00 -1.1970821854401814e+00
349 6.8066406250000000e-01 -2.7580243074314031e-06 1.2498866301307741e+00 -1.2498893881550814e+00 -1.5085754639293521e-06 1.1998911649255430e+00 -1.1998926735010069e+00
350 6.8261718750000000e-01 -1.2133278264843470e-06 1.2528303226625177e+00 -1.2528315359903441e+00 1.4628003241979843e-06 1.2027171097560170e+00 -1.2027156469556928e+00
351 6.8457031250000000e-01 -2.8175552704832235e-06 1.2557931318921942e+00 -1.2557959494474646e+00 -1.6299235415974073e-06 1.2055614066165063e+00 -1.2055630365400480e+00
352 6.8652343750000000e-01 -1.1716098483653754e-06 1.2587751030287420e+00 -1.2587762746385904e+00 1.5850475290097578e-06 1.2084240989075923e+00 -1.2084225138600633e+00
353 6.8847656250000000e-01 -2.8792879724544278e-06 1.2617762815734874e+00 -1.2617791608614599e+00 -1.7536431997185877e-06 1.2113052303105478e+00 -1.2113069839537476e+00
354 6.9042968750000000e-01 -1.1282557679912780e-06 1.2647967133208393e+00 -1.2647978415766072e+00 1.7085285395135943e-06 1.2142048447880056e+00 -1.2142031362594661e+00
355 6.9238281250000000e-01 -2.9425036467865612e-06 1.2678364443589869e+00 -1.2678393868626336e+00 -1.8771393914314363e-06 1.2171229865846274e+00 -1.2171248637240188e+00
356 6.9433593750000000e-01 -1.0841504260834544e-06 1.2708955210706039e+00 -1.2708966052210300e+00 1.8306005230285524e-06 1.2200597002277798e+00 -1.2200578696272568e+00
357 6.9628906250000000e-01 -3.0061263891360092e-06 1.2739739901335561e+00 -1.2739769962599452e+00 -1.9992443410371124e-06 1.2230150305282137e+00 -1.2230170297725547e+00
358 6.9824218750000000e-01 -1.0405925948652862e-06 1.2770718985216134e+00 -1.2770729391142082e+00 1.9532667656227332e-06 1.2259890225807488e+00 -1.2259870693139832e+00
359 7.0019531250000000e-01 -3.0686480441901326e-06 1.2801892935051662e+00 -1.2801923621532103e+00 -2.1261318084715636e-06 1.2289817217649595e+00 -1.2289838478967678e+00
360 7.0214843750000000e-01 -9.9920985517823602e-07 1.2833262226519477e+00 -1.2833272218618028e+00 2.0864269792602684e-06 1.2319931737458698e+00 -1.2319910873188906e+00
361 7.0410156250000000e-01 -3.1285136684992516e-06 1.2864827338277585e+00 -1.2864858623414270e+00 -2.2693367786993140e-06 1.2350234244746481e+00 -1.2350256938114268e+00
362 7.0605468750000000e-01 -9.6121888009025315e-07 1.2896588751971987e+00 -1.2896598364160787e+00 2.2399439865021025e-06 1.2380725201893108e+00 -1.2380702802453243e+00
363 7.0800781250000000e-01 -3.1851374298180559e-06 1.2928546952244007e+00 -1.2928578803618305e+00 -2.4333471605602598e-06 1.2411405074154247e+00 -1.2411429407625854e+00
364 7.0996093750000000e-01 -9.2636241072923073e-07 1.2960702426737705e+00 -1.2960711690361812e+00 2.4099685584783783e-06 1.2442274329668197e+00 -1.2442250229982612e+00
365 7.1191406250000000e-01 -3.2396443894617340e-06 1.2993055666107303e+00 -1.2993088062551197e+00 -2.6052228792132420e-06 1.2473333439463010e+00 -1.2473359491691802e+00
366 7.1386718750000000e-01 -8.9288307953800048e-07 1.3025607164024686e+00 -1.3025616092855481e+00 2.5769211625280244e-06 1.2504582877463699e+00 -1.2504557108252075e+00
367 7.1582031250000000e-01 -3.2939901111649041e-06 1.3058357417186928e+00 -1.3058390357088039e+00 -2.7636653686199740e-06 1.2536023120499451e+00 -1.2536050757153137e+00
368 7.1777343750000000e-01 -8.5915073650724016e-07 1.3091306925323865e+00 -1.3091315516831230e+00 2.7231077961951201e-06 1.2567654648310909e+00 -1.2567627417232947e+00
369 7.1972656250000000e-01 -3.3489784009953455e-06 1.3124456191205733e+00 -1.3124489680989744e+00 -2.8988580929455813e-06 1.2599477943557504e+00 -1.2599506932138433e+00
370 7.2167968750000000e-01 -8.2555907891008235e-07 1.3157805720650833e+00 -1.3157813976241621e+00 2.8489905590667059e-06 1.2631493491824799e+00 -1.2631465001919209e+00
371 7.2363281250000000e-01 -3.4029792478326614e-06 1.3191356022533245e+00 -1.3191390052325722e+00 -3.0200056167165991e-06 1.2663701781631915e+00 -1.2663731981688082e+00
372 7.2558593750000000e-01 -7.9457087395840104e-07 1.3225107608790596e+00 -1.3225115554499336e+00 2.9652946028469566e-06 1.2696103304438973e+00 -1.2696073651492945e+00
373 7.2753906250000000e-01 -3.4533829876584551e-06 1.3259060994431882e+00 -1.3259095528261757e+00 -3.1296812457589774e-06 1.2728698554654605e+00 -1.2728729851467062e+00
374 7.2949218750000000e-01 -7.6833238817428940e-07 1.3293216697545307e+00 -1.3293224380869189e+00 3.0612077358690925e-06 1.2761488029643495e+00 -1.2761457417566135e+00
375 7.3144531250000000e-01 -3.4988652241064963e-06 1.3327575239306204e+00 -1.3327610227958446e+00 -3.2054520383793690e-06 1.2794472229733955e+00 -1.2794504284254340e+00
376 7.3339843750000000e-01 -7.4725975517931099e-07 1.3362137143984985e+00 -1.3362144616582536e+00 3.1083920163413420e-06 1.2827651658225585e+00 -1.2827620574305421e+00
377 7.3535156250000000e-01 -3.5396635743028625e-06 1.3396902938955124e+00 -1.3396938335590867e+00 -3.2220754941505765e-06 1.2861026821396919e+00 -1.2861059042151861e+00
378 7.3730468750000000e-01 -7.3111074577605073e-07 1.3431873154701237e+00 -1.3431880465808694e+00 3.0986503283895758e-06 1.2894598228513188e+00 -1.2894567242009904e+00
379 7.3925781250000000e-01 -3.5753107336096377e-06 1.3467048324827147e+00 -1.3467084077934484e+00 -3.2003189414357481e-06 1.2928366391834061e+00 -1.2928398395023475e+00
380 7.4121093750000000e-01 -7.2140192944216072e-07 1.3502428986064032e+00 -1.3502436200083328e+00 3.0783869260820913e-06 1.2962331826621472e+00 -1.2962301042752211e+00
381 7.4316406250000000e-01 -3.6032794104776499e-06 1.3538015678278630e+00 -1.3538051711072734e+00 -3.1942233459729013e-06 1.2996495051147485e+00 -1.2996526993380946e+00
382 7.4511718750000000e-01 -7.2166731633627074e-07 1.3573808944481460e+00 -1.3573816161154624e+00 3.0939456800547664e-06 1.3030856586702202e+00 -1.3030825647245401e+00
383 7.4707031250000000e-01 -3.6188417534268620e-06 1.3609809330835114e+00 -1.3609845519252648e+00 -3.2394066176678105e-06 1.3065416957601710e+00 -1.3065449351667886e+00
384 7.4902343750000000e-01 -7.3792927995572228e-07 1.3646017386662594e+00 -1.3646024765955393e+00 3.1714143217451887e-06 1.3100176691196090e+00 -1.3100144977052872e+00
385 7.5097656250000000e-01 -3.6152178866666530e-06 1.3682433664455687e+00 -1.3682469816634553e+00 -3.3527880826651979e-06 1.3135136317877458e+00 -1.3135169845758286e+00
386 7.5292968750000000e-01 -7.7596754576039013e-07 1.3719058719883401e+00 -1.3719066479558859e+00 3.3228338983774342e-06 1.3170296371088064e+00 -1.3170263142749079e+00
387 7.5488281250000000e-01 -3.5906252202402664e-06 1.3755893111800446e+00 -1.3755929018052648e+00 -3.5434993690177409e-06 1.3205657387328427e+00 -1.3205692822322117e+00
388 7.5683593750000000e-01 -8.3071549584471942e-07 1.3792937402255747e+00 -1.3792945709410707e+00 3.5397850181139200e-06 1.3241219906165518e+00 -1.3241184508315336e+00
389 7.5878906250000000e-01 -3.5577637443502738e-06 1.3830192156501040e+00 -1.3830227734138483e+00 -3.7625328907465626e-06 1.3276984470240998e+00 -1.3277022095569906e+00
390 7.6074218750000000e-01 -8.8369985316434017e-07 1.3867657942999485e+00 -1.3867666779998016e+00 3.7238509906329398e-06 1.3312951625279505e+00 -1.3312914386769599e+00
391 7.6269531250000000e-01 -3.5369131571273990e-06 1.3905335333434343e+00 -1.3905370702565913e+00 -3.8684733915909504e-06 1.3349121920096969e+00 -1.3349160604830885e+00
392 7.6464843750000000e-01 -9.1923340402009826e-07 1.3943224902717695e+00 -1.3943234095051735e+00 3.7109702390787494e-06 1.3385495906608986e+00 -1.3385458796906595e+00
393 7.6660156250000000e-01 -3.5306970149104333e-06 1.3981327228999221e+00 -1.3981362535969371e+00 -3.7350574176386832e-06 1.3422074139839251e+00 -1.3422111490413426e+00
394 7.6855468750000000e-01 -9.5380317354372681e-07 1.4019642893675024e+00 -1.4019652431706759e+00 3.5004848756460507e-06 1.3458857177928023e+00 -1.3458822173079266e+00
395 7.7050781250000000e-01 -3.5051557009204510e-06 1.4058172481396487e+00 -1.4058207532953497e+00 -3.5112540682061013e-06 1.3495845582140626e+00 -1.3495880694681308e+00
396 7.7246093750000000e-01 -1.0317356707436672e-06 1.4096916580079215e+00 -1.4096926897435922e+00 3.3251870978470855e-06 1.3533039916876046e+00 -1.3533006665005067e+00
397 7.7441406250000000e-01 -3.4112571787617483e-06 1.4135875780911986e+00 -1.4135909893483773e+00 -3.4679981595696037e-06 1.3570440749675505e+00 -1.3570475429657101e+00
398 7.7636718750000000e-01 -1.2017928640462955e-06 1.4175050678365786e+00 -1.4175062696294427e+00 3.4796997121371386e-06 1.3608048651231155e+00 -1.3608013854234033e+00
399 7.7832031250000000e-01 -3.2109916699978226e-06 1.4214441870202865e+00 -1.4214473980119564e+00 -3.7782728045788919e-06 1.3645864195394750e+00 -1.3645901978122796e+00
400 7.8027343750000000e-01 -1.4804719537829958e-06 1.4254049957485884e+00 -1.4254064762205421e+00 3.8083319014740179e-06 1.3683887959186447e+00 -1.3683849875867433e+00
401 7.8222656250000000e-01 -2.9078800401054066e-06 1.4293875544587054e+00 -1.4293904623387454e+00 -4.0602627049153031e-06 1.3722120522803571e+00 -1.3722161125430621e+00
402 7.8417968750000000e-01 -1.8534865576378367e-06 1.4333919239197381e+00 -1.4333937774062957e+00 4.0935452291261735e-06 1.3760562469629485e+00 -1.3760521534177192e+00
403 7.8613281250000000e-01 -2.5263396581966763e-06 1.4374181652335933e+00 -1.4374206915732515e+00 -4.3772239618119346e-06 1.3799214386242495e+00 -1.3799258158482113e+00
404 7.8808593750000000e-01 -2.2818852167544386e-06 1.4414663398359160e+00 -1.4414686217211328e+00 4.4249295814251515e-06 1.3838076862424793e+00 -1.3838032613128979e+00
405 7.9003906250000000e-01 -2.1142476425800349e-06 1.4455365094970272e+00 -1.4455386237446697e+00 -4.8221607600472442e-06 1.3877150491171459e+00 -1.3877198712779060e+00
406 7.9199218750000000e-01 -2.7129897008757427e-06 1.4496287363228659e+00 -1.4496314493125668e+00 5.0901229739120724e-06 1.3916435868699513e+00 -1.3916384967469773e+00
407 7.9394531250000000e-01 -1.7446673337444536e-06 1.4537430827559377e+00 -1.4537448274232714e+00 -5.4379863871897220e-06 1.3955933594457002e+00 -1.3955987974320874e+00
408 7.9589843750000000e-01 -3.0452507931638035e-06 1.4578796115762669e+00 -1.4578826568270600e+00 5.0344218161383298e-06 1.3995644271132162e+00 -1.3995593926914001e+00
409 7.9785156250000000e-01 -1.5098193209286231e-06 1.4620383859023540e+00 -1.4620398957216749e+00 -4.3455347040469907e-06 1.4035568504662599e+00 -1.4035611960009640e+00
410 7.9980468750000000e-01 -3.2520830341664096e-06 1.4662194691921402e+00 -1.4662227212751744e+00 3.0035021977254612e-06 1.4075706904244545e+00 -1.4075676869222569e+00
411 8.0175781250000000e-01 -1.3469784379347894e-06 1.4704229252439744e+00 -1.4704242722224123e+00 -1.4461687235033578e-06 1.4116060082342154e+00 -1.4116074544029389e+00
412 8.0371093750000000e-01 -3.5018494855574912e-06 1.4746488181975876e+00 -1.4746523200470731e+00 -6.8147340731662425e-07 1.4156628654696841e+00 -1.4156635469430914e+00
413 8.0566406250000000e-01 -9.3667096788709813e-07 1.4788972125350714e+00 -1.4788981492060393e+00 2.0530624770951439e-06 1.4197413240336685e+00 -1.4197392709711913e+00
414 8.0761718750000000e-01 -4.2518197133566741e-06 1.4831681730818602e+00 -1.4831724249015736e+00 -2.3993838960900407e-06 1.4238414461585858e+00 -1.4238438455424818e+00
415 8.0957031250000000e-01 1.5081792540582387e-07 1.4874617650077238e+00 -1.4874616141897983e+00 1.4635216995558354e-06 1.4279632944074148e+00 -1.4279618308857152e+00
416 8.1152343750000000e-01 -5.7137399441712142e-06 1.4917780538277587e+00 -1.4917837675677028e+00 -2.8072073034290153e-07 1.4321069316746484e+00 -1.4321072123953789e+00
417 8.1347656250000000e-01 1.8791717406358328e-06 1.4961171054033893e+00 -1.4961152262316486e+00 -1.8371798603626616e-06 1.4362724211872537e+00 -1.4362742583671142e+00
418 8.1542968750000000e-01 -7.6364008188603979e-06 1.5004789859433725e+00 -1.5004866223441913e+00 4.2339131526311874e-06 1.4404598265056374e+00 -1.4404555925924847e+00
419 8.1738281250000000e-01 3.6859183117545210e-06 1.5048637620048084e+00 -1.5048600760864967e+00 -5.7046236340639065e-06 1.4446692115246160e+00 -1.4446749161482502e+00
420 8.1933593750000000e-01 -9.0820152630240723e-06 1.5092715004941544e+00 -1.5092805825094173e+00 3.9571674371475103e-06 1.4489006404743880e+00 -1.4488966833069510e+00
421 8.2128906250000000e-01 4.5356697022071098e-06 1.5137022686682484e+00 -1.5136977329985462e+00 1.6567757476246785e-07 1.4531541779215185e+00 -1.4531540122439437e+00
422 8.2324218750000000e-01 -9.4141040670837807e-06 1.5181561341353329e+00 -1.5181655482394001e+00 -5.5259795959493764e-06 1.4574298887699195e+00 -1.4574354147495154e+00
423 8.2519531250000000e-01 4.4729997842923554e-06 1.5226331648560885e+00 -1.5226286918563041e+00 1.0876769492505229e-05 1.4617278382618448e+00 -1.4617169614923524e+00
424 8.2714843750000000e-01 -9.3035369505289369e-06 1.5271334291446690e+00 -1.5271427326816196e+00 -1.6294839102805807e-05 1.4660480919788821e+00 -1.4660643868179848e+00
425 8.2910156250000000e-01 4.6395559553956601e-06 1.5316569956697457e+00 -1.5316523561137902e+00 1.9098304430366535e-05 1.4703907158429559e+00 -1.4703716175385255e+00
426 8.3105468750000000e-01 -1.0220383941247902e-05 1.5362039334555533e+00 -1.5362141538394944e+00 -1.7662471573302137e-05 1.4747557761173311e+00 -1.4747734385889044e+00
427 8.3300781250000000e-01 6.5626618162096053e-06 1.5407743118829444e+00 -1.5407677492211282e+00 1.2756123517454741e-05 1.4791433394076265e+00 -1.4791305832841091e+00
428 8.3496093750000000e-01 -1.3256362797323433e-05 1.5453682006904492e+00 -1.5453814570532465e+00 -8.0729884436263598e-06 1.4835534726628312e+00 -1.4835615456512747e+00
429 8.3691406250000000e-01 1.0334990951523014e-05 1.5499856699753358e+00 -1.5499753349843843e+00 4.1430869207126649e-06 1.4879862431763224e+00 -1.4879821000894018e+00
430 8.3886718750000000e-01 -1.7208826313291098e-05 1.5546267901946842e+00 -1.5546439990209975e+00 -1.7140075912636747e-06 1.4924417185868968e+00 -1.4924434325944880e+00
431 8.4082031250000000e-01 1.3728973205880661e-05 1.5592916321664592e+00 -1.5592779031932533e+00 3.6678104373901547e-06 1.4969199668798008e+00 -1.4969162990693634e+00
432 8.4277343750000000e-01 -1.9595268517021102e-05 1.5639802670705900e+00 -1.5639998623391069e+00 -1.4038016212580645e-05 1.5014210563877664e+00 -1.5014350944039789e+00
433 8.4472656250000000e-01 1.4815411967916980e-05 1.5686927664500596e+00 -1.5686779510380917e+00 2.9071783748612078e-05 1.5059450557920573e+00 -1.5059159840083087e+00
434 8.4667968750000000e-01 -1.9482907887843640e-05 1.5734292022119929e+00 -1.5734486851198808e+00 -4.3188469183770917e-05 1.5104920341235131e+00 -1.5105352225926969e+00
435 8.4863281250000000e-01 1.3881416175626430e-05 1.5781896466287559e+00 -1.5781757652125803e+00 5.3933410775072357e-05 1.5150620607636056e+00 -1.5150081273528306e+00
436 8.5058593750000000e-01 -1.8859935044029492e-05 1.5829741723390585e+00 -1.5829930322741026e+00 -5.8024646200967233e-05 1.5196552054454961e+00 -1.5197132300916971e+00
437 8.5253906250000000e-01 1.4789834616011392e-05 1.5877828523490620e+00 -1.5877680625144459e+00 5.0259899647400841e-05 1.5242715382550995e+00 -1.5242212783554521e+00
438 8.5449218750000000e-01 -2.1807847253572198e-05 1.5926157600334938e+00 -1.5926375678807474e+00 -3.9165579066214909e-05 1.5289111296321540e+00 -1.5289502952112202e+00
439 8.5644531250000000e-01 1.9452622913824871e-05 1.5974729691367660e+00 -1.5974535165138521e+00 3.1247651096585109e-05 1.5335740503712953e+00 -1.5335428027201987e+00
440 8.5839843750000000e-01 -2.8308532188724381e-05 1.6023545537741026e+00 -1.6023828623062915e+00 -1.7333326242376852e-05 1.5382603716231384e+00 -1.5382777049493808e+00
441 8.6035156250000000e-01 2.7400872644380708e-05 1.6072605884326685e+00 -1.6072331875600241e+00 -6.0135705107920354e-07 1.5429701648953618e+00 -1.5429707662524128e+00
442 8.6230468750000000e-01 -3.5740805648383191e-05 1.6121911479727065e+00 -1.6122268887783548e+00 -1.5289056805351149e-06 1.5477035020537981e+00 -1.5477050309594786e+00
443 8.6425781250000000e-01 3.1836392025072125e-05 1.6171463076286805e+00 -1.6171144712366554e+00 2.7297518637094744e-05 1.5524604553235333e+00 -1.5524331578048962e+00
444 8.6621093750000000e-01 -3.6307784427599011e-05 1.6221261430104226e+00 -1.6221624507948502e+00 -5.7214625223106887e-05 1.5572410972900057e+00 -1.5572983119152288e+00
445 8.6816406250000000e-01 2.8572850028296547e-05 1.6271307301042870e+00 -1.6271021572542588e+00 8.0846738829878508e-05 1.5620455009001155e+00 -1.5619646541612857e+00
446 8.7011718750000000e-01 -3.0014707104440919e-05 1.6321601452743097e+00 -1.6321901599814141e+00 -1.0741687678868326e-04 1.5668737394633372e+00 -1.5669811563401259e+00
447 8.7207031250000000e-01 2.1675034856198723e-05 1.6372144652633738e+00 -1.6371927902285175e+00 1.3794051075820941e-04 1.5717258866528387e+00 -1.5715879461420805e+00
448 8.7402343750000000e-01 -2.6293308410355313e-05 1.6422937671943791e+00 -1.6423200605027894e+00 -1.4557141528056628e-04 1.5766020165066039e+00 -1.5767475879218844e+00
449 8.7597656250000000e-01 2.3335787421140321e-05 1.6473981285714216e+00 -1.6473747927840006e+00 1.0802330964890143e-04 1.5815022034285646e+00 -1.5813941801189157e+00
450 8.7792968750000000e-01 -3.3648158424901406e-05 1.6525276272809739e+00 -1.6525612754393988e+00 -5.4689193508820436e-05 1.5864265221897349e+00 -1.5864812113832438e+00
451 8.7988281250000000e-01 3.6020651306164434e-05 1.6576823415930739e+00 -1.6576463209417678e+00 3.1594435785639910e-05 1.5913750479293509e+00 -1.5913434534935653e+00
452 8.8183593750000000e-01 -5.0382193368433326e-05 1.6628623501625202e+00 -1.6629127323558885e+00 -3.0022225894979593e-05 1.5963478561560194e+00 -1.5963778783819143e+00
453 8.8378906250000000e-01 5.3067137462364339e-05 1.6680677320300714e+00 -1.6680146648926091e+00 -1.3859217961908251e-05 1.6013450227488686e+00 -1.6013588819668305e+00
454 8.8574218750000000e-01 -6.1360636980752319e-05 1.6732985666236522e+00 -1.6733599272606330e+00 4.5405650910237917e-05 1.6063666239587060e+00 -1.6063212183077957e+00
455 8.8769531250000000e-01 5.1763235589022458e-05 1.6785549337595660e+00 -1.6785031705239770e+00 8.4073593919613081e-05 1.6114127364091833e+00 -1.6113286628152637e+00
456 8.8964843750000000e-01 -5.0931965208875124e-05 1.6838369136437124e+00 -1.6838878456089212e+00 -2.2435817909663425e-04 1.6164834370979637e+00 -1.6167077952770603e+00
457 8.9160156250000000e-01 3.9607592002307611e-05 1.6891445868728103e+00 -1.6891049792808079e+00 1.9675349332740936e-04 1.6215788033978979e+00 -1.6213820499045706e+00
458 8.9355468750000000e-01 -3.4333037394401660e-05 1.6944780344356292e+00 -1.6945123674730236e+00 -2.8431174354890282e-04 1.6266989130582039e+00 -1.6269832248017528e+00
459 8.9550781250000000e-01 2.3667903006895152e-05 1.6998373377142240e+00 -1.6998136698112172e+00 3.9430742847298473e-04 1.6318438442056549e+00 -1.6314495367771820e+00
460 8.9746093750000000e-01 -4.1240112445073501e-05 1.7052225784851762e+00 -1.7052638185976212e+00 -9.9211896610678453e-05 1.6370136753457691e+00 -1.6371128872423799e+00
461 8.9941406250000000e-01 5.0034177574503213e-05 1.7106338389208440e+00 -1.7105838047432695e+00 -1.6209339013069203e-04 1.6422084853640102e+00 -1.6423705787541409e+00
462 9.0136718750000000e-01 -6.2666480184161679e-05 1.7160712015906139e+00 -1.7161338680707980e+00 9.6133214962119159e-05 1.6474283535269894e+00 -1.6473322203120273e+00
463 9.0332031250000000e-01 6.9233639476744120e-05 1.7215347494621613e+00 -1.7214655158226846e+00 4.6373536198015850e-05 1.6526733594836749e+00 -1.6526269859474769e+00
464 9.0527343750000000e-01 -1.0948674032263610e-04 1.7270245659027168e+00 -1.7271340526430394e+00 -4.0034264887276068e-04 1.6579435832666081e+00 -1.6583439259154809e+00
465 9.0722656250000000e-01 1.9330878115435729e-04 1.7325407346803376e+00 -1.7323474258991833e+00 1.3037335782801999e-04 1.6632391052931241e+00 -1.6631087319352962e+00
466 9.0917968750000000e-01 -3.3012185678464042e-04 1.7380833399651872e+00 -1.7384134618219718e+00 1.1205842385776132e-03 1.6685600063665795e+00 -1.6674394221280020e+00
467 9.1113281250000000e-01 4.1800676638124699e-04 1.7436524663308171e+00 -1.7432344595644358e+00 -1.7215897728944049e-03 1.6739063676775843e+00 -1.6756279574504787e+00
468 9.1308593750000000e-01 -4.2951477154855707e-04 1.7492481987554609e+00 -1.7496777135270094e+00 1.8049011237317946e-03 1.6792782708052425e+00 -1.6774733696815107e+00
469 9.1503906250000000e-01 3.4268416511342738e-04 1.7548706226233268e+00 -1.7545279384582133e+00 -1.6579997117746549e-03 1.6846757977183937e+00 -1.6863337974301684e+00
470 9.1699218750000000e-01 -2.2664935867908463e-04 1.7605198237259048e+00 -1.7607464730845839e+00 3.0165070043917269e-04 1.6900990307768684e+00 -1.6897973800764292e+00
471 9.1894531250000000e-01 1.2472884922783869e-04 1.7661958882632716e+00 -1.7660711594140437e+00 4.3889899820095344e-04 1.6955480527327407e+00 -1.6951091537345397e+00
472 9.2089843750000000e-01 -2.1282826981642024e-05 1.7718989028454093e+00 -1.7719201856723910e+00 -8.8884993786106186e-04 1.7010229467315929e+00 -1.7019117966694539e+00
473 9.2285156250000000e-01 -1.0853244105393862e-04 1.7776289544935251e+00 -1.7777374869345790e+00 3.0468205787710020e-03 1.7065237963137840e+00 -1.7034769757350130e+00
474 9.2480468750000000e-01 8.2807118363947775e-05 1.7833861306413794e+00 -1.7833033235230156e+00 -2.8455699166943754e-03 1.7120506854157242e+00 -1.7148962553324185e+00
475 9.2675781250000000e-01 1.4245958342876488e-05 1.7891705191366205e+00 -1.7891562731782775e+00 7.6504977122505979e-04 1.7176036983711556e+00 -1.7168386485999305e+00
476 9.2871093750000000e-01 1.9420346715709339e-05 1.7949822082421243e+00 -1.7949627878954086e+00 -3.3242784618193830e-03 1.7231829199124393e+00 -1.7265071983742588e+00
477 9.3066406250000000e-01 4.6261693015082193e-05 1.8008212866373419e+00 -1.8007750249443268e+00 5.4176292155964142e-03 1.7287884351718481e+00 -1.7233708059562516e+00
478 9.3261718750000000e-01 -6.0567272787656634e-04 1.8066878434196523e+00 -1.8072935161475288e+00 1.7085690543932541e-03 1.7344203296828662e+00 -1.7327117606284730e+00
479 9.3457031250000000e-01 1.2225095150129018e-03 1.8125819681057214e+00 -1.8113594585907085e+00 -1.1136504945793015e-02 1.7400786893814923e+00 -1.7512151943272853e+00
480 9.3652343750000000e-01 -1.2243354489201855e-03 1.8185037506328687e+00 -1.8197280860817888e+00 3.5249972290937164e-03 1.7457636006075539e+00 -1.7422386033784603e+00
481 9.3847656250000000e-01 1.2690934298299384e-03 1.8244532813604404e+00 -1.8231841879306105e+00 1.6855644204656284e-02 1.7514751501060226e+00 -1.7346195059013663e+00
482 9.4042968750000000e-01 -2.6820605820101970e-03 1.8304306510711859e+00 -1.8331127116531960e+00 9.9525688213909780e-04 1.7572134250283384e+00 -1.7562181681461992e+00
483 9.4238281250000000e-01 3.3959984512387130e-03 1.8364359509726442e+00 -1.8330399525214056e+00 -3.8237821715591029e-02 1.7629785129337383e+00 -1.8012163346493293e+00
484 9.4433593750000000e-01 -1.0665329918565279e-03 1.8424692726985372e+00 -1.8435358056903937e+00 -5.8683343945658759e-04 1.7687705017905957e+00 -1.7693573352300522e+00
485 9.4628906250000000e-01 -9.6456589878426703e-05 1.8485307083101647e+00 -1.8486271649000432e+00 2.6901146931219026e-02 1.7745894799777582e+00 -1.7476883330465391e+00
486 9.4824218750000000e-01 -1.0120937713434519e-03 1.8546203502978125e+00 -1.8556324440691558e+00 3.3489687475210680e-02 1.7804355362858999e+00 -1.7469458488106893e+00
487 9.5019531250000000e-01 -1.5118405330418129e-03 1.8607382915821606e+00 -1.8622501321152025e+00 1.2470226267891470e-02 1.7863087599188741e+00 -1.7738385336509825e+00
488 9.5214843750000000e-01 3.1368730598434940e-03 1.8668846255157039e+00 -1.8637477524558603e+00 -6.8606729782830569e-02 1.7922092404950756e+00 -1.8608159702779061e+00
489 9.5410156250000000e-01 6.6316859980375506e-05 1.8730594458841741e+00 -1.8729931290241937e+00 -2.6085096804225223e-02 1.7981370680488071e+00 -1.8242221648530323e+00
490 9.5605468750000000e-01 3.6716927501669744e-04 1.8792628469079724e+00 -1.8788956776329557e+00 -1.4061293377133750e-02 1.8040923330316534e+00 -1.8181536264087872e+00
491 9.5800781250000000e-01 -2.1542468994840682e-03 1.8854949232436078e+00 -1.8876491701430917e+00 6.5548495057106054e-02 1.8100751263138635e+00 -1.7445266312567573e+00
492 9.5996093750000000e-01 -1.9433283521363325e-03 1.8917557699851384e+00 -1.8936990983372748e+00 1.4385256897361479e-03 1.8160855391857327e+00 -1.8146470134959964e+00
493 9.6191406250000000e-01 4.5849668890682194e-03 1.8980454826656261e+00 -1.8934605157765578e+00 6.9040057819626577e-01 1.8221236633590010e+00 -1.1317230851627351e+00
494 9.6386718750000000e-01 4.2619608623719754e-03 1.9043641572585914e+00 -1.9001021963962195e+00 -5.2238976558910846e+00 1.8281895909682477e+00 -7.0520872468593323e+00
495 9.6582031250000000e-01 -1.1794282331313501e-02 1.9107118901794804e+00 -1.9225061725107939e+00 2.3151741756710038e+01 1.8342834145723010e+00 2.1317458342137737e+01
496 9.6777343750000000e-01 -1.5038227115864175e-03 1.9170887782871335e+00 -1.9185926009987200e+00 -6.4154554792224573e+01 1.8404052271556481e+00 -6.5994960019380215e+01
497 9.6972656250000000e-01 1.8173259545555348e-02 1.9234949188852650e+00 -1.9053216593397098e+00 9.7732392142250973e+01 1.8465551221298544e+00 9.5885837020121116e+01
498 9.7167968750000000e-01 -1.0259182144789268e-02 1.9299304097239476e+00 -1.9401895918687369e+00 -3.2691969789702760e+01 1.8527331933349895e+00 -3.4544702983037752e+01
499 9.7363281250000000e-01 -1.5202628183680508e-02 1.9363953490011026e+00 -1.9515979771847831e+00 -1.1531910034503441e+02 1.8589395350410585e+00 -1.1717803988007547e+02
500 9.7558593750000000e-01 3.2330336235759108e-02 1.9428898353640007e+00 -1.9105594991282415e+00 7.8987972782802515e+01 1.8651742419494406e+00 7.7122798540853069e+01
501 9.7753906250000000e-01 3.3675449156870242e-02 1.9494139679107654e+00 -1.9157385187538951e+00 1.2344633010512541e+02 1.8714374091943347e+00 1.2157489269593108e+02
502 9.7949218750000000e-01 -3.1612670899510406e-02 1.9559678461918857e+00 -1.9875805170913960e+00 6.5289963764260264e+01 1.8777291323442102e+00 6.3412234631916057e+01
503 9.8144531250000000e-01 -1.3589715090185950e-01 1.9625515702117347e+00 -2.0984487211135940e+00 -2.8096525435650227e+02 1.8840495074032653e+00 -2.8284930386390556e+02
504 9.8339843750000000e-01 -1.1453020451282410e-01 1.9691652404300966e+00 -2.0836954449429208e+00 -2.7343570605539713e+02 1.8903986308128926e+00 -2.7532610468621004e+02
505 9.8535156250000000e-01 4.6688887594534788e-02 1.9758089577636981e+00 -1.9291200701691633e+00 5.6170967734051800e+01 1.8967765994531502e+00 5.4274191134598652e+01
506 9.8730468750000000e-01 2.2997806373890592e-01 1.9824828235877496e+00 -1.7525047598488437e+00 6.2235914307414771e+02 1.9031835106442396e+00 6.2045595956350348e+02
507 9.8925781250000000e-01 2.2513590444546425e-01 1.9891869397374915e+00 -1.7640510352920273e+00 9.0601541412285894e+02 1.9096194621479918e+00 9.0410579466071090e+02
508 9.9121093750000000e-01 -8.6533219568727171e-02 1.9959214085097483e+00 -2.0824546280784757e+00 2.3889607693544042e+02 1.9160845521693584e+00 2.3697999238327105e+02
509 9.9316406250000000e-01 -4.8112700850624113e-01 2.0026863326644890e+00 -2.4838133411707304e+00 -6.1642961649465917e+02 1.9225788793579095e+00 -6.1835219537401713e+02
510 9.9511718750000000e-01 -6.6488728117651386e-01 2.0094818154263949e+00 -2.6743690966029088e+00 -1.5700689967876649e+03 1.9291025428093391e+00 -1.5719980993304741e+03
511 9.9707031250000000e-01 -2.3552927864641254e-01 2.0163079604864365e+00 -2.2518372391328492e+00 -1.5817204753877445e+03 1.9356556420669788e+00 -1.5836561310298114e+03
512 9.9902343750000000e-01 8.6741552992867788e-01 2.0231648720034543e+00 -1.1557493420747764e+00 -7.5653575831278567e+02 1.9422382771233160e+00 -7.5847799658990903e+02
