# P x phi_num phi_exact phi_err mu_num mu_exact mu_err
1 7.8125000000000000e-03 1.2183008429717466e+00 1.2183008327432432e+00 1.0228503377618381e-08 1.1695649101362176e+00 1.1695687994335133e+00 -3.8892972957782490e-06
2 2.3437500000000000e-02 1.1971010573536973e+00 1.1971009635548642e+00 9.3798833145086746e-08 1.1492134086761785e+00 1.1492169250126696e+00 -3.5163364910939521e-06
3 3.9062500000000000e-02 1.1770704037835213e+00 1.1770702334163408e+00 1.7036718058527356e-07 1.1299841905081234e+00 1.1299874240796870e+00 -3.2335715636211404e-06
4 5.4687500000000000e-02 1.1581893159672070e+00 1.1581890794758209e+00 2.3649138602976905e-07 1.1118584843790167e+00 1.1118615162967880e+00 -3.0319177712900824e-06
5 7.0312500000000000e-02 1.1404393519688665e+00 1.1404390616058209e+00 2.9036304560747794e-07 1.0948185989895003e+00 1.0948214991415879e+00 -2.9001520875926445e-06
6 8.5937500000000000e-02 1.1238031758850842e+00 1.1238028443938244e+00 3.3149125977516292e-07 1.0788479047668174e+00 1.0788507306180715e+00 -2.8258512541068370e-06
7 1.0156250000000000e-01 1.1082645406002880e+00 1.1082641802117892e+00 3.6038849882125135e-07 1.0639308164872221e+00 1.0639336130033177e+00 -2.7965160955822910e-06
8 1.1718750000000000e-01 1.0938082716269109e+00 1.0938078933480329e+00 3.7827887799934956e-07 1.0500527775347634e+00 1.0500555776141116e+00 -2.8000793481641750e-06
9 1.3281250000000000e-01 1.0804202520209860e+00 1.0804198651859953e+00 3.8683499070657490e-07 1.0372002453443152e+00 1.0372030705785555e+00 -2.8252342403334296e-06
10 1.4843750000000000e-01 1.0680874083592984e+00 1.0680870204154049e+00 3.8794389345397917e-07 1.0253606771166972e+00 1.0253635395987888e+00 -2.8624820915812421e-06
11 1.6406250000000000e-01 1.0567976977846905e+00 1.0567973142623821e+00 3.8352230835592138e-07 1.0145225174940653e+00 1.0145254216918869e+00 -2.9041978215627040e-06
12 1.7968750000000000e-01 1.0465400961040092e+00 1.0465397207260074e+00 3.7537800179343606e-07 1.0046751874641862e+00 1.0046781318969671e+00 -2.9444327809269311e-06
13 1.9531250000000000e-01 1.0373045869193109e+00 1.0373042218098660e+00 3.6510944489975827e-07 9.9580907377734584e-01 9.9581205293747133e-01 -2.9791601254824940e-06
14 2.1093750000000000e-01 1.0290821517859374e+00 1.0290817977380520e+00 3.5404788545356780e-07 9.8791552003517791e-01 9.8791852582852990e-01 -3.0057933519955782e-06
15 2.2656250000000000e-01 1.0218647613732124e+00 1.0218644181460774e+00 3.4322713493573076e-07 9.8098681807478760e-01 9.8098984142023427e-01 -3.0233454466621623e-06
16 2.4218750000000000e-01 1.0156453676230821e+00 1.0156450342380796e+00 3.3338500249335823e-07 9.7501620068699779e-01 9.7501923286855641e-01 -3.0321815586153988e-06
17 2.5781250000000000e-01 1.0104178968937427e+00 1.0104175719026729e+00 3.2499106983330250e-07 9.6999783565078646e-01 9.7000086902656590e-01 -3.0333757794487326e-06
18 2.7343750000000000e-01 1.0061772440658885e+00 1.0061769257807154e+00 3.1828517310650284e-07 9.6592682040612010e-01 9.6592984874948673e-01 -3.0283433666289383e-06
19 2.8906250000000000e-01 1.0029192675970715e+00 1.0029189542792012e+00 3.1331787031518843e-07 9.6279917705863960e-01 9.6280219610803308e-01 -3.0190493934822982e-06
20 3.0468750000000000e-01 1.0006407855262400e+00 1.0006404755264073e+00 3.0999983269275333e-07 9.6061184909639374e-01 9.6061485650535106e-01 -3.0074089573117746e-06
21 3.2031250000000000e-01 9.9933957241114779e-01 9.9933926426434350e-01 3.0814680429536168e-07 9.5936269844803324e-01 9.5936569369376967e-01 -2.9952457364368357e-06
22 3.3593750000000000e-01 9.9901435719555554e-01 9.9901404967547214e-01 3.0752008339796078e-07 9.5905050288924609e-01 9.5905348768845322e-01 -2.9847992071285745e-06
23 3.5156250000000000e-01 9.9966482201693541e-01 9.9966451414157498e-01 3.0787536042797825e-07 9.5967495624494115e-01 9.5967793357591191e-01 -2.9773309707659124e-06
24 3.6718750000000000e-01 1.0012916019206206e+00 1.0012912929335531e+00 3.0898706748772042e-07 9.6123666761058046e-01 9.6123964121621097e-01 -2.9736056305074143e-06
25 3.8281250000000000e-01 1.0038962854939102e+00 1.0038959748318597e+00 3.1066205052887597e-07 9.6373716172156210e-01 9.6374013583858520e-01 -2.9741170231023517e-06
26 3.9843750000000000e-01 1.0074814164249670e+00 1.0074811036781686e+00 3.1274679845871844e-07 9.6717888022991827e-01 9.6718185953104174e-01 -2.9793011234735545e-06
27 4.1406250000000000e-01 1.0120504959938266e+00 1.0120501808597995e+00 3.1513402709570926e-07 9.7156518485106835e-01 9.7156817362540748e-01 -2.9887743391299182e-06
28 4.2968750000000000e-01 1.0176079864793086e+00 1.0176076687293163e+00 3.1774999231792833e-07 9.7690035964808597e-01 9.7690336198014360e-01 -3.0023320576333390e-06
29 4.4531250000000000e-01 1.0241593155104032e+00 1.0241589949626508e+00 3.2054775234158228e-07 9.8318961556475593e-01 9.8319263516414479e-01 -3.0195993888648687e-06
30 4.6093750000000000e-01 1.0317108813566107e+00 1.0317105578599972e+00 3.2349661349684311e-07 9.9043909515031447e-01 9.9044213554559724e-01 -3.0403952827606773e-06
31 4.7656250000000000e-01 1.0402700591708560e+00 1.0402697325946610e+00 3.2657619497555856e-07 9.9865587874879158e-01 9.9865894329087457e-01 -3.0645420829866765e-06
32 4.9218750000000000e-01 1.0498452081868268e+00 1.0498448784159640e+00 3.2977086283914048e-07 1.0078479913777705e+00 1.0078510832793253e+00 -3.0919015547858919e-06
33 5.0781250000000000e-01 1.0604456798788222e+00 1.0604453468132355e+00 3.3306558666623687e-07 1.0180244104852576e+00 1.0180275329407060e+00 -3.1224554484232669e-06
34 5.2343750000000000e-01 1.0720818270931665e+00 1.0720814906488720e+00 3.3644429442425405e-07 1.0291950746424550e+00 1.0291982310229171e+00 -3.1563804621104197e-06
35 5.3906250000000000e-01 1.0847650141623943e+00 1.0847646742693760e+00 3.3989301839731922e-07 1.0413708933250583e+00 1.0413740872986008e+00 -3.1939735425368099e-06
36 5.5468750000000000e-01 1.0985076280099846e+00 1.0985072846042527e+00 3.4340573185076551e-07 1.0545637576598390e+00 1.0545669932200825e+00 -3.2355602435085729e-06
37 5.7031250000000000e-01 1.1133230902547095e+00 1.1133227432636084e+00 3.4699110118552312e-07 1.0687865519091770e+00 1.0687898335330639e+00 -3.2816238868527137e-06
38 5.8593750000000000e-01 1.1292258703301457e+00 1.1292255196462548e+00 3.5068389081516216e-07 1.0840531661340820e+00 1.0840564988604047e+00 -3.3327263226912152e-06
39 6.0156250000000000e-01 1.1462314996292977e+00 1.1462311450711333e+00 3.5455816438378918e-07 1.1003785099232521e+00 1.1003818992682879e+00 -3.3893450357425081e-06
40 6.1718750000000000e-01 1.1643565866850392e+00 1.1643562279458526e+00 3.5873918657891579e-07 1.1177785269223697e+00 1.1177819788280183e+00 -3.4519056486548294e-06
41 6.3281250000000000e-01 1.1836188334029387e+00 1.1836184699871570e+00 3.6341578169007960e-07 1.1362702105754383e+00 1.1362737311876707e+00 -3.5206122324105138e-06
42 6.4843750000000000e-01 1.2040370523578254e+00 1.2040366835091645e+00 3.6884866094766267e-07 1.1558716210184736e+00 1.1558752161687980e+00 -3.5951503243314420e-06
43 6.6406250000000000e-01 1.2256311851638895e+00 1.2256308097962649e+00 3.7536762453882488e-07 1.1766019028403094e+00 1.1766055774044142e+00 -3.6745641047719602e-06
44 6.7968750000000000e-01 1.2484223219330484e+00 1.2484219385786135e+00 3.8335443486303689e-07 1.1984813035195174e+00 1.1984850610354689e+00 -3.7575159514968703e-06
45 6.9531250000000000e-01 1.2724327218470495e+00 1.2724323286292463e+00 3.9321780320733524e-07 1.2215311936596667e+00 1.2215350354840764e+00 -3.8418244097115917e-06
46 7.1093750000000000e-01 1.2976858348516072e+00 1.2976854295029336e+00 4.0534867351560422e-07 1.2457740877483907e+00 1.2457780123228162e+00 -3.9245744254401416e-06
47 7.2656250000000000e-01 1.3242063244945843e+00 1.3242059044379995e+00 4.2005658484889352e-07 1.2712336655977763e+00 1.2712376682604793e+00 -4.0026627030620432e-06
48 7.4218750000000000e-01 1.3520200919427057e+00 1.3520196544434737e+00 4.3749923195335327e-07 1.2979347953792615e+00 1.2979388682657347e+00 -4.0728864731942593e-06
49 7.5781250000000000e-01 1.3811543012014029e+00 1.3811538435951067e+00 4.5760629618918358e-07 1.3259035576142537e+00 1.3259076898513025e+00 -4.1322370487595350e-06
50 7.7343750000000000e-01 1.4116374055671870e+00 1.4116369255649441e+00 4.8000224284194815e-07 1.3551672701698623e+00 1.3551714485423463e+00 -4.1783724840094294e-06
51 7.8906250000000000e-01 1.4434991753480499e+00 1.4434986714103788e+00 5.0393767114798038e-07 1.3857545151398243e+00 1.3857587245539635e+00 -4.2094141392556850e-06
52 8.0468750000000000e-01 1.4767707268723620e+00 1.4767701986498147e+00 5.2822254725803930e-07 1.4176951658352290e+00 1.4176993907038220e+00 -4.2248685929724417e-06
53 8.2031250000000000e-01 1.5114845528360461e+00 1.5114840016533408e+00 5.5118270525511548e-07 1.4510204151499795e+00 1.4510246415872072e+00 -4.2264372277500684e-06
54 8.3593750000000000e-01 1.5476745540362444e+00 1.5476739833780979e+00 5.7065814651480196e-07 1.4857628059412931e+00 1.4857670240429739e+00 -4.2181016808306993e-06
55 8.5156250000000000e-01 1.5853760725240658e+00 1.5853754884793287e+00 5.8404473701756388e-07 1.5219562625299168e+00 1.5219604689401556e+00 -4.2064102387939784e-06
56 8.6718750000000000e-01 1.6246259262169020e+00 1.6246253378294526e+00 5.8838744942946164e-07 1.5596361234710763e+00 1.5596403243162744e+00 -4.2008451981434547e-06
57 8.8281250000000000e-01 1.6654624450157933e+00 1.6654618644788755e+00 5.8053691787129935e-07 1.5988391760693001e+00 1.5988433898997203e+00 -4.2138304201522203e-06
58 8.9843750000000000e-01 1.7079255084666922e+00 1.7079249510936543e+00 5.5737303794600734e-07 1.6396036919712826e+00 1.6396079530499081e+00 -4.2610786255004029e-06
59 9.1406250000000000e-01 1.7520565850157870e+00 1.7520560689065838e+00 5.1610920315248165e-07 1.6819694657329798e+00 1.6819738261503203e+00 -4.3604173405320523e-06
60 9.2968750000000000e-01 1.7978987728756302e+00 1.7978983182197437e+00 4.5465588649484800e-07 1.7259778539907922e+00 1.7259823854909540e+00 -4.5315001617751705e-06
61 9.4531250000000000e-01 1.8454968425442075e+00 1.8454964704980621e+00 3.7204614544705805e-07 1.7716718167393986e+00 1.7716766116781395e+00 -4.7949387409484956e-06
62 9.6093750000000000e-01 1.8948972810068432e+00 1.8948970120950079e+00 2.6891183524391238e-07 1.8190959603250680e+00 1.8191011316112076e+00 -5.1712861395269982e-06
63 9.7656250000000000e-01 1.9461483376502957e+00 1.9461481896531143e+00 1.4799718139890672e-07 1.8682965830458738e+00 1.8683022620669896e+00 -5.6790211158119774e-06
64 9.9218750000000000e-01 1.9993000718964560e+00 1.9993000572236754e+00 1.4672780546121089e-08 1.9193217212212530e+00 1.9193280549347282e+00 -6.3337134752483593e-06
