# P x_center tau_phi tau_mu
1 3.1250000000000000e-02 2.8542333825498645e-03 9.4865634281404709e-07
2 9.3750000000000000e-02 -3.6052480001558251e-04 5.8149929701656333e-05
3 1.5625000000000000e-01 -3.4321258786462749e-04 5.5357600522665251e-05
4 2.1875000000000000e-01 -3.3127005875144278e-04 5.3431360691025276e-05
5 2.8125000000000000e-01 -3.2451036744873818e-04 5.2341073499384549e-05
6 3.4375000000000000e-01 -3.2282775632097582e-04 5.2069681018895864e-05
7 4.0625000000000000e-01 -3.2619590018612143e-04 5.2612937215812394e-05
8 4.6875000000000000e-01 -3.3466749499666548e-04 5.3979341529064584e-05
9 5.3125000000000000e-01 -3.4837508175655785e-04 5.6190271837230910e-05
10 5.9375000000000000e-01 -3.6753312059545351e-04 5.9280318931875797e-05
11 6.5625000000000000e-01 -3.9244134580940226e-04 6.3297827700203868e-05
12 7.1875000000000000e-01 -4.2348945547132644e-04 6.8305653494693530e-05
13 7.8125000000000000e-01 -4.6116320817191081e-04 7.4382145530016430e-05
14 8.4375000000000000e-01 -5.0605202341102995e-04 8.1622372686496192e-05
15 9.0625000000000000e-01 -5.5885820245293871e-04 9.0139610895434430e-05
16 9.6875000000000000e-01 7.5727530629592366e-03 2.5182546892210667e-06
