# P x_center tau_phi tau_mu
1 1.9531250000000000e-03 1.3536773622035980e-05 2.8148861019872129e-10
2 5.8593750000000000e-03 -9.6884377853712067e-08 2.4842051971063484e-07
3 9.7656250000000000e-03 -9.6450548880966380e-08 2.4731207304284908e-07
4 1.3671875000000000e-02 -9.6025360107887536e-08 2.4621931515866891e-07
5 1.7578125000000000e-02 -9.5604718808317557e-08 2.4514031338185305e-07
6 2.1484375000000000e-02 -9.5189989224309102e-08 2.4407768250966910e-07
7 2.5390625000000000e-02 -9.4780716608511284e-08 2.4302892143168719e-07
8 2.9296875000000000e-02 -9.4377810455625877e-08 2.4199539438995998e-07
9 3.3203125000000000e-02 -9.3980816018301994e-08 2.4097664663713658e-07
10 3.7109375000000000e-02 -9.3589278549188748e-08 2.3997256448637927e-07
11 4.1015625000000000e-02 -9.3203652795637026e-08 2.3898337531136349e-07
12 4.4921875000000000e-02 -9.2823484010295942e-08 2.3800828330422519e-07
13 4.8828125000000000e-02 -9.2448317445814610e-08 2.3704785689915298e-07
14 5.2734375000000000e-02 -9.2079517344245687e-08 2.3610220978298457e-07
15 5.6640625000000000e-02 -9.1715719463536516e-08 2.3517077352153137e-07
16 6.0546875000000000e-02 -9.1359197540441528e-08 2.3425366180163110e-07
17 6.4453125000000000e-02 -9.1006768343504518e-08 2.3335110199695919e-07
18 6.8359375000000000e-02 -9.0661160356830806e-08 2.3246229829965159e-07
19 7.2265625000000000e-02 -9.0319190348964185e-08 2.3158793283073464e-07
20 7.6171875000000000e-02 -8.9983586804009974e-08 2.3072789190337062e-07
21 8.0078125000000000e-02 -8.9653894974617288e-08 2.2988160708337091e-07
22 8.3984375000000000e-02 -8.9328295871382579e-08 2.2904941943124868e-07
23 8.7890625000000000e-02 -8.9010427473112941e-08 2.2823155632067937e-07
24 9.1796875000000000e-02 -8.8696197053650394e-08 2.2742722194379894e-07
25 9.5703125000000000e-02 -8.8387878349749371e-08 2.2663664367428282e-07
26 9.9609375000000000e-02 -8.8085471361409873e-08 2.2586073100683279e-07
27 1.0351562500000000e-01 -8.7788521341281012e-08 2.2509777863888303e-07
28 1.0742187500000000e-01 -8.7496118794661015e-08 2.2434869606513530e-07
29 1.1132812500000000e-01 -8.7209173216251656e-08 2.2361348328558961e-07
30 1.1523437500000000e-01 -8.6927229858702049e-08 2.2289214030024596e-07
31 1.1914062500000000e-01 -8.6652107711415738e-08 2.2218364392756484e-07
32 1.2304687500000000e-01 -8.6381078290287405e-08 2.2148947209643666e-07
33 1.2695312500000000e-01 -8.6115505837369710e-08 2.2080871531215962e-07
34 1.3085937500000000e-01 -8.5855390352662653e-08 2.2014125988789601e-07
35 1.3476562500000000e-01 -8.5599822341464460e-08 2.1948687844997039e-07
36 1.3867187500000000e-01 -8.5350166045827791e-08 2.1884659417992225e-07
37 1.4257812500000000e-01 -8.5105057223699987e-08 2.1821938389621209e-07
38 1.4648437500000000e-01 -8.4866314864484593e-08 2.1760547497251537e-07
39 1.5039062500000000e-01 -8.4631210484076291e-08 2.1700452634831890e-07
40 1.5429687500000000e-01 -8.4402017819229513e-08 2.1641710645781131e-07
41 1.5820312500000000e-01 -8.4179191617295146e-08 2.1584298792731715e-07
42 1.6210937500000000e-01 -8.3959093899466097e-08 2.1528171600948554e-07
43 1.6601562500000000e-01 -8.3746272139251232e-08 2.1473420019901823e-07
44 1.6992187500000000e-01 -8.3537543105194345e-08 2.1419930362753803e-07
45 1.7382812500000000e-01 -8.3333361544646323e-08 2.1367748104239581e-07
46 1.7773437500000000e-01 -8.3135546447010711e-08 2.1316895981726702e-07
47 1.8164062500000000e-01 -8.2942278822883964e-08 2.1267317151796306e-07
48 1.8554687500000000e-01 -8.2754922914318740e-08 2.1219068457867252e-07
49 1.8945312500000000e-01 -8.2571204984560609e-08 2.1172070319153136e-07
50 1.9335937500000000e-01 -8.2392944023013115e-08 2.1126425053807907e-07
51 1.9726562500000000e-01 -8.2219230534974486e-08 2.1082018974993844e-07
52 2.0117187500000000e-01 -8.2050974015146494e-08 2.1038897557446035e-07
53 2.0507812500000000e-01 -8.1889083958230913e-08 2.0997106275899569e-07
54 2.0898437500000000e-01 -8.1730377132771537e-08 2.0956520074832952e-07
55 2.1289062500000000e-01 -8.1577582022873685e-08 2.0917298115818994e-07
56 2.1679687500000000e-01 -8.1429789133835584e-08 2.0879326712019974e-07
57 2.2070312500000000e-01 -8.1286088970955461e-08 2.0842594494752120e-07
58 2.2460937500000000e-01 -8.1147391028935090e-08 2.0807146938750520e-07
59 2.2851562500000000e-01 -8.1015514297178015e-08 2.0773029518750263e-07
60 2.3242187500000000e-01 -8.0886366049526259e-08 2.0740083073178539e-07
61 2.3632812500000000e-01 -8.0763129517436028e-08 2.0708478132291930e-07
62 2.4023437500000000e-01 -8.0645349953556433e-08 2.0678135115304030e-07
63 2.4414062500000000e-01 -8.0531208368483931e-08 2.0648985810112208e-07
64 2.4804687500000000e-01 -8.0422978498972952e-08 2.0621155272237957e-07
65 2.5195312500000000e-01 -8.0319296102970839e-08 2.0594575289578643e-07
66 2.5585937500000000e-01 -8.0219706433126703e-08 2.0569234493450494e-07
67 2.5976562500000000e-01 -8.0126483226194978e-08 2.0545166989904828e-07
68 2.6367187500000000e-01 -8.0036897998070344e-08 2.0522338672890328e-07
69 2.6757812500000000e-01 -7.9953224485507235e-08 2.0500760911090765e-07
70 2.7148437500000000e-01 -7.9873188951751217e-08 2.0480456441873685e-07
71 2.7539062500000000e-01 -7.9799065133556724e-08 2.0461379790503997e-07
72 2.7929687500000000e-01 -7.9729488788871095e-08 2.0443565063033020e-07
73 2.8320312500000000e-01 -7.9665369412396103e-08 2.0427023628144525e-07
74 2.8710937500000000e-01 -7.9604888014728203e-08 2.0411664536368335e-07
75 2.9101562500000000e-01 -7.9550318332621828e-08 2.0397590105858399e-07
76 2.9492187500000000e-01 -7.9500296124024317e-08 2.0384788967930945e-07
77 2.9882812500000000e-01 -7.9454366641584784e-08 2.0373158804432023e-07
78 3.0273437500000000e-01 -7.9414348874706775e-08 2.0362813302199356e-07
79 3.0664062500000000e-01 -7.9379333328688517e-08 2.0353718355181627e-07
80 3.1054687500000000e-01 -7.9349320003530011e-08 2.0345851226011291e-07
81 3.1445312500000000e-01 -7.9322944657178596e-08 2.0339246020739665e-07
82 3.1835937500000000e-01 -7.9301571531686932e-08 2.0333891370682977e-07
83 3.2226562500000000e-01 -7.9286110121756792e-08 2.0329730432422366e-07
84 3.2617187500000000e-01 -7.9274741437984630e-08 2.0326865524111781e-07
85 3.3007812500000000e-01 -7.9267920227721334e-08 2.0325171590229729e-07
86 3.3398437500000000e-01 -7.9266555985668674e-08 2.0324773686297704e-07
87 3.3789062500000000e-01 -7.9269739217124879e-08 2.0325603600213071e-07
88 3.4179687500000000e-01 -7.9277924669440836e-08 2.0327661331975833e-07
89 3.4570312500000000e-01 -7.9290202847914770e-08 2.0330980987637304e-07
90 3.4960937500000000e-01 -7.9308392741950229e-08 2.0335517092462396e-07
91 3.5351562500000000e-01 -7.9330675362143666e-08 2.0341326489869971e-07
92 3.5742187500000000e-01 -7.9358414950547740e-08 2.0348352336441167e-07
93 3.6132812500000000e-01 -7.9390702012460679e-08 2.0356640106911073e-07
94 3.6523437500000000e-01 -7.9427536547882482e-08 2.0366132957860827e-07
95 3.6914062500000000e-01 -7.9468918556813151e-08 2.0376887732709292e-07
96 3.7304687500000000e-01 -7.9517121776007116e-08 2.0388904431456467e-07
97 3.7695312500000000e-01 -7.9568508226657286e-08 2.0402171685418580e-07
98 3.8085937500000000e-01 -7.9624896898167208e-08 2.0416621282492997e-07
99 3.8476562500000000e-01 -7.9685833043185994e-08 2.0432401015568757e-07
100 3.8867187500000000e-01 -7.9751771409064531e-08 2.0449340354389278e-07
101 3.9257812500000000e-01 -7.9823166743153706e-08 2.0467621197894914e-07
102 3.9648437500000000e-01 -7.9899109550751746e-08 2.0487061647145310e-07
103 4.0039062500000000e-01 -7.9980964073911309e-08 2.0507832232397050e-07
104 4.0429687500000000e-01 -8.0065547081176192e-08 2.0529796529444866e-07
105 4.0820312500000000e-01 -8.0156951298704371e-08 2.0553045487758936e-07
106 4.1210937500000000e-01 -8.0252448242390528e-08 2.0577533632604172e-07
107 4.1601562500000000e-01 -8.0352947406936437e-08 2.0603272332664346e-07
108 4.1992187500000000e-01 -8.0457994044991210e-08 2.0630307062674547e-07
109 4.2382812500000000e-01 -8.0567588156554848e-08 2.0658535504480824e-07
110 4.2773437500000000e-01 -8.0683093983680010e-08 2.0688094082288444e-07
111 4.3164062500000000e-01 -8.0803602031664923e-08 2.0718869109259686e-07
112 4.3554687500000000e-01 -8.0928657553158700e-08 2.0750940166180953e-07
113 4.3945312500000000e-01 -8.1057805800810456e-08 2.0784250409633387e-07
114 4.4335937500000000e-01 -8.1192865764023736e-08 2.0818811208300758e-07
115 4.4726562500000000e-01 -8.1333837442798540e-08 2.0854724880337017e-07
116 4.5117187500000000e-01 -8.1477537605678663e-08 2.0891809526801808e-07
117 4.5507812500000000e-01 -8.1628058978822082e-08 2.0930258415319258e-07
118 4.5898437500000000e-01 -8.1782218330772594e-08 2.0969923753000330e-07
119 4.6289062500000000e-01 -8.1942289398284629e-08 2.1010896489315201e-07
120 4.6679687500000000e-01 -8.2107362686656415e-08 2.1053108412161237e-07
121 4.7070312500000000e-01 -8.2277438195887953e-08 2.1096695945743704e-07
122 4.7460937500000000e-01 -8.2452515925979242e-08 2.1141488559806021e-07
123 4.7851562500000000e-01 -8.2631686382228509e-08 2.1187599941185908e-07
124 4.8242187500000000e-01 -8.2816313806688413e-08 2.1234995983832050e-07
125 4.8632812500000000e-01 -8.3005943452008069e-08 2.1283710793795763e-07
126 4.9023437500000000e-01 -8.3201484812889248e-08 2.1333698896341957e-07
127 4.9414062500000000e-01 -8.3402028394630179e-08 2.1384994397521950e-07
128 4.9804687500000000e-01 -8.3607119449879974e-08 2.1437597297335742e-07
129 5.0195312500000000e-01 -8.3816757978638634e-08 2.1491496227099560e-07
130 5.0585937500000000e-01 -8.4032308222958818e-08 2.1546770767599810e-07
131 5.0976562500000000e-01 -8.4252405940787867e-08 2.1603284494631225e-07
132 5.1367187500000000e-01 -8.4478415374178439e-08 2.1661151095031528e-07
133 5.1757812500000000e-01 -8.4708517533726990e-08 2.1720313725381857e-07
134 5.2148437500000000e-01 -8.4944531408837065e-08 2.1780829229101073e-07
135 5.2539062500000000e-01 -8.5186456999508664e-08 2.1842686237505404e-07
136 5.2929687500000000e-01 -8.5432930063689128e-08 2.1905850644543534e-07
137 5.3320312500000000e-01 -8.5683950601378456e-08 2.1970333818899235e-07
138 5.3710937500000000e-01 -8.5940882854629308e-08 2.2036226710042683e-07
139 5.4101562500000000e-01 -8.6202817328739911e-08 2.2103415631136158e-07
140 5.4492187500000000e-01 -8.6469754023710266e-08 2.2171957425598521e-07
141 5.4882812500000000e-01 -8.6742602434242144e-08 2.2241863462113542e-07
142 5.5273437500000000e-01 -8.7020907812984660e-08 2.2313099634629907e-07
143 5.5664062500000000e-01 -8.7304670159937814e-08 2.2385711417882703e-07
144 5.6054687500000000e-01 -8.7593434727750719e-08 2.2459721549239475e-07
145 5.6445312500000000e-01 -8.7886746769072488e-08 2.2535027710546274e-07
146 5.6835937500000000e-01 -8.8185970525955781e-08 2.2611777694692137e-07
147 5.7226562500000000e-01 -8.8490651251049712e-08 2.2689880552206887e-07
148 5.7617187500000000e-01 -8.8800334197003394e-08 2.2769347651774297e-07
149 5.8007812500000000e-01 -8.9116383605869487e-08 2.2850247205496999e-07
150 5.8398437500000000e-01 -8.9436980488244444e-08 2.2932567844691221e-07
151 5.8789062500000000e-01 -8.9762579591479152e-08 2.3016195882519241e-07
152 5.9179687500000000e-01 -9.0094545157626271e-08 2.3101290480553871e-07
153 5.9570312500000000e-01 -9.0432422439334914e-08 2.3187794795376249e-07
154 5.9960937500000000e-01 -9.0774847194552422e-08 2.3275686089618830e-07
155 6.0351562500000000e-01 -9.1123183665331453e-08 2.3365032575384248e-07
156 6.0742187500000000e-01 -9.1476977104321122e-08 2.3455754671886098e-07
157 6.1132812500000000e-01 -9.1836682258872315e-08 2.3547988803329645e-07
158 6.1523437500000000e-01 -9.2201844381634146e-08 2.3641587176825851e-07
159 6.1914062500000000e-01 -9.2572463472606614e-08 2.3736674847896211e-07
160 6.2304687500000000e-01 -9.2948539531789720e-08 2.3833149498386774e-07
161 6.2695312500000000e-01 -9.3330982053885236e-08 2.3931136183819035e-07
162 6.3085937500000000e-01 -9.3718426796840504e-08 2.4030578060774133e-07
163 6.3476562500000000e-01 -9.4113147497409955e-08 2.4131429654516978e-07
164 6.3867187500000000e-01 -9.4511960924137384e-08 2.4233850126620382e-07
165 6.4257812500000000e-01 -9.4917595561128110e-08 2.4337691684195306e-07
166 6.4648437500000000e-01 -9.5328232418978587e-08 2.4442999801976839e-07
167 6.5039062500000000e-01 -9.5744326245039701e-08 2.4549831323383842e-07
168 6.5429687500000000e-01 -9.6167241281364113e-08 2.4658152142364997e-07
169 6.5820312500000000e-01 -9.6595158538548276e-08 2.4768007733655395e-07
170 6.6210937500000000e-01 -9.7029897005995736e-08 2.4879329885152401e-07
171 6.6601562500000000e-01 -9.7468728199601173e-08 2.4992209546326194e-07
172 6.6992187500000000e-01 -9.7916199592873454e-08 2.5106578505074140e-07
173 6.7382812500000000e-01 -9.8366854217601940e-08 2.5222482236131327e-07
174 6.7773437500000000e-01 -9.8825694294646382e-08 2.5339954845549073e-07
175 6.8164062500000000e-01 -9.9289081845199689e-08 2.5458950858592289e-07
176 6.8554687500000000e-01 -9.9758835858665407e-08 2.5579515749996062e-07
177 6.8945312500000000e-01 -1.0023632057709619e-07 2.5701649519760394e-07
178 6.9335937500000000e-01 -1.0071835276903585e-07 2.5825306693150196e-07
179 6.9726562500000000e-01 -1.0120720617123879e-07 2.5950589588319417e-07
180 7.0117187500000000e-01 -1.0170242603635415e-07 2.6077441361849196e-07
181 7.0507812500000000e-01 -1.0220310286968015e-07 2.6205839276371989e-07
182 7.0898437500000000e-01 -1.0271014616591856e-07 2.6335897018725518e-07
183 7.1289062500000000e-01 -1.0322310117771849e-07 2.6467557745490922e-07
184 7.1679687500000000e-01 -1.0374378689448349e-07 2.6600821456668200e-07
185 7.2070312500000000e-01 -1.0426765584270470e-07 2.6735665414889809e-07
186 7.2460937500000000e-01 -1.0480243872734718e-07 2.6872260150412330e-07
187 7.2851562500000000e-01 -1.0534040484344587e-07 2.7010355552192777e-07
188 7.3242187500000000e-01 -1.0588564691715874e-07 2.7150178993906593e-07
189 7.3632812500000000e-01 -1.0643725545378402e-07 2.7291628157399828e-07
190 7.4023437500000000e-01 -1.0699523045332171e-07 2.7434793992142659e-07
191 7.4414062500000000e-01 -1.0756002666312270e-07 2.7579585548664909e-07
192 7.4804687500000000e-01 -1.0813164408318698e-07 2.7726071039069211e-07
193 7.5195312500000000e-01 -1.0870917321881279e-07 2.7874239094671793e-07
194 7.5585937500000000e-01 -1.0929397831205279e-07 2.8024146558891516e-07
195 7.5976562500000000e-01 -1.0988514986820519e-07 2.8175725219625747e-07
196 7.6367187500000000e-01 -1.1048314263462089e-07 2.8329020551609574e-07
197 7.6757812500000000e-01 -1.1108704711659811e-07 2.8484066660894314e-07
198 7.7148437500000000e-01 -1.1169913705089130e-07 2.8640852178796194e-07
199 7.7539062500000000e-01 -1.1231713870074600e-07 2.8799342999263899e-07
200 7.7929687500000000e-01 -1.1294196156086400e-07 2.8959675546502694e-07
201 7.8320312500000000e-01 -1.1357451512594707e-07 2.9121724764991086e-07
202 7.8710937500000000e-01 -1.1421343515394256e-07 2.9285536129464163e-07
203 7.9101562500000000e-01 -1.1485917639220133e-07 2.9451155114657013e-07
204 7.9492187500000000e-01 -1.1551173884072341e-07 2.9618547614518320e-07
205 7.9882812500000000e-01 -1.1617203199421056e-07 2.9787781841150718e-07
206 8.0273437500000000e-01 -1.1683914635796100e-07 2.9958835057186661e-07
207 8.0664062500000000e-01 -1.1751308193197474e-07 3.0131661787891062e-07
208 8.1054687500000000e-01 -1.1819565770565532e-07 3.0306421194836730e-07
209 8.1445312500000000e-01 -1.1888278095284477e-07 3.0482954116450856e-07
210 8.1835937500000000e-01 -1.1957899914705195e-07 3.0661351502203615e-07
211 8.2226562500000000e-01 -1.2028249329887331e-07 3.0841681564197643e-07
212 8.2617187500000000e-01 -1.2099326340830885e-07 3.1023807878227672e-07
213 8.3007812500000000e-01 -1.2171085472800769e-07 3.1207935080601601e-07
214 8.3398437500000000e-01 -1.2243572200532071e-07 3.1393858535011532e-07
215 8.3789062500000000e-01 -1.2316922948230058e-07 3.1581726034346502e-07
216 8.4179687500000000e-01 -1.2390910342219286e-07 3.1771605790709145e-07
217 8.4570312500000000e-01 -1.2465716281440109e-07 3.1963281799107790e-07
218 8.4960937500000000e-01 -1.2541204341687262e-07 3.2156981433217879e-07
219 8.5351562500000000e-01 -1.2617510947166011e-07 3.2352727430406958e-07
220 8.5742187500000000e-01 -1.2694636097876355e-07 3.2550315154367127e-07
221 8.6132812500000000e-01 -1.2772397894877940e-07 3.2749994716141373e-07
222 8.6523437500000000e-01 -1.2851114661316387e-07 3.2951538742054254e-07
223 8.6914062500000000e-01 -1.2930559023516253e-07 3.3155265555251390e-07
224 8.7304687500000000e-01 -1.3010776456212625e-07 3.3360879569954704e-07
225 8.7695312500000000e-01 -1.3091721484670416e-07 3.3568585422472097e-07
226 8.8085937500000000e-01 -1.3173485058359802e-07 3.3778314900700934e-07
227 8.8476562500000000e-01 -1.3256158126750961e-07 3.3990158954111394e-07
228 8.8867187500000000e-01 -1.3339558790903538e-07 3.4204026633233298e-07
229 8.9257812500000000e-01 -1.3423868949757889e-07 3.4420008887536824e-07
230 8.9648437500000000e-01 -1.3508815754903480e-07 3.4638014767551795e-07
231 9.0039062500000000e-01 -1.3594853953691199e-07 3.4858248909586109e-07
232 9.0429687500000000e-01 -1.3681437849299982e-07 3.5080574889434502e-07
233 9.0820312500000000e-01 -1.3768931239610538e-07 3.5304992707096972e-07
234 9.1210937500000000e-01 -1.3857334124622867e-07 3.5531593312043697e-07
235 9.1601562500000000e-01 -1.3946646504336968e-07 3.5760422179009765e-07
236 9.1992187500000000e-01 -1.4036595530342311e-07 3.5991365621157456e-07
237 9.2382812500000000e-01 -1.4127545000519603e-07 3.6224514587956946e-07
238 9.2773437500000000e-01 -1.4219403965398669e-07 3.6459914554143324e-07
239 9.3164062500000000e-01 -1.4311990526039153e-07 3.6697474570246413e-07
240 9.3554687500000000e-01 -1.4405486581381410e-07 3.6937308323103935e-07
241 9.3945312500000000e-01 -1.4499892131425440e-07 3.7179393075348344e-07
242 9.4335937500000000e-01 -1.4595298125641420e-07 3.7423728826979641e-07
243 9.4726562500000000e-01 -1.4691431715618819e-07 3.7670406527468003e-07
244 9.5117187500000000e-01 -1.4788474800297990e-07 3.7919335227343254e-07
245 9.5507812500000000e-01 -1.4886427379678935e-07 3.8170628613443114e-07
246 9.5898437500000000e-01 -1.4985471352702007e-07 3.8424218473664951e-07
247 9.6289062500000000e-01 -1.5085333870956674e-07 3.8680104808008764e-07
248 9.6679687500000000e-01 -1.5185923984972760e-07 3.8938401303312276e-07
249 9.7070312500000000e-01 -1.5287605492630973e-07 3.9199039747472852e-07
250 9.7460937500000000e-01 -1.5390196494990960e-07 3.9462156564695761e-07
251 9.7851562500000000e-01 -1.5493606042582542e-07 3.9727592593408190e-07
252 9.8242187500000000e-01 -1.5598197933286428e-07 3.9995484257815406e-07
253 9.8632812500000000e-01 -1.5703608369221911e-07 4.0265831557917409e-07
254 9.9023437500000000e-01 -1.5810110198799521e-07 4.0538611756346654e-07
255 9.9414062500000000e-01 -1.5917339624138549e-07 4.0813893065205775e-07
256 9.9804687500000000e-01 3.3449381589889526e-05 6.9530869950540364e-10
