# P x psi v
1 1.5625000000000000e-02 4.9997330607234813e-01 2.6119738412501547e-01
2 4.6875000000000000e-02 4.9997433190502488e-01 2.6557075483212778e-01
3 7.8125000000000000e-02 4.9997634414820452e-01 2.7414943006268849e-01
4 1.0937500000000000e-01 4.9997926547251126e-01 2.8660373613856310e-01
5 1.4062500000000000e-01 4.9998298361308652e-01 3.0245506106171316e-01
6 1.7187500000000000e-01 4.9998735568387759e-01 3.2109424730486813e-01
7 2.0312500000000000e-01 4.9999221366865432e-01 3.4180500139367676e-01
8 2.3437500000000000e-01 4.9999737087778784e-01 3.6379142066323794e-01
9 2.6562500000000000e-01 5.0000262912261406e-01 3.8620857935113667e-01
10 2.9687500000000000e-01 5.0000778633174259e-01 4.0819499862069508e-01
11 3.2812500000000000e-01 5.0001264431651715e-01 4.2890575270950260e-01
12 3.5937500000000000e-01 5.0001701638730878e-01 4.4754493895265907e-01
13 3.9062500000000000e-01 5.0002073452788376e-01 4.6339626387580996e-01
14 4.2187500000000000e-01 5.0002365585219022e-01 4.7585056995168240e-01
15 4.5312500000000000e-01 5.0002566809537152e-01 4.8442924518224206e-01
16 4.8437500000000000e-01 5.0002669392805266e-01 4.8880261588935237e-01
17 5.1562500000000000e-01 5.0002669392804810e-01 4.8880261588935237e-01
18 5.4687500000000000e-01 5.0002566809536886e-01 4.8442924518224106e-01
19 5.7812500000000000e-01 5.0002365585218822e-01 4.7585056995168240e-01
20 6.0937500000000000e-01 5.0002073452788420e-01 4.6339626387580996e-01
21 6.4062500000000000e-01 5.0001701638730600e-01 4.4754493895265707e-01
22 6.7187500000000000e-01 5.0001264431651626e-01 4.2890575270950404e-01
23 7.0312500000000000e-01 5.0000778633174270e-01 4.0819499862069786e-01
24 7.3437500000000000e-01 5.0000262912261684e-01 3.8620857935113839e-01
25 7.6562500000000000e-01 4.9999737087778340e-01 3.6379142066323567e-01
26 7.9687500000000000e-01 4.9999221366865226e-01 3.4180500139367626e-01
27 8.2812500000000000e-01 4.9998735568387592e-01 3.2109424730486769e-01
28 8.5937500000000000e-01 4.9998298361308696e-01 3.0245506106171316e-01
29 8.9062500000000000e-01 4.9997926547250776e-01 2.8660373613856066e-01
30 9.2187500000000000e-01 4.9997634414820130e-01 2.7414943006268849e-01
31 9.5312500000000000e-01 4.9997433190502016e-01 2.6557075483212533e-01
32 9.8437500000000000e-01 4.9997330607234342e-01 2.6119738412501398e-01
