# P x psi v
1 9.7656250000000000e-04 4.9997413524870310e-01 2.6071616158101424e-01
2 2.9296875000000000e-03 4.9997413914384742e-01 2.6073337230669746e-01
3 4.8828125000000000e-03 4.9997414693354930e-01 2.6076779116624932e-01
4 6.8359375000000000e-03 4.9997415861663724e-01 2.6081941297621059e-01
5 8.7890625000000000e-03 4.9997417419134826e-01 2.6088822996262762e-01
6 1.0742187500000000e-02 4.9997419365534068e-01 2.6097423176191098e-01
7 1.2695312500000000e-02 4.9997421700568179e-01 2.6107740542236341e-01
8 1.4648437500000000e-02 4.9997424423885689e-01 2.6119773540660857e-01
9 1.6601562500000000e-02 4.9997427535075872e-01 2.6133520359329454e-01
10 1.8554687500000000e-02 4.9997431033670786e-01 2.6148978928020078e-01
11 2.0507812500000000e-02 4.9997434919143391e-01 2.6166146918734734e-01
12 2.2460937500000000e-02 4.9997439190908710e-01 2.6185021746033965e-01
13 2.4414062500000000e-02 4.9997443848322937e-01 2.6205600567436893e-01
14 2.6367187500000000e-02 4.9997448890685176e-01 2.6227880283849886e-01
15 2.8320312500000000e-02 4.9997454317235918e-01 2.6251857540030021e-01
16 3.0273437500000000e-02 4.9997460127158083e-01 2.6277528725095328e-01
17 3.2226562500000000e-02 4.9997466319576372e-01 2.6304889973048262e-01
18 3.4179687500000000e-02 4.9997472893558575e-01 2.6333937163395377e-01
19 3.6132812500000000e-02 4.9997479848114534e-01 2.6364665921734254e-01
20 3.8085937500000000e-02 4.9997487182197059e-01 2.6397071620429663e-01
21 4.0039062500000000e-02 4.9997494894701155e-01 2.6431149379294006e-01
22 4.1992187500000000e-02 4.9997502984465886e-01 2.6466894066349655e-01
23 4.3945312500000000e-02 4.9997511450272741e-01 2.6504300298574357e-01
24 4.5898437500000000e-02 4.9997520290847008e-01 2.6543362442731938e-01
25 4.7851562500000000e-02 4.9997529504856963e-01 2.6584074616197867e-01
26 4.9804687500000000e-02 4.9997539090915416e-01 2.6626430687882657e-01
27 5.1757812500000000e-02 4.9997549047578493e-01 2.6670424279101318e-01
28 5.3710937500000000e-02 4.9997559373346973e-01 2.6716048764596001e-01
29 5.5664062500000000e-02 4.9997570066665326e-01 2.6763297273475883e-01
30 5.7617187500000000e-02 4.9997581125923712e-01 2.6812162690296232e-01
31 5.9570312500000000e-02 4.9997592549456399e-01 2.6862637656104182e-01
32 6.1523437500000000e-02 4.9997604335543311e-01 2.6914714569551212e-01
33 6.3476562500000000e-02 4.9997616482409074e-01 2.6968385588047800e-01
34 6.5429687500000000e-02 4.9997628988224807e-01 2.7023642628937455e-01
35 6.7382812500000000e-02 4.9997641851107039e-01 2.7080477370712674e-01
36 6.9335937500000000e-02 4.9997655069118796e-01 2.7138881254266523e-01
37 7.1289062500000000e-02 4.9997668640268988e-01 2.7198845484197876e-01
38 7.3242187500000000e-02 4.9997682562514334e-01 2.7260361030106267e-01
39 7.5195312500000000e-02 4.9997696833758098e-01 2.7323418627977752e-01
40 7.7148437500000000e-02 4.9997711451851162e-01 2.7388008781571255e-01
41 7.9101562500000000e-02 4.9997726414591809e-01 2.7454121763850275e-01
42 8.1054687500000000e-02 4.9997741719727007e-01 2.7521747618435261e-01
43 8.3007812500000000e-02 4.9997757364951778e-01 2.7590876161132677e-01
44 8.4960937500000000e-02 4.9997773347910102e-01 2.7661496981431982e-01
45 8.6914062500000000e-02 4.9997789666194514e-01 2.7733599444091700e-01
46 8.8867187500000000e-02 4.9997806317348070e-01 2.7807172690754778e-01
47 9.0820312500000000e-02 4.9997823298862976e-01 2.7882205641554025e-01
48 9.2773437500000000e-02 4.9997840608182076e-01 2.7958686996808663e-01
49 9.4726562500000000e-02 4.9997858242698223e-01 2.8036605238707751e-01
50 9.6679687500000000e-02 4.9997876199756147e-01 2.8115948633043952e-01
51 9.8632812500000000e-02 4.9997894476651422e-01 2.8196705231005542e-01
52 1.0058593750000000e-01 4.9997913070631717e-01 2.8278862870932681e-01
53 1.0253906250000000e-01 4.9997931978896476e-01 2.8362409180198450e-01
54 1.0449218750000000e-01 4.9997951198598545e-01 2.8447331577027929e-01
55 1.0644531250000000e-01 4.9997970726843488e-01 2.8533617272423983e-01
56 1.0839843750000000e-01 4.9997990560690420e-01 2.8621253272079838e-01
57 1.1035156250000000e-01 4.9998010697151812e-01 2.8710226378335241e-01
58 1.1230468750000000e-01 4.9998031133195875e-01 2.8800523192162258e-01
59 1.1425781250000000e-01 4.9998051865744880e-01 2.8892130115199494e-01
60 1.1621093750000000e-01 4.9998072891676693e-01 2.8985033351778183e-01
61 1.1816406250000000e-01 4.9998094207824462e-01 2.9079218911013432e-01
62 1.2011718750000000e-01 4.9998115810978477e-01 2.9174672608908814e-01
63 1.2207031250000000e-01 4.9998137697885314e-01 2.9271380070484621e-01
64 1.2402343750000000e-01 4.9998159865249014e-01 2.9369326731955026e-01
65 1.2597656250000000e-01 4.9998182309730449e-01 2.9468497842910946e-01
66 1.2792968750000000e-01 4.9998205027950388e-01 2.9568878468559923e-01
67 1.2988281250000000e-01 4.9998228016487378e-01 2.9670453491924115e-01
68 1.3183593750000000e-01 4.9998251271879585e-01 2.9773207616207259e-01
69 1.3378906250000000e-01 4.9998274790624297e-01 2.9877125366987833e-01
70 1.3574218750000000e-01 4.9998298569180138e-01 2.9982191094658739e-01
71 1.3769531250000000e-01 4.9998322603966117e-01 3.0088388976696240e-01
72 1.3964843750000000e-01 4.9998346891362755e-01 3.0195703020086123e-01
73 1.4160156250000000e-01 4.9998371427711441e-01 3.0304117063737407e-01
74 1.4355468750000000e-01 4.9998396209318124e-01 3.0413614780892106e-01
75 1.4550781250000000e-01 4.9998421232450635e-01 3.0524179681592484e-01
76 1.4746093750000000e-01 4.9998446493340731e-01 3.0635795115177744e-01
77 1.4941406250000000e-01 4.9998471988183701e-01 3.0748444272770792e-01
78 1.5136718750000000e-01 4.9998497713140660e-01 3.0862110189812525e-01
79 1.5332031250000000e-01 4.9998523664337347e-01 3.0976775748654001e-01
80 1.5527343750000000e-01 4.9998549837865780e-01 3.1092423681067594e-01
81 1.5722656250000000e-01 4.9998576229783176e-01 3.1209036570909765e-01
82 1.5917968750000000e-01 4.9998602836116129e-01 3.1326596856706085e-01
83 1.6113281250000000e-01 4.9998629652857751e-01 3.1445086834303460e-01
84 1.6308593750000000e-01 4.9998656675969638e-01 3.1564488659547790e-01
85 1.6503906250000000e-01 4.9998683901381635e-01 3.1684784350978096e-01
86 1.6699218750000000e-01 4.9998711324994211e-01 3.1805955792485385e-01
87 1.6894531250000000e-01 4.9998738942677423e-01 3.1927984736113624e-01
88 1.7089843750000000e-01 4.9998766750272222e-01 3.2050852804740643e-01
89 1.7285156250000000e-01 4.9998794743589792e-01 3.2174541494893066e-01
90 1.7480468750000000e-01 4.9998822918415570e-01 3.2299032179508108e-01
91 1.7675781250000000e-01 4.9998851270506339e-01 3.2424306110748907e-01
92 1.7871093750000000e-01 4.9998879795592582e-01 3.2550344422816646e-01
93 1.8066406250000000e-01 4.9998908489378008e-01 3.2677128134807876e-01
94 1.8261718750000000e-01 4.9998937347541939e-01 3.2804638153564070e-01
95 1.8457031250000000e-01 4.9998966365738273e-01 3.2932855276538164e-01
96 1.8652343750000000e-01 4.9998995539597169e-01 3.3061760194712497e-01
97 1.8847656250000000e-01 4.9999024864724001e-01 3.3191333495479020e-01
98 1.9042968750000000e-01 4.9999054336703652e-01 3.3321555665567698e-01
99 1.9238281250000000e-01 4.9999083951097584e-01 3.3452407094005021e-01
100 1.9433593750000000e-01 4.9999113703446113e-01 3.3583868075048373e-01
101 1.9628906250000000e-01 4.9999143589268147e-01 3.3715918811153772e-01
102 1.9824218750000000e-01 4.9999173604063524e-01 3.3848539415963547e-01
103 2.0019531250000000e-01 4.9999203743311932e-01 3.3981709917310876e-01
104 2.0214843750000000e-01 4.9999234002474674e-01 3.4115410260203860e-01
105 2.0410156250000000e-01 4.9999264376993757e-01 3.4249620309862511e-01
106 2.0605468750000000e-01 4.9999294862296001e-01 3.4384319854740425e-01
107 2.0800781250000000e-01 4.9999325453790305e-01 3.4519488609595939e-01
108 2.0996093750000000e-01 4.9999356146869733e-01 3.4655106218494708e-01
109 2.1191406250000000e-01 4.9999386936911633e-01 3.4791152257939040e-01
110 2.1386718750000000e-01 4.9999417819279540e-01 3.4927606239884623e-01
111 2.1582031250000000e-01 4.9999448789322670e-01 3.5064447614871141e-01
112 2.1777343750000000e-01 4.9999479842377076e-01 3.5201655775090246e-01
113 2.1972656250000000e-01 4.9999510973765249e-01 3.5339210057498288e-01
114 2.2167968750000000e-01 4.9999542178799988e-01 3.5477089746914747e-01
115 2.2363281250000000e-01 4.9999573452781815e-01 3.5615274079181941e-01
116 2.2558593750000000e-01 4.9999604791001101e-01 3.5753742244233622e-01
117 2.2753906250000000e-01 4.9999636188737862e-01 3.5892473389285501e-01
118 2.2949218750000000e-01 4.9999667641264300e-01 3.6031446621931029e-01
119 2.3144531250000000e-01 4.9999699143843607e-01 3.6170641013315175e-01
120 2.3339843750000000e-01 4.9999730691731786e-01 3.6310035601268925e-01
121 2.3535156250000000e-01 4.9999762280176702e-01 3.6449609393484078e-01
122 2.3730468750000000e-01 4.9999793904422407e-01 3.6589341370664180e-01
123 2.3925781250000000e-01 4.9999825559706207e-01 3.6729210489680703e-01
124 2.4121093750000000e-01 4.9999857241261186e-01 3.6869195686765938e-01
125 2.4316406250000000e-01 4.9999888944315490e-01 3.7009275880660747e-01
126 2.4511718750000000e-01 4.9999920664095415e-01 3.7149429975802439e-01
127 2.4707031250000000e-01 4.9999952395823921e-01 3.7289636865496084e-01
128 2.4902343750000000e-01 4.9999984134722492e-01 3.7429875435109622e-01
129 2.5097656250000000e-01 5.0000015876010240e-01 3.7570124565224255e-01
130 2.5292968750000000e-01 5.0000047614908161e-01 3.7710363134830005e-01
131 2.5488281250000000e-01 5.0000079346636339e-01 3.7850570024526331e-01
132 2.5683593750000000e-01 5.0000111066416286e-01 3.7990724119669678e-01
133 2.5878906250000000e-01 5.0000142769470401e-01 3.8130804313566075e-01
134 2.6074218750000000e-01 5.0000174451025015e-01 3.8270789510644615e-01
135 2.6269531250000000e-01 5.0000206106308831e-01 3.8410658629665301e-01
136 2.6464843750000000e-01 5.0000237730554864e-01 3.8550390606844781e-01
137 2.6660156250000000e-01 5.0000269318999524e-01 3.8689964399064763e-01
138 2.6855468750000000e-01 5.0000300866886704e-01 3.8829358987016116e-01
139 2.7050781250000000e-01 5.0000332369465361e-01 3.8968553378400694e-01
140 2.7246093750000000e-01 5.0000363821991467e-01 3.9107526611048582e-01
141 2.7441406250000000e-01 5.0000395219727756e-01 3.9246257756095249e-01
142 2.7636718750000000e-01 5.0000426557946398e-01 3.9384725921148184e-01
143 2.7832031250000000e-01 5.0000457831927891e-01 3.9522910253417948e-01
144 2.8027343750000000e-01 5.0000489036962581e-01 3.9660789942838565e-01
145 2.8222656250000000e-01 5.0000520168350093e-01 3.9798344225237370e-01
146 2.8417968750000000e-01 5.0000551221403233e-01 3.9935552385458056e-01
147 2.8613281250000000e-01 5.0000582191445286e-01 4.0072393760443686e-01
148 2.8808593750000000e-01 5.0000613073812472e-01 4.0208847742393738e-01
149 2.9003906250000000e-01 5.0000643863853578e-01 4.0344893781835528e-01
150 2.9199218750000000e-01 5.0000674556932190e-01 4.0480511390732399e-01
151 2.9394531250000000e-01 5.0000705148425817e-01 4.0615680145591737e-01
152 2.9589843750000000e-01 5.0000735633727711e-01 4.0750379690469890e-01
153 2.9785156250000000e-01 5.0000766008245856e-01 4.0884589740129840e-01
154 2.9980468750000000e-01 5.0000796267407066e-01 4.1018290083012821e-01
155 3.0175781250000000e-01 5.0000826406654142e-01 4.1151460584364458e-01
156 3.0371093750000000e-01 5.0000856421448514e-01 4.1284081189166089e-01
157 3.0566406250000000e-01 5.0000886307269443e-01 4.1416131925280403e-01
158 3.0761718750000000e-01 5.0000916059616818e-01 4.1547592906321135e-01
159 3.0957031250000000e-01 5.0000945674009833e-01 4.1678444334757969e-01
160 3.1152343750000000e-01 5.0000975145988868e-01 4.1808666504846198e-01
161 3.1347656250000000e-01 5.0001004471114485e-01 4.1938239805610728e-01
162 3.1542968750000000e-01 5.0001033644971471e-01 4.2067144723785788e-01
163 3.1738281250000000e-01 5.0001062663166207e-01 4.2195361846753893e-01
164 3.1933593750000000e-01 5.0001091521328833e-01 4.2322871865507544e-01
165 3.2128906250000000e-01 5.0001120215112815e-01 4.2449655577502315e-01
166 3.2324218750000000e-01 5.0001148740197576e-01 4.2575693889571492e-01
167 3.2519531250000000e-01 5.0001177092287197e-01 4.2700967820819896e-01
168 3.2714843750000000e-01 5.0001205267112070e-01 4.2825458505426078e-01
169 3.2910156250000000e-01 5.0001233260428146e-01 4.2949147195582910e-01
170 3.3105468750000000e-01 5.0001261068020741e-01 4.3072015264210622e-01
171 3.3300781250000000e-01 5.0001288685702017e-01 4.3194044207833271e-01
172 3.3496093750000000e-01 5.0001316109312988e-01 4.3315215649343747e-01
173 3.3691406250000000e-01 5.0001343334723247e-01 4.3435511340773653e-01
174 3.3886718750000000e-01 5.0001370357833297e-01 4.3554913166018988e-01
175 3.4082031250000000e-01 5.0001397174573392e-01 4.3673403143619605e-01
176 3.4277343750000000e-01 5.0001423780905174e-01 4.3790963429416074e-01
177 3.4472656250000000e-01 5.0001450172820716e-01 4.3907576319255065e-01
178 3.4667968750000000e-01 5.0001476346346652e-01 4.4023224251662585e-01
179 3.4863281250000000e-01 5.0001502297541112e-01 4.4137889810503461e-01
180 3.5058593750000000e-01 5.0001528022496167e-01 4.4251555727561959e-01
181 3.5253906250000000e-01 5.0001553517337183e-01 4.4364204885143071e-01
182 3.5449218750000000e-01 5.0001578778225209e-01 4.4475820318720466e-01
183 3.5644531250000000e-01 5.0001603801355954e-01 4.4586385219428765e-01
184 3.5839843750000000e-01 5.0001628582961111e-01 4.4695882936585707e-01
185 3.6035156250000000e-01 5.0001653119307643e-01 4.4804296980237546e-01
186 3.6230468750000000e-01 5.0001677406701517e-01 4.4911611023631481e-01
187 3.6425781250000000e-01 5.0001701441484991e-01 4.5017808905661078e-01
188 3.6621093750000000e-01 5.0001725220038740e-01 4.5122874633329196e-01
189 3.6816406250000000e-01 5.0001748738781204e-01 4.5226792384113979e-01
190 3.7011718750000000e-01 5.0001771994171040e-01 4.5329546508391405e-01
191 3.7207031250000000e-01 5.0001794982706005e-01 4.5431121531762331e-01
192 3.7402343750000000e-01 5.0001817700924223e-01 4.5531502157404341e-01
193 3.7597656250000000e-01 5.0001840145403331e-01 4.5630673268354299e-01
194 3.7792968750000000e-01 5.0001862312764322e-01 4.5728619929828301e-01
195 3.7988281250000000e-01 5.0001884199668789e-01 4.5825327391407505e-01
196 3.8183593750000000e-01 5.0001905802820779e-01 4.5920781089301871e-01
197 3.8378906250000000e-01 5.0001927118966361e-01 4.6014966648540351e-01
198 3.8574218750000000e-01 5.0001948144895980e-01 4.6107869885126002e-01
199 3.8769531250000000e-01 5.0001968877443048e-01 4.6199476808153117e-01
200 3.8964843750000000e-01 5.0001989313485395e-01 4.6289773621991348e-01
201 3.9160156250000000e-01 5.0002009449944496e-01 4.6378746728235987e-01
202 3.9355468750000000e-01 5.0002029283788851e-01 4.6466382727893601e-01
203 3.9550781250000000e-01 5.0002048812031374e-01 4.6552668423293647e-01
204 3.9746093750000000e-01 5.0002068031731373e-01 4.6637590820116093e-01
205 3.9941406250000000e-01 5.0002086939993962e-01 4.6721137129381080e-01
206 4.0136718750000000e-01 5.0002105533972097e-01 4.6803294769313353e-01
207 4.0332031250000000e-01 5.0002123810865484e-01 4.6884051367267132e-01
208 4.0527343750000000e-01 5.0002141767921759e-01 4.6963394761611937e-01
209 4.0722656250000000e-01 5.0002159402435697e-01 4.7041313003506940e-01
210 4.0917968750000000e-01 5.0002176711752611e-01 4.7117794358763360e-01
211 4.1113281250000000e-01 5.0002193693265629e-01 4.7192827309560670e-01
212 4.1308593750000000e-01 5.0002210344417564e-01 4.7266400556224292e-01
213 4.1503906250000000e-01 5.0002226662700300e-01 4.7338503018882178e-01
214 4.1699218750000000e-01 5.0002242645656869e-01 4.7409123839181722e-01
215 4.1894531250000000e-01 5.0002258290880119e-01 4.7478252381873670e-01
216 4.2089843750000000e-01 5.0002273596014180e-01 4.7545878236468742e-01
217 4.2285156250000000e-01 5.0002288558752928e-01 4.7611991218737737e-01
218 4.2480468750000000e-01 5.0002303176844187e-01 4.7676581372338189e-01
219 4.2675781250000000e-01 5.0002317448086364e-01 4.7739638970208209e-01
220 4.2871093750000000e-01 5.0002331370330477e-01 4.7801154516118921e-01
221 4.3066406250000000e-01 5.0002344941479371e-01 4.7861118746041958e-01
222 4.3261718750000000e-01 5.0002358159489779e-01 4.7919522629605399e-01
223 4.3457031250000000e-01 5.0002371022370895e-01 4.7976357371371481e-01
224 4.3652343750000000e-01 5.0002383528185812e-01 4.8031614412261298e-01
225 4.3847656250000000e-01 5.0002395675050115e-01 4.8085285430767394e-01
226 4.4042968750000000e-01 5.0002407461135578e-01 4.8137362344205703e-01
227 4.4238281250000000e-01 5.0002418884667132e-01 4.8187837310016063e-01
228 4.4433593750000000e-01 5.0002429943924631e-01 4.8236702726842873e-01
229 4.4628906250000000e-01 5.0002440637242040e-01 4.8283951235712513e-01
230 4.4824218750000000e-01 5.0002450963009493e-01 4.8329575721207224e-01
231 4.5019531250000000e-01 5.0002460919671854e-01 4.8373569312436521e-01
232 4.5214843750000000e-01 5.0002470505729835e-01 4.8415925384100722e-01
233 4.5410156250000000e-01 5.0002479719738713e-01 4.8456637557583343e-01
234 4.5605468750000000e-01 5.0002488560311953e-01 4.8495699701734019e-01
235 4.5800781250000000e-01 5.0002497026118076e-01 4.8533105933964543e-01
236 4.5996093750000000e-01 5.0002505115882312e-01 4.8568850621022081e-01
237 4.6191406250000000e-01 5.0002512828385848e-01 4.8602928379882665e-01
238 4.6386718750000000e-01 5.0002520162467712e-01 4.8635334078579168e-01
239 4.6582031250000000e-01 5.0002527117023299e-01 4.8666062836913271e-01
240 4.6777343750000000e-01 5.0002533691005346e-01 4.8695110027261362e-01
241 4.6972656250000000e-01 5.0002539883422903e-01 4.8722471275220602e-01
242 4.7167968750000000e-01 5.0002545693344380e-01 4.8748142460283922e-01
243 4.7363281250000000e-01 5.0002551119894656e-01 4.8772119716457507e-01
244 4.7558593750000000e-01 5.0002556162256717e-01 4.8794399432877766e-01
245 4.7753906250000000e-01 5.0002560819670738e-01 4.8814978254289226e-01
246 4.7949218750000000e-01 5.0002565091435736e-01 4.8833853081572537e-01
247 4.8144531250000000e-01 5.0002568976908290e-01 4.8851021072287309e-01
248 4.8339843750000000e-01 5.0002572475503415e-01 4.8866479640981436e-01
249 4.8535156250000000e-01 5.0002575586693243e-01 4.8880226459645099e-01
250 4.8730468750000000e-01 5.0002578310010215e-01 4.8892259458071125e-01
251 4.8925781250000000e-01 5.0002580645044081e-01 4.8902576824125699e-01
252 4.9121093750000000e-01 5.0002582591443379e-01 4.8911177004046030e-01
253 4.9316406250000000e-01 5.0002584148914420e-01 4.8918058702688333e-01
254 4.9511718750000000e-01 5.0002585317223180e-01 4.8923220883687096e-01
255 4.9707031250000000e-01 5.0002586096193591e-01 4.8926662769636475e-01
256 4.9902343750000000e-01 5.0002586485708456e-01 4.8928383842220369e-01
257 5.0097656250000000e-01 5.0002586485708056e-01 4.8928383842220369e-01
258 5.0292968750000000e-01 5.0002586096193469e-01 4.8926662769636475e-01
259 5.0488281250000000e-01 5.0002585317223236e-01 4.8923220883687096e-01
260 5.0683593750000000e-01 5.0002584148914764e-01 4.8918058702688333e-01
261 5.0878906250000000e-01 5.0002582591443501e-01 4.8911177004055034e-01
262 5.1074218750000000e-01 5.0002580645044536e-01 4.8902576824125699e-01
263 5.1269531250000000e-01 5.0002578310010792e-01 4.8892259458071125e-01
264 5.1464843750000000e-01 5.0002575586694098e-01 4.8880226459648873e-01
265 5.1660156250000000e-01 5.0002572475503515e-01 4.8866479640981436e-01
266 5.1855468750000000e-01 5.0002568976908635e-01 4.8851021072287309e-01
267 5.2050781250000000e-01 5.0002565091436146e-01 4.8833853081572537e-01
268 5.2246093750000000e-01 5.0002560819671360e-01 4.8814978254289226e-01
269 5.2441406250000000e-01 5.0002556162257161e-01 4.8794399432877766e-01
270 5.2636718750000000e-01 5.0002551119895311e-01 4.8772119716457507e-01
271 5.2832031250000000e-01 5.0002545693345124e-01 4.8748142460283922e-01
272 5.3027343750000000e-01 5.0002539883423891e-01 4.8722471275220602e-01
273 5.3222656250000000e-01 5.0002533691005591e-01 4.8695110027261362e-01
274 5.3417968750000000e-01 5.0002527117023809e-01 4.8666062836913271e-01
275 5.3613281250000000e-01 5.0002520162468400e-01 4.8635334078582815e-01
276 5.3808593750000000e-01 5.0002512828386814e-01 4.8602928379883975e-01
277 5.4003906250000000e-01 5.0002505115883067e-01 4.8568850621026038e-01
278 5.4199218750000000e-01 5.0002497026119064e-01 4.8533105933964543e-01
279 5.4394531250000000e-01 5.0002488560313096e-01 4.8495699701737538e-01
280 5.4589843750000000e-01 5.0002479719740112e-01 4.8456637557583343e-01
281 5.4785156250000000e-01 5.0002470505730501e-01 4.8415925384108871e-01
282 5.4980468750000000e-01 5.0002460919672831e-01 4.8373569312436521e-01
283 5.5175781250000000e-01 5.0002450963010592e-01 4.8329575721207224e-01
284 5.5371093750000000e-01 5.0002440637243428e-01 4.8283951235714079e-01
285 5.5566406250000000e-01 5.0002429943925741e-01 4.8236702726842873e-01
286 5.5761718750000000e-01 5.0002418884668443e-01 4.8187837310017212e-01
287 5.5957031250000000e-01 5.0002407461136955e-01 4.8137362344205703e-01
288 5.6152343750000000e-01 5.0002395675051692e-01 4.8085285430768249e-01
289 5.6347656250000000e-01 5.0002383528186622e-01 4.8031614412261298e-01
290 5.6542968750000000e-01 5.0002371022372005e-01 4.7976357371378447e-01
291 5.6738281250000000e-01 5.0002358159491034e-01 4.7919522629605399e-01
292 5.6933593750000000e-01 5.0002344941480914e-01 4.7861118746041958e-01
293 5.7128906250000000e-01 5.0002331370331765e-01 4.7801154516118921e-01
294 5.7324218750000000e-01 5.0002317448087863e-01 4.7739638970210585e-01
295 5.7519531250000000e-01 5.0002303176845708e-01 4.7676581372338189e-01
296 5.7714843750000000e-01 5.0002288558754693e-01 4.7611991218743777e-01
297 5.7910156250000000e-01 5.0002273596015101e-01 4.7545878236468742e-01
298 5.8105468750000000e-01 5.0002258290881330e-01 4.7478252381873670e-01
299 5.8300781250000000e-01 5.0002242645658168e-01 4.7409123839186978e-01
300 5.8496093750000000e-01 5.0002226662701899e-01 4.7338503018883260e-01
301 5.8691406250000000e-01 5.0002210344418918e-01 4.7266400556228721e-01
302 5.8886718750000000e-01 5.0002193693267294e-01 4.7192827309561236e-01
303 5.9082031250000000e-01 5.0002176711754431e-01 4.7117794358764969e-01
304 5.9277343750000000e-01 5.0002159402437785e-01 4.7041313003510588e-01
305 5.9472656250000000e-01 5.0002141767923081e-01 4.6963394761614252e-01
306 5.9667968750000000e-01 5.0002123810867050e-01 4.6884051367269403e-01
307 5.9863281250000000e-01 5.0002105533973784e-01 4.6803294769317427e-01
308 6.0058593750000000e-01 5.0002086939995927e-01 4.6721137129386991e-01
309 6.0253906250000000e-01 5.0002068031733049e-01 4.6637590820121777e-01
310 6.0449218750000000e-01 5.0002048812033284e-01 4.6552668423298138e-01
311 6.0644531250000000e-01 5.0002029283790872e-01 4.6466382727896371e-01
312 6.0839843750000000e-01 5.0002009449946838e-01 4.6378746728236758e-01
313 6.1035156250000000e-01 5.0001989313486972e-01 4.6289773621991348e-01
314 6.1230468750000000e-01 5.0001968877444891e-01 4.6199476808157519e-01
315 6.1425781250000000e-01 5.0001948144897990e-01 4.6107869885128577e-01
316 6.1621093750000000e-01 5.0001927118968670e-01 4.6014966648546335e-01
317 6.1816406250000000e-01 5.0001905802822810e-01 4.5920781089308310e-01
318 6.2011718750000000e-01 5.0001884199671143e-01 4.5825327391408532e-01
319 6.2207031250000000e-01 5.0001862312766832e-01 4.5728619929833031e-01
320 6.2402343750000000e-01 5.0001840145406085e-01 4.5630673268359984e-01
321 6.2597656250000000e-01 5.0001817700926177e-01 4.5531502157405951e-01
322 6.2792968750000000e-01 5.0001794982708270e-01 4.5431121531766405e-01
323 6.2988281250000000e-01 5.0001771994173416e-01 4.5329546508396762e-01
324 6.3183593750000000e-01 5.0001748738783824e-01 4.5226792384117465e-01
325 6.3378906250000000e-01 5.0001725220041138e-01 4.5122874633333826e-01
326 6.3574218750000000e-01 5.0001701441487667e-01 4.5017808905661078e-01
327 6.3769531250000000e-01 5.0001677406704248e-01 4.4911611023631481e-01
328 6.3964843750000000e-01 5.0001653119310674e-01 4.4804296980237546e-01
329 6.4160156250000000e-01 5.0001628582963364e-01 4.4695882936587844e-01
330 6.4355468750000000e-01 5.0001603801358430e-01 4.4586385219432373e-01
331 6.4550781250000000e-01 5.0001578778227840e-01 4.4475820318727710e-01
332 6.4746093750000000e-01 5.0001553517340058e-01 4.4364204885147046e-01
333 6.4941406250000000e-01 5.0001528022498776e-01 4.4251555727561959e-01
334 6.5136718750000000e-01 5.0001502297544032e-01 4.4137889810508718e-01
335 6.5332031250000000e-01 5.0001476346349649e-01 4.4023224251670307e-01
336 6.5527343750000000e-01 5.0001450172823991e-01 4.3907576319260749e-01
337 6.5722656250000000e-01 5.0001423780907595e-01 4.3790963429422214e-01
338 6.5917968750000000e-01 5.0001397174576057e-01 4.3673403143622824e-01
339 6.6113281250000000e-01 5.0001370357836084e-01 4.3554913166024672e-01
340 6.6308593750000000e-01 5.0001343334726300e-01 4.3435511340771615e-01
341 6.6503906250000000e-01 5.0001316109315752e-01 4.3315215649347394e-01
342 6.6699218750000000e-01 5.0001288685705003e-01 4.3194044207838100e-01
343 6.6894531250000000e-01 5.0001261068023828e-01 4.3072015264212510e-01
344 6.7089843750000000e-01 5.0001233260431444e-01 4.2949147195585546e-01
345 6.7285156250000000e-01 5.0001205267114612e-01 4.2825458505428488e-01
346 6.7480468750000000e-01 5.0001177092289972e-01 4.2700967820825858e-01
347 6.7675781250000000e-01 5.0001148740200496e-01 4.2575693889576521e-01
348 6.7871093750000000e-01 5.0001120215115957e-01 4.2449655577510970e-01
349 6.8066406250000000e-01 5.0001091521331709e-01 4.2322871865513118e-01
350 6.8261718750000000e-01 5.0001062663169349e-01 4.2195361846757967e-01
351 6.8457031250000000e-01 5.0001033644974779e-01 4.2067144723790290e-01
352 6.8652343750000000e-01 5.0001004471118060e-01 4.1938239805616312e-01
353 6.8847656250000000e-01 5.0000975145991711e-01 4.1808666504848663e-01
354 6.9042968750000000e-01 5.0000945674012975e-01 4.1678444334760950e-01
355 6.9238281250000000e-01 5.0000916059620060e-01 4.1547592906326719e-01
356 6.9433593750000000e-01 5.0000886307272951e-01 4.1416131925282013e-01
357 6.9628906250000000e-01 5.0000856421451767e-01 4.1284081189171773e-01
358 6.9824218750000000e-01 5.0000826406657672e-01 4.1151460584368105e-01
359 7.0019531250000000e-01 5.0000796267410708e-01 4.1018290083020770e-01
360 7.0214843750000000e-01 5.0000766008249842e-01 4.0884589740135524e-01
361 7.0410156250000000e-01 5.0000735633730875e-01 4.0750379690477728e-01
362 7.0605468750000000e-01 5.0000705148429248e-01 4.0615680145597421e-01
363 7.0800781250000000e-01 5.0000674556935765e-01 4.0480511390743290e-01
364 7.0996093750000000e-01 5.0000643863857475e-01 4.0344893781837721e-01
365 7.1191406250000000e-01 5.0000613073816225e-01 4.0208847742400228e-01
366 7.1386718750000000e-01 5.0000582191449305e-01 4.0072393760450120e-01
367 7.1582031250000000e-01 5.0000551221407430e-01 3.9935552385465778e-01
368 7.1777343750000000e-01 5.0000520168354579e-01 3.9798344225243809e-01
369 7.1972656250000000e-01 5.0000489036966289e-01 3.9660789942843444e-01
370 7.2167968750000000e-01 5.0000457831931833e-01 3.9522910253423016e-01
371 7.2363281250000000e-01 5.0000426557950484e-01 3.9384725921157515e-01
372 7.2558593750000000e-01 5.0000395219732108e-01 3.9246257756100933e-01
373 7.2753906250000000e-01 5.0000363821995564e-01 3.9107526611053839e-01
374 7.2949218750000000e-01 5.0000332369469813e-01 3.8968553378405624e-01
375 7.3144531250000000e-01 5.0000300866891312e-01 3.8829358987021800e-01
376 7.3339843750000000e-01 5.0000269319004398e-01 3.8689964399072263e-01
377 7.3535156250000000e-01 5.0000237730558927e-01 3.8550390606846818e-01
378 7.3730468750000000e-01 5.0000206106313161e-01 3.8410658629670558e-01
379 7.3925781250000000e-01 5.0000174451029467e-01 3.8270789510652187e-01
380 7.4121093750000000e-01 5.0000142769475120e-01 3.8130804313569294e-01
381 7.4316406250000000e-01 5.0000111066420683e-01 3.7990724119675739e-01
382 7.4511718750000000e-01 5.0000079346641080e-01 3.7850570024530406e-01
383 7.4707031250000000e-01 5.0000047614913024e-01 3.7710363134835084e-01
384 7.4902343750000000e-01 5.0000015876015502e-01 3.7570124565232765e-01
385 7.5097656250000000e-01 4.9999984134726944e-01 3.7429875435117571e-01
386 7.5292968750000000e-01 4.9999952395828701e-01 3.7289636865504644e-01
387 7.5488281250000000e-01 4.9999920664100345e-01 3.7149429975806514e-01
388 7.5683593750000000e-01 4.9999888944320703e-01 3.7009275880664133e-01
389 7.5878906250000000e-01 4.9999857241266099e-01 3.6869195686773659e-01
390 7.6074218750000000e-01 4.9999825559711480e-01 3.6729210489686742e-01
391 7.6269531250000000e-01 4.9999793904427792e-01 3.6589341370669864e-01
392 7.6464843750000000e-01 4.9999762280182369e-01 3.6449609393491295e-01
393 7.6660156250000000e-01 4.9999730691736671e-01 3.6310035601274609e-01
394 7.6855468750000000e-01 4.9999699143848803e-01 3.6170641013319754e-01
395 7.7050781250000000e-01 4.9999667641269596e-01 3.6031446621936714e-01
396 7.7246093750000000e-01 4.9999636188743435e-01 3.5892473389291452e-01
397 7.7441406250000000e-01 4.9999604791006425e-01 3.5753742244237646e-01
398 7.7636718750000000e-01 4.9999573452787444e-01 3.5615274079188552e-01
399 7.7832031250000000e-01 4.9999542178805778e-01 3.5477089746921686e-01
400 7.8027343750000000e-01 4.9999510973771316e-01 3.5339210057503168e-01
401 7.8222656250000000e-01 4.9999479842382361e-01 3.5201655775097113e-01
402 7.8417968750000000e-01 4.9999448789328238e-01 3.5064447614876826e-01
403 7.8613281250000000e-01 4.9999417819285213e-01 3.4927606239892539e-01
404 7.8808593750000000e-01 4.9999386936917578e-01 3.4791152257943919e-01
405 7.9003906250000000e-01 4.9999356146875407e-01 3.4655106218498855e-01
406 7.9199218750000000e-01 4.9999325453796217e-01 3.4519488609599108e-01
407 7.9394531250000000e-01 4.9999294862302046e-01 3.4384319854744599e-01
408 7.9589843750000000e-01 4.9999264377000058e-01 3.4249620309867995e-01
409 7.9785156250000000e-01 4.9999234002480142e-01 3.4115410260207735e-01
410 7.9980468750000000e-01 4.9999203743317644e-01 3.3981709917319025e-01
411 8.0175781250000000e-01 4.9999173604069358e-01 3.3848539415970363e-01
412 8.0371093750000000e-01 4.9999143589274214e-01 3.3715918811158652e-01
413 8.0566406250000000e-01 4.9999113703451958e-01 3.3583868075054057e-01
414 8.0761718750000000e-01 4.9999083951103662e-01 3.3452407094010705e-01
415 8.0957031250000000e-01 4.9999054336709825e-01 3.3321555665575092e-01
416 8.1152343750000000e-01 4.9999024864730468e-01 3.3191333495484349e-01
417 8.1347656250000000e-01 4.9998995539602825e-01 3.3061760194721024e-01
418 8.1542968750000000e-01 4.9998966365744230e-01 3.2932855276543449e-01
419 8.1738281250000000e-01 4.9998937347548045e-01 3.2804638153569754e-01
420 8.1933593750000000e-01 4.9998908489384397e-01 3.2677128134813560e-01
421 8.2128906250000000e-01 4.9998879795598739e-01 3.2550344422821376e-01
422 8.2324218750000000e-01 4.9998851270512756e-01 3.2424306110754847e-01
423 8.2519531250000000e-01 4.9998822918422053e-01 3.2299032179512516e-01
424 8.2714843750000000e-01 4.9998794743596520e-01 3.2174541494900460e-01
425 8.2910156250000000e-01 4.9998766750278106e-01 3.2050852804745950e-01
426 8.3105468750000000e-01 4.9998738942683524e-01 3.1927984736121356e-01
427 8.3300781250000000e-01 4.9998711325000456e-01 3.1805955792491120e-01
428 8.3496093750000000e-01 4.9998683901388147e-01 3.1684784350982398e-01
429 8.3691406250000000e-01 4.9998656675975922e-01 3.1564488659554052e-01
430 8.3886718750000000e-01 4.9998629652864351e-01 3.1445086834313302e-01
431 8.4082031250000000e-01 4.9998602836122891e-01 3.1326596856709882e-01
432 8.4277343750000000e-01 4.9998576229790181e-01 3.1209036570914866e-01
433 8.4472656250000000e-01 4.9998549837871908e-01 3.1092423681074338e-01
434 8.4667968750000000e-01 4.9998523664343741e-01 3.0976775748661722e-01
435 8.4863281250000000e-01 4.9998497713147116e-01 3.0862110189818209e-01
436 8.5058593750000000e-01 4.9998471988190446e-01 3.0748444272776476e-01
437 8.5253906250000000e-01 4.9998446493347193e-01 3.0635795115184572e-01
438 8.5449218750000000e-01 4.9998421232457346e-01 3.0524179681601010e-01
439 8.5644531250000000e-01 4.9998396209324980e-01 3.0413614780899501e-01
440 8.5839843750000000e-01 4.9998371427718546e-01 3.0304117063745128e-01
441 8.6035156250000000e-01 4.9998346891369061e-01 3.0195703020091808e-01
442 8.6230468750000000e-01 4.9998322603972634e-01 3.0088388976700742e-01
443 8.6425781250000000e-01 4.9998298569186755e-01 2.9982191094663996e-01
444 8.6621093750000000e-01 4.9998274790631081e-01 2.9877125366995377e-01
445 8.6816406250000000e-01 4.9998251271886124e-01 2.9773207616211711e-01
446 8.7011718750000000e-01 4.9998228016494167e-01 2.9670453491929799e-01
447 8.7207031250000000e-01 4.9998205027957232e-01 2.9568878468560200e-01
448 8.7402343750000000e-01 4.9998182309737493e-01 2.9468497842919950e-01
449 8.7597656250000000e-01 4.9998159865255482e-01 2.9369326731961665e-01
450 8.7792968750000000e-01 4.9998137697892003e-01 2.9271380070492342e-01
451 8.7988281250000000e-01 4.9998115810985200e-01 2.9174672608915780e-01
452 8.8183593750000000e-01 4.9998094207831362e-01 2.9079218911020677e-01
453 8.8378906250000000e-01 4.9998072891683315e-01 2.8985033351783440e-01
454 8.8574218750000000e-01 4.9998051865751686e-01 2.8892130115203712e-01
455 8.8769531250000000e-01 4.9998031133202692e-01 2.8800523192168215e-01
456 8.8964843750000000e-01 4.9998010697158879e-01 2.8710226378340092e-01
457 8.9160156250000000e-01 4.9997990560696937e-01 2.8621253272084540e-01
458 8.9355468750000000e-01 4.9997970726850260e-01 2.8533617272430845e-01
459 8.9550781250000000e-01 4.9997951198605450e-01 2.8447331577033613e-01
460 8.9746093750000000e-01 4.9997931978903598e-01 2.8362409180204939e-01
461 8.9941406250000000e-01 4.9997913070638567e-01 2.8278862870938365e-01
462 9.0136718750000000e-01 4.9997894476658411e-01 2.8196705231008384e-01
463 9.0332031250000000e-01 4.9997876199763203e-01 2.8115948633051724e-01
464 9.0527343750000000e-01 4.9997858242705517e-01 2.8036605238710993e-01
465 9.0722656250000000e-01 4.9997840608189142e-01 2.7958686996817667e-01
466 9.0917968750000000e-01 4.9997823298870253e-01 2.7882205641559710e-01
467 9.1113281250000000e-01 4.9997806317355420e-01 2.7807172690761267e-01
468 9.1308593750000000e-01 4.9997789666202125e-01 2.7733599444099422e-01
469 9.1503906250000000e-01 4.9997773347917368e-01 2.7661496981437889e-01
470 9.1699218750000000e-01 4.9997757364959250e-01 2.7590876161138816e-01
471 9.1894531250000000e-01 4.9997741719734562e-01 2.7521747618445347e-01
472 9.2089843750000000e-01 4.9997726414599580e-01 2.7454121763856337e-01
473 9.2285156250000000e-01 4.9997711451858728e-01 2.7388008781579226e-01
474 9.2480468750000000e-01 4.9997696833765803e-01 2.7323418627983437e-01
475 9.2675781250000000e-01 4.9997682562522089e-01 2.7260361030111951e-01
476 9.2871093750000000e-01 4.9997668640276915e-01 2.7198845484201900e-01
477 9.3066406250000000e-01 4.9997655069126418e-01 2.7138881254273894e-01
478 9.3261718750000000e-01 4.9997641851114821e-01 2.7080477370718625e-01
479 9.3457031250000000e-01 4.9997628988232623e-01 2.7023642628943895e-01
480 9.3652343750000000e-01 4.9997616482417084e-01 2.6968385588054716e-01
481 9.3847656250000000e-01 4.9997604335551149e-01 2.6914714569558784e-01
482 9.4042968750000000e-01 4.9997592549464415e-01 2.6862637656108684e-01
483 9.4238281250000000e-01 4.9997581125931706e-01 2.6812162690303476e-01
484 9.4433593750000000e-01 4.9997570066673502e-01 2.6763297273481568e-01
485 9.4628906250000000e-01 4.9997559373354816e-01 2.6716048764602163e-01
486 9.4824218750000000e-01 4.9997549047586554e-01 2.6670424279107757e-01
487 9.5019531250000000e-01 4.9997539090923465e-01 2.6626430687887664e-01
488 9.5214843750000000e-01 4.9997529504865218e-01 2.6584074616203679e-01
489 9.5410156250000000e-01 4.9997520290855063e-01 2.6543362442738005e-01
490 9.5605468750000000e-01 4.9997511450280963e-01 2.6504300298578432e-01
491 9.5800781250000000e-01 4.9997502984474151e-01 2.6466894066353930e-01
492 9.5996093750000000e-01 4.9997494894709615e-01 2.6431149379300678e-01
493 9.6191406250000000e-01 4.9997487182205225e-01 2.6397071620433737e-01
494 9.6386718750000000e-01 4.9997479848122905e-01 2.6364665921741121e-01
495 9.6582031250000000e-01 4.9997472893567013e-01 2.6333937163400384e-01
496 9.6777343750000000e-01 4.9997466319585038e-01 2.6304889973055334e-01
497 9.6972656250000000e-01 4.9997460127166571e-01 2.6277528725098598e-01
498 9.7167968750000000e-01 4.9997454317244577e-01 2.6251857540037021e-01
499 9.7363281250000000e-01 4.9997448890693924e-01 2.6227880283852689e-01
500 9.7558593750000000e-01 4.9997443848331891e-01 2.6205600567443127e-01
501 9.7753906250000000e-01 4.9997439190917353e-01 2.6185021746038967e-01
502 9.7949218750000000e-01 4.9997434919152228e-01 2.6166146918740313e-01
503 9.8144531250000000e-01 4.9997431033679635e-01 2.6148978928026706e-01
504 9.8339843750000000e-01 4.9997427535084910e-01 2.6133520359335943e-01
505 9.8535156250000000e-01 4.9997424423894343e-01 2.6119773540669383e-01
506 9.8730468750000000e-01 4.9997421700577022e-01 2.6107740542244112e-01
507 9.8925781250000000e-01 4.9997419365542933e-01 2.6097423176197587e-01
508 9.9121093750000000e-01 4.9997417419143875e-01 2.6088822996268446e-01
509 9.9316406250000000e-01 4.9997415861672390e-01 2.6081941297629080e-01
510 9.9511718750000000e-01 4.9997414693363634e-01 2.6076779116629911e-01
511 9.9707031250000000e-01 4.9997413914393268e-01 2.6073337230674626e-01
512 9.9902343750000000e-01 4.9997413524878820e-01 2.6071616158108468e-01
