# P x psi v
1 1.9531250000000000e-03 4.9997412558304666e-01 2.6072182601327271e-01
2 5.8593750000000000e-03 4.9997414116883593e-01 2.6079066291215208e-01
3 9.7656250000000000e-03 4.9997417233102609e-01 2.6092829524512867e-01
4 1.3671875000000000e-02 4.9997421905084799e-01 2.6113464010768073e-01
5 1.7578125000000000e-02 4.9997428130015525e-01 2.6140957320533570e-01
6 2.1484375000000000e-02 4.9997435904145487e-01 2.6175292892867502e-01
7 2.5390625000000000e-02 4.9997445222791742e-01 2.6216450045306483e-01
8 2.9296875000000000e-02 4.9997456080341235e-01 2.6264403986320617e-01
9 3.3203125000000000e-02 4.9997468470253226e-01 2.6319125830249207e-01
10 3.7109375000000000e-02 4.9997482385065056e-01 2.6380582614696080e-01
11 4.1015625000000000e-02 4.9997497816394831e-01 2.6448737320398413e-01
12 4.4921875000000000e-02 4.9997514754947425e-01 2.6523548893506610e-01
13 4.8828125000000000e-02 4.9997533190519172e-01 2.6604972270325694e-01
14 5.2734375000000000e-02 4.9997553112005677e-01 2.6692958404459283e-01
15 5.6640625000000000e-02 4.9997574507406845e-01 2.6787454296349161e-01
16 6.0546875000000000e-02 4.9997597363835022e-01 2.6888403025206514e-01
17 6.4453125000000000e-02 4.9997621667522030e-01 2.6995743783286735e-01
18 6.8359375000000000e-02 4.9997647403828577e-01 2.7109411912535147e-01
19 7.2265625000000000e-02 4.9997674557251909e-01 2.7229338943519499e-01
20 7.6171875000000000e-02 4.9997703111436004e-01 2.7355452636683608e-01
21 8.0078125000000000e-02 4.9997733049180343e-01 2.7487677025847568e-01
22 8.3984375000000000e-02 4.9997764352452090e-01 2.7625932463989505e-01
23 8.7890625000000000e-02 4.9997797002395183e-01 2.7770135671199642e-01
24 9.1796875000000000e-02 4.9997830979342650e-01 2.7920199784860084e-01
25 9.5703125000000000e-02 4.9997866262827290e-01 2.8076034411959883e-01
26 9.9609375000000000e-02 4.9997902831596419e-01 2.8237545683545690e-01
27 1.0351562500000000e-01 4.9997940663622242e-01 2.8404636311270393e-01
28 1.0742187500000000e-01 4.9997979736116305e-01 2.8577205645982640e-01
29 1.1132812500000000e-01 4.9998020025542256e-01 2.8755149738369606e-01
30 1.1523437500000000e-01 4.9998061507631797e-01 2.8938361401565033e-01
31 1.1914062500000000e-01 4.9998104157397494e-01 2.9126730275716028e-01
32 1.2304687500000000e-01 4.9998147949148924e-01 2.9320142894447221e-01
33 1.2695312500000000e-01 4.9998192856506829e-01 2.9518482753244513e-01
34 1.3085937500000000e-01 4.9998238852421356e-01 2.9721630379575836e-01
35 1.3476562500000000e-01 4.9998285909186235e-01 2.9929463404919915e-01
36 1.3867187500000000e-01 4.9998333998456262e-01 3.0141856638426934e-01
37 1.4257812500000000e-01 4.9998383091263832e-01 3.0358682142358223e-01
38 1.4648437500000000e-01 4.9998433158037797e-01 3.0579809309139167e-01
39 1.5039062500000000e-01 4.9998484168619661e-01 3.0805104940031025e-01
40 1.5429687500000000e-01 4.9998536092282653e-01 3.1034433325367428e-01
41 1.5820312500000000e-01 4.9998588897748880e-01 3.1267656326309146e-01
42 1.6210937500000000e-01 4.9998642553211309e-01 3.1504633458035797e-01
43 1.6601562500000000e-01 4.9998697026349814e-01 3.1745221974390636e-01
44 1.6992187500000000e-01 4.9998752284351922e-01 3.1989276953842077e-01
45 1.7382812500000000e-01 4.9998808293931774e-01 3.2236651386800841e-01
46 1.7773437500000000e-01 4.9998865021351835e-01 3.2487196264153823e-01
47 1.8164062500000000e-01 4.9998922432441456e-01 3.2740760667037727e-01
48 1.8554687500000000e-01 4.9998980492618522e-01 3.2997191857739744e-01
49 1.8945312500000000e-01 4.9999039166908643e-01 3.3256335371695794e-01
50 1.9335937500000000e-01 4.9999098419969745e-01 3.3518035110544181e-01
51 1.9726562500000000e-01 4.9999158216109779e-01 3.3782133436151396e-01
52 2.0117187500000000e-01 4.9999218519309951e-01 3.4048471265552871e-01
53 2.0507812500000000e-01 4.9999279293245424e-01 3.4316888166806309e-01
54 2.0898437500000000e-01 4.9999340501308676e-01 3.4587222455606298e-01
55 2.1289062500000000e-01 4.9999402106630159e-01 3.4859311292683248e-01
56 2.1679687500000000e-01 4.9999464072101207e-01 3.5132990781896695e-01
57 2.2070312500000000e-01 4.9999526360395241e-01 3.5408096068955208e-01
58 2.2460937500000000e-01 4.9999588933992994e-01 3.5684461440724402e-01
59 2.2851562500000000e-01 4.9999651755202440e-01 3.5961920425033939e-01
60 2.3242187500000000e-01 4.9999714786182503e-01 3.6240305890969982e-01
61 2.3632812500000000e-01 4.9999777988965266e-01 3.6519450149532062e-01
62 2.4023437500000000e-01 4.9999841325480154e-01 3.6799185054663652e-01
63 2.4414062500000000e-01 4.9999904757575547e-01 3.7079342104511265e-01
64 2.4804687500000000e-01 4.9999968247042426e-01 3.7359752542949137e-01
65 2.5195312500000000e-01 5.0000031755635987e-01 3.7640247461210879e-01
66 2.5585937500000000e-01 5.0000095245102194e-01 3.7920657899650118e-01
67 2.5976562500000000e-01 5.0000158677197215e-01 3.8200814949501755e-01
68 2.6367187500000000e-01 5.0000222013712026e-01 3.8480549854629453e-01
69 2.6757812500000000e-01 5.0000285216494633e-01 3.8759694113192050e-01
70 2.7148437500000000e-01 5.0000348247474480e-01 3.9038079579127721e-01
71 2.7539062500000000e-01 5.0000411068683959e-01 3.9315538563438956e-01
72 2.7929687500000000e-01 5.0000473642282062e-01 3.9591903935205564e-01
73 2.8320312500000000e-01 5.0000535930575696e-01 3.9867009222265010e-01
74 2.8710937500000000e-01 5.0000597896045840e-01 4.0140688711478417e-01
75 2.9101562500000000e-01 5.0000659501366618e-01 4.0412777548554063e-01
76 2.9492187500000000e-01 5.0000720709429480e-01 4.0683111837359592e-01
77 2.9882812500000000e-01 5.0000781483364476e-01 4.0951528738609971e-01
78 3.0273437500000000e-01 5.0000841786564121e-01 4.1217866568012163e-01
79 3.0664062500000000e-01 5.0000901582703905e-01 4.1481964893615858e-01
80 3.1054687500000000e-01 5.0000960835764974e-01 4.1743664632466915e-01
81 3.1445312500000000e-01 5.0001019510054490e-01 4.2002808146421239e-01
82 3.1835937500000000e-01 5.0001077570230312e-01 4.2259239337118087e-01
83 3.2226562500000000e-01 5.0001134981318995e-01 4.2512803740005206e-01
84 3.2617187500000000e-01 5.0001191708738346e-01 4.2763348617356783e-01
85 3.3007812500000000e-01 5.0001247718317510e-01 4.3010723050314176e-01
86 3.3398437500000000e-01 5.0001302976318807e-01 4.3254778029771845e-01
87 3.3789062500000000e-01 5.0001357449456829e-01 4.3495366546124492e-01
88 3.4179687500000000e-01 5.0001411104919091e-01 4.3732343677850161e-01
89 3.4570312500000000e-01 5.0001463910384458e-01 4.3965566678791729e-01
90 3.4960937500000000e-01 5.0001515834045973e-01 4.4194895064130252e-01
91 3.5351562500000000e-01 5.0001566844626655e-01 4.4420190695020251e-01
92 3.5742187500000000e-01 5.0001616911399738e-01 4.4641317861797103e-01
93 3.6132812500000000e-01 5.0001666004206402e-01 4.4858143365732689e-01
94 3.6523437500000000e-01 5.0001714093475425e-01 4.5070536599244265e-01
95 3.6914062500000000e-01 5.0001761150239565e-01 4.5278369624582598e-01
96 3.7304687500000000e-01 5.0001807146153687e-01 4.5481517250920239e-01
97 3.7695312500000000e-01 5.0001852053510465e-01 4.5679857109709682e-01
98 3.8085937500000000e-01 5.0001895845260524e-01 4.5873269728447408e-01
99 3.8476562500000000e-01 5.0001938495025244e-01 4.6061638602590094e-01
100 3.8867187500000000e-01 5.0001979977114031e-01 4.6244850265786369e-01
101 3.9257812500000000e-01 5.0002020266539182e-01 4.6422794358176223e-01
102 3.9648437500000000e-01 5.0002059339032334e-01 4.6595363692888464e-01
103 4.0039062500000000e-01 5.0002097171057613e-01 4.6762454320610830e-01
104 4.0429687500000000e-01 5.0002133739826526e-01 4.6923965592197459e-01
105 4.0820312500000000e-01 5.0002169023310317e-01 4.7079800219298090e-01
106 4.1210937500000000e-01 5.0002203000256606e-01 4.7229864332955773e-01
107 4.1601562500000000e-01 5.0002235650198812e-01 4.7374067540168302e-01
108 4.1992187500000000e-01 5.0002266953469920e-01 4.7512322978308291e-01
109 4.2382812500000000e-01 5.0002296891213527e-01 4.7644547367473700e-01
110 4.2773437500000000e-01 5.0002325445396811e-01 4.7770661060635161e-01
111 4.3164062500000000e-01 5.0002352598819666e-01 4.7890588091622016e-01
112 4.3554687500000000e-01 5.0002378335126008e-01 4.8004256220872321e-01
113 4.3945312500000000e-01 5.0002402638812182e-01 4.8111596978952287e-01
114 4.4335937500000000e-01 5.0002425495239611e-01 4.8212545707807714e-01
115 4.4726562500000000e-01 5.0002446890640306e-01 4.8307041599700995e-01
116 4.5117187500000000e-01 5.0002466812126578e-01 4.8395027733828733e-01
117 4.5507812500000000e-01 5.0002485247698014e-01 4.8476451110650481e-01
118 4.5898437500000000e-01 5.0002502186250242e-01 4.8551262683757068e-01
119 4.6289062500000000e-01 5.0002517617579945e-01 4.8619417389458630e-01
120 4.6679687500000000e-01 5.0002531532391969e-01 4.8680874173908706e-01
121 4.7070312500000000e-01 5.0002543922303533e-01 4.8735596017838506e-01
122 4.7460937500000000e-01 5.0002554779852426e-01 4.8783549958847272e-01
123 4.7851562500000000e-01 5.0002564098498448e-01 4.8824707111288540e-01
124 4.8242187500000000e-01 5.0002571872628365e-01 4.8859042683630360e-01
125 4.8632812500000000e-01 5.0002578097558981e-01 4.8886535993390390e-01
126 4.9023437500000000e-01 5.0002582769541071e-01 4.8907170479643913e-01
127 4.9414062500000000e-01 5.0002585885760265e-01 4.8920933712946202e-01
128 4.9804687500000000e-01 5.0002587444339630e-01 4.8927817402830653e-01
129 5.0195312500000000e-01 5.0002587444339264e-01 4.8927817402830653e-01
130 5.0585937500000000e-01 5.0002585885760187e-01 4.8920933712944664e-01
131 5.0976562500000000e-01 5.0002582769541182e-01 4.8907170479643913e-01
132 5.1367187500000000e-01 5.0002578097559358e-01 4.8886535993390390e-01
133 5.1757812500000000e-01 5.0002571872628498e-01 4.8859042683630360e-01
134 5.2148437500000000e-01 5.0002564098498747e-01 4.8824707111288540e-01
135 5.2539062500000000e-01 5.0002554779852904e-01 4.8783549958847272e-01
136 5.2929687500000000e-01 5.0002543922304243e-01 4.8735596017838606e-01
137 5.3320312500000000e-01 5.0002531532391836e-01 4.8680874173909888e-01
138 5.3710937500000000e-01 5.0002517617580078e-01 4.8619417389458630e-01
139 5.4101562500000000e-01 5.0002502186250508e-01 4.8551262683757068e-01
140 5.4492187500000000e-01 5.0002485247698569e-01 4.8476451110650481e-01
141 5.4882812500000000e-01 5.0002466812126845e-01 4.8395027733829388e-01
142 5.5273437500000000e-01 5.0002446890640839e-01 4.8307041599700995e-01
143 5.5664062500000000e-01 5.0002425495240221e-01 4.8212545707809323e-01
144 5.6054687500000000e-01 5.0002402638813082e-01 4.8111596978952287e-01
145 5.6445312500000000e-01 5.0002378335126119e-01 4.8004256220872321e-01
146 5.6835937500000000e-01 5.0002352598820032e-01 4.7890588091622016e-01
147 5.7226562500000000e-01 5.0002325445397300e-01 4.7770661060638053e-01
148 5.7617187500000000e-01 5.0002296891214237e-01 4.7644547367474993e-01
149 5.8007812500000000e-01 5.0002266953470365e-01 4.7512322978309551e-01
150 5.8398437500000000e-01 5.0002235650199534e-01 4.7374067540170767e-01
151 5.8789062500000000e-01 5.0002203000257484e-01 4.7229864332958865e-01
152 5.9179687500000000e-01 5.0002169023311538e-01 4.7079800219301737e-01
153 5.9570312500000000e-01 5.0002133739827048e-01 4.6923965592197459e-01
154 5.9960937500000000e-01 5.0002097171058490e-01 4.6762454320612662e-01
155 6.0351562500000000e-01 5.0002059339033367e-01 4.6595363692888464e-01
156 6.0742187500000000e-01 5.0002020266540426e-01 4.6422794358177860e-01
157 6.1132812500000000e-01 5.0001979977115030e-01 4.6244850265786897e-01
158 6.1523437500000000e-01 5.0001938495026510e-01 4.6061638602593413e-01
159 6.1914062500000000e-01 5.0001895845261979e-01 4.5873269728447835e-01
160 6.2304687500000000e-01 5.0001852053512186e-01 4.5679857109712474e-01
161 6.2695312500000000e-01 5.0001807146154564e-01 4.5481517250922276e-01
162 6.3085937500000000e-01 5.0001761150240787e-01 4.5278369624584636e-01
163 6.3476562500000000e-01 5.0001714093476735e-01 4.5070536599244265e-01
164 6.3867187500000000e-01 5.0001666004207967e-01 4.4858143365735909e-01
165 6.4257812500000000e-01 5.0001616911401026e-01 4.4641317861799140e-01
166 6.4648437500000000e-01 5.0001566844628176e-01 4.4420190695021661e-01
167 6.5039062500000000e-01 5.0001515834047638e-01 4.4194895064133094e-01
168 6.5429687500000000e-01 5.0001463910386368e-01 4.3965566678793766e-01
169 6.5820312500000000e-01 5.0001411104920213e-01 4.3732343677850588e-01
170 6.6210937500000000e-01 5.0001357449458239e-01 4.3495366546124492e-01
171 6.6601562500000000e-01 5.0001302976320405e-01 4.3254778029773883e-01
172 6.6992187500000000e-01 5.0001247718319375e-01 4.3010723050318223e-01
173 6.7382812500000000e-01 5.0001191708740034e-01 4.2763348617360430e-01
174 6.7773437500000000e-01 5.0001134981320883e-01 4.2512803740009281e-01
175 6.8164062500000000e-01 5.0001077570232322e-01 4.2259239337120652e-01
176 6.8554687500000000e-01 5.0001019510056788e-01 4.2002808146421239e-01
177 6.8945312500000000e-01 5.0000960835766417e-01 4.1743664632468952e-01
178 6.9335937500000000e-01 5.0000901582705570e-01 4.1481964893617895e-01
179 6.9726562500000000e-01 5.0000841786565919e-01 4.1217866568014255e-01
180 7.0117187500000000e-01 5.0000781483366574e-01 4.0951528738611631e-01
181 7.0507812500000000e-01 5.0000720709431379e-01 4.0683111837361202e-01
182 7.0898437500000000e-01 5.0000659501368772e-01 4.0412777548558415e-01
183 7.1289062500000000e-01 5.0000597896048149e-01 4.0140688711480732e-01
184 7.1679687500000000e-01 5.0000535930578283e-01 3.9867009222268085e-01
185 7.2070312500000000e-01 5.0000473642283849e-01 3.9591903935208556e-01
186 7.2460937500000000e-01 5.0000411068686035e-01 3.9315538563441371e-01
187 7.2851562500000000e-01 5.0000348247476734e-01 3.9038079579130414e-01
188 7.3242187500000000e-01 5.0000285216497153e-01 3.8759694113193288e-01
189 7.3632812500000000e-01 5.0000222013714335e-01 3.8480549854630686e-01
190 7.4023437500000000e-01 5.0000158677199824e-01 3.8200814949503792e-01
191 7.4414062500000000e-01 5.0000095245104914e-01 3.7920657899653681e-01
192 7.4804687500000000e-01 5.0000031755638941e-01 3.7640247461214149e-01
193 7.5195312500000000e-01 4.9999968247044513e-01 3.7359752542950897e-01
194 7.5585937500000000e-01 4.9999904757577895e-01 3.7079342104514107e-01
195 7.5976562500000000e-01 4.9999841325482669e-01 3.6799185054667122e-01
196 7.6367187500000000e-01 4.9999777988968025e-01 3.6519450149533150e-01
197 7.6757812500000000e-01 4.9999714786185040e-01 3.6240305890971841e-01
198 7.7148437500000000e-01 4.9999651755205227e-01 3.5961920425037508e-01
199 7.7539062500000000e-01 4.9999588933995914e-01 3.5684461440728049e-01
200 7.7929687500000000e-01 4.9999526360398416e-01 3.5408096068959333e-01
201 7.8320312500000000e-01 4.9999464072103617e-01 3.5132990781900858e-01
202 7.8710937500000000e-01 4.9999402106632762e-01 3.4859311292684780e-01
203 7.9101562500000000e-01 4.9999340501311451e-01 3.4587222455610195e-01
204 7.9492187500000000e-01 4.9999279293248461e-01 3.4316888166808096e-01
205 7.9882812500000000e-01 4.9999218519312766e-01 3.4048471265556318e-01
206 8.0273437500000000e-01 4.9999158216112866e-01 3.3782133436153006e-01
207 8.0664062500000000e-01 4.9999098419972959e-01 3.3518035110547523e-01
208 8.1054687500000000e-01 4.9999039166912224e-01 3.3256335371699391e-01
209 8.1445312500000000e-01 4.9998980492621298e-01 3.2997191857743013e-01
210 8.1835937500000000e-01 4.9998922432444576e-01 3.2740760667040852e-01
211 8.2226562500000000e-01 4.9998865021355066e-01 3.2487196264157997e-01
212 8.2617187500000000e-01 4.9998808293935310e-01 3.2236651386803683e-01
213 8.3007812500000000e-01 4.9998752284355213e-01 3.1989276953846529e-01
214 8.3398437500000000e-01 4.9998697026353367e-01 3.1745221974393717e-01
215 8.3789062500000000e-01 4.9998642553215028e-01 3.1504633458038966e-01
216 8.4179687500000000e-01 4.9998588897752866e-01 3.1267656326312793e-01
217 8.4570312500000000e-01 4.9998536092285811e-01 3.1034433325370042e-01
218 8.4960937500000000e-01 4.9998484168623047e-01 3.0805104940033218e-01
219 8.5351562500000000e-01 4.9998433158041294e-01 3.0579809309142436e-01
220 8.5742187500000000e-01 4.9998383091267612e-01 3.0358682142360593e-01
221 8.6132812500000000e-01 4.9998333998459793e-01 3.0141856638430581e-01
222 8.6523437500000000e-01 4.9998285909189988e-01 2.9929463404922529e-01
223 8.6914062500000000e-01 4.9998238852425259e-01 2.9721630379578001e-01
224 8.7304687500000000e-01 4.9998192856510981e-01 2.9518482753246550e-01
225 8.7695312500000000e-01 4.9998147949152588e-01 2.9320142894450946e-01
226 8.8085937500000000e-01 4.9998104157401418e-01 2.9126730275719276e-01
227 8.8476562500000000e-01 4.9998061507635783e-01 2.8938361401568680e-01
228 8.8867187500000000e-01 4.9998020025546469e-01 2.8755149738374058e-01
229 8.9257812500000000e-01 4.9997979736120229e-01 2.8577205645985104e-01
230 8.9648437500000000e-01 4.9997940663626406e-01 2.8404636311272807e-01
231 9.0039062500000000e-01 4.9997902831600666e-01 2.8237545683548959e-01
232 9.0429687500000000e-01 4.9997866262831719e-01 2.8076034411962919e-01
233 9.0820312500000000e-01 4.9997830979346553e-01 2.7920199784863931e-01
234 9.1210937500000000e-01 4.9997797002399286e-01 2.7770135671203239e-01
235 9.1601562500000000e-01 4.9997764352456286e-01 2.7625932463992708e-01
236 9.1992187500000000e-01 4.9997733049184728e-01 2.7487677025850410e-01
237 9.2382812500000000e-01 4.9997703111440067e-01 2.7355452636686978e-01
238 9.2773437500000000e-01 4.9997674557256211e-01 2.7229338943522341e-01
239 9.3164062500000000e-01 4.9997647403832945e-01 2.7109411912538367e-01
240 9.3554687500000000e-01 4.9997621667526604e-01 2.6995743783289677e-01
241 9.3945312500000000e-01 4.9997597363839391e-01 2.6888403025209118e-01
242 9.4335937500000000e-01 4.9997574507411402e-01 2.6787454296353663e-01
243 9.4726562500000000e-01 4.9997553112010229e-01 2.6692958404462780e-01
244 9.5117187500000000e-01 4.9997533190523902e-01 2.6604972270327809e-01
245 9.5507812500000000e-01 4.9997514754951877e-01 2.6523548893510557e-01
246 9.5898437500000000e-01 4.9997497816399494e-01 2.6448737320401156e-01
247 9.6289062500000000e-01 4.9997482385069802e-01 2.6380582614700104e-01
248 9.6679687500000000e-01 4.9997468470258133e-01 2.6319125830252804e-01
249 9.7070312500000000e-01 4.9997456080345776e-01 2.6264403986322704e-01
250 9.7460937500000000e-01 4.9997445222796405e-01 2.6216450045309375e-01
251 9.7851562500000000e-01 4.9997435904150211e-01 2.6175292892870294e-01
252 9.8242187500000000e-01 4.9997428130020427e-01 2.6140957320536196e-01
253 9.8632812500000000e-01 4.9997421905089368e-01 2.6113464010771709e-01
254 9.9023437500000000e-01 4.9997417233107300e-01 2.6092829524515282e-01
255 9.9414062500000000e-01 4.9997414116888100e-01 2.6079066291217268e-01
256 9.9804687500000000e-01 4.9997412558309234e-01 2.6072182601330818e-01
