# P x_center tau_U tau_V tau_Psi
1 0.00390625 -0.1789494126319132 -0.6052877996919452 -0.7842372123238585
2 0.01171875 -1.122694378352662e-05 -3.36805229563808e-05 -4.490746673990742e-05
3 0.01953125 -1.122721116786352e-05 -3.368079033805316e-05 -4.490800150591667e-05
4 0.02734375 -1.122760276928148e-05 -3.368118195368197e-05 -4.490878472296345e-05
5 0.03515625 -1.122811231368814e-05 -3.368169147677236e-05 -4.49098037904605e-05
6 0.04296875 -1.1228733640678e-05 -3.368231281797307e-05 -4.491104645865107e-05
7 0.05078125 -1.12294607106378e-05 -3.36830398453003e-05 -4.49125005559381e-05
8 0.05859375 -1.123028752658684e-05 -3.368386666124934e-05 -4.491415418783617e-05
9 0.06640625 -1.123120821944212e-05 -3.368478738252634e-05 -4.491599560196846e-05
10 0.07421875 -1.123221710486177e-05 -3.368579621110257e-05 -4.491801331596434e-05
11 0.08203125 -1.123330832797365e-05 -3.368688749105786e-05 -4.492019581903151e-05
12 0.08984375 -1.123447668760491e-05 -3.368805579384571e-05 -4.492253248145062e-05
13 0.09765625 -1.123571649941368e-05 -3.368929560565448e-05 -4.492501210506816e-05
14 0.10546875 -1.123702236327517e-05 -3.369060141267255e-05 -4.492762377594772e-05
15 0.11328125 -1.12383892201251e-05 -3.369196826952248e-05 -4.493035748964758e-05
16 0.12109375 -1.123981166983867e-05 -3.369339083292289e-05 -4.493320250276156e-05
17 0.12890625 -1.124128505125555e-05 -3.369486421433976e-05 -4.49361492655953e-05
18 0.13671875 -1.124280424846802e-05 -3.369638341155223e-05 -4.493918766002025e-05
19 0.14453125 -1.124436437294207e-05 -3.369794342233945e-05 -4.494230779528152e-05
20 0.15234375 -1.124596053614368e-05 -3.369953958554106e-05 -4.494550012168474e-05
21 0.16015625 -1.124758819059934e-05 -3.37011674673704e-05 -4.494875565796974e-05
22 0.16796875 -1.124924347095657e-05 -3.370282252035395e-05 -4.495206599131052e-05
23 0.17578125 -1.125092103393399e-05 -3.370450008333137e-05 -4.495542111726536e-05
24 0.18359375 -1.125261701417912e-05 -3.37061960635765e-05 -4.495881307775562e-05
25 0.19140625 -1.125432709159213e-05 -3.370790636836318e-05 -4.496223345995531e-05
26 0.19921875 -1.125604762819421e-05 -3.370962645021791e-05 -4.496567407841212e-05
27 0.20703125 -1.125777339439082e-05 -3.37113524437882e-05 -4.496912583817902e-05
28 0.21484375 -1.125950188907154e-05 -3.371308093846892e-05 -4.497258282754046e-05
29 0.22265625 -1.126122833738918e-05 -3.371480738678656e-05 -4.497603572417574e-05
30 0.23046875 -1.126294955611229e-05 -3.371652860550967e-05 -4.497947816162196e-05
31 0.23828125 -1.12646614525147e-05 -3.371824072928575e-05 -4.498290218180045e-05
32 0.24609375 -1.126636175285967e-05 -3.371994080225704e-05 -4.498630255511671e-05
33 0.25390625 -1.126804545492632e-05 -3.372162473169737e-05 -4.49896701866237e-05
34 0.26171875 -1.126971073972527e-05 -3.372328910700162e-05 -4.499299984672689e-05
35 0.26953125 -1.127135283240932e-05 -3.372493165443302e-05 -4.499628448684234e-05
36 0.27734375 -1.127296991398907e-05 -3.372654919076012e-05 -4.49995191047492e-05
37 0.28515625 -1.127455834648572e-05 -3.372813716850942e-05 -4.500269551499514e-05
38 0.29296875 -1.127611540141515e-05 -3.37296937686915e-05 -4.500580917010666e-05
39 0.30078125 -1.127763835029327e-05 -3.373121717231697e-05 -4.500885552261025e-05
40 0.30859375 -1.127912491938332e-05 -3.373270465090172e-05 -4.501182957028504e-05
41 0.31640625 -1.128057192545384e-05 -3.373415120222489e-05 -4.501472312767874e-05
42 0.32421875 -1.128197754951543e-05 -3.373555682628648e-05 -4.501753437580192e-05
43 0.33203125 -1.128333815358928e-05 -3.373691788510769e-05 -4.502025603869697e-05
44 0.33984375 -1.128465328292805e-05 -3.37382325596991e-05 -4.502288584262715e-05
45 0.34765625 -1.128591975430027e-05 -3.373949766682927e-05 -4.502541742112953e-05
46 0.35546875 -1.128713529396919e-05 -3.374071457074024e-05 -4.502784986470942e-05
47 0.36328125 -1.128829762819805e-05 -3.374187645022175e-05 -4.50301740784198e-05
48 0.37109375 -1.128940675698686e-05 -3.374298557901056e-05 -4.503239233599743e-05
49 0.37890625 -1.129045904235682e-05 -3.374403786438052e-05 -4.503449690673733e-05
50 0.38671875 -1.12914535748132e-05 -3.37450323968369e-05 -4.503648597165011e-05
51 0.39453125 -1.129238808061928e-05 -3.374596735739033e-05 -4.50383554380096e-05
52 0.40234375 -1.129326346926973e-05 -3.374684274604078e-05 -4.504010621531052e-05
53 0.41015625 -1.129407519329106e-05 -3.374765447006212e-05 -4.504172966335318e-05
54 0.41796875 -1.129482507167268e-05 -3.374840389369638e-05 -4.504322896536905e-05
55 0.42578125 -1.129550901168841e-05 -3.374908783371211e-05 -4.504459684540052e-05
56 0.43359375 -1.129612883232767e-05 -3.374970765435137e-05 -4.504583648667904e-05
57 0.44140625 -1.129668044086429e-05 -3.375025971763534e-05 -4.504694015849964e-05
58 0.44921875 -1.129716611103504e-05 -3.375074493305874e-05 -4.504791104409378e-05
59 0.45703125 -1.12975831143558e-05 -3.375116239112685e-05 -4.504874550548266e-05
60 0.46484375 -1.129793190557393e-05 -3.375151118234498e-05 -4.504944308791892e-05
61 0.47265625 -1.129821202994208e-05 -3.375179085196578e-05 -4.505000288190786e-05
62 0.48046875 -1.129842166847084e-05 -3.375200049049454e-05 -4.505042215896538e-05
63 0.48828125 -1.129856173065491e-05 -3.375214055267861e-05 -4.505070228333352e-05
64 0.49609375 -1.12986322164943e-05 -3.375221058377065e-05 -4.505084280026495e-05
65 0.50390625 -1.129863176174695e-05 -3.375221058377065e-05 -4.505084234551759e-05
66 0.51171875 -1.129856173065491e-05 -3.375214055267861e-05 -4.505070228333352e-05
67 0.51953125 -1.129842166847084e-05 -3.375200049049454e-05 -4.505042215896538e-05
68 0.52734375 -1.129821202994208e-05 -3.375179085196578e-05 -4.505000288190786e-05
69 0.53515625 -1.129793236032128e-05 -3.375151118234498e-05 -4.504944354266627e-05
70 0.54296875 -1.12975831143558e-05 -3.375116239112685e-05 -4.504874550548266e-05
71 0.55078125 -1.129716611103504e-05 -3.375074493305874e-05 -4.504791104409378e-05
72 0.55859375 -1.129668089561164e-05 -3.375025971763534e-05 -4.504694061324699e-05
73 0.56640625 -1.129612883232767e-05 -3.374970765435137e-05 -4.504583648667904e-05
74 0.57421875 -1.129550901168841e-05 -3.374908783371211e-05 -4.504459684540052e-05
75 0.58203125 -1.129482507167268e-05 -3.374840389369638e-05 -4.504322896536905e-05
76 0.58984375 -1.129407519329106e-05 -3.374765447006212e-05 -4.504172966335318e-05
77 0.59765625 -1.129326346926973e-05 -3.374684274604078e-05 -4.504010621531052e-05
78 0.60546875 -1.129238853536663e-05 -3.374596735739033e-05 -4.503835589275695e-05
79 0.61328125 -1.12914535748132e-05 -3.374503285158426e-05 -4.503648642639746e-05
80 0.62109375 -1.129045858760946e-05 -3.374403786438052e-05 -4.503449645198998e-05
81 0.62890625 -1.128940675698686e-05 -3.374298557901056e-05 -4.503239233599743e-05
82 0.63671875 -1.12882980829454e-05 -3.374187645022175e-05 -4.503017453316716e-05
83 0.64453125 -1.128713529396919e-05 -3.374071457074024e-05 -4.502784986470942e-05
84 0.65234375 -1.128591929955292e-05 -3.373949766682927e-05 -4.502541696638218e-05
85 0.66015625 -1.128465328292805e-05 -3.37382325596991e-05 -4.502288584262715e-05
86 0.66796875 -1.128333815358928e-05 -3.373691788510769e-05 -4.502025603869697e-05
87 0.67578125 -1.128197754951543e-05 -3.373555682628648e-05 -4.501753437580192e-05
88 0.68359375 -1.128057238020119e-05 -3.373415120222489e-05 -4.501472358242609e-05
89 0.69140625 -1.127912537413067e-05 -3.373270465090172e-05 -4.50118300250324e-05
90 0.69921875 -1.127763835029327e-05 -3.373121717231697e-05 -4.500885552261025e-05
91 0.70703125 -1.12761149466678e-05 -3.37296937686915e-05 -4.500580871535931e-05
92 0.71484375 -1.127455834648572e-05 -3.372813716850942e-05 -4.500269551499514e-05
93 0.72265625 -1.127297036873642e-05 -3.372654919076012e-05 -4.499951955949655e-05
94 0.73046875 -1.127135283240932e-05 -3.372493165443302e-05 -4.499628448684234e-05
95 0.73828125 -1.126971028497792e-05 -3.372328910700162e-05 -4.499299939197954e-05
96 0.74609375 -1.126804545492632e-05 -3.372162473169737e-05 -4.49896701866237e-05
97 0.75390625 -1.126636175285967e-05 -3.371994080225704e-05 -4.498630255511671e-05
98 0.76171875 -1.12646614525147e-05 -3.371824072928575e-05 -4.498290218180045e-05
99 0.76953125 -1.126294932873861e-05 -3.371652860550967e-05 -4.497947793424828e-05
100 0.77734375 -1.126122856476286e-05 -3.371480738678656e-05 -4.497603595154942e-05
101 0.78515625 -1.125950188907154e-05 -3.371308093846892e-05 -4.497258282754046e-05
102 0.79296875 -1.125777316701715e-05 -3.37113524437882e-05 -4.496912561080535e-05
103 0.80078125 -1.125604740082053e-05 -3.370962667759159e-05 -4.496567407841212e-05
104 0.80859375 -1.125432731896581e-05 -3.370790636836318e-05 -4.496223368732899e-05
105 0.81640625 -1.12526172415528e-05 -3.37061960635765e-05 -4.49588133051293e-05
106 0.82421875 -1.125092080656032e-05 -3.370450008333137e-05 -4.495542088989168e-05
107 0.83203125 -1.124924369833025e-05 -3.370282252035395e-05 -4.495206621868419e-05
108 0.83984375 -1.124758819059934e-05 -3.37011674673704e-05 -4.494875565796974e-05
109 0.84765625 -1.124596053614368e-05 -3.369953958554106e-05 -4.494550012168474e-05
110 0.85546875 -1.124436437294207e-05 -3.369794342233945e-05 -4.494230779528152e-05
111 0.86328125 -1.124280424846802e-05 -3.369638341155223e-05 -4.493918766002025e-05
112 0.87109375 -1.124128505125555e-05 -3.369486421433976e-05 -4.49361492655953e-05
113 0.87890625 -1.123981166983867e-05 -3.369339083292289e-05 -4.493320250276156e-05
114 0.88671875 -1.123838910643826e-05 -3.369196826952248e-05 -4.493035737596074e-05
115 0.89453125 -1.123702236327517e-05 -3.369060141267255e-05 -4.492762377594772e-05
116 0.90234375 -1.123571649941368e-05 -3.368929560565448e-05 -4.492501210506816e-05
117 0.91015625 -1.123447668760491e-05 -3.368805579384571e-05 -4.492253248145062e-05
118 0.91796875 -1.123330832797365e-05 -3.368688749105786e-05 -4.492019581903151e-05
119 0.92578125 -1.123221710486177e-05 -3.368579621110257e-05 -4.491801331596434e-05
120 0.93359375 -1.123120824786383e-05 -3.368478738252634e-05 -4.491599563039017e-05
121 0.94140625 -1.123028749816513e-05 -3.368386666124934e-05 -4.491415415941447e-05
122 0.94921875 -1.12294607106378e-05 -3.36830398453003e-05 -4.49125005559381e-05
123 0.95703125 -1.122873365488886e-05 -3.368231281797307e-05 -4.491104647286193e-05
124 0.96484375 -1.122811231368814e-05 -3.368169147677236e-05 -4.49098037904605e-05
125 0.97265625 -1.12276027763869e-05 -3.368118195368197e-05 -4.490878473006887e-05
126 0.98046875 -1.122721117141623e-05 -3.368079033805316e-05 -4.490800150946939e-05
127 0.98828125 -1.12269437844148e-05 -3.36805229563808e-05 -4.49074667407956e-05
128 0.99609375 -0.0007213212483396791 -0.002163963710208772 -0.002885284958548451
