# P x_center tau_U tau_V tau_Psi
1 0.03125 -0.1462177750148744 -0.5033868589207664 -0.6496046339356408
2 0.09375 -0.0007190457016728047 -0.002156074768748795 -0.002875120470421599
3 0.15625 -0.0007197935055636151 -0.002156822572640493 -0.002876616078204108
4 0.21875 -0.0007206636977770131 -0.002157692764853891 -0.002878356462630904
5 0.28125 -0.0007215215388853835 -0.002158550605955156 -0.00288007214484054
6 0.34375 -0.0007222592373210546 -0.002159288304390827 -0.002881547541711882
7 0.40625 -0.0007227959494144898 -0.002159825016491368 -0.002882620965905858
8 0.46875 -0.0007230777794049459 -0.002160106846496035 -0.002883184625900981
9 0.53125 -0.0007230777794049459 -0.002160106846496035 -0.002883184625900981
10 0.59375 -0.0007227959494144898 -0.002159825016491368 -0.002882620965905858
11 0.65625 -0.0007222592373210546 -0.002159288304390827 -0.002881547541711882
12 0.71875 -0.0007215215388853835 -0.002158550605955156 -0.00288007214484054
13 0.78125 -0.0007206636977770131 -0.002157692764853891 -0.002878356462630904
14 0.84375 -0.0007197935055618387 -0.002156822572640493 -0.002876616078202332
15 0.90625 -0.0007190457016728047 -0.002156074768749683 -0.002875120470422488
16 0.96875 -0.005927812341585126 -0.01778330214496165 -0.02371111448654678
