# P x_center tau_U tau_V tau_Psi
1 0.0078125 -0.1740376924467045 -0.59001691025294 -0.7640546026996445
2 0.0234375 -4.490956737424057e-05 -0.0001347238840656573 -0.0001796334514398978
3 0.0390625 -4.491363766945256e-05 -0.000134727954364422 -0.0001796415920338745
4 0.0546875 -4.491944817885951e-05 -0.0001347337648738289 -0.0001796532130526884
5 0.0703125 -4.492680814394134e-05 -0.0001347411248460162 -0.0001796679329899575
6 0.0859375 -4.493553336715195e-05 -0.0001347498500763322 -0.0001796853834434842
7 0.1015625 -4.494544626254537e-05 -0.0001347597629575148 -0.0001797052092200602
8 0.1171875 -4.495637574564171e-05 -0.000134770692454822 -0.0001797270682004637
9 0.1328125 -4.496815736843018e-05 -0.0001347824740491887 -0.0001797506314176189
10 0.1484375 -4.498063330515834e-05 -0.0001347949499859169 -0.0001797755832910752
11 0.1640625 -4.499365223864515e-05 -0.0001348079689478254 -0.0001798016211864706
12 0.1796875 -4.500706933185938e-05 -0.0001348213860410397 -0.000179828455372899
13 0.1953125 -4.502074671108858e-05 -0.0001348350634202689 -0.0001798558101313574
14 0.2109375 -4.50345525564444e-05 -0.0001348488692087813 -0.0001798834217652256
15 0.2265625 -4.50483619829356e-05 -0.000134862678578429 -0.0001799110405613646
16 0.2421875 -4.506205641519045e-05 -0.0001348763731243707 -0.0001799384295395612
17 0.2578125 -4.507552421273431e-05 -0.000134889840978758 -0.0001799653651914923
18 0.2734375 -4.508866015839885e-05 -0.0001349029769244225 -0.0001799916370828214
19 0.2890625 -4.510136557200894e-05 -0.0001349156824517195 -0.0001800170480237284
20 0.3046875 -4.511354825353919e-05 -0.0001349278650195629 -0.0001800414132731021
21 0.3203125 -4.512512259680079e-05 -0.0001349394393628245 -0.0001800645619596253
22 0.3359375 -4.513601004418888e-05 -0.0001349503266965257 -0.0001800863367407146
23 0.3515625 -4.514613783612731e-05 -0.0001349604544884642 -0.0001801065923245915
24 0.3671875 -4.515544026162388e-05 -0.0001349697570276476 -0.0001801251972892715
25 0.3828125 -4.516385808983614e-05 -0.0001349781748558598 -0.000180142032945696
26 0.3984375 -4.517133902481874e-05 -0.0001349856555634688 -0.0001801569945882875
27 0.4140625 -4.517783679602871e-05 -0.0001349921534483656 -0.0001801699902443943
28 0.4296875 -4.518331161307287e-05 -0.0001349976282654097 -0.0001801809398784826
29 0.4453125 -4.51877311888893e-05 -0.000135002047954913 -0.0001801897791438023
30 0.4609375 -4.519106880707113e-05 -0.0001350053856867817 -0.0001801964544938528
31 0.4765625 -4.519330502716912e-05 -0.000135007621679506 -0.0001802009267066751
32 0.4921875 -4.51944264341364e-05 -0.0001350087429727864 -0.0001802031694069228
33 0.5078125 -4.519442632044957e-05 -0.0001350087429727864 -0.000180203169293236
34 0.5234375 -4.519330502716912e-05 -0.000135007621679506 -0.0001802009267066751
35 0.5390625 -4.519106880707113e-05 -0.0001350053856867817 -0.0001801964544938528
36 0.5546875 -4.518773130257614e-05 -0.000135002047954913 -0.0001801897792574891
37 0.5703125 -4.518331161307287e-05 -0.0001349976282654097 -0.0001801809398784826
38 0.5859375 -4.517783668234188e-05 -0.0001349921534483656 -0.0001801699901307074
39 0.6015625 -4.51713389111319e-05 -0.0001349856555634688 -0.0001801569944746007
40 0.6171875 -4.516385820352298e-05 -0.0001349781748558598 -0.0001801420330593828
41 0.6328125 -4.515544014793704e-05 -0.0001349697570276476 -0.0001801251971755846
42 0.6484375 -4.514613772244047e-05 -0.0001349604544884642 -0.0001801065922109046
43 0.6640625 -4.513601004418888e-05 -0.0001349503266965257 -0.0001800863367407146
44 0.6796875 -4.512512259680079e-05 -0.0001349394393628245 -0.0001800645619596253
45 0.6953125 -4.511354825353919e-05 -0.0001349278650195629 -0.0001800414132731021
46 0.7109375 -4.510136557200894e-05 -0.0001349156824517195 -0.0001800170480237284
47 0.7265625 -4.508866027208569e-05 -0.0001349029769244225 -0.0001799916371965082
48 0.7421875 -4.507552432642115e-05 -0.000134889840978758 -0.0001799653653051791
49 0.7578125 -4.506205641519045e-05 -0.0001348763731243707 -0.0001799384295395612
50 0.7734375 -4.504836192609218e-05 -0.000134862678578429 -0.0001799110405045212
51 0.7890625 -4.503455249960098e-05 -0.0001348488692087813 -0.0001798834217083822
52 0.8046875 -4.502074671108858e-05 -0.0001348350634202689 -0.0001798558101313574
53 0.8203125 -4.500706933185938e-05 -0.0001348213860410397 -0.000179828455372899
54 0.8359375 -4.499365223864515e-05 -0.0001348079689478254 -0.0001798016211864706
55 0.8515625 -4.498063330515834e-05 -0.0001347949499859169 -0.0001797755832910752
56 0.8671875 -4.496815736843018e-05 -0.0001347824740491887 -0.0001797506314176189
57 0.8828125 -4.495637574564171e-05 -0.000134770692454822 -0.0001797270682004637
58 0.8984375 -4.494544624833452e-05 -0.0001347597629575148 -0.0001797052092058493
59 0.9140625 -4.493553336715195e-05 -0.0001347498500763322 -0.0001796853834434842
60 0.9296875 -4.492680815104677e-05 -0.0001347411248460162 -0.000179667932997063
61 0.9453125 -4.491944817885951e-05 -0.0001347337648738289 -0.0001796532130526884
62 0.9609375 -4.491363766945256e-05 -0.000134727954364422 -0.0001796415920338745
63 0.9765625 -4.490956737335239e-05 -0.0001347238840665455 -0.0001796334514398978
64 0.9921875 -0.001448256132966064 -0.00434476784629112 -0.005793023979257184
