# P x psi_num psi_exact psi_err v_num v_exact v_err
1 3.1250000000000000e-02 -1.5021249154507573e+168 3.6058490809661600e-02 -1.5021249154507573e+168 2.8122983440519041e+168 1.8029245404830800e-02 2.8122983440519041e+168
2 9.3750000000000000e-02 6.9712004085662996e+167 1.0678976484900410e-01 6.9712004085662996e+167 -1.3051574581719690e+168 5.3394882424502049e-02 -1.3051574581719690e+168
3 1.5625000000000000e-01 -3.2348306504395922e+167 1.7341716811358948e-01 -3.2348306504395922e+167 6.0562931803775416e+167 8.6708584056794741e-02 6.0562931803775416e+167
4 2.1875000000000000e-01 1.5001277772288583e+167 2.3338024686103792e-01 1.5001277772288583e+167 -2.8085592751791910e+167 1.1669012343051896e-01 -2.8085592751791910e+167
5 2.8125000000000000e-01 -6.9368249129353055e+166 2.8437465360276698e-01 -6.9368249129353055e+166 1.2987216319337773e+167 1.4218732680138349e-01 1.2987216319337773e+167
6 3.4375000000000000e-01 3.1647799769444812e+166 3.2444070188568469e-01 3.1647799769444812e+166 -5.9251433731653318e+166 1.6222035094284235e-01 -5.9251433731653318e+166
7 4.0625000000000000e-01 -1.3510555722105265e+166 3.5203867594357741e-01 -1.3510555722105265e+166 2.5294643004503946e+166 1.7601933797178870e-01 2.5294643004503946e+166
8 4.6875000000000000e-01 3.7334500894536263e+165 3.6610800111052233e-01 3.7334500894536263e+165 -6.9898151586282308e+165 1.8305400055526116e-01 -6.9898151586282308e+165
9 5.3125000000000000e-01 3.7334500894657387e+165 3.6610800111052239e-01 3.7334500894657387e+165 -6.9898151586509081e+165 1.8305400055526119e-01 -6.9898151586509081e+165
10 5.9375000000000000e-01 -1.3510555722124847e+166 3.5203867594357741e-01 -1.3510555722124847e+166 2.5294643004540647e+166 1.7601933797178870e-01 2.5294643004540647e+166
11 6.5625000000000000e-01 3.1647799769484033e+166 3.2444070188568475e-01 3.1647799769484033e+166 -5.9251433731726708e+166 1.6222035094284237e-01 -5.9251433731726708e+166
12 7.1875000000000000e-01 -6.9368249129436120e+166 2.8437465360276704e-01 -6.9368249129436120e+166 1.2987216319353333e+167 1.4218732680138352e-01 1.2987216319353333e+167
13 7.8125000000000000e-01 1.5001277772306427e+167 2.3338024686103792e-01 1.5001277772306427e+167 -2.8085592751825314e+167 1.1669012343051896e-01 -2.8085592751825314e+167
14 8.4375000000000000e-01 -3.2348306504434355e+167 1.7341716811358956e-01 -3.2348306504434355e+167 6.0562931803847295e+167 8.6708584056794782e-02 6.0562931803847295e+167
15 9.0625000000000000e-01 6.9712004085745569e+167 1.0678976484900413e-01 6.9712004085745569e+167 -1.3051574581735157e+168 5.3394882424502063e-02 -1.3051574581735157e+168
16 9.6875000000000000e-01 -1.5021249154525374e+168 3.6058490809661677e-02 -1.5021249154525374e+168 2.8122983440552377e+168 1.8029245404830838e-02 2.8122983440552377e+168
