# P x_center tau_Psi tau_V
1 7.8125000000000000e-03 4.0574910135315889e-04 6.5209078727868075e-05
2 2.3437500000000000e-02 -7.3849119885949221e-07 -1.2047946817972388e-07
3 3.9062500000000000e-02 -1.2288417394756834e-06 -2.0047659532451689e-07
4 5.4687500000000000e-02 -1.7162318926011721e-06 -2.7999075769002957e-07
5 7.0312500000000000e-02 -2.1994874828124011e-06 -3.5883039117834414e-07
6 8.5937500000000000e-02 -2.6774443426802463e-06 -4.3680557837433298e-07
7 1.0156250000000000e-01 -3.1489509666471349e-06 -5.1372845888408847e-07
8 1.1718750000000000e-01 -3.6128715379390997e-06 -5.8941372316212437e-07
9 1.3281250000000000e-01 -4.0680883302002258e-06 -6.6367903173158993e-07
10 1.4843750000000000e-01 -4.5135047628264147e-06 -7.3634548414247547e-07
11 1.6406250000000000e-01 -4.9480477741781215e-06 -8.0723802398097178e-07
12 1.7968750000000000e-01 -5.3706705074318961e-06 -8.7618585098425683e-07
13 1.9531250000000000e-01 -5.7803548543233774e-06 -9.4302288289327407e-07
14 2.1093750000000000e-01 -6.1761137999383209e-06 -1.0075880680915361e-06
15 2.2656250000000000e-01 -6.5569939522447385e-06 -1.0697258971958945e-06
16 2.4218750000000000e-01 -6.9220776595102507e-06 -1.1292866446410699e-06
17 2.5781250000000000e-01 -7.2704855256233714e-06 -1.1861268518487122e-06
18 2.7343750000000000e-01 -7.6013782006612018e-06 -1.2401095830227860e-06
19 2.8906250000000000e-01 -7.9139584272525099e-06 -1.2911047662100827e-06
20 3.0468750000000000e-01 -8.2074733143144840e-06 -1.3389896196258633e-06
21 3.2031250000000000e-01 -8.4812155876079487e-06 -1.3836486374430024e-06
22 3.3593750000000000e-01 -8.7345258918958280e-06 -1.4249744140215626e-06
23 3.5156250000000000e-01 -8.9667939846549416e-06 -1.4628672602157167e-06
24 3.6718750000000000e-01 -9.1774602140048955e-06 -1.4972359139164837e-06
25 3.8281250000000000e-01 -9.3660172240106476e-06 -1.5279976253168570e-06
26 3.9843750000000000e-01 -9.5320106368035340e-06 -1.5550782279660780e-06
27 4.1406250000000000e-01 -9.6750406157752877e-06 -1.5784125224627132e-06
28 4.2968750000000000e-01 -9.7947625761207746e-06 -1.5979442906655095e-06
29 4.4531250000000000e-01 -9.8908881511761138e-06 -1.6136264946453593e-06
30 4.6093750000000000e-01 -9.9631856471660285e-06 -1.6254213051070110e-06
31 4.7656250000000000e-01 -1.0011480952698548e-05 -1.6333003287627434e-06
32 4.9218750000000000e-01 -1.0035657652451846e-05 -1.6372445799106572e-06
33 5.0781250000000000e-01 -1.0035657652451846e-05 -1.6372445799106572e-06
34 5.2343750000000000e-01 -1.0011480952698548e-05 -1.6333003287627434e-06
35 5.3906250000000000e-01 -9.9631856471660285e-06 -1.6254213051070110e-06
36 5.5468750000000000e-01 -9.8908881511761138e-06 -1.6136264946453593e-06
37 5.7031250000000000e-01 -9.7947625761207746e-06 -1.5979443048763642e-06
38 5.8593750000000000e-01 -9.6750406157752877e-06 -1.5784125224627132e-06
39 6.0156250000000000e-01 -9.5320106368035340e-06 -1.5550782279660780e-06
40 6.1718750000000000e-01 -9.3660172240106476e-06 -1.5279976253168570e-06
41 6.3281250000000000e-01 -9.1774602140048955e-06 -1.4972359139164837e-06
42 6.4843750000000000e-01 -8.9667939562332322e-06 -1.4628672317940072e-06
43 6.6406250000000000e-01 -8.7345258634741185e-06 -1.4249743998107078e-06
44 6.7968750000000000e-01 -8.4812155307645298e-06 -1.3836486516538571e-06
45 6.9531250000000000e-01 -8.2074733143144840e-06 -1.3389896054150086e-06
46 7.1093750000000000e-01 -7.9139584272525099e-06 -1.2911047804209375e-06
47 7.2656250000000000e-01 -7.6013781438177830e-06 -1.2401095688119312e-06
48 7.4218750000000000e-01 -7.2704855256233714e-06 -1.1861268518487122e-06
49 7.5781250000000000e-01 -6.9220776310885412e-06 -1.1292866304302152e-06
50 7.7343750000000000e-01 -6.5569939522447385e-06 -1.0697258829850398e-06
51 7.8906250000000000e-01 -6.1761137715166115e-06 -1.0075880680915361e-06
52 8.0468750000000000e-01 -5.7803548259016679e-06 -9.4302286868241936e-07
53 8.2031250000000000e-01 -5.3706704932210414e-06 -8.7618584387882947e-07
54 8.3593750000000000e-01 -4.9480478025998309e-06 -8.0723803108639913e-07
55 8.5156250000000000e-01 -4.5135047770372694e-06 -7.3634549124790283e-07
56 8.6718750000000000e-01 -4.0680883586219352e-06 -6.6367903173158993e-07
57 8.8281250000000000e-01 -3.6128715095173902e-06 -5.8941372316212437e-07
58 8.9843750000000000e-01 -3.1489509666471349e-06 -5.1372845888408847e-07
59 9.1406250000000000e-01 -2.6774443355748190e-06 -4.3680557837433298e-07
60 9.2968750000000000e-01 -2.1994874828124011e-06 -3.5883039473105782e-07
61 9.4531250000000000e-01 -1.7162318926011721e-06 -2.7999076124274325e-07
62 9.6093750000000000e-01 -1.2288417394756834e-06 -2.0047659354816005e-07
63 9.7656250000000000e-01 -7.3849118820135118e-07 -1.2047946995608072e-07
64 9.9218750000000000e-01 4.0574910134694164e-04 6.5209078726535807e-05
