# P x_center tau_Psi tau_V
1 3.9062500000000000e-03 1.0150639753980784e-04 1.6313490781794115e-05
2 1.1718750000000000e-02 -4.6189757796355480e-08 -7.5355135464860723e-09
3 1.9531250000000000e-02 -7.6952012761921651e-08 -1.2554144390719557e-08
4 2.7343750000000000e-02 -1.0766789415583844e-07 -1.7565213283887715e-08
5 3.5156250000000000e-02 -1.3831894563054448e-07 -2.2565703972077245e-08
6 4.2968750000000000e-02 -1.6888668596948264e-07 -2.7552601977731683e-08
7 5.0781250000000000e-02 -1.9935269790494203e-07 -3.2522905257792445e-08
8 5.8593750000000000e-02 -2.2969858548549382e-07 -3.7473604663773585e-08
9 6.6406250000000000e-02 -2.5990615881710255e-07 -4.2401744337894343e-08
10 7.4218750000000000e-02 -2.8995714274060447e-07 -4.7304354211519239e-08
11 8.2031250000000000e-02 -3.1983347525965655e-07 -5.2178450005158084e-08
12 8.9843750000000000e-02 -3.4951719385389879e-07 -5.7021111388166901e-08
13 9.7656250000000000e-02 -3.7899030758126173e-07 -6.1829439346183790e-08
14 1.0546875000000000e-01 -4.0823519498189853e-07 -6.6600520653992135e-08
15 1.1328125000000000e-01 -4.3723409248741518e-07 -7.1331470508084749e-08
16 1.2109375000000000e-01 -4.6596966285505914e-07 -7.6019475159228023e-08
17 1.2890625000000000e-01 -4.9442462568549672e-07 -8.0661692436478916e-08
18 1.3671875000000000e-01 -5.2258167215768481e-07 -8.5255294379749103e-08
19 1.4453125000000000e-01 -5.5042394819793117e-07 -8.9797566715787980e-08
20 1.5234375000000000e-01 -5.7793465657596244e-07 -9.4285724117071368e-08
21 1.6015625000000000e-01 -6.0509725585689011e-07 -9.8717094942912809e-08
22 1.6796875000000000e-01 -6.3189540355779172e-07 -1.0308902176348056e-07
23 1.7578125000000000e-01 -6.5831289930429193e-07 -1.0739884714894288e-07
24 1.8359375000000000e-01 -6.8433379851740028e-07 -1.1164395630203217e-07
25 1.9140625000000000e-01 -7.0994258294376777e-07 -1.1582184811231855e-07
26 1.9921875000000000e-01 -7.3512370590833598e-07 -1.1992992199338914e-07
27 2.0703125000000000e-01 -7.5986190495314077e-07 -1.2396580473250651e-07
28 2.1484375000000000e-01 -7.8414245763269719e-07 -1.2792699521924078e-07
29 2.2265625000000000e-01 -8.0795064150152029e-07 -1.3181110602999979e-07
30 2.3046875000000000e-01 -8.3127218886147602e-07 -1.3561586342802912e-07
31 2.3828125000000000e-01 -8.5409311623152462e-07 -1.3933890841144603e-07
32 2.4609375000000000e-01 -8.7639944013062632e-07 -1.4297802408691496e-07
33 2.5390625000000000e-01 -8.9817785919876769e-07 -1.4653102198280976e-07
34 2.6171875000000000e-01 -9.1941524260619190e-07 -1.4999574204921373e-07
35 2.6953125000000000e-01 -9.4009885742707411e-07 -1.5337008107962902e-07
36 2.7734375000000000e-01 -9.6021608442242723e-07 -1.5665210639781435e-07
37 2.8515625000000000e-01 -9.7975498647429049e-07 -1.5983971479727188e-07
38 2.9296875000000000e-01 -9.9870379699495970e-07 -1.6293108728859806e-07
39 3.0078125000000000e-01 -1.0170509199269873e-06 -1.6592429119555163e-07
40 3.0859375000000000e-01 -1.0347853276471142e-06 -1.6881750752872904e-07
41 3.1640625000000000e-01 -1.0518966178096889e-06 -1.7160905940727389e-07
42 3.2421875000000000e-01 -1.0683741038519656e-06 -1.7429726995032979e-07
43 3.3203125000000000e-01 -1.0842082360795757e-06 -1.7688049069874978e-07
44 3.3984375000000000e-01 -1.0993891805810563e-06 -1.7935713003680576e-07
45 3.4765625000000000e-01 -1.1139078992528084e-06 -1.8172576687902620e-07
46 3.5546875000000000e-01 -1.1277556950517464e-06 -1.8398492329652072e-07
47 3.6328125000000000e-01 -1.1409241551518789e-06 -1.8613326346894610e-07
48 3.7109375000000000e-01 -1.1534052077877277e-06 -1.8816945157595910e-07
49 3.7890625000000000e-01 -1.1651916906885162e-06 -1.9009232232747308e-07
50 3.8671875000000000e-01 -1.1762761573663738e-06 -1.9190068201169197e-07
51 3.9453125000000000e-01 -1.1866520708281314e-06 -1.9359345060365740e-07
52 4.0234375000000000e-01 -1.1963132919845521e-06 -1.9516954807841103e-07
53 4.1015625000000000e-01 -1.2052539091200742e-06 -1.9662817862808879e-07
54 4.1796875000000000e-01 -1.2134685221099062e-06 -1.9796837591457006e-07
55 4.2578125000000000e-01 -1.2209520718897693e-06 -1.9918923044315306e-07
56 4.3359375000000000e-01 -1.2277003520466678e-06 -2.0029011693623033e-07
57 4.4140625000000000e-01 -1.2337089856373495e-06 -2.0127038169448497e-07
58 4.4921875000000000e-01 -1.2389744483698450e-06 -2.0212945628372836e-07
59 4.5703125000000000e-01 -1.2434937843863736e-06 -2.0286674384806247e-07
60 4.6484375000000000e-01 -1.2472638672988978e-06 -2.0348178964013641e-07
61 4.7265625000000000e-01 -1.2502828212745953e-06 -2.0397433786456531e-07
62 4.8046875000000000e-01 -1.2525485431069683e-06 -2.0434396219570772e-07
63 4.8828125000000000e-01 -1.2540597253973829e-06 -2.0459049210330704e-07
64 4.9609375000000000e-01 -1.2548155154945562e-06 -2.0471378547881613e-07
65 5.0390625000000000e-01 -1.2548155154945562e-06 -2.0471378547881613e-07
66 5.1171875000000000e-01 -1.2540597253973829e-06 -2.0459052052501647e-07
67 5.1953125000000000e-01 -1.2525485431069683e-06 -2.0434396219570772e-07
68 5.2734375000000000e-01 -1.2502828212745953e-06 -2.0397430944285588e-07
69 5.3515625000000000e-01 -1.2472638672988978e-06 -2.0348178964013641e-07
70 5.4296875000000000e-01 -1.2434937843863736e-06 -2.0286674384806247e-07
71 5.5078125000000000e-01 -1.2389745620566828e-06 -2.0212945628372836e-07
72 5.5859375000000000e-01 -1.2337089856373495e-06 -2.0127041011619440e-07
73 5.6640625000000000e-01 -1.2277002952032490e-06 -2.0029014535793976e-07
74 5.7421875000000000e-01 -1.2209520718897693e-06 -1.9918923044315306e-07
75 5.8203125000000000e-01 -1.2134685221099062e-06 -1.9796834749286063e-07
76 5.8984375000000000e-01 -1.2052538522766554e-06 -1.9662823547150765e-07
77 5.9765625000000000e-01 -1.1963133488279709e-06 -1.9516963334353932e-07
78 6.0546875000000000e-01 -1.1866521276715503e-06 -1.9359345060365740e-07
79 6.1328125000000000e-01 -1.1762761573663738e-06 -1.9190068201169197e-07
80 6.2109375000000000e-01 -1.1651915770016785e-06 -1.9009229390576365e-07
81 6.2890625000000000e-01 -1.1534052077877277e-06 -1.8816945157595910e-07
82 6.3671875000000000e-01 -1.1409240414650412e-06 -1.8613320662552724e-07
83 6.4453125000000000e-01 -1.1277556382083276e-06 -1.8398489487481129e-07
84 6.5234375000000000e-01 -1.1139078992528084e-06 -1.8172579530073563e-07
85 6.6015625000000000e-01 -1.0993891805810563e-06 -1.7935715845851519e-07
86 6.6796875000000000e-01 -1.0842082360795757e-06 -1.7688049069874978e-07
87 6.7578125000000000e-01 -1.0683741038519656e-06 -1.7429729837203922e-07
88 6.8359375000000000e-01 -1.0518966178096889e-06 -1.7160908782898332e-07
89 6.9140625000000000e-01 -1.0347854413339519e-06 -1.6881753595043847e-07
90 6.9921875000000000e-01 -1.0170509199269873e-06 -1.6592429119555163e-07
91 7.0703125000000000e-01 -9.9870379699495970e-07 -1.6293105886688863e-07
92 7.1484375000000000e-01 -9.7975504331770935e-07 -1.5983971479727188e-07
93 7.2265625000000000e-01 -9.6021614126584609e-07 -1.5665210639781435e-07
94 7.3046875000000000e-01 -9.4009885742707411e-07 -1.5337010950133845e-07
95 7.3828125000000000e-01 -9.1941529944961076e-07 -1.4999574204921373e-07
96 7.4609375000000000e-01 -8.9817785919876769e-07 -1.4653099356110033e-07
97 7.5390625000000000e-01 -8.7639949697404518e-07 -1.4297802408691496e-07
98 7.6171875000000000e-01 -8.5409305938810576e-07 -1.3933890841144603e-07
99 7.6953125000000000e-01 -8.3127213201805716e-07 -1.3561586342802912e-07
100 7.7734375000000000e-01 -8.0795064150152029e-07 -1.3181113445170922e-07
101 7.8515625000000000e-01 -7.8414245763269719e-07 -1.2792699521924078e-07
102 7.9296875000000000e-01 -7.5986190495314077e-07 -1.2396580473250651e-07
103 8.0078125000000000e-01 -7.3512370590833598e-07 -1.1992995041509857e-07
104 8.0859375000000000e-01 -7.0994258294376777e-07 -1.1582181969060912e-07
105 8.1640625000000000e-01 -6.8433379851740028e-07 -1.1164395630203217e-07
106 8.2421875000000000e-01 -6.5831289930429193e-07 -1.0739884714894288e-07
107 8.3203125000000000e-01 -6.3189537513608229e-07 -1.0308900755262584e-07
108 8.3984375000000000e-01 -6.0509728427859955e-07 -9.8717123364622239e-08
109 8.4765625000000000e-01 -5.7793462815425301e-07 -9.4285709906216653e-08
110 8.5546875000000000e-01 -5.5042394819793117e-07 -8.9797552504933265e-08
111 8.6328125000000000e-01 -5.2258170057939424e-07 -8.5255294379749103e-08
112 8.7109375000000000e-01 -4.9442456884207786e-07 -8.0661664014769485e-08
113 8.7890625000000000e-01 -4.6596966285505914e-07 -7.6019475159228023e-08
114 8.8671875000000000e-01 -4.3723414933083404e-07 -7.1331513140648894e-08
115 8.9453125000000000e-01 -4.0823516656018910e-07 -6.6600520653992135e-08
116 9.0234375000000000e-01 -3.7899033600297116e-07 -6.1829453557038505e-08
117 9.1015625000000000e-01 -3.4951716543218936e-07 -5.7021111388166901e-08
118 9.1796875000000000e-01 -3.1983347525965655e-07 -5.2178450005158084e-08
119 9.2578125000000000e-01 -2.8995714274060447e-07 -4.7304354211519239e-08
120 9.3359375000000000e-01 -2.5990614460624784e-07 -4.2401744337894343e-08
121 9.4140625000000000e-01 -2.2969862811805797e-07 -3.7473625980055658e-08
122 9.4921875000000000e-01 -1.9935266948323260e-07 -3.2522898152365087e-08
123 9.5703125000000000e-01 -1.6888667886405528e-07 -2.7552601977731683e-08
124 9.6484375000000000e-01 -1.3831895984139919e-07 -2.2565703972077245e-08
125 9.7265625000000000e-01 -1.0766789415583844e-07 -1.7565209731174036e-08
126 9.8046875000000000e-01 -7.6952034078203724e-08 -1.2554149719790075e-08
127 9.8828125000000000e-01 -4.6189754243641801e-08 -7.5355135464860723e-09
128 9.9609375000000000e-01 1.0150639755490687e-04 1.6313490784014562e-05
