# P x_center tau_Psi tau_V
1 9.7656250000000000e-04 -3.3654032449703664e-08 -7.5341709551508211e+02
2 2.9296875000000000e-03 -3.3653122955001891e-08 -8.4833118307869881e-09
3 4.8828125000000000e-03 -3.3650394470896572e-08 -8.4828570834361017e-09
4 6.8359375000000000e-03 -3.3645846997387707e-08 -8.4814928413834423e-09
5 8.7890625000000000e-03 -3.3641754271229729e-08 -8.4803559730062261e-09
6 1.0742187500000000e-02 -3.3634478313615546e-08 -8.4785369836026803e-09
7 1.2695312500000000e-02 -3.3628111850703135e-08 -8.4769453678745776e-09
8 1.4648437500000000e-02 -3.3618107408983633e-08 -8.4744442574447021e-09
9 1.6601562500000000e-02 -3.3608102967264131e-08 -8.4719431470148265e-09
10 1.8554687500000000e-02 -3.3597189030842856e-08 -8.4692146629095078e-09
11 2.0507812500000000e-02 -3.3585365599719808e-08 -8.4662588051287457e-09
12 2.2460937500000000e-02 -3.3570813684491441e-08 -8.4626208263216540e-09
13 2.4414062500000000e-02 -3.3555807021912187e-08 -8.4587554738391191e-09
14 2.6367187500000000e-02 -3.3539890864631161e-08 -8.4548901213565841e-09
15 2.8320312500000000e-02 -3.3522155717946589e-08 -8.4501152741722763e-09
16 3.0273437500000000e-02 -3.3501692087156698e-08 -8.4455678006634116e-09
17 3.2226562500000000e-02 -3.3483047445770353e-08 -8.4405655798036605e-09
18 3.4179687500000000e-02 -3.3460764825576916e-08 -8.4351086115930229e-09
19 3.6132812500000000e-02 -3.3439391700085253e-08 -8.4296516433823854e-09
20 3.8085937500000000e-02 -3.3414835343137383e-08 -8.4232851804699749e-09
21 4.0039062500000000e-02 -3.3389369491487741e-08 -8.4171460912330076e-09
22 4.1992187500000000e-02 -3.3362539397785440e-08 -8.4103248809697106e-09
23 4.3945312500000000e-02 -3.3334799809381366e-08 -8.4035036707064137e-09
24 4.5898437500000000e-02 -3.3306605473626405e-08 -8.3962277130922303e-09
25 4.7851562500000000e-02 -3.3276137401117012e-08 -8.3884970081271604e-09
26 4.9804687500000000e-02 -3.3245214581256732e-08 -8.3809936768375337e-09
27 5.1757812500000000e-02 -3.3212927519343793e-08 -8.3728082245215774e-09
28 5.3710937500000000e-02 -3.3178821468027309e-08 -8.3643953985301778e-09
29 5.5664062500000000e-02 -3.3142896427307278e-08 -8.3550730778370053e-09
30 5.7617187500000000e-02 -3.3107426133938134e-08 -8.3462055044947192e-09
31 5.9570312500000000e-02 -3.3069682103814557e-08 -8.3366558101261035e-09
32 6.1523437500000000e-02 -3.3030119084287435e-08 -8.3271061157574877e-09
33 6.3476562500000000e-02 -3.2991010812111199e-08 -8.3171016740379855e-09
34 6.5429687500000000e-02 -3.2949174055829644e-08 -8.3064151112921536e-09
35 6.7382812500000000e-02 -3.2906427804846317e-08 -8.2959559222217649e-09
36 6.9335937500000000e-02 -3.2862317311810330e-08 -8.2843598647741601e-09
37 7.1289062500000000e-02 -3.2818206818774343e-08 -8.2739006757037714e-09
38 7.3242187500000000e-02 -3.2770458346931264e-08 -8.2618498709052801e-09
39 7.5195312500000000e-02 -3.2724074117140844e-08 -8.2497990661067888e-09
40 7.7148437500000000e-02 -3.2674961403245106e-08 -8.2377482613082975e-09
41 7.9101562500000000e-02 -3.2624939194647595e-08 -8.2250153354834765e-09
42 8.1054687500000000e-02 -3.2572643249295652e-08 -8.2122824096586555e-09
43 8.3007812500000000e-02 -3.2522166293347254e-08 -8.1990947364829481e-09
44 8.4960937500000000e-02 -3.2466687116539106e-08 -8.1856796896317974e-09
45 8.6914062500000000e-02 -3.2412572181783617e-08 -8.1715825217543170e-09
46 8.8867187500000000e-02 -3.2356183510273695e-08 -8.1577127275522798e-09
47 9.0820312500000000e-02 -3.2298885344062001e-08 -8.1433881859993562e-09
48 9.2773437500000000e-02 -3.2240677683148533e-08 -8.1288362707709894e-09
49 9.4726562500000000e-02 -3.2181105780182406e-08 -8.1136022345162928e-09
50 9.6679687500000000e-02 -3.2119714887812734e-08 -8.0985955719370395e-09
51 9.8632812500000000e-02 -3.2058323995443061e-08 -8.0829067883314565e-09
52 1.0058593750000000e-01 -3.1995114113669842e-08 -8.0669906310504302e-09
53 1.0253906250000000e-01 -3.1931449484545738e-08 -8.0510744737694040e-09
54 1.0449218750000000e-01 -3.1865056371316314e-08 -8.0340214481111616e-09
55 1.0644531250000000e-01 -3.1797753763385117e-08 -8.0174231698038056e-09
56 1.0839843750000000e-01 -3.1729086913401261e-08 -8.0003701441455632e-09
57 1.1035156250000000e-01 -3.1660420063417405e-08 -7.9830897448118776e-09
58 1.1230468750000000e-01 -3.1589479476679116e-08 -7.9653545981273055e-09
59 1.1425781250000000e-01 -3.1518084142589942e-08 -7.9471647040918469e-09
60 1.1621093750000000e-01 -3.1445324566448107e-08 -7.9292021837318316e-09
61 1.1816406250000000e-01 -3.1372110242955387e-08 -7.9105575423454866e-09
62 1.2011718750000000e-01 -3.1296167435357347e-08 -7.8914581536082551e-09
63 1.2207031250000000e-01 -3.1220224627759308e-08 -7.8723587648710236e-09
64 1.2402343750000000e-01 -3.1142462830757722e-08 -7.8530320024583489e-09
65 1.2597656250000000e-01 -3.1064701033756137e-08 -7.8334778663702309e-09
66 1.2792968750000000e-01 -3.0984210752649233e-08 -7.8132416092557833e-09
67 1.2988281250000000e-01 -3.0903265724191442e-08 -7.7930053521413356e-09
68 1.3183593750000000e-01 -3.0820956453680992e-08 -7.7720869740005583e-09
69 1.3378906250000000e-01 -3.0738192435819656e-08 -7.7516233432106674e-09
70 1.3574218750000000e-01 -3.0652699933853000e-08 -7.7300228440435603e-09
71 1.3769531250000000e-01 -3.0567662179237232e-08 -7.7086497185518965e-09
72 1.3964843750000000e-01 -3.0480805435217917e-08 -7.6865944720339030e-09
73 1.4160156250000000e-01 -3.0392584449145943e-08 -7.6647665991913527e-09
74 1.4355468750000000e-01 -3.0302999221021309e-08 -7.6422566053224728e-09
75 1.4550781250000000e-01 -3.0213413992896676e-08 -7.6197466114535928e-09
76 1.4746093750000000e-01 -3.0121555028017610e-08 -7.5967818702338263e-09
77 1.4941406250000000e-01 -3.0029241315787658e-08 -7.5735897553386167e-09
78 1.5136718750000000e-01 -2.9936472856206819e-08 -7.5501702667679638e-09
79 1.5332031250000000e-01 -2.9841430659871548e-08 -7.5262960308464244e-09
80 1.5527343750000000e-01 -2.9745024221483618e-08 -7.5024217949248850e-09
81 1.5722656250000000e-01 -2.9648617783095688e-08 -7.4778654379770160e-09
82 1.5917968750000000e-01 -2.9550847102655098e-08 -7.4533090810291469e-09
83 1.6113281250000000e-01 -2.9451257432810962e-08 -7.4282979767303914e-09
84 1.6308593750000000e-01 -2.9351667762966827e-08 -7.4037416197825223e-09
85 1.6503906250000000e-01 -2.9249804356368259e-08 -7.3782757681328803e-09
86 1.6699218750000000e-01 -2.9147486202418804e-08 -7.3521277954569086e-09
87 1.6894531250000000e-01 -2.9043349059065804e-08 -7.3262071964563802e-09
88 1.7089843750000000e-01 -2.8939211915712804e-08 -7.2998318501049653e-09
89 1.7285156250000000e-01 -2.8833255782956257e-08 -7.2734565037535504e-09
90 1.7480468750000000e-01 -2.8725935408147052e-08 -7.2461716627003625e-09
91 1.7675781250000000e-01 -2.8619069780688733e-08 -7.2193415689980611e-09
92 1.7871093750000000e-01 -2.8509475669125095e-08 -7.1920567279448733e-09
93 1.8066406250000000e-01 -2.8398972062859684e-08 -7.1643171395407990e-09
94 1.8261718750000000e-01 -2.8288013709243387e-08 -7.1365775511367247e-09
95 1.8457031250000000e-01 -2.8176145860925317e-08 -7.1083832153817639e-09
96 1.8652343750000000e-01 -2.8063368517905474e-08 -7.0799615059513599e-09
97 1.8847656250000000e-01 -2.7948772185482085e-08 -7.0515397965209559e-09
98 1.9042968750000000e-01 -2.7833266358356923e-08 -7.0224359660642222e-09
99 1.9238281250000000e-01 -2.7718215278582647e-08 -6.9931047619320452e-09
100 1.9433593750000000e-01 -2.7599526220001280e-08 -6.9637735577998683e-09
101 1.9628906250000000e-01 -2.7482201403472573e-08 -6.9342149799922481e-09
102 1.9824218750000000e-01 -2.7362148102838546e-08 -6.9039742811582983e-09
103 2.0019531250000000e-01 -2.7241640054853633e-08 -6.8735062086489052e-09
104 2.0214843750000000e-01 -2.7120677259517834e-08 -6.8432655098149553e-09
105 2.0410156250000000e-01 -2.6996985980076715e-08 -6.8123426899546757e-09
106 2.0605468750000000e-01 -2.6874204195337370e-08 -6.7811924964189529e-09
107 2.0800781250000000e-01 -2.6750058168545365e-08 -6.7502696765586734e-09
108 2.0996093750000000e-01 -2.6623183657648042e-08 -6.7184373619966209e-09
109 2.1191406250000000e-01 -2.6497673388803378e-08 -6.6872871684608981e-09
110 2.1386718750000000e-01 -2.6369889383204281e-08 -6.6550001065479591e-09
111 2.1582031250000000e-01 -2.6241650630254298e-08 -6.6227130446350202e-09
112 2.1777343750000000e-01 -2.6111592887900770e-08 -6.5901986090466380e-09
113 2.1972656250000000e-01 -2.5981535145547241e-08 -6.5574567997828126e-09
114 2.2167968750000000e-01 -2.5850567908491939e-08 -6.5244876168435439e-09
115 2.2363281250000000e-01 -2.5717326934682205e-08 -6.4910636865533888e-09
116 2.2558593750000000e-01 -2.5584995455574244e-08 -6.4578671299386770e-09
117 2.2753906250000000e-01 -2.5450390239711851e-08 -6.4239884522976354e-09
118 2.2949218750000000e-01 -2.5314420781796798e-08 -6.3898824009811506e-09
119 2.3144531250000000e-01 -2.5179360818583518e-08 -6.3560037233401090e-09
120 2.3339843750000000e-01 -2.5042027118615806e-08 -6.3216702983481809e-09
121 2.3535156250000000e-01 -2.4903329176595435e-08 -6.2871094996808097e-09
122 2.3730468750000000e-01 -2.4763721739873290e-08 -6.2514118326362222e-09
123 2.3925781250000000e-01 -2.4624114303151146e-08 -6.2163962866179645e-09
124 2.4121093750000000e-01 -2.4483597371727228e-08 -6.1809259932488203e-09
125 2.4316406250000000e-01 -2.4341716198250651e-08 -6.1456830735551193e-09
126 2.4511718750000000e-01 -2.4199380277423188e-08 -6.1099854065105319e-09
127 2.4707031250000000e-01 -2.4055680114543065e-08 -6.0740603657905012e-09
128 2.4902343750000000e-01 -2.3911070456961170e-08 -6.0374532040441409e-09
129 2.5097656250000000e-01 -2.3765551304677501e-08 -6.0013007896486670e-09
130 2.5292968750000000e-01 -2.3619577405042946e-08 -5.9644662542268634e-09
131 2.5488281250000000e-01 -2.3472239263355732e-08 -5.9276317188050598e-09
132 2.5683593750000000e-01 -2.3323536879615858e-08 -5.8903424360323697e-09
133 2.5878906250000000e-01 -2.3175289243226871e-08 -5.8525984059087932e-09
134 2.6074218750000000e-01 -2.3024767870083451e-08 -5.8153091231361032e-09
135 2.6269531250000000e-01 -2.2874701244290918e-08 -5.7773377193370834e-09
136 2.6464843750000000e-01 -2.2722360881743953e-08 -5.7393663155380636e-09
137 2.6660156250000000e-01 -2.2571384761249647e-08 -5.7013949117390439e-09
138 2.6855468750000000e-01 -2.2417225409299135e-08 -5.6625140132382512e-09
139 2.7050781250000000e-01 -2.2263520804699510e-08 -5.6240878620883450e-09
140 2.7246093750000000e-01 -2.2108451958047226e-08 -5.5849795899121091e-09
141 2.7441406250000000e-01 -2.1952928364044055e-08 -5.5463260650867596e-09
142 2.7636718750000000e-01 -2.1796495275339112e-08 -5.5065356718841940e-09
143 2.7832031250000000e-01 -2.1638697944581509e-08 -5.4672000260325149e-09
144 2.8027343750000000e-01 -2.1480900613823906e-08 -5.4274096328299493e-09
145 2.8222656250000000e-01 -2.1321284293662757e-08 -5.3873918659519404e-09
146 2.8417968750000000e-01 -2.1161667973501608e-08 -5.3473740990739316e-09
147 2.8613281250000000e-01 -2.1001142158638686e-08 -5.3073563321959227e-09
148 2.8808593750000000e-01 -2.0841071091126651e-08 -5.2666564442915842e-09
149 2.9003906250000000e-01 -2.0677816792158410e-08 -5.2259565563872457e-09
150 2.9199218750000000e-01 -2.0515017240541056e-08 -5.1848019211320207e-09
151 2.9394531250000000e-01 -2.0351762941572815e-08 -5.1441020332276821e-09
152 2.9589843750000000e-01 -2.0186234905850142e-08 -5.1024926506215706e-09
153 2.9785156250000000e-01 -2.0022525859531015e-08 -5.0611106416909024e-09
154 2.9980468750000000e-01 -1.9855633581755683e-08 -5.0197286327602342e-09
155 3.0175781250000000e-01 -1.9689650798682123e-08 -4.9778918764786795e-09
156 3.0371093750000000e-01 -1.9521394278854132e-08 -4.9356003728462383e-09
157 3.0566406250000000e-01 -1.9353592506377026e-08 -4.8933088692137972e-09
158 3.0761718750000000e-01 -1.9185790733899921e-08 -4.8512447392567992e-09
159 3.0957031250000000e-01 -1.9015715224668384e-08 -4.8084984882734716e-09
160 3.1152343750000000e-01 -1.8844730220735073e-08 -4.7657522372901440e-09
161 3.1347656250000000e-01 -1.8674654711503536e-08 -4.7232333599822596e-09
162 3.1542968750000000e-01 -1.8502760212868452e-08 -4.6800323616480455e-09
163 3.1738281250000000e-01 -1.8330410966882482e-08 -4.6363766159629449e-09
164 3.1933593750000000e-01 -1.8157152226194739e-08 -4.5931756176287308e-09
165 3.2128906250000000e-01 -1.7983438738156110e-08 -4.5492924982681870e-09
166 3.2324218750000000e-01 -1.7809270502766594e-08 -4.5058641262585297e-09
167 3.2519531250000000e-01 -1.7633738025324419e-08 -4.4617536332225427e-09
168 3.2714843750000000e-01 -1.7457750800531358e-08 -4.4176431401865557e-09
169 3.2910156250000000e-01 -1.7281763575738296e-08 -4.3733052734751254e-09
170 3.3105468750000000e-01 -1.7103957361541688e-08 -4.3287400330882519e-09
171 3.3300781250000000e-01 -1.6927515389397740e-08 -4.2844021663768217e-09
172 3.3496093750000000e-01 -1.6749254427850246e-08 -4.2398369259899482e-09
173 3.3691406250000000e-01 -1.6569629224250093e-08 -4.1945895645767450e-09
174 3.3886718750000000e-01 -1.6390458768000826e-08 -4.1495695768389851e-09
175 3.4082031250000000e-01 -1.6209924069698900e-08 -4.1043222154257819e-09
176 3.4277343750000000e-01 -1.6028934624046087e-08 -4.0588474803371355e-09
177 3.4472656250000000e-01 -1.5848399925744161e-08 -4.0133727452484891e-09
178 3.4667968750000000e-01 -1.5665591490687802e-08 -3.9676706364843994e-09
179 3.4863281250000000e-01 -1.5484147297684103e-08 -3.9217411540448666e-09
180 3.5058593750000000e-01 -1.5299974620575085e-08 -3.8760390452807769e-09
181 3.5253906250000000e-01 -1.5117166185518727e-08 -3.8298821891658008e-09
182 3.5449218750000000e-01 -1.4932993508409709e-08 -3.7834979593753815e-09
183 3.5644531250000000e-01 -1.4747911336598918e-08 -3.7373411032604054e-09
184 3.5839843750000000e-01 -1.4561919670086354e-08 -3.6902747524436563e-09
185 3.6035156250000000e-01 -1.4376837498275563e-08 -3.6438905226532370e-09
186 3.6230468750000000e-01 -1.4190391084412113e-08 -3.5972789191873744e-09
187 3.6425781250000000e-01 -1.4003035175846890e-08 -3.5504399420460686e-09
188 3.6621093750000000e-01 -1.3816134014632553e-08 -3.5033735912293196e-09
189 3.6816406250000000e-01 -1.3627413864014670e-08 -3.4560798667371273e-09
190 3.7011718750000000e-01 -1.3439148460747674e-08 -3.4087861422449350e-09
191 3.7207031250000000e-01 -1.3250428310129791e-08 -3.3614924177527428e-09
192 3.7402343750000000e-01 -1.3060798664810136e-08 -3.3135165722342208e-09
193 3.7597656250000000e-01 -1.2870714272139594e-08 -3.2662228477420285e-09
194 3.7792968750000000e-01 -1.2680175132118165e-08 -3.2180196285480633e-09
195 3.7988281250000000e-01 -1.2489181244745851e-08 -3.1702711567049846e-09
196 3.8183593750000000e-01 -1.2298187357373536e-08 -3.1220679375110194e-09
197 3.8378906250000000e-01 -1.2105374480597675e-08 -3.0740920919924974e-09
198 3.8574218750000000e-01 -1.1913925845874473e-08 -3.0256614991230890e-09
199 3.8769531250000000e-01 -1.1721112969098613e-08 -2.9774582799291238e-09
200 3.8964843750000000e-01 -1.1527845344971865e-08 -2.9290276870597154e-09
201 3.9160156250000000e-01 -1.1334122973494232e-08 -2.8803697205148637e-09
202 3.9355468750000000e-01 -1.1140400602016598e-08 -2.8314843802945688e-09
203 3.9550781250000000e-01 -1.0945313988486305e-08 -2.7825990400742739e-09
204 3.9746093750000000e-01 -1.0751136869657785e-08 -2.7337136998539791e-09
205 3.9941406250000000e-01 -1.0555595508776605e-08 -2.6848283596336842e-09
206 4.0136718750000000e-01 -1.0359599400544539e-08 -2.6354882720625028e-09
207 4.0332031250000000e-01 -1.0164058039663360e-08 -2.5866029318422079e-09
208 4.0527343750000000e-01 -9.9671524367295206e-09 -2.5370354705955833e-09
209 4.0722656250000000e-01 -9.7711563284974545e-09 -2.4879227566998452e-09
210 4.0917968750000000e-01 -9.5728864835109562e-09 -2.4381279217777774e-09
211 4.1113281250000000e-01 -9.3759808805771172e-09 -2.3885604605311528e-09
212 4.1308593750000000e-01 -9.1781657829415053e-09 -2.3389929992845282e-09
213 4.1503906250000000e-01 -8.9798959379550070e-09 -2.2894255380379036e-09
214 4.1699218750000000e-01 -8.7816260929685086e-09 -2.2394033294403926e-09
215 4.1894531250000000e-01 -8.5829015006311238e-09 -2.1896084945183247e-09
216 4.2089843750000000e-01 -8.3832674135919660e-09 -2.1393589122453704e-09
217 4.2285156250000000e-01 -8.1831785792019218e-09 -2.0893367036478594e-09
218 4.2480468750000000e-01 -7.9844539868645370e-09 -2.0393144950503483e-09
219 4.2675781250000000e-01 -7.7834556577727199e-09 -1.9888375391019508e-09
220 4.2871093750000000e-01 -7.5833668233826756e-09 -1.9388153305044398e-09
221 4.3066406250000000e-01 -7.3832779889926314e-09 -1.8883383745560423e-09
222 4.3261718750000000e-01 -7.1813701651990414e-09 -1.8378614186076447e-09
223 4.3457031250000000e-01 -6.9812813308089972e-09 -1.7876118363346905e-09
224 4.3652343750000000e-01 -6.7789187596645206e-09 -1.7369075067108497e-09
225 4.3847656250000000e-01 -6.5774656832218170e-09 -1.6859758034115657e-09
226 4.4042968750000000e-01 -6.3755578594282269e-09 -1.6352714737877250e-09
227 4.4238281250000000e-01 -6.1736500356346369e-09 -1.5847945178393275e-09
228 4.4433593750000000e-01 -5.9712874644901603e-09 -1.5338628145400435e-09
229 4.4628906250000000e-01 -5.7689248933456838e-09 -1.4831584849162027e-09
230 4.4824218750000000e-01 -5.5661075748503208e-09 -1.4322267816169187e-09
231 4.5019531250000000e-01 -5.3628355090040714e-09 -1.3810677046421915e-09
232 4.5214843750000000e-01 -5.1600181905087084e-09 -1.3301360013429075e-09
233 4.5410156250000000e-01 -4.9562913773115724e-09 -1.2792042980436236e-09
234 4.5605468750000000e-01 -4.7521098167635500e-09 -1.2280452210688964e-09
235 4.5800781250000000e-01 -4.5488377509173006e-09 -1.1768861440941691e-09
236 4.5996093750000000e-01 -4.3446561903692782e-09 -1.1254996934439987e-09
237 4.6191406250000000e-01 -4.1404746298212558e-09 -1.0743406164692715e-09
238 4.6386718750000000e-01 -3.9369751902995631e-09 -1.0232952263322659e-09
239 4.6582031250000000e-01 -3.7318841350497678e-09 -9.7179508884437382e-10
240 4.6777343750000000e-01 -3.5279299481771886e-09 -9.2029495135648176e-10
241 4.6972656250000000e-01 -3.3232936402782798e-09 -8.6924956121947616e-10
242 4.7167968750000000e-01 -3.1184299587039277e-09 -8.1752205005614087e-10
243 4.7363281250000000e-01 -2.9137936508050188e-09 -7.6636297308141366e-10
244 4.7558593750000000e-01 -2.7080204745288938e-09 -7.1463546191807836e-10
245 4.7753906250000000e-01 -2.5033841666299850e-09 -6.6336269810562953e-10
246 4.7949218750000000e-01 -2.2985204850556329e-09 -6.1186256061773747e-10
247 4.8144531250000000e-01 -2.0929746824549511e-09 -5.6024873629212379e-10
248 4.8339843750000000e-01 -1.8869741325033829e-09 -5.0852122512878850e-10
249 4.8535156250000000e-01 -1.6816557035781443e-09 -4.5713477447861806e-10
250 4.8730468750000000e-01 -1.4770193956792355e-09 -4.0552095015300438e-10
251 4.8925781250000000e-01 -1.2707914720522240e-09 -3.5402081266511232e-10
252 4.9121093750000000e-01 -1.0657004168024287e-09 -3.0240698833949864e-10
253 4.9316406250000000e-01 -8.6015461420174688e-10 -2.5067947717616335e-10
254 4.9511718750000000e-01 -6.5438143792562187e-10 -1.9929302652599290e-10
255 4.9707031250000000e-01 -4.4883563532494009e-10 -1.4756551536265761e-10
256 4.9902343750000000e-01 -2.4351720639970154e-10 -9.5951691037043929e-11
257 5.0097656250000000e-01 -3.7744030123576522e-11 -4.4337866711430252e-11
258 5.0292968750000000e-01 1.6802914615254849e-10 7.5033312896266580e-12
259 5.0488281250000000e-01 3.7402969610411674e-10 5.9003468777518719e-11
260 5.0683593750000000e-01 5.7934812502935529e-10 1.1061729310313240e-10
261 5.0878906250000000e-01 7.8489392763003707e-10 1.6223111742874607e-10
262 5.1074218750000000e-01 9.9066710390616208e-10 2.1384494175435975e-10
263 5.1269531250000000e-01 1.1959855328314006e-09 2.6534507924225181e-10
264 5.1464843750000000e-01 1.4017587091075256e-09 3.1695890356786549e-10
265 5.1660156250000000e-01 1.6070771380327642e-09 3.6857272789347917e-10
266 5.1855468750000000e-01 1.8119408196071163e-09 4.2007286538137123e-10
267 5.2050781250000000e-01 2.0172592485323548e-09 4.7157300286926329e-10
268 5.2246093750000000e-01 2.2228050511330366e-09 5.2318682719487697e-10
269 5.2441406250000000e-01 2.4276687327073887e-09 5.7457327784504741e-10
270 5.2636718750000000e-01 2.6325324142817408e-09 6.2595972849521786e-10
271 5.2832031250000000e-01 2.8373960958560929e-09 6.7745986598310992e-10
272 5.3027343750000000e-01 3.0422597774304450e-09 7.2907369030872360e-10
273 5.3222656250000000e-01 3.2471234590047970e-09 7.8023276728345081e-10
274 5.3417968750000000e-01 3.4513050195528194e-09 8.3161921793362126e-10
275 5.3613281250000000e-01 3.6557139537762851e-09 8.8289198174607009e-10
276 5.3808593750000000e-01 3.8603502616751939e-09 9.3427843239624053e-10
277 5.4003906250000000e-01 4.0647591958986595e-09 9.8543750937096775e-10
278 5.4199218750000000e-01 4.2678038880694658e-09 1.0364828995079733e-09
279 5.4394531250000000e-01 4.4717580749420449e-09 1.0877556633204222e-09
280 5.4589843750000000e-01 4.6754848881391808e-09 1.1389147402951494e-09
281 5.4785156250000000e-01 4.8785295803099871e-09 1.1897327567567118e-09
282 5.4980468750000000e-01 5.0822563935071230e-09 1.2411192074068822e-09
283 5.5175781250000000e-01 5.2855284593533725e-09 1.2920509107061662e-09
284 5.5371093750000000e-01 5.4878910304978490e-09 1.3428689271677285e-09
285 5.5566406250000000e-01 5.6907083489932120e-09 1.3938006304670125e-09
286 5.5761718750000000e-01 5.8930709201376885e-09 1.4445049600908533e-09
287 5.5957031250000000e-01 6.0949787439312786e-09 1.4952092897146940e-09
288 5.6152343750000000e-01 6.2971139414003119e-09 1.5459136193385348e-09
289 5.6347656250000000e-01 6.4983396441675723e-09 1.5966179489623755e-09
290 5.6542968750000000e-01 6.7007022153120488e-09 1.6473222785862163e-09
291 5.6738281250000000e-01 6.9010184233775362e-09 1.6976855476968922e-09
292 5.6933593750000000e-01 7.1022441261447966e-09 1.7480488168075681e-09
293 5.7128906250000000e-01 7.3030150815611705e-09 1.7985257727559656e-09
294 5.7324218750000000e-01 7.5035586633021012e-09 1.8488890418666415e-09
295 5.7519531250000000e-01 7.7034201240167022e-09 1.8990249373018742e-09
296 5.7714843750000000e-01 7.9035089584067464e-09 1.9491608327371068e-09
297 5.7910156250000000e-01 8.1022335507441312e-09 1.9991830413346179e-09
298 5.8105468750000000e-01 8.3016402641078457e-09 2.0493189367698506e-09
299 5.8300781250000000e-01 8.5008196037961170e-09 2.0993411453673616e-09
300 5.8496093750000000e-01 8.6988620751071721e-09 2.1489086066139862e-09
301 5.8691406250000000e-01 8.8975866674445570e-09 2.1987034415360540e-09
302 5.8886718750000000e-01 9.0951743914047256e-09 2.2483845896204002e-09
303 5.9082031250000000e-01 9.2927621153648943e-09 2.2979520508670248e-09
304 5.9277343750000000e-01 9.4894403446232900e-09 2.3474058252759278e-09
305 5.9472656250000000e-01 9.6865733212325722e-09 2.3968595996848308e-09
306 5.9667968750000000e-01 9.8827968031400815e-09 2.4461996872560121e-09
307 5.9863281250000000e-01 1.0079020285047591e-08 2.4956534616649151e-09
308 6.0058593750000000e-01 1.0274561645928770e-08 2.5445388018852100e-09
309 6.0253906250000000e-01 1.0470103006809950e-08 2.5935378289432265e-09
310 6.0449218750000000e-01 1.0664734872989357e-08 2.6423094823257998e-09
311 6.0644531250000000e-01 1.0859139365493320e-08 2.6913085093838163e-09
312 6.0839843750000000e-01 1.1053543857997283e-08 2.7399664759286679e-09
313 6.1035156250000000e-01 1.1247266229474917e-08 2.7885107556357980e-09
314 6.1230468750000000e-01 1.1440079106250778e-08 2.8371687221806496e-09
315 6.1425781250000000e-01 1.1632891983026639e-08 2.8855993150500581e-09
316 6.1621093750000000e-01 1.1825250112451613e-08 2.9338025342440233e-09
317 6.1816406250000000e-01 1.2016926120850258e-08 2.9818920666002668e-09
318 6.2011718750000000e-01 1.2208602129248902e-08 3.0299815989565104e-09
319 6.2207031250000000e-01 1.2399368642945774e-08 3.0778437576373108e-09
320 6.2402343750000000e-01 1.2590135156642646e-08 3.1258196031558327e-09
321 6.2597656250000000e-01 1.2779992175637744e-08 3.1734543881611899e-09
322 6.2792968750000000e-01 1.2969394447281957e-08 3.2210891731665470e-09
323 6.2988281250000000e-01 1.3158569345250726e-08 3.2684965844964609e-09
324 6.3183593750000000e-01 1.3346834748517722e-08 3.3159039958263747e-09
325 6.3378906250000000e-01 1.3534645404433832e-08 3.3629703466431238e-09
326 6.3574218750000000e-01 1.3722456060349941e-08 3.4100366974598728e-09
327 6.3769531250000000e-01 1.3909357221564278e-08 3.4569893614389002e-09
328 6.3964843750000000e-01 1.4096031009103172e-08 3.5038283385802060e-09
329 6.4160156250000000e-01 1.4281795301940292e-08 3.5504399420460686e-09
330 6.4355468750000000e-01 1.4467104847426526e-08 3.5969378586742096e-09
331 6.4550781250000000e-01 1.4651732271886431e-08 3.6433220884646289e-09
332 6.4746093750000000e-01 1.4836359696346335e-08 3.6897063182550482e-09
333 6.4941406250000000e-01 1.5019509191915859e-08 3.7356358006945811e-09
334 6.5136718750000000e-01 1.5203113434836268e-08 3.7817926568095572e-09
335 6.5332031250000000e-01 1.5385239748866297e-08 3.8276084524113685e-09
336 6.5527343750000000e-01 1.5567252376058605e-08 3.8731968743377365e-09
337 6.5722656250000000e-01 1.5748810255900025e-08 3.9187284528452437e-09
338 6.5917968750000000e-01 1.5929458641039673e-08 3.9641463445150293e-09
339 6.6113281250000000e-01 1.6109538591990713e-08 4.0093937059282325e-09
340 6.6308593750000000e-01 1.6288822735077702e-08 4.0543000068282709e-09
341 6.6503906250000000e-01 1.6467993191326968e-08 4.0993768379848916e-09
342 6.6699218750000000e-01 1.6646254152874462e-08 4.1441126086283475e-09
343 6.6894531250000000e-01 1.6824060367071070e-08 4.1887346924340818e-09
344 6.7089843750000000e-01 1.7000957086565904e-08 4.2331294025643729e-09
345 6.7285156250000000e-01 1.7177512745547574e-08 4.2774104258569423e-09
346 6.7480468750000000e-01 1.7353158909827471e-08 4.3215777623117901e-09
347 6.7675781250000000e-01 1.7528236639918759e-08 4.3655177250911947e-09
348 6.7871093750000000e-01 1.7702745935821440e-08 4.4093440010328777e-09
349 6.8066406250000000e-01 1.7876004676509183e-08 4.4528292164613958e-09
350 6.8261718750000000e-01 1.8049604477710091e-08 4.4964281187276356e-09
351 6.8457031250000000e-01 1.8221726350020617e-08 4.5396291170618497e-09
352 6.8652343750000000e-01 1.8393734535493422e-08 4.5828301153960638e-09
353 6.8847656250000000e-01 1.8564492165751290e-08 4.6256332097982522e-09
354 6.9042968750000000e-01 1.8734795048658270e-08 4.6683794607815798e-09
355 6.9238281250000000e-01 1.8904302123701200e-08 4.7108983380894642e-09
356 6.9433593750000000e-01 1.9073354451393243e-08 4.7533603719784878e-09
357 6.9628906250000000e-01 1.9241156223870348e-08 4.7955381887732074e-09
358 6.9824218750000000e-01 1.9408616935834289e-08 4.8376023187302053e-09
359 7.0019531250000000e-01 1.9575395526771899e-08 4.8793822315928992e-09
360 7.0214843750000000e-01 1.9741037249332294e-08 4.9210484576178715e-09
361 7.0410156250000000e-01 1.9906451598217245e-08 4.9626009968051221e-09
362 7.0605468750000000e-01 2.0070615391887259e-08 5.0037556320603471e-09
363 7.0800781250000000e-01 2.0234892872394994e-08 5.0449671107344329e-09
364 7.0996093750000000e-01 2.0397351363499183e-08 5.0858375288953539e-09
365 7.1191406250000000e-01 2.0559582480927929e-08 5.1265374167996924e-09
366 7.1386718750000000e-01 2.0720676729979459e-08 5.1669530876097269e-09
367 7.1582031250000000e-01 2.0881543605355546e-08 5.2073119150009006e-09
368 7.1777343750000000e-01 2.1041387299192138e-08 5.2474433687166311e-09
369 7.1972656250000000e-01 2.1199980437813792e-08 5.2872337619191967e-09
370 7.2167968750000000e-01 2.1358459889597725e-08 5.3270241551217623e-09
371 7.2363281250000000e-01 2.1515461412491277e-08 5.3664734878111631e-09
372 7.2558593750000000e-01 2.1672235561709385e-08 5.4058091336628422e-09
373 7.2753906250000000e-01 2.1827645468874834e-08 5.4448605624202173e-09
374 7.2949218750000000e-01 2.1982828002364840e-08 5.4837983043398708e-09
375 7.3144531250000000e-01 2.2136646293802187e-08 5.5224518291652203e-09
376 7.3339843750000000e-01 2.2290237211564090e-08 5.5609348237339873e-09
377 7.3535156250000000e-01 2.2442236513597891e-08 5.5991904446273111e-09
378 7.3730468750000000e-01 2.2594008441956248e-08 5.6372186918451916e-09
379 7.3925781250000000e-01 2.2744529815099668e-08 5.6750195653876290e-09
380 7.4121093750000000e-01 2.2894369067216758e-08 5.7126499086734839e-09
381 7.4316406250000000e-01 2.3043526198307518e-08 5.7500528782838956e-09
382 7.4511718750000000e-01 2.3191319087345619e-08 5.7871716308000032e-09
383 7.4707031250000000e-01 2.3338657229032833e-08 5.8242335398972500e-09
384 7.4902343750000000e-01 2.3484744815505110e-08 5.8608975450624712e-09
385 7.5097656250000000e-01 2.3630263967788778e-08 5.8973910199711099e-09
386 7.5292968750000000e-01 2.3774759938532952e-08 5.9336571212043054e-09
387 7.5488281250000000e-01 2.3918460101413075e-08 5.9697526921809185e-09
388 7.5683593750000000e-01 2.4061193926172564e-08 6.0055924677726580e-09
389 7.5878906250000000e-01 2.4202904569392558e-08 6.0411480262700934e-09
390 7.6074218750000000e-01 2.4343762561329640e-08 6.0765046328015160e-09
391 7.6269531250000000e-01 2.4483597371727228e-08 6.1116622873669257e-09
392 7.6464843750000000e-01 2.4622863747936208e-08 6.1465641465474619e-09
393 7.6660156250000000e-01 2.4760822725511389e-08 6.1811817886336939e-09
394 7.6855468750000000e-01 2.4898156425479101e-08 6.2156573221727740e-09
395 7.7050781250000000e-01 2.5034182726813015e-08 6.2498770603269804e-09
396 7.7246093750000000e-01 2.5169640593958320e-08 6.2838410030963132e-09
397 7.7441406250000000e-01 2.5303734219050966e-08 6.3175207287713420e-09
398 7.7636718750000000e-01 2.5437429940211587e-08 6.3510583458992187e-09
399 7.7832031250000000e-01 2.5569590889062965e-08 6.3842264808045002e-09
400 7.8027343750000000e-01 2.5701126560306875e-08 6.4173093505814904e-09
401 7.8222656250000000e-01 2.5831411676335847e-08 6.4499658947170246e-09
402 7.8417968750000000e-01 2.5960957827919628e-08 6.4825087520148372e-09
403 7.8613281250000000e-01 2.6089423954545055e-08 6.5147673922183458e-09
404 7.8808593750000000e-01 2.6216923743049847e-08 6.5467418153275503e-09
405 7.9003906250000000e-01 2.6343627723690588e-08 6.5785457081801724e-09
406 7.9199218750000000e-01 2.6468796932022087e-08 6.6099801188101992e-09
407 7.9394531250000000e-01 2.6593625079840422e-08 6.6413292643119348e-09
408 7.9589843750000000e-01 2.6716861611930653e-08 6.6722520841722144e-09
409 7.9785156250000000e-01 2.6839700240088860e-08 6.7030896389042027e-09
410 7.9980468750000000e-01 2.6960890409100102e-08 6.7335008679947350e-09
411 8.0175781250000000e-01 2.7081512143922737e-08 6.7637984102475457e-09
412 8.0371093750000000e-01 2.7200997010368155e-08 6.7938117354060523e-09
413 8.0566406250000000e-01 2.7319174478179775e-08 6.8234840000513941e-09
414 8.0761718750000000e-01 2.7436840355221648e-08 6.8530141561495839e-09
415 8.0957031250000000e-01 2.7552971459954279e-08 6.8821464083157480e-09
416 8.1152343750000000e-01 2.7668363600241719e-08 6.9111081302253297e-09
417 8.1347656250000000e-01 2.7782562028733082e-08 6.9397856350406073e-09
418 8.1542968750000000e-01 2.7895850962522672e-08 6.9682357661804417e-09
419 8.1738281250000000e-01 2.8007832497678464e-08 6.9963732585165417e-09
420 8.1933593750000000e-01 2.8119075068389066e-08 7.0242549554677680e-09
421 8.2128906250000000e-01 2.8228953397047007e-08 7.0518524353246903e-09
422 8.2324218750000000e-01 2.8337979074422037e-08 7.0791941197967390e-09
423 8.2519531250000000e-01 2.8445811040000990e-08 7.1062800088839140e-09
424 8.2714843750000000e-01 2.8552619824040448e-08 7.1331385242956458e-09
425 8.2910156250000000e-01 2.8658348583121551e-08 7.1596559791942127e-09
426 8.3105468750000000e-01 2.8762968895534868e-08 7.1859318495626212e-09
427 8.3300781250000000e-01 2.8866566026408691e-08 7.2119377136914409e-09
428 8.3496093750000000e-01 2.8968969445486437e-08 7.2376593607259565e-09
429 8.3691406250000000e-01 2.9070434948152979e-08 7.2631110015208833e-09
430 8.3886718750000000e-01 2.9170536208766862e-08 7.2882357926573604e-09
431 8.4082031250000000e-01 2.9269813239807263e-08 7.3131758426825400e-09
432 8.4277343750000000e-01 2.9367782872213866e-08 7.3377748321945546e-09
433 8.4472656250000000e-01 2.9464644057952682e-08 7.3620611829028348e-09
434 8.4667968750000000e-01 2.9560624170699157e-08 7.3861770033545326e-09
435 8.4863281250000000e-01 2.9655211619683541e-08 7.4099091307289200e-09
436 8.5058593750000000e-01 2.9748917995675583e-08 7.4334565169920097e-09
437 8.5253906250000000e-01 2.9841260129614966e-08 7.4566202101777890e-09
438 8.5449218750000000e-01 2.9932692768852576e-08 7.4795991622522706e-09
439 8.5644531250000000e-01 3.0022818009456387e-08 7.5022228429588722e-09
440 8.5839843750000000e-01 3.0111891646811273e-08 7.5245765174258850e-09
441 8.6035156250000000e-01 3.0199799994079513e-08 7.5466175530891633e-09
442 8.6230468750000000e-01 3.0286656738098827e-08 7.5684170042222831e-09
443 8.6425781250000000e-01 3.0372234505193774e-08 7.5899180274063838e-09
444 8.6621093750000000e-01 3.0456646982202074e-08 7.6111064117867500e-09
445 8.6816406250000000e-01 3.0540149964508601e-08 7.6320816333463881e-09
446 8.7011718750000000e-01 3.0622175017924746e-08 7.6526731618287158e-09
447 8.7207031250000000e-01 3.0703318998348550e-08 7.6730373166356003e-09
448 8.7402343750000000e-01 3.0783041893300833e-08 7.6930604109293199e-09
449 8.7597656250000000e-01 3.0861883715260774e-08 7.7128561315475963e-09
450 8.7792968750000000e-01 3.0939276030039764e-08 7.7322681590885622e-09
451 8.7988281250000000e-01 3.1015702006698120e-08 7.7514670238088001e-09
452 8.8183593750000000e-01 3.1090849006432109e-08 7.7703248280158732e-09
453 8.8378906250000000e-01 3.1164972824626602e-08 7.7889339422654302e-09
454 8.8574218750000000e-01 3.1237661346494860e-08 7.8071877851471072e-09
455 8.8769531250000000e-01 3.1309326686823624e-08 7.8251787272165529e-09
456 8.8964843750000000e-01 3.1379840947920457e-08 7.8428854521916946e-09
457 8.9160156250000000e-01 3.1449076232092921e-08 7.8602511166536715e-09
458 8.9355468750000000e-01 3.1517245702161745e-08 7.8773751965854899e-09
459 8.9550781250000000e-01 3.1584065141032625e-08 7.8941440051494283e-09
460 8.9746093750000000e-01 3.1649776133235719e-08 7.9106499129011354e-09
461 8.9941406250000000e-01 3.1714293413642736e-08 7.9268502872764657e-09
462 9.0136718750000000e-01 3.1777631193108391e-08 7.9427380228480615e-09
463 9.0332031250000000e-01 3.1839704206504393e-08 7.9583202250432805e-09
464 9.0527343750000000e-01 3.1900682984087325e-08 7.9736324209989107e-09
465 9.0722656250000000e-01 3.1960269097908167e-08 7.9885893455866608e-09
466 9.0917968750000000e-01 3.2018817819334799e-08 8.0032904747895373e-09
467 9.1113281250000000e-01 3.2076059142127633e-08 8.0176576489066065e-09
468 9.1308593750000000e-01 3.2132106753124390e-08 8.0317335005020141e-09
469 9.1503906250000000e-01 3.2187017495743930e-08 8.0455038187210448e-09
470 9.1699218750000000e-01 3.2240599523447599e-08 8.0589614981363411e-09
471 9.1894531250000000e-01 3.2293016261064622e-08 8.0721243023162970e-09
472 9.2089843750000000e-01 3.2344217970603495e-08 8.0849780204061972e-09
473 9.2285156250000000e-01 3.2394176230354788e-08 8.0975226524060417e-09
474 9.2480468750000000e-01 3.2442905251173215e-08 8.1097546456021519e-09
475 9.2675781250000000e-01 3.2490447665622924e-08 8.1216882108492428e-09
476 9.2871093750000000e-01 3.2536711103148264e-08 8.1333020318652416e-09
477 9.3066406250000000e-01 3.2581759512595454e-08 8.1446138722185424e-09
478 9.3261718750000000e-01 3.2625628421101283e-08 8.1556272846228239e-09
479 9.3457031250000000e-01 3.2668147298409167e-08 8.1662996365139406e-09
480 9.3652343750000000e-01 3.2709586150758696e-08 8.1766984294517897e-09
481 9.3847656250000000e-01 3.2749632339346135e-08 8.1867561618764739e-09
482 9.4042968750000000e-01 3.2788534554129001e-08 8.1965225717794965e-09
483 9.4238281250000000e-01 3.2826182660983250e-08 8.2059727901651058e-09
484 9.4433593750000000e-01 3.2862558896340488e-08 8.2151050406764625e-09
485 9.4628906250000000e-01 3.2897780499752116e-08 8.2239477450229970e-09
486 9.4824218750000000e-01 3.2931609439401655e-08 8.2324405070721696e-09
487 9.5019531250000000e-01 3.2964315721528692e-08 8.2406508283838775e-09
488 9.5214843750000000e-01 3.2995725263162967e-08 8.2485360763939752e-09
489 9.5410156250000000e-01 3.3025958856569559e-08 8.2561282255255719e-09
490 9.5605468750000000e-01 3.3054792680786704e-08 8.2633651032892885e-09
491 9.5800781250000000e-01 3.3082525163763421e-08 8.2703266457428981e-09
492 9.5996093750000000e-01 3.3108921826396909e-08 8.2769542331107004e-09
493 9.6191406250000000e-01 3.3134099908238568e-08 8.2832753989237062e-09
494 9.6386718750000000e-01 3.3158034540292647e-08 8.2892839259329776e-09
495 9.6582031250000000e-01 3.3180709735347591e-08 8.2949753732464160e-09
496 9.6777343750000000e-01 3.3202091742623452e-08 8.3003444117935032e-09
497 9.6972656250000000e-01 3.3222255169107484e-08 8.3054052524289546e-09
498 9.7167968750000000e-01 3.3241168040376579e-08 8.3101534542606714e-09
499 9.7363281250000000e-01 3.3258800158364465e-08 8.3145796914152470e-09
500 9.7558593750000000e-01 3.3275194155635290e-08 8.3186959543013472e-09
501 9.7753906250000000e-01 3.3290310952338587e-08 8.3224902525103062e-09
502 9.7949218750000000e-01 3.3304208724160844e-08 8.3259796834767030e-09
503 9.8144531250000000e-01 3.3316744474376492e-08 8.3291267216623055e-09
504 9.8339843750000000e-01 3.3328201975990623e-08 8.3320030874745044e-09
505 9.8535156250000000e-01 3.3338204641353286e-08 8.3345140788892991e-09
506 9.8730468750000000e-01 3.3347065997446634e-08 8.3367386327637405e-09
507 9.8925781250000000e-01 3.3354667028362428e-08 8.3386467730761638e-09
508 9.9121093750000000e-01 3.3360896933842810e-08 8.3402109107844069e-09
509 9.9316406250000000e-01 3.3366035601112287e-08 8.3415008511611433e-09
510 9.9511718750000000e-01 3.3369751961664917e-08 8.3424338687132504e-09
511 9.9707031250000000e-01 3.3372296398548329e-08 8.3430726216526807e-09
512 9.9902343750000000e-01 3.3373563780580984e-08 -4.1717231175596170e-09
