# P x u_num u_exact u_err v_num v_exact v_err psi_num psi_exact psi_err
1 3.9062500000000000e-03 1.2148574849531009e-02 1.2149434439623564e-02 -8.5959009255530405e-07 1.2146853778831460e-02 1.2149434439623564e-02 -2.5806607921036173e-06 2.4295428628362467e-02 2.4298868879247128e-02 -3.4402508846606561e-06
2 1.1718750000000000e-02 3.6440235556536332e-02 3.6440984953860875e-02 -7.4939732454260000e-07 3.6438734460677177e-02 3.6440984953860875e-02 -2.2504931836975217e-06 7.2878970017213510e-02 7.2881969907721750e-02 -2.9998905082401217e-06
3 1.9531250000000000e-02 6.0709944270379956e-02 6.0710584781378182e-02 -6.4051099822604041e-07 6.0708659459661897e-02 6.0710584781378182e-02 -1.9253217162853997e-06 1.2141860373004185e-01 1.2142116956275636e-01 -2.5658327145183790e-06
4 2.7343750000000000e-02 8.4943080930198409e-02 8.4943614822738170e-02 -5.3389253976132700e-07 8.4942007845016876e-02 8.4943614822738170e-02 -1.6069777212940339e-06 1.6988508877521530e-01 1.6988722964547634e-01 -2.1408702610414831e-06
5 3.5156250000000000e-02 1.0912504758967279e-01 1.0912547800677527e-01 -4.3041710248714615e-07 1.0912417994654659e-01 1.0912547800677527e-01 -1.2980602286799536e-06 2.1824922753621939e-01 2.1825095601355055e-01 -1.7284773311532220e-06
6 4.2968750000000000e-02 1.3324127723703533e-01 1.3324160808332552e-01 -3.3084629019741740e-07 1.3324060723079362e-01 1.3324160808332552e-01 -1.0008525319071815e-06 2.6648188446782894e-01 2.6648321616665105e-01 -1.3316988221045989e-06
7 5.0781250000000000e-02 1.5727724258993936e-01 1.5727747839739104e-01 -2.3580745167617323e-07 1.5727676116165501e-01 1.5727747839739104e-01 -7.1723573602522350e-07 3.1455400375159437e-01 3.1455495679478207e-01 -9.5304318770139673e-07
8 5.8593750000000000e-02 1.8121846485899284e-01 1.8121861063945366e-01 -1.4578046081403784e-07 1.8121816199087964e-01 1.8121861063945366e-01 -4.4864857401405445e-07 3.6243662684987249e-01 3.6243722127890732e-01 -5.9442903482809228e-07
9 6.6406250000000000e-02 2.0505052247435840e-01 2.0505058356666739e-01 -6.1092308989429966e-08 2.0505038749553992e-01 2.0505058356666739e-01 -1.9607112747288546e-07 4.1010090996989834e-01 4.1010116713333478e-01 -2.5716343643455986e-07
10 7.4218750000000000e-02 2.2875905977041192e-01 2.2875904168967570e-01 1.8080736213788029e-08 2.2875908165838640e-01 2.2875904168967570e-01 3.9968710702220633e-08 4.5751814142879832e-01 4.5751808337935140e-01 5.8049446916008662e-08
11 8.2031250000000000e-02 2.5232979562398894e-01 2.5232970391982174e-01 9.1704167204387232e-08 2.5232996328813140e-01 2.5232970391982174e-01 2.5936830966299951e-07 5.0465975891212034e-01 5.0465940783964347e-01 3.5107247686738674e-07
12 8.9843750000000000e-02 2.7574853204217920e-01 2.7574837217154174e-01 1.5987063745059871e-07 2.7574883457804095e-01 2.7574837217154174e-01 4.6240649920203936e-07 5.5149736662022009e-01 5.5149674434308349e-01 6.2227713659712691e-07
13 9.7656250000000000e-02 2.9900116269592097e-01 2.9900093991476145e-01 2.2278115952012456e-07 2.9900158960197137e-01 2.9900093991476145e-01 6.4968720991931406e-07 5.9800275229789235e-01 5.9800187982952291e-01 8.7246836943943862e-07
14 1.0546875000000000e-01 3.2207368139582443e-01 3.2207340067214174e-01 2.8072368268849957e-07 3.2207422274730080e-01 3.2207340067214174e-01 8.2207515905707851e-07 6.4414790414312528e-01 6.4414680134428348e-01 1.1027988418010892e-06
15 1.1328125000000000e-01 3.4495219050665371e-01 3.4495185645605725e-01 3.3405059646218760e-07 3.4495283708446178e-01 3.4495185645605725e-01 9.8062840453438938e-07 6.8990502759111549e-01 6.8990371291211450e-01 1.3146790009965770e-06
16 1.2109375000000000e-01 3.6762290929680513e-01 3.6762252614022439e-01 3.8315658074106196e-07 3.6762365267203406e-01 3.6762252614022439e-01 1.1265318096698174e-06 7.3524656196883920e-01 7.3524505228044879e-01 1.5096883904108793e-06
17 1.2890625000000000e-01 3.9007218221893797e-01 3.9007175376093622e-01 4.2845800174440285e-07 3.9007301479627848e-01 3.9007175376093622e-01 1.2610353422592979e-06 7.8014519701521645e-01 7.8014350752187245e-01 1.6894933440037008e-06
18 1.3671875000000000e-01 4.1228648711765559e-01 4.1228601674290488e-01 4.7037475070510482e-07 4.1228740214244680e-01 4.1228601674290488e-01 1.3853995419199627e-06 8.2457388926010244e-01 8.2457203348580976e-01 1.8557742926805787e-06
19 1.4453125000000000e-01 4.3425244335987390e-01 4.3425193404475476e-01 5.0931511913487881e-07 4.3425343489481716e-01 4.3425193404475476e-01 1.5008500623969745e-06 8.6850587825469105e-01 8.6850386808950952e-01 2.0101651815318533e-06
20 1.5234375000000000e-01 4.5595681988325454e-01 4.5595627421926171e-01 5.4566399282363065e-07 4.5595788276167892e-01 4.5595627421926171e-01 1.6085424172085361e-06 9.1191470264493346e-01 9.1191254843852343e-01 2.1542064100321667e-06
21 1.6015625000000000e-01 4.7738654315786522e-01 4.7738596338348221e-01 5.7977438300271800e-07 4.7738767291997863e-01 4.7738596338348221e-01 1.7095364964192505e-06 9.5477421607784385e-01 9.5477192676696443e-01 2.2893108794219685e-06
22 1.6796875000000000e-01 4.9852870505605945e-01 4.9852809309397150e-01 6.1196208794855877e-07 4.9852989787442331e-01 4.9852809309397150e-01 1.8047804518084298e-06 9.9705860293048276e-01 9.9705618618794301e-01 2.4167425397569886e-06
23 1.7578125000000000e-01 5.1937057062546232e-01 5.1936992812234706e-01 6.4250311526681259e-07 5.1937182322543729e-01 5.1936992812234706e-01 1.8951030902325527e-06 1.0387423938508995e+00 1.0387398562446941e+00 2.5376062053883430e-06
24 1.8359375000000000e-01 5.3989958575990782e-01 5.3989891412651414e-01 6.7163339367848351e-07 5.3990089533952623e-01 5.3989891412651414e-01 1.9812130120921978e-06 1.0798004810994342e+00 1.0797978282530283e+00 2.6528464058817036e-06
25 1.9140625000000000e-01 5.6010338476320798e-01 5.6010268521293205e-01 6.9955027592882857e-07 5.6010474891596496e-01 5.6010268521293205e-01 2.0637030329062611e-06 1.1202081336791729e+00 1.1202053704258641e+00 2.7632533088350897e-06
26 1.9921875000000000e-01 5.7996979780068714e-01 5.7996907138536613e-01 7.2641532100625739e-07 5.7997121444395527e-01 5.7996907138536613e-01 2.1430585891435427e-06 1.1599410122446425e+00 1.1599381427707323e+00 2.8694739102608224e-06
27 2.0703125000000000e-01 5.9948685823353542e-01 5.9948610587563811e-01 7.5235789731564751e-07 5.9948832554419207e-01 5.9948610587563811e-01 2.2196685539599414e-06 1.1989751837777276e+00 1.1989722117512762e+00 2.9720264513866113e-06
28 2.1484375000000000e-01 6.1864280983116726e-01 6.1864203235195991e-01 7.7747920734783094e-07 6.1864432618921184e-01 6.1864203235195991e-01 2.2938372519210048e-06 1.2372871360203792e+00 1.2372840647039198e+00 3.0713164593798581e-06
29 2.2265625000000000e-01 6.3742611385692094e-01 6.3742531200050834e-01 8.0185641260221985e-07 6.3742767779738096e-01 6.3742531200050834e-01 2.3657968726276124e-06 1.2748537916543019e+00 1.2748506240010167e+00 3.1676532852298322e-06
30 2.3046875000000000e-01 6.5582545602259590e-01 6.5582463047597550e-01 8.2554662039768800e-07 6.5582706619542064e-01 6.5582463047597550e-01 2.4357194451374298e-06 1.3116525222180164e+00 1.3116492609519510e+00 3.2612660654240955e-06
31 2.3828125000000000e-01 6.7382975330747852e-01 6.7382890471690615e-01 8.4859057236652546e-07 6.7383140844485023e-01 6.7382890471690615e-01 2.5037279440809357e-06 1.3476611617523289e+00 1.3476578094338123e+00 3.3523185165584835e-06
32 2.4609375000000000e-01 6.9142816063764390e-01 6.9142728962172118e-01 8.7101592272098571e-07 6.9142985952764557e-01 6.9142728962172118e-01 2.5699059243988742e-06 1.3828580201652896e+00 1.3828545792434424e+00 3.4409218472308822e-06
33 2.5390625000000000e-01 7.0861007742148163e-01 7.0860918458139943e-01 8.9284008220058553e-07 7.0861181888773783e-01 7.0860918458139943e-01 2.6343063384004495e-06 1.4172218963092194e+00 1.4172183691627989e+00 3.5271464204900127e-06
34 2.6171875000000000e-01 7.2536515393748346e-01 7.2536423986489018e-01 9.1407259328324386e-07 7.2536693682326192e-01 7.2536423986489018e-01 2.6969583717395551e-06 1.4507320907607455e+00 1.4507284797297804e+00 3.6110309651338213e-06
35 2.6953125000000000e-01 7.4168329757048979e-01 7.4168236285340206e-01 9.3471708773051887e-07 7.4168512072716308e-01 7.4168236285340206e-01 2.7578737610278736e-06 1.4833684182976530e+00 1.4833647257068041e+00 3.6925908488694148e-06
36 2.7734375000000000e-01 7.5755467889267769e-01 7.5755372411982103e-01 9.5477285666500933e-07 7.5755654117056337e-01 7.5755372411982103e-01 2.8170507423430635e-06 1.5151112200632411e+00 1.5151074482396421e+00 3.7718235990080728e-06
37 2.8515625000000000e-01 7.7296973758566734e-01 7.7296876334958831e-01 9.7423607903213139e-07 7.7297163782819100e-01 7.7296876334958831e-01 2.8744786026990710e-06 1.5459413754138582e+00 1.5459375266991766e+00 3.8487146816201800e-06
38 2.9296875000000000e-01 7.8791918820025553e-01 7.8791819509947758e-01 9.9310077794623197e-07 7.8792112523938118e-01 7.8791819509947758e-01 2.9301399036008036e-06 1.5758403134396368e+00 1.5758363901989552e+00 3.9232406816580578e-06
39 3.0078125000000000e-01 8.0239402575032936e-01 8.0239301439079802e-01 1.0113595313443469e-06 8.0239599840381715e-01 8.0239301439079802e-01 2.9840130191249870e-06 1.6047900241541466e+00 1.6047860287815960e+00 3.9953725505803561e-06
40 3.0859375000000000e-01 8.1638553113766998e-01 8.1638450213365676e-01 1.0290040132199252e-06 8.1638753820713617e-01 8.1638450213365676e-01 3.0360734794010469e-06 1.6327730693448061e+00 1.6327690042673135e+00 4.0650774926209721e-06
41 3.1640625000000000e-01 8.2988527640439480e-01 8.2988423037901271e-01 1.0460253820898657e-06 8.2988731667423177e-01 8.2988423037901271e-01 3.0862952190569004e-06 1.6597725930786265e+00 1.6597684607580254e+00 4.1323206010357438e-06
42 3.2421875000000000e-01 8.4288512980992492e-01 8.4288406739535870e-01 1.0624145662108120e-06 8.4288720204699397e-01 8.4288406739535870e-01 3.1346516352614984e-06 1.6857723318569189e+00 1.6857681347907174e+00 4.1970662014723104e-06
43 3.3203125000000000e-01 8.5537726072943654e-01 8.5537618256697090e-01 1.0781624656397426e-06 8.5537936368286471e-01 8.5537618256697090e-01 3.1811158938133133e-06 1.7107566244123014e+00 1.7107523651339418e+00 4.2592783595640782e-06
44 3.3984375000000000e-01 8.6735414437087088e-01 8.6735305111078032e-01 1.0932600905677603e-06 8.6735627677226113e-01 8.6735305111078032e-01 3.2256614808101602e-06 1.7347104211431321e+00 1.7347061022215606e+00 4.3189215714889428e-06
45 3.4765625000000000e-01 8.7880856630768245e-01 8.7880745860902021e-01 1.1076986622393648e-06 8.7881072687151285e-01 8.7880745860902021e-01 3.2682624926394510e-06 1.7576192931791952e+00 1.7576149172180404e+00 4.3759611547677935e-06
46 3.5546875000000000e-01 8.8973362682460644e-01 8.8973250535492143e-01 1.1214696850059269e-06 8.8973581424881598e-01 8.8973250535492143e-01 3.3088938945491364e-06 1.7794694410734224e+00 1.7794650107098429e+00 4.4303635795550633e-06
47 3.6328125000000000e-01 9.0012274507382439e-01 9.0012161050883810e-01 1.1345649862937179e-06 9.0012495804041415e-01 9.0012161050883810e-01 3.3475315760478352e-06 1.8002477031142385e+00 1.8002432210176762e+00 4.4820965623415532e-06
48 3.7109375000000000e-01 9.0996966303905269e-01 9.0996851606229923e-01 1.1469767534633135e-06 9.0997190021479613e-01 9.0996851606229923e-01 3.3841524968991621e-06 1.8199415632538489e+00 1.8199370321245985e+00 4.5311292504734979e-06
49 3.7890625000000000e-01 9.1926844930515739e-01 9.1926729060759871e-01 1.1586975586785897e-06 9.1927070934227262e-01 9.1926729060759871e-01 3.4187346739100732e-06 1.8385391586474300e+00 1.8385345812151974e+00 4.5774322325886629e-06
50 3.8671875000000000e-01 9.2801350263102256e-01 9.2801233291065433e-01 1.1697203682325963e-06 9.2801578416811847e-01 9.2801233291065433e-01 3.4512574641487603e-06 1.8560292867991410e+00 1.8560246658213087e+00 4.6209778323813566e-06
51 3.9453125000000000e-01 9.3619955532353893e-01 9.3619837528498062e-01 1.1800385583127238e-06 9.3620185698624769e-01 9.3619837528498062e-01 3.4817012670718128e-06 1.8724014123097867e+00 1.8723967505699612e+00 4.6617398254955589e-06
52 4.0234375000000000e-01 9.4382167641067349e-01 9.4382048676474728e-01 1.1896459262139558e-06 9.4382399681250317e-01 9.4382048676474728e-01 3.5100477558946963e-06 1.8876456732231768e+00 1.8876409735294946e+00 4.6996936822196744e-06
53 4.1015625000000000e-01 9.5087527461169519e-01 9.5087407607500807e-01 1.1985366871192227e-06 9.5087761235494106e-01 9.5087407607500807e-01 3.5362799329918815e-06 1.9017528869666362e+00 1.9017481521500161e+00 4.7348166201111042e-06
54 4.1796875000000000e-01 9.5735610110280445e-01 9.5735489439731303e-01 1.2067054914188802e-06 9.5735845477931181e-01 9.5735489439731303e-01 3.5603819987795049e-06 1.9147145558821164e+00 1.9147097887946261e+00 4.7670874903094074e-06
55 4.2578125000000000e-01 9.6326025207645483e-01 9.6325903792903833e-01 1.2141474164950594e-06 9.6326262026845244e-01 9.6325903792903833e-01 3.5823394141099030e-06 1.9265228723449073e+00 1.9265180758580767e+00 4.7964868306049624e-06
56 4.3359375000000000e-01 9.6858417109287565e-01 9.6858295023489061e-01 1.2208579850403467e-06 9.6858655237378377e-01 9.6858295023489061e-01 3.6021388931661846e-06 1.9371707234666595e+00 1.9371659004697812e+00 4.8229968783175536e-06
57 4.4140625000000000e-01 9.7332465122232437e-01 9.7332342438917052e-01 1.2268331538445310e-06 9.7332704415779014e-01 9.7332342438917052e-01 3.6197686196226542e-06 1.9466516953801145e+00 1.9466468487783410e+00 4.8466017734671851e-06
58 4.4921875000000000e-01 9.7747883697682947e-01 9.7747760490750568e-01 1.2320693237866109e-06 9.7748124012542614e-01 9.7747760490750568e-01 3.6352179204612867e-06 1.9549600771022555e+00 1.9549552098150114e+00 4.8672872441368753e-06
59 4.5703125000000000e-01 9.8104422603022723e-01 9.8104298946688617e-01 1.2365633410560406e-06 9.8104663794440228e-01 9.8104298946688617e-01 3.6484775161049754e-06 1.9620908639746295e+00 1.9620859789337723e+00 4.8850408571610160e-06
60 4.6484375000000000e-01 9.8401867072547078e-01 9.8401743041297207e-01 1.2403124987070413e-06 9.8402108995236526e-01 9.8401743041297207e-01 3.6595393931859732e-06 1.9680397606778359e+00 1.9680348608259441e+00 4.8998518917819922e-06
61 4.7265625000000000e-01 9.8640037936829739e-01 9.8639913605375873e-01 1.2433145386570033e-06 9.8640280445065276e-01 9.8639913605375873e-01 3.6683968940298683e-06 1.9728031838189501e+00 1.9727982721075175e+00 4.9117114326868716e-06
62 4.8046875000000000e-01 9.8818791730647815e-01 9.8818667173882613e-01 1.2455676520195524e-06 9.8819034678355167e-01 9.8818667173882613e-01 3.6750447255373686e-06 1.9763782640900298e+00 1.9763733434776523e+00 4.9206123775569210e-06
63 4.8828125000000000e-01 9.8938020779399938e-01 9.8937896072351772e-01 1.2470704816580636e-06 9.8938264020229660e-01 9.8937896072351772e-01 3.6794787788840821e-06 1.9787628479962960e+00 1.9787579214470354e+00 4.9265492605421457e-06
64 4.9609375000000000e-01 9.8997653263965413e-01 9.8997528481753150e-01 1.2478221226297492e-06 9.8997896651406636e-01 9.8997528481753150e-01 3.6816965348629438e-06 1.9799554991537205e+00 1.9799505696350630e+00 4.9295186574926930e-06
65 5.0390625000000000e-01 9.8997653263965368e-01 9.8997528481753150e-01 1.2478221221856600e-06 9.8997896651406581e-01 9.8997528481753150e-01 3.6816965343078323e-06 1.9799554991537196e+00 1.9799505696350630e+00 4.9295186566045146e-06
66 5.1171875000000000e-01 9.8938020779399916e-01 9.8937896072351772e-01 1.2470704814360190e-06 9.8938264020232114e-01 9.8937896072351772e-01 3.6794788034200110e-06 1.9787628479963204e+00 1.9787579214470354e+00 4.9265492849670522e-06
67 5.1953125000000000e-01 9.8818791730647704e-01 9.8818667173882613e-01 1.2455676509093294e-06 9.8819034678356543e-01 9.8818667173882613e-01 3.6750447393041341e-06 1.9763782640900425e+00 1.9763733434776523e+00 4.9206123902134635e-06
68 5.2734375000000000e-01 9.8640037936829728e-01 9.8639913605375873e-01 1.2433145385459810e-06 9.8640280445065287e-01 9.8639913605375873e-01 3.6683968941408907e-06 1.9728031838189501e+00 1.9727982721075175e+00 4.9117114326868716e-06
69 5.3515625000000000e-01 9.8401867072547033e-01 9.8401743041297207e-01 1.2403124982629521e-06 9.8402108995241055e-01 9.8401743041297207e-01 3.6595394384830726e-06 1.9680397606778808e+00 1.9680348608259441e+00 4.8998519366350024e-06
70 5.4296875000000000e-01 9.8104422603022712e-01 9.8104298946688617e-01 1.2365633409450183e-06 9.8104663794439173e-01 9.8104298946688617e-01 3.6484775055578567e-06 1.9620908639746188e+00 1.9620859789337723e+00 4.8850408465028750e-06
71 5.5078125000000000e-01 9.7747883697683080e-01 9.7747760490750568e-01 1.2320693251188786e-06 9.7748124012544535e-01 9.7747760490750568e-01 3.6352179396681450e-06 1.9549600771022762e+00 1.9549552098150114e+00 4.8672872647870236e-06
72 5.5859375000000000e-01 9.7332465122232625e-01 9.7332342438917052e-01 1.2268331557319101e-06 9.7332704415780291e-01 9.7332342438917052e-01 3.6197686323902190e-06 1.9466516953801292e+00 1.9466468487783410e+00 4.8466017881221291e-06
73 5.6640625000000000e-01 9.6858417109287742e-01 9.6858295023489061e-01 1.2208579868167035e-06 9.6858655237376179e-01 9.6858295023489061e-01 3.6021388711837687e-06 1.9371707234666391e+00 1.9371659004697812e+00 4.8229968578894500e-06
74 5.7421875000000000e-01 9.6326025207645627e-01 9.6325903792903844e-01 1.2141474178273270e-06 9.6326262026842102e-01 9.6325903792903844e-01 3.5823393825795691e-06 1.9265228723448773e+00 1.9265180758580769e+00 4.7964868004068961e-06
75 5.8203125000000000e-01 9.5735610110280411e-01 9.5735489439731303e-01 1.2067054910858133e-06 9.5735845477932613e-01 9.5735489439731303e-01 3.5603820131013819e-06 1.9147145558821301e+00 1.9147097887946261e+00 4.7670875040761729e-06
76 5.8984375000000000e-01 9.5087527461169596e-01 9.5087407607500818e-01 1.1985366877853565e-06 9.5087761235493762e-01 9.5087407607500818e-01 3.5362799294391678e-06 1.9017528869666336e+00 1.9017481521500164e+00 4.7348166172245243e-06
77 5.9765625000000000e-01 9.4382167641067449e-01 9.4382048676474739e-01 1.1896459271021342e-06 9.4382399681251516e-01 9.4382048676474739e-01 3.5100477677740827e-06 1.8876456732231897e+00 1.8876409735294948e+00 4.6996936948762169e-06
78 6.0546875000000000e-01 9.3619955532354138e-01 9.3619837528498073e-01 1.1800385606441921e-06 9.3620185698624647e-01 9.3619837528498073e-01 3.4817012657395452e-06 1.8724014123097878e+00 1.8723967505699615e+00 4.6617398263837373e-06
79 6.1328125000000000e-01 9.2801350263102478e-01 9.2801233291065433e-01 1.1697203704530423e-06 9.2801578416810449e-01 9.2801233291065433e-01 3.4512574501599502e-06 1.8560292867991293e+00 1.8560246658213087e+00 4.6209778206129926e-06
80 6.2109375000000000e-01 9.1926844930515994e-01 9.1926729060759882e-01 1.1586975611210804e-06 9.1927070934227528e-01 9.1926729060759882e-01 3.4187346764635862e-06 1.8385391586474351e+00 1.8385345812151976e+00 4.5774322374736442e-06
81 6.2890625000000000e-01 9.0996966303905524e-01 9.0996851606229923e-01 1.1469767560168265e-06 9.0997190021477081e-01 9.0996851606229923e-01 3.3841524715860771e-06 1.8199415632538261e+00 1.8199370321245985e+00 4.5311292276029036e-06
82 6.3671875000000000e-01 9.0012274507382550e-01 9.0012161050883832e-01 1.1345649871818964e-06 9.0012495804040826e-01 9.0012161050883832e-01 3.3475315699416086e-06 1.8002477031142337e+00 1.8002432210176766e+00 4.4820965570124827e-06
83 6.4453125000000000e-01 8.8973362682460866e-01 8.8973250535492154e-01 1.1214696871153507e-06 8.8973581424881065e-01 8.8973250535492154e-01 3.3088938891090436e-06 1.7794694410734193e+00 1.7794650107098431e+00 4.4303635762243943e-06
84 6.5234375000000000e-01 8.7880856630768467e-01 8.7880745860902021e-01 1.1076986644598108e-06 8.7881072687154316e-01 8.7880745860902021e-01 3.2682625229485396e-06 1.7576192931792278e+00 1.7576149172180404e+00 4.3759611874083504e-06
85 6.6015625000000000e-01 8.6735414437087277e-01 8.6735305111078032e-01 1.0932600924551394e-06 8.6735627677224103e-01 8.6735305111078032e-01 3.2256614607151235e-06 1.7347104211431139e+00 1.7347061022215606e+00 4.3189215532812852e-06
86 6.6796875000000000e-01 8.5537726072943887e-01 8.5537618256697101e-01 1.0781624678601887e-06 8.5537936368287049e-01 8.5537618256697101e-01 3.1811158994754507e-06 1.7107566244123094e+00 1.7107523651339420e+00 4.2592783673356394e-06
87 6.7578125000000000e-01 8.4288512980992691e-01 8.4288406739535870e-01 1.0624145682092134e-06 8.4288720204703083e-01 8.4288406739535870e-01 3.1346516721209028e-06 1.6857723318569577e+00 1.6857681347907174e+00 4.1970662403301162e-06
88 6.8359375000000000e-01 8.2988527640439702e-01 8.2988423037901293e-01 1.0460253840882672e-06 8.2988731667422300e-01 8.2988423037901293e-01 3.0862952100640939e-06 1.6597725930786200e+00 1.6597684607580259e+00 4.1323205941523611e-06
89 6.9140625000000000e-01 8.1638553113767021e-01 8.1638450213365665e-01 1.0290040135529921e-06 8.1638753820711518e-01 8.1638450213365665e-01 3.0360734585288540e-06 1.6327730693447853e+00 1.6327690042673133e+00 4.0650774719708238e-06
90 6.9921875000000000e-01 8.0239402575033003e-01 8.0239301439079802e-01 1.0113595320104807e-06 8.0239599840380960e-01 8.0239301439079802e-01 2.9840130115754704e-06 1.6047900241541395e+00 1.6047860287815960e+00 3.9953725434749288e-06
91 7.0703125000000000e-01 7.8791918820025730e-01 7.8791819509947769e-01 9.9310077961156651e-07 7.8792112523939906e-01 7.8791819509947769e-01 2.9301399213643720e-06 1.5758403134396564e+00 1.5758363901989554e+00 3.9232407009759385e-06
92 7.1484375000000000e-01 7.7296973758566923e-01 7.7296876334958853e-01 9.7423608069746592e-07 7.7297163782815592e-01 7.7296876334958853e-01 2.8744785673939788e-06 1.5459413754138251e+00 1.5459375266991771e+00 3.8487146480914447e-06
93 7.2265625000000000e-01 7.5755467889267869e-01 7.5755372411982114e-01 9.5477285755318775e-07 7.5755654117056204e-01 7.5755372411982114e-01 2.8170507408997736e-06 1.5151112200632406e+00 1.5151074482396423e+00 3.7718235983419390e-06
94 7.3046875000000000e-01 7.4168329757049156e-01 7.4168236285340206e-01 9.3471708950687571e-07 7.4168512072716186e-01 7.4168236285340206e-01 2.7578737598066283e-06 1.4833684182976534e+00 1.4833647257068041e+00 3.6925908493135040e-06
95 7.3828125000000000e-01 7.2536515393748513e-01 7.2536423986489018e-01 9.1407259494857840e-07 7.2536693682330600e-01 7.2536423986489018e-01 2.6969584158154092e-06 1.4507320907607912e+00 1.4507284797297804e+00 3.6110310108750099e-06
96 7.4609375000000000e-01 7.0861007742148285e-01 7.0860918458139954e-01 8.9284008331080855e-07 7.0861181888775027e-01 7.0860918458139954e-01 2.6343063507239250e-06 1.4172218963092331e+00 1.4172183691627991e+00 3.5271464340347336e-06
97 7.5390625000000000e-01 6.9142816063764589e-01 6.9142728962172118e-01 8.7101592471938716e-07 6.9142985952765668e-01 6.9142728962172118e-01 2.5699059355011045e-06 1.3828580201653025e+00 1.3828545792434424e+00 3.4409218601094693e-06
98 7.6171875000000000e-01 6.7382975330748029e-01 6.7382890471690637e-01 8.4859057392083770e-07 6.7383140844483458e-01 6.7382890471690637e-01 2.5037279282047464e-06 1.3476611617523149e+00 1.3476578094338127e+00 3.3523185021255841e-06
99 7.6953125000000000e-01 6.5582545602259901e-01 6.5582463047597572e-01 8.2554662328426787e-07 6.5582706619543063e-01 6.5582463047597572e-01 2.4357194549073924e-06 1.3116525222180297e+00 1.3116492609519514e+00 3.2612660783026826e-06
100 7.7734375000000000e-01 6.3742611385692460e-01 6.3742531200050834e-01 8.0185641626595583e-07 6.3742767779738385e-01 6.3742531200050834e-01 2.3657968755141923e-06 1.2748537916543086e+00 1.2748506240010167e+00 3.1676532918911704e-06
101 7.8515625000000000e-01 6.1864280983117093e-01 6.1864203235195991e-01 7.7747921101156692e-07 6.1864432618919230e-01 6.1864203235195991e-01 2.2938372323810796e-06 1.2372871360203632e+00 1.2372840647039198e+00 3.0713164433926465e-06
102 7.9296875000000000e-01 5.9948685823353798e-01 5.9948610587563822e-01 7.5235789975813816e-07 5.9948832554420406e-01 5.9948610587563822e-01 2.2196685658393278e-06 1.1989751837777420e+00 1.1989722117512764e+00 2.9720264655974660e-06
103 8.0078125000000000e-01 5.7996979780068869e-01 5.7996907138536624e-01 7.2641532244954732e-07 5.7997121444395427e-01 5.7996907138536624e-01 2.1430585880333197e-06 1.1599410122446430e+00 1.1599381427707325e+00 2.8694739104828670e-06
104 8.0859375000000000e-01 5.6010338476320887e-01 5.6010268521293238e-01 6.9955027648394008e-07 5.6010474891597140e-01 5.6010268521293238e-01 2.0637030390124877e-06 1.1202081336791803e+00 1.1202053704258648e+00 2.7632533154964278e-06
105 8.1640625000000000e-01 5.3989958575991004e-01 5.3989891412651403e-01 6.7163339600995187e-07 5.3990089533952079e-01 5.3989891412651403e-01 1.9812130067631273e-06 1.0798004810994308e+00 1.0797978282530281e+00 2.6528464027730791e-06
106 8.2421875000000000e-01 5.1937057062546466e-01 5.1936992812234706e-01 6.4250311759828094e-07 5.1937182322541942e-01 5.1936992812234706e-01 1.8951030723579620e-06 1.0387423938508840e+00 1.0387398562446941e+00 2.5376061898452207e-06
107 8.3203125000000000e-01 4.9852870505606167e-01 4.9852809309397161e-01 6.1196209005798252e-07 4.9852989787443247e-01 4.9852809309397161e-01 1.8047804608567475e-06 9.9705860293049420e-01 9.9705618618794323e-01 2.4167425509702412e-06
108 8.3984375000000000e-01 4.7738654315786677e-01 4.7738596338348238e-01 5.7977438439049678e-07 4.7738767291997403e-01 4.7738596338348238e-01 1.7095364916452915e-06 9.5477421607784074e-01 9.5477192676696476e-01 2.2893108759802772e-06
109 8.4765625000000000e-01 4.5595681988325582e-01 4.5595627421926194e-01 5.4566399387834252e-07 4.5595788276169197e-01 4.5595627421926194e-01 1.6085424300316120e-06 9.1191470264494778e-01 9.1191254843852387e-01 2.1542064239099545e-06
110 8.5546875000000000e-01 4.3425244335987562e-01 4.3425193404475465e-01 5.0931512096674680e-07 4.3425343489481627e-01 4.3425193404475465e-01 1.5008500616198184e-06 8.6850587825469194e-01 8.6850386808950930e-01 2.0101651826420763e-06
111 8.6328125000000000e-01 4.1228648711765725e-01 4.1228601674290488e-01 4.7037475237043935e-07 4.1228740214243442e-01 4.1228601674290488e-01 1.3853995295409760e-06 8.2457388926009167e-01 8.2457203348580976e-01 1.8557742819114154e-06
112 8.7109375000000000e-01 3.9007218221893880e-01 3.9007175376093628e-01 4.2845800252155897e-07 3.9007301479628348e-01 3.9007175376093628e-01 1.2610353471997904e-06 7.8014519701522222e-01 7.8014350752187256e-01 1.6894933496658382e-06
113 8.7890625000000000e-01 3.6762290929680591e-01 3.6762252614022456e-01 3.8315658135168462e-07 3.6762365267203762e-01 3.6762252614022456e-01 1.1265318130559976e-06 7.3524656196884353e-01 7.3524505228044912e-01 1.5096883944076822e-06
114 8.8671875000000000e-01 3.4495219050665427e-01 3.4495185645605747e-01 3.3405059679525451e-07 3.4495283708447039e-01 3.4495185645605747e-01 9.8062841291657321e-07 6.8990502759112471e-01 6.8990371291211494e-01 1.3146790097673389e-06
115 8.9453125000000000e-01 3.2207368139582521e-01 3.2207340067214202e-01 2.8072368318809993e-07 3.2207422274731007e-01 3.2207340067214202e-01 8.2207516804988501e-07 6.4414790414313527e-01 6.4414680134428404e-01 1.1027988512379849e-06
116 9.0234375000000000e-01 2.9900116269592142e-01 2.9900093991476140e-01 2.2278116001972492e-07 2.9900158960196738e-01 2.9900093991476140e-01 6.4968720597802232e-07 5.9800275229788880e-01 5.9800187982952280e-01 8.7246836599774724e-07
117 9.1015625000000000e-01 2.7574853204217942e-01 2.7574837217154186e-01 1.5987063756162101e-07 2.7574883457804122e-01 2.7574837217154186e-01 4.6240649936857281e-07 5.5149736662022064e-01 5.5149674434308371e-01 6.2227713693019382e-07
118 9.1796875000000000e-01 2.5232979562398966e-01 2.5232970391982185e-01 9.1704167815009896e-08 2.5232996328812657e-01 2.5232970391982185e-01 2.5936830472250705e-07 5.0465975891211623e-01 5.0465940783964369e-01 3.5107247253751694e-07
119 9.2578125000000000e-01 2.2875905977041266e-01 2.2875904168967592e-01 1.8080736741143966e-08 2.2875908165838604e-01 2.2875904168967592e-01 3.9968710119353545e-08 4.5751814142879871e-01 4.5751808337935185e-01 5.8049446860497511e-08
120 9.3359375000000000e-01 2.0505052247435926e-01 2.0505058356666767e-01 -6.1092308406562879e-08 2.0505038749553492e-01 2.0505058356666767e-01 -1.9607113274644483e-07 4.1010090996989418e-01 4.1010116713333533e-01 -2.5716344115300771e-07
121 9.4140625000000000e-01 1.8121846485899348e-01 1.8121861063945360e-01 -1.4578046012014845e-07 1.8121816199087451e-01 1.8121861063945360e-01 -4.4864857909332478e-07 3.6243662684986799e-01 3.6243722127890721e-01 -5.9442903921347323e-07
122 9.4921875000000000e-01 1.5727724258993991e-01 1.5727747839739106e-01 -2.3580745114881729e-07 1.5727676116164868e-01 1.5727747839739106e-01 -7.1723574238125032e-07 3.1455400375158860e-01 3.1455495679478213e-01 -9.5304319353006761e-07
123 9.5703125000000000e-01 1.3324127723703583e-01 1.3324160808332564e-01 -3.3084628980883934e-07 1.3324060723079861e-01 1.3324160808332564e-01 -1.0008525270222002e-06 2.6648188446783444e-01 2.6648321616665127e-01 -1.3316988168310395e-06
124 9.6484375000000000e-01 1.0912504758967319e-01 1.0912547800677544e-01 -4.3041710225122376e-07 1.0912417994654341e-01 1.0912547800677544e-01 -1.2980602320245005e-06 2.1824922753621662e-01 2.1825095601355088e-01 -1.7284773342618465e-06
125 9.7265625000000000e-01 8.4943080930198894e-02 8.4943614822738420e-02 -5.3389253952540461e-07 8.4942007845017486e-02 8.4943614822738420e-02 -1.6069777209332115e-06 1.6988508877521638e-01 1.6988722964547684e-01 -2.1408702604586161e-06
126 9.8046875000000000e-01 6.0709944270380331e-02 6.0710584781378092e-02 -6.4051099776113452e-07 6.0708659459660731e-02 6.0710584781378092e-02 -1.9253217173609283e-06 1.2141860373004107e-01 1.2142116956275618e-01 -2.5658327151151239e-06
127 9.8828125000000000e-01 3.6440235556536554e-02 3.6440984953860875e-02 -7.4939732432055539e-07 3.6438734460676733e-02 3.6440984953860875e-02 -2.2504931841416109e-06 7.2878970017213288e-02 7.2881969907721750e-02 -2.9998905084621663e-06
128 9.9609375000000000e-01 1.2148574849531087e-02 1.2149434439623644e-02 -8.5959009255703878e-07 1.2146853778831441e-02 1.2149434439623644e-02 -2.5806607922024966e-06 2.4295428628362530e-02 2.4298868879247287e-02 -3.4402508847578006e-06
