# P x u_num u_exact u_err v_num v_exact v_err psi_num psi_exact psi_err
1 7.8125000000000000e-03 2.4290481121408112e-02 2.4297039219109653e-02 -6.5580977015415598e-06 2.4277358842291940e-02 2.4297039219109653e-02 -1.9680376817713535e-05 4.8567839963700052e-02 4.8594078438219307e-02 -2.6238474519255095e-05
2 2.3437500000000000e-02 7.2827524200976199e-02 7.2832583961680838e-02 -5.0597607046398707e-06 7.2817386501520823e-02 7.2832583961680838e-02 -1.5197460160015774e-05 1.4564491070249702e-01 1.4566516792336168e-01 -2.0257220864655645e-05
3 3.9062500000000000e-02 1.2118902081122321e-01 1.2119266863010741e-01 -3.6478188842059556e-06 1.2118169492664842e-01 1.2119266863010741e-01 -1.0973703458996842e-05 2.4237071573787161e-01 2.4238533726021483e-01 -1.4621522343216675e-05
4 5.4687500000000000e-02 1.6925841905611677e-01 1.6926078954457999e-01 -2.3704884632158585e-06 1.6925363583565339e-01 1.6926078954457999e-01 -7.1537089265938381e-06 3.3851205489177016e-01 3.3852157908915997e-01 -9.5241973898096965e-06
5 7.0312500000000000e-02 2.1691988870484549e-01 2.1692114639154550e-01 -1.2576867000069214e-06 2.1691731919290247e-01 2.1692114639154550e-01 -3.8271986430304938e-06 4.3383720789774793e-01 4.3384229278309100e-01 -5.0848853430651708e-06
6 8.5937500000000000e-02 2.6405860146617616e-01 2.6405892119680530e-01 -3.1973062913914774e-07 2.6405789610177582e-01 2.6405892119680530e-01 -1.0250950294721228e-06 5.2811649756795198e-01 5.2811784239361059e-01 -1.3448256586112706e-06
7 1.0156250000000000e-01 3.1056100518141250e-01 3.1056055493207224e-01 4.5024934025583718e-07 3.1056182817110151e-01 3.1056055493207224e-01 1.2732390292646834e-06 6.2112283335251406e-01 6.2112110986414448e-01 1.7234883695760317e-06
8 1.1718750000000000e-01 3.5631509250963134e-01 3.5631402108861576e-01 1.0714210155748916e-06 3.5631714642353718e-01 3.5631402108861576e-01 3.1253349214166448e-06 7.1263223893316852e-01 7.1262804217723152e-01 4.1967559369915364e-06
9 1.3281250000000000e-01 4.0121066506588227e-01 4.0120909555893464e-01 1.5695069476295842e-06 4.0121370394675260e-01 4.0120909555893464e-01 4.6083878179614679e-06 8.0242436901263492e-01 8.0241819111786927e-01 6.1778947656465633e-06
10 1.4843750000000000e-01 4.4513959378653084e-01 4.4513762217628561e-01 1.9716102452327355e-06 4.4514342591032552e-01 4.4513762217628561e-01 5.8037340399108572e-06 8.9028301969685630e-01 8.9027524435257122e-01 7.7753442850880816e-06
11 1.6406250000000000e-01 4.8799607575140408e-01 4.8799377327236321e-01 2.3024790408721074e-06 4.8800055891678273e-01 4.8799377327236321e-01 6.7856444195268928e-06 9.7599663466818676e-01 9.7598754654472641e-01 9.0881234603434891e-06
12 1.7968750000000000e-01 5.2967688707828098e-01 5.2967430462542120e-01 2.5824528597784280e-06 5.2968191978867885e-01 5.2967430462542120e-01 7.6151632576459960e-06 1.0593588068669599e+00 1.0593486092508424e+00 1.0197616117535446e-05
13 1.9531250000000000e-01 5.7008163104323084e-01 5.7007880418464696e-01 2.8268585838819860e-06 5.7008714248096171e-01 5.7007880418464696e-01 8.3382963147471401e-06 1.1401687735241925e+00 1.1401576083692939e+00 1.1165154898629126e-05
14 2.1093750000000000e-01 6.0911298036084305e-01 6.0910993397158586e-01 3.0463892571885864e-06 6.0911892111857813e-01 6.0910993397158586e-01 8.9871469922675473e-06 1.2182319014794212e+00 1.2182198679431717e+00 1.2033536249456134e-05
15 2.2656250000000000e-01 6.4667691255549165e-01 6.4667366457585818e-01 3.2479796334694555e-06 6.4668324711887559e-01 6.4667366457585818e-01 9.5825430174167892e-06 1.2933601596743673e+00 1.2933473291517164e+00 1.2830522650997267e-05
16 2.4218750000000000e-01 6.8268293748271403e-01 6.8267950168024383e-01 3.4358024701974799e-06 6.8268963870547228e-01 6.8267950168024383e-01 1.0137025228451613e-05 1.3653725761881863e+00 1.3653590033604877e+00 1.3572827698649093e-05
17 2.5781250000000000e-01 7.1704431622942288e-01 7.1704070406941978e-01 3.6121600031080447e-06 7.1705136159141936e-01 7.1704070406941978e-01 1.0657521999579700e-05 1.4340956778208422e+00 1.4340814081388396e+00 1.4269682002687745e-05
18 2.7343750000000000e-01 7.4967827077316518e-01 7.4967449259714425e-01 3.7781760209298909e-06 7.4968564002250426e-01 7.4967449259714425e-01 1.1147425360014118e-05 1.4993639107956693e+00 1.4993489851942885e+00 1.4925601380832987e-05
19 2.8906250000000000e-01 7.8050618388910242e-01 7.8050224960847203e-01 3.9342806303910294e-06 7.8051385765371162e-01 7.8050224960847203e-01 1.1608045239586140e-05 1.5610200415428142e+00 1.5610044992169441e+00 1.5542325870088192e-05
20 3.0468750000000000e-01 8.0945378885954566e-01 8.0944970833657015e-01 4.0805229755136452e-06 8.0946174788418046e-01 8.0944970833657015e-01 1.2039547610309675e-05 1.6189155367437262e+00 1.6188994166731403e+00 1.6120070585934343e-05
21 3.2031250000000000e-01 8.3645134857724446e-01 8.3644713181786434e-01 4.2167593801156755e-06 8.3645957333671805e-01 8.3644713181786434e-01 1.2441518853711919e-05 1.6729109219139624e+00 1.6728942636357287e+00 1.6658278233716572e-05
22 3.3593750000000000e-01 8.6143382365437049e-01 8.6142948089449356e-01 4.3427598769296694e-06 8.6144229417976070e-01 8.6142948089449356e-01 1.2813285267143648e-05 1.7228761178341312e+00 1.7228589617889871e+00 1.7156045144073317e-05
23 3.5156250000000000e-01 8.8434102916472501e-01 8.8433657089933682e-01 4.4582653881963807e-06 8.8434972498401720e-01 8.8433657089933682e-01 1.3154084680389033e-05 1.7686907541487422e+00 1.7686731417986736e+00 1.7612350068585414e-05
24 3.6718750000000000e-01 9.0511777966317897e-01 9.0511321664614819e-01 4.5630170307786599e-06 9.0512667980035888e-01 9.0511321664614819e-01 1.3463154210691108e-05 1.8102444594635378e+00 1.8102264332922964e+00 1.8026171241469768e-05
25 3.8281250000000000e-01 9.2371402214609599e-01 9.2370936537550419e-01 4.6567705918043600e-06 9.2372310514919032e-01 9.2370936537550419e-01 1.3739773686127776e-05 1.8474371272952863e+00 1.8474187307510084e+00 1.8396544277932136e-05
26 3.9843750000000000e-01 9.4008495663980307e-01 9.4008021733628599e-01 4.7393035170761877e-06 9.4009420062293625e-01 9.4008021733628599e-01 1.3983286650254279e-05 1.8801791572627393e+00 1.8801604346725720e+00 1.8722590167330466e-05
27 4.1406250000000000e-01 9.5419114413047768e-01 9.5418633371220252e-01 4.8104182751584901e-06 9.5420052682255030e-01 9.5418633371220252e-01 1.4193110347782145e-05 1.9083916709530280e+00 1.9083726674244050e+00 1.9003528622940635e-05
28 4.2968750000000000e-01 9.6599860157739004e-01 9.6599373163335445e-01 4.8699440355903789e-06 9.6600810037410290e-01 9.6599373163335445e-01 1.4368740748449405e-05 1.9320067019514928e+00 1.9319874632667089e+00 1.9238684783928761e-05
29 4.4531250000000000e-01 9.7547888378152059e-01 9.7547396604394354e-01 4.9177375770481646e-06 9.7548847579923237e-01 9.7547396604394354e-01 1.4509755288827364e-05 1.9509673595807531e+00 1.9509479320878871e+00 1.9427492865986551e-05
30 4.6093750000000000e-01 9.8260915191272791e-01 9.8260419822890455e-01 4.9536838233610325e-06 9.8261881404338391e-01 9.8260419822890455e-01 1.4615814479368439e-05 1.9652279659561118e+00 1.9652083964578091e+00 1.9569498302729471e-05
31 4.7656250000000000e-01 9.8737222853056872e-01 9.8736725083436916e-01 4.9776961995595670e-06 9.8738193749722247e-01 9.8736725083436916e-01 1.4686662853313770e-05 1.9747541660277912e+00 1.9747345016687383e+00 1.9664359052873337e-05
32 4.9218750000000000e-01 9.8975663896628430e-01 9.8975164924941672e-01 4.9897168675760994e-06 9.8976637137918111e-01 9.8975164924941672e-01 1.4722129764388470e-05 1.9795230103454653e+00 1.9795032984988334e+00 1.9711846631853547e-05
33 5.0781250000000000e-01 9.8975663896628518e-01 9.8975164924941672e-01 4.9897168684642779e-06 9.8976637137916934e-01 9.8975164924941672e-01 1.4722129752620106e-05 1.9795230103454546e+00 1.9795032984988334e+00 1.9711846621195406e-05
34 5.2343750000000000e-01 9.8737222853056961e-01 9.8736725083436916e-01 4.9776962004477454e-06 9.8738193749721925e-01 9.8736725083436916e-01 1.4686662850094123e-05 1.9747541660277887e+00 1.9747345016687383e+00 1.9664359050430846e-05
35 5.3906250000000000e-01 9.8260915191272791e-01 9.8260419822890455e-01 4.9536838233610325e-06 9.8261881404339779e-01 9.8260419822890455e-01 1.4615814493246226e-05 1.9652279659561258e+00 1.9652083964578091e+00 1.9569498316718281e-05
36 5.5468750000000000e-01 9.7547888378152070e-01 9.7547396604394354e-01 4.9177375771591869e-06 9.7548847579924158e-01 9.7547396604394354e-01 1.4509755298042215e-05 1.9509673595807624e+00 1.9509479320878871e+00 1.9427492875312424e-05
37 5.7031250000000000e-01 9.6599860157739148e-01 9.6599373163335445e-01 4.8699440370336688e-06 9.6600810037409057e-01 9.6599373163335445e-01 1.4368740736125929e-05 1.9320067019514822e+00 1.9319874632667089e+00 1.9238684773270620e-05
38 5.8593750000000000e-01 9.5419114413048045e-01 9.5418633371220252e-01 4.8104182779340476e-06 9.5420052682254575e-01 9.5418633371220252e-01 1.4193110343230231e-05 1.9083916709530262e+00 1.9083726674244050e+00 1.9003528621164278e-05
39 6.0156250000000000e-01 9.4008495663980485e-01 9.4008021733628599e-01 4.7393035188525445e-06 9.4009420062292604e-01 9.4008021733628599e-01 1.3983286640040227e-05 1.8801791572627309e+00 1.8801604346725720e+00 1.8722590158892771e-05
40 6.1718750000000000e-01 9.2371402214609744e-01 9.2370936537550419e-01 4.6567705932476500e-06 9.2372310514920164e-01 9.2370936537550419e-01 1.3739773697452051e-05 1.8474371272952990e+00 1.8474187307510084e+00 1.8396544290588679e-05
41 6.3281250000000000e-01 9.0511777966317952e-01 9.0511321664614819e-01 4.5630170313337715e-06 9.0512667980036543e-01 9.0511321664614819e-01 1.3463154217241424e-05 1.8102444594635450e+00 1.8102264332922964e+00 1.8026171248575196e-05
42 6.4843750000000000e-01 8.8434102916472579e-01 8.8433657089933670e-01 4.4582653890845592e-06 8.8434972498402054e-01 8.8433657089933670e-01 1.3154084683830725e-05 1.7686907541487464e+00 1.7686731417986734e+00 1.7612350073026306e-05
43 6.6406250000000000e-01 8.6143382365437271e-01 8.6142948089449367e-01 4.3427598790390931e-06 8.6144229417974572e-01 8.6142948089449367e-01 1.2813285252044615e-05 1.7228761178341183e+00 1.7228589617889873e+00 1.7156045130972686e-05
44 6.7968750000000000e-01 8.3645134857724579e-01 8.3644713181786456e-01 4.2167593812258986e-06 8.3645957333671095e-01 8.3644713181786456e-01 1.2441518846384447e-05 1.6729109219139566e+00 1.6728942636357291e+00 1.6658278227499324e-05
45 6.9531250000000000e-01 8.0945378885954744e-01 8.0944970833657015e-01 4.0805229772900020e-06 8.0946174788418312e-01 8.0944970833657015e-01 1.2039547612974211e-05 1.6189155367437307e+00 1.6188994166731403e+00 1.6120070590375235e-05
46 7.1093750000000000e-01 7.8050618388910442e-01 7.8050224960847214e-01 3.9342806322784085e-06 7.8051385765370995e-01 7.8050224960847214e-01 1.1608045237809783e-05 1.5610200415428144e+00 1.5610044992169443e+00 1.5542325870088192e-05
47 7.2656250000000000e-01 7.4967827077316573e-01 7.4967449259714447e-01 3.7781760212629578e-06 7.4968564002250382e-01 7.4967449259714447e-01 1.1147425359347984e-05 1.4993639107956696e+00 1.4993489851942889e+00 1.4925601380610942e-05
48 7.4218750000000000e-01 7.1704431622942333e-01 7.1704070406941978e-01 3.6121600035521340e-06 7.1705136159142158e-01 7.1704070406941978e-01 1.0657522001800146e-05 1.4340956778208449e+00 1.4340814081388396e+00 1.4269682005352280e-05
49 7.5781250000000000e-01 6.8268293748271414e-01 6.8267950168024405e-01 3.4358024700864576e-06 6.8268963870547172e-01 6.8267950168024405e-01 1.0137025227674457e-05 1.3653725761881859e+00 1.3653590033604881e+00 1.3572827697760914e-05
50 7.7343750000000000e-01 6.4667691255549165e-01 6.4667366457585806e-01 3.2479796335804778e-06 6.4668324711886738e-01 6.4667366457585806e-01 9.5825430093121611e-06 1.2933601596743589e+00 1.2933473291517161e+00 1.2830522642781617e-05
51 7.8906250000000000e-01 6.0911298036084349e-01 6.0910993397158597e-01 3.0463892575216533e-06 6.0911892111857324e-01 6.0910993397158597e-01 8.9871469872715437e-06 1.2182319014794167e+00 1.2182198679431719e+00 1.2033536244793197e-05
52 8.0468750000000000e-01 5.7008163104323106e-01 5.7007880418464707e-01 2.8268585839930083e-06 5.7008714248096803e-01 5.7007880418464707e-01 8.3382963209643890e-06 1.1401687735241990e+00 1.1401576083692941e+00 1.1165154904846375e-05
53 8.2031250000000000e-01 5.2967688707828098e-01 5.2967430462542120e-01 2.5824528597784280e-06 5.2968191978869306e-01 5.2967430462542120e-01 7.6151632718568507e-06 1.0593588068669741e+00 1.0593486092508424e+00 1.0197616131746301e-05
54 8.3593750000000000e-01 4.8799607575140425e-01 4.8799377327236332e-01 2.3024790409276186e-06 4.8800055891677835e-01 4.8799377327236332e-01 6.7856444150304895e-06 9.7599663466818254e-01 9.7598754654472664e-01 9.0881234559025970e-06
55 8.5156250000000000e-01 4.4513959378653201e-01 4.4513762217628594e-01 1.9716102460654028e-06 4.4514342591031925e-01 4.4513762217628594e-01 5.8037340333050302e-06 8.9028301969685120e-01 8.9027524435257188e-01 7.7753442793149219e-06
56 8.6718750000000000e-01 4.0121066506588338e-01 4.0120909555893469e-01 1.5695069486842961e-06 4.0121370394674671e-01 4.0120909555893469e-01 4.6083878120217747e-06 8.0242436901263003e-01 8.0241819111786938e-01 6.1778947606505596e-06
57 8.8281250000000000e-01 3.5631509250963173e-01 3.5631402108861598e-01 1.0714210157414250e-06 3.5631714642353762e-01 3.5631402108861598e-01 3.1253349216386894e-06 7.1263223893316940e-01 7.1262804217723197e-01 4.1967559374356256e-06
58 8.9843750000000000e-01 3.1056100518141261e-01 3.1056055493207213e-01 4.5024934047788179e-07 3.1056182817109856e-01 3.1056055493207213e-01 1.2732390264336146e-06 6.2112283335251117e-01 6.2112110986414426e-01 1.7234883669114964e-06
59 9.1406250000000000e-01 2.6405860146617555e-01 2.6405892119680541e-01 -3.1973062986079270e-07 2.6405789610178243e-01 2.6405892119680541e-01 -1.0250950229773181e-06 5.2811649756795798e-01 5.2811784239361081e-01 -1.3448256528381108e-06
60 9.2968750000000000e-01 2.1691988870484488e-01 2.1692114639154575e-01 -1.2576867008673442e-06 2.1691731919290383e-01 2.1692114639154575e-01 -3.8271986419202708e-06 4.3383720789774871e-01 4.3384229278309150e-01 -5.0848853427876151e-06
61 9.4531250000000000e-01 1.6925841905611630e-01 1.6926078954457999e-01 -2.3704884636877033e-06 1.6925363583565284e-01 1.6926078954457999e-01 -7.1537089271489496e-06 3.3851205489176917e-01 3.3852157908915997e-01 -9.5241973908088973e-06
62 9.6093750000000000e-01 1.2118902081122319e-01 1.2119266863010757e-01 -3.6478188843724890e-06 1.2118169492664695e-01 1.2119266863010757e-01 -1.0973703460620543e-05 2.4237071573787014e-01 2.4238533726021513e-01 -1.4621522344993032e-05
63 9.7656250000000000e-01 7.2827524200976129e-02 7.2832583961681144e-02 -5.0597607050145710e-06 7.2817386501519255e-02 7.2832583961681144e-02 -1.5197460161889276e-05 1.4564491070249538e-01 1.4566516792336229e-01 -2.0257220866903847e-05
64 9.9218750000000000e-01 2.4290481121408095e-02 2.4297039219109692e-02 -6.5580977015970709e-06 2.4277358842292023e-02 2.4297039219109692e-02 -1.9680376817668432e-05 4.8567839963700121e-02 4.8594078438219383e-02 -2.6238474519262034e-05
