# P x_center tau_U tau_V tau_Psi
1 3.9062500000000000e-03 7.8050507053006868e-05 2.3415211438937433e-04 3.1220262144238120e-04
2 1.1718750000000000e-02 -3.6151909910131508e-08 -1.0667635308436729e-07 -1.4282826299449880e-07
3 1.9531250000000000e-02 -6.0228970255593595e-08 -1.7772251226233493e-07 -2.3795148251792853e-07
4 2.7343750000000000e-02 -8.4269757394395128e-08 -2.4866162107173295e-07 -3.3293137846612808e-07
5 3.5156250000000000e-02 -1.0825979757100868e-07 -3.1945094747243274e-07 -4.2771074504344142e-07
6 4.2968750000000000e-02 -1.3218456729191530e-07 -3.9004783047857927e-07 -5.2223239777049457e-07
7 5.0781250000000000e-02 -1.5602984149154508e-07 -4.6040983647799294e-07 -6.1643967796953802e-07
8 5.8593750000000000e-02 -1.7978101141125080e-07 -5.3049444659336586e-07 -7.1027545800461667e-07
9 6.6406250000000000e-02 -2.0342395146144554e-07 -6.0025951142961276e-07 -8.0368346289105830e-07
10 7.4218750000000000e-02 -2.2694433710057638e-07 -6.6966305212190491e-07 -8.9660738922248129e-07
11 8.2031250000000000e-02 -2.5032795747392811e-07 -7.3866306138370419e-07 -9.8899101885763230e-07
12 8.9843750000000000e-02 -2.7356082910046098e-07 -8.0721827089291764e-07 -1.0807790999933786e-06
13 9.7656250000000000e-02 -2.9662896849913523e-07 -8.7528718495377689e-07 -1.1719161534529121e-06
14 1.0546875000000000e-01 -3.1951833534549223e-07 -9.4282887630470213e-07 -1.2623472116501944e-06
15 1.1328125000000000e-01 -3.4221528721900540e-07 -1.0098026450577891e-06 -1.3520179322767945e-06
16 1.2109375000000000e-01 -3.6470623854256701e-07 -1.0761681892290653e-06 -1.4408744277716323e-06
17 1.2890625000000000e-01 -3.8697737636539387e-07 -1.1418854342082341e-06 -1.5288628105736279e-06
18 1.3671875000000000e-01 -4.0901534248405369e-07 -1.2069150443494436e-06 -1.6159303868334973e-06
19 1.4453125000000000e-01 -4.3080706291220849e-07 -1.2712173429463292e-06 -1.7020244058585376e-06
20 1.5234375000000000e-01 -4.5233923628984485e-07 -1.3347539606911596e-06 -1.7870931969810044e-06
21 1.6015625000000000e-01 -4.7359878863062477e-07 -1.3974865851196228e-06 -1.8710853737502475e-06
22 1.6796875000000000e-01 -4.9457332806923660e-07 -1.4593774722015951e-06 -1.9539508002708317e-06
23 1.7578125000000000e-01 -5.1524966693250462e-07 -1.5203893326543039e-06 -2.0356389995868085e-06
24 1.8359375000000000e-01 -5.3561586810246808e-07 -1.5804854456291650e-06 -2.1161013137316331e-06
25 1.9140625000000000e-01 -5.5565931234013988e-07 -1.6396293176512700e-06 -2.1952886299914098e-06
26 1.9921875000000000e-01 -5.7536817621439695e-07 -1.6977857058009249e-06 -2.2731538820153219e-06
27 2.0703125000000000e-01 -5.9473040892044082e-07 -1.7549193671584362e-06 -2.3496497760788770e-06
28 2.1484375000000000e-01 -6.1373430071398616e-07 -1.8109957409251365e-06 -2.4247300416391226e-06
29 2.2265625000000000e-01 -6.3236871028493624e-07 -1.8659815168575733e-06 -2.4983502271425095e-06
30 2.3046875000000000e-01 -6.5062204157584347e-07 -1.9198431573386188e-06 -2.5704651989144622e-06
31 2.3828125000000000e-01 -6.6848349433712428e-07 -1.9725483753063600e-06 -2.6410318696434842e-06
32 2.4609375000000000e-01 -6.8594215463235741e-07 -2.0240654521330725e-06 -2.7100076067654300e-06
33 2.5390625000000000e-01 -7.0298790433298564e-07 -2.0743634649988962e-06 -2.7773513693318819e-06
34 2.6171875000000000e-01 -7.1960994318942539e-07 -2.1234114910839708e-06 -2.8430214342733962e-06
35 2.6953125000000000e-01 -7.3579860782047035e-07 -2.1711807676183525e-06 -2.9069793754388229e-06
36 2.7734375000000000e-01 -7.5154412115807645e-07 -2.2176421907715849e-06 -2.9691863119296613e-06
37 2.8515625000000000e-01 -7.6683693350787507e-07 -2.2627677935815882e-06 -3.0296047270894633e-06
38 2.9296875000000000e-01 -7.8166783623601077e-07 -2.3065304048941471e-06 -3.0881982411301578e-06
39 3.0078125000000000e-01 -7.9602784808230354e-07 -2.3489034219892346e-06 -3.1449312700715382e-06
40 3.0859375000000000e-01 -8.0990798778657336e-07 -2.3898617200757144e-06 -3.1997697078622878e-06
41 3.1640625000000000e-01 -8.2330097939120606e-07 -2.4293804017361253e-06 -3.2526813811273314e-06
42 3.2421875000000000e-01 -8.3619761426234618e-07 -2.4674357064213837e-06 -3.3036333206837298e-06
43 3.3203125000000000e-01 -8.4859038906870410e-07 -2.5040051241376204e-06 -3.3525955132063245e-06
44 3.3984375000000000e-01 -8.6047248260001652e-07 -2.5390656901436159e-06 -3.3995381727436325e-06
45 3.4765625000000000e-01 -8.7183616415131837e-07 -2.5725969408085803e-06 -3.4444331049598986e-06
46 3.5546875000000000e-01 -8.8267415776499547e-07 -2.6045786398753989e-06 -3.4872527976403944e-06
47 3.6328125000000000e-01 -8.9298077909916174e-07 -2.6349914605816593e-06 -3.5279722396808211e-06
48 3.7109375000000000e-01 -9.0274988906458020e-07 -2.6638167582859751e-06 -3.5665666473505553e-06
49 3.7890625000000000e-01 -9.1197466645098757e-07 -2.6910381620837143e-06 -3.6030128285347018e-06
50 3.8671875000000000e-01 -9.2065056378487498e-07 -2.7166381642018678e-06 -3.6372887279867427e-06
51 3.9453125000000000e-01 -9.2877166935068090e-07 -2.7406017579778563e-06 -3.6693734273285372e-06
52 4.0234375000000000e-01 -9.3633298092754558e-07 -2.7629143914964516e-06 -3.6992473724239971e-06
53 4.1015625000000000e-01 -9.4333086053666193e-07 -2.7835626497108024e-06 -3.7268935102474643e-06
54 4.1796875000000000e-01 -9.4976030595717020e-07 -2.8025344818161102e-06 -3.7522947877732804e-06
55 4.2578125000000000e-01 -9.5561745183658786e-07 -2.8198182917549275e-06 -3.7754357435915153e-06
56 4.3359375000000000e-01 -9.6089911494345870e-07 -2.8354036203381838e-06 -3.7963027352816425e-06
57 4.4140625000000000e-01 -9.6560211204632651e-07 -2.8492806904978352e-06 -3.8148828025441617e-06
58 4.4921875000000000e-01 -9.6972325991373509e-07 -2.8614413167815655e-06 -3.8311645766953006e-06
59 4.5703125000000000e-01 -9.7326028480893001e-07 -2.8718782232317608e-06 -3.8451385080406908e-06
60 4.6484375000000000e-01 -9.7621114036883228e-07 -2.8805857255065348e-06 -3.8567968658753671e-06
61 4.7265625000000000e-01 -9.7857378023036290e-07 -2.8875579118903261e-06 -3.8661316921206890e-06
62 4.8046875000000000e-01 -9.8034729489882011e-07 -2.8927909170306521e-06 -3.8731382119294722e-06
63 4.8828125000000000e-01 -9.8153032013215125e-07 -2.8962811029487057e-06 -3.8778114230808569e-06
64 4.9609375000000000e-01 -9.8212194643565454e-07 -2.8980268780287588e-06 -3.8801488244644133e-06
65 5.0390625000000000e-01 -9.8212194643565454e-07 -2.8980268780287588e-06 -3.8801488244644133e-06
66 5.1171875000000000e-01 -9.8153032013215125e-07 -2.8962811029487057e-06 -3.8778114230808569e-06
67 5.1953125000000000e-01 -9.8034729489882011e-07 -2.8927909170306521e-06 -3.8731382119294722e-06
68 5.2734375000000000e-01 -9.7857378023036290e-07 -2.8875579118903261e-06 -3.8661316921206890e-06
69 5.3515625000000000e-01 -9.7621114036883228e-07 -2.8805857255065348e-06 -3.8567968658753671e-06
70 5.4296875000000000e-01 -9.7326028480893001e-07 -2.8718782232317608e-06 -3.8451385080406908e-06
71 5.5078125000000000e-01 -9.6972325991373509e-07 -2.8614413167815655e-06 -3.8311645766953006e-06
72 5.5859375000000000e-01 -9.6560211204632651e-07 -2.8492806904978352e-06 -3.8148828025441617e-06
73 5.6640625000000000e-01 -9.6089911494345870e-07 -2.8354036203381838e-06 -3.7963027352816425e-06
74 5.7421875000000000e-01 -9.5561745183658786e-07 -2.8198182917549275e-06 -3.7754357435915153e-06
75 5.8203125000000000e-01 -9.4976030595717020e-07 -2.8025344818161102e-06 -3.7522947877732804e-06
76 5.8984375000000000e-01 -9.4333086053666193e-07 -2.7835626497108024e-06 -3.7268935102474643e-06
77 5.9765625000000000e-01 -9.3633320830122102e-07 -2.7629146188701270e-06 -3.6992478271713480e-06
78 6.0546875000000000e-01 -9.2877166935068090e-07 -2.7406015306041809e-06 -3.6693731999548618e-06
79 6.1328125000000000e-01 -9.2065056378487498e-07 -2.7166381642018678e-06 -3.6372887279867427e-06
80 6.2109375000000000e-01 -9.1197489382466301e-07 -2.6910381620837143e-06 -3.6030130559083773e-06
81 6.2890625000000000e-01 -9.0274988906458020e-07 -2.6638169856596505e-06 -3.5665668747242307e-06
82 6.3671875000000000e-01 -8.9298100647283718e-07 -2.6349914605816593e-06 -3.5279724670544965e-06
83 6.4453125000000000e-01 -8.8267415776499547e-07 -2.6045786398753989e-06 -3.4872527976403944e-06
84 6.5234375000000000e-01 -8.7183616415131837e-07 -2.5725969408085803e-06 -3.4444331049598986e-06
85 6.6015625000000000e-01 -8.6047248260001652e-07 -2.5390656901436159e-06 -3.3995381727436325e-06
86 6.6796875000000000e-01 -8.4859061644237954e-07 -2.5040046693902696e-06 -3.3525952858326491e-06
87 6.7578125000000000e-01 -8.3619761426234618e-07 -2.4674357064213837e-06 -3.3036333206837298e-06
88 6.8359375000000000e-01 -8.2330097939120606e-07 -2.4293804017361253e-06 -3.2526813811273314e-06
89 6.9140625000000000e-01 -8.0990821516024880e-07 -2.3898617200757144e-06 -3.1997699352359632e-06
90 6.9921875000000000e-01 -7.9602784808230354e-07 -2.3489034219892346e-06 -3.1449312700715382e-06
91 7.0703125000000000e-01 -7.8166772254917305e-07 -2.3065304048941471e-06 -3.0881981274433201e-06
92 7.1484375000000000e-01 -7.6683693350787507e-07 -2.2627676798947505e-06 -3.0296046134026255e-06
93 7.2265625000000000e-01 -7.5154412115807645e-07 -2.2176421907715849e-06 -2.9691863119296613e-06
94 7.3046875000000000e-01 -7.3579860782047035e-07 -2.1711807676183525e-06 -2.9069793754388229e-06
95 7.3828125000000000e-01 -7.1960994318942539e-07 -2.1234114910839708e-06 -2.8430214342733962e-06
96 7.4609375000000000e-01 -7.0298790433298564e-07 -2.0743634649988962e-06 -2.7773513693318819e-06
97 7.5390625000000000e-01 -6.8594215463235741e-07 -2.0240654521330725e-06 -2.7100076067654300e-06
98 7.6171875000000000e-01 -6.6848349433712428e-07 -1.9725484889931977e-06 -2.6410319833303220e-06
99 7.6953125000000000e-01 -6.5062204157584347e-07 -1.9198431573386188e-06 -2.5704651989144622e-06
100 7.7734375000000000e-01 -6.3236871028493624e-07 -1.8659815168575733e-06 -2.4983502271425095e-06
101 7.8515625000000000e-01 -6.1373430071398616e-07 -1.8109957409251365e-06 -2.4247300416391226e-06
102 7.9296875000000000e-01 -5.9473052260727854e-07 -1.7549192534715985e-06 -2.3496497760788770e-06
103 8.0078125000000000e-01 -5.7536828990123468e-07 -1.6977857058009249e-06 -2.2731539957021596e-06
104 8.0859375000000000e-01 -5.5565942602697760e-07 -1.6396292039644322e-06 -2.1952886299914098e-06
105 8.1640625000000000e-01 -5.3561586810246808e-07 -1.5804853319423273e-06 -2.1161012000447954e-06
106 8.2421875000000000e-01 -5.1524966693250462e-07 -1.5203893326543039e-06 -2.0356389995868085e-06
107 8.3203125000000000e-01 -4.9457332806923660e-07 -1.4593774722015951e-06 -1.9539508002708317e-06
108 8.3984375000000000e-01 -4.7359878863062477e-07 -1.3974866988064605e-06 -1.8710854874370852e-06
109 8.4765625000000000e-01 -4.5233934997668257e-07 -1.3347538470043219e-06 -1.7870931969810044e-06
110 8.5546875000000000e-01 -4.3080706291220849e-07 -1.2712173429463292e-06 -1.7020244058585376e-06
111 8.6328125000000000e-01 -4.0901534248405369e-07 -1.2069149306626059e-06 -1.6159302731466596e-06
112 8.7109375000000000e-01 -3.8697743320881273e-07 -1.1418854910516529e-06 -1.5288629242604657e-06
113 8.7890625000000000e-01 -3.6470618169914815e-07 -1.0761681892290653e-06 -1.4408743709282135e-06
114 8.8671875000000000e-01 -3.4221528721900540e-07 -1.0098026450577891e-06 -1.3520179322767945e-06
115 8.9453125000000000e-01 -3.1951833534549223e-07 -9.4282887630470213e-07 -1.2623472116501944e-06
116 9.0234375000000000e-01 -2.9662902534255409e-07 -8.7528718495377689e-07 -1.1719162102963310e-06
117 9.1015625000000000e-01 -2.7356077225704212e-07 -8.0721821404949878e-07 -1.0807789863065409e-06
118 9.1796875000000000e-01 -2.5032795747392811e-07 -7.3866311822712305e-07 -9.8899107570105116e-07
119 9.2578125000000000e-01 -2.2694428025715752e-07 -6.6966299527848605e-07 -8.9660727553564357e-07
120 9.3359375000000000e-01 -2.0342389461802668e-07 -6.0025945458619390e-07 -8.0368334920422058e-07
121 9.4140625000000000e-01 -1.7978103983296023e-07 -5.3049444659336586e-07 -7.1027548642632610e-07
122 9.4921875000000000e-01 -1.5602984149154508e-07 -4.6040983647799294e-07 -6.1643967796953802e-07
123 9.5703125000000000e-01 -1.3218456729191530e-07 -3.9004783047857927e-07 -5.2223239777049457e-07
124 9.6484375000000000e-01 -1.0825982599271811e-07 -3.1945097589414218e-07 -4.2771080188686028e-07
125 9.7265625000000000e-01 -8.4269743183540413e-08 -2.4866160686087824e-07 -3.3293135004441865e-07
126 9.8046875000000000e-01 -6.0228984466448310e-08 -1.7772256910575379e-07 -2.3795155357220210e-07
127 9.8828125000000000e-01 -3.6151902804704150e-08 -1.0667635308436729e-07 -1.4282825588907144e-07
128 9.9609375000000000e-01 7.8050507060112295e-05 2.3415211441957240e-04 3.1220262147968469e-04
