# P x u_num u_exact u_err v_num v_exact v_err psi_num psi_exact psi_err
1 3.1250000000000000e-02 9.6747786515673867e-02 9.7041853487850355e-02 -2.9406697217648770e-04 9.6159265178779638e-02 9.7041853487850355e-02 -8.8258830907071706e-04 1.9290705169445349e-01 1.9408370697570071e-01 -1.1766552812472186e-03
2 9.3750000000000000e-02 2.8733332805600725e-01 2.8739629645571135e-01 -6.2968399704099731e-05 2.8720624396055616e-01 2.8739629645571135e-01 -1.9005249515519074e-04 5.7453957201656336e-01 5.7479259291142271e-01 -2.5302089485934598e-04
3 1.5625000000000000e-01 4.6672589648260304e-01 4.6670626092447931e-01 1.9635558123731744e-05 4.6676330449933551e-01 4.6670626092447931e-01 5.7043574856197043e-05 9.3348920098193855e-01 9.3341252184895862e-01 7.6679132979928788e-05
4 2.1875000000000000e-01 6.2812856655695370e-01 6.2808096551780601e-01 4.7601039147693314e-05 6.2822126132544109e-01 6.2808096551780601e-01 1.4029580763508243e-04 1.2563498278823948e+00 1.2561619310356120e+00 1.8789684678277574e-04
5 2.8125000000000000e-01 7.6538008128970580e-01 7.6531887083814687e-01 6.1210451558935119e-05 7.6549944702701500e-01 7.6531887083814687e-01 1.8057618886813120e-04 1.5308795283167207e+00 1.5306377416762937e+00 2.4178664042695530e-04
6 3.4375000000000000e-01 8.7321625611952847e-01 8.7314600114794494e-01 7.0254971583527670e-05 8.7335328044917737e-01 8.7314600114794494e-01 2.0727930123243254e-04 1.7465695365687059e+00 1.7462920022958899e+00 2.7753427281607124e-04
7 4.0625000000000000e-01 9.4749489983206603e-01 9.4741862029954660e-01 7.6279532519429871e-05 9.4764367678604222e-01 9.4741862029954660e-01 2.2505648649562282e-04 1.8951385766181081e+00 1.8948372405990932e+00 3.0133601901494167e-04
8 4.6875000000000000e-01 9.8536180620812486e-01 9.8528247319151974e-01 7.9333016605120932e-05 9.8551653897713454e-01 9.8528247319151974e-01 2.3406578561480096e-04 1.9708783451852594e+00 1.9705649463830395e+00 3.1339880221992189e-04
9 5.3125000000000000e-01 9.8536180620812519e-01 9.8528247319151985e-01 7.9333016605342976e-05 9.8551653897713309e-01 9.8528247319151985e-01 2.3406578561324665e-04 1.9708783451852583e+00 1.9705649463830397e+00 3.1339880221858962e-04
10 5.9375000000000000e-01 9.4749489983206558e-01 9.4741862029954660e-01 7.6279532518985782e-05 9.4764367678604489e-01 9.4741862029954660e-01 2.2505648649828736e-04 1.8951385766181104e+00 1.8948372405990932e+00 3.0133601901716212e-04
11 6.5625000000000000e-01 8.7321625611952802e-01 8.7314600114794505e-01 7.0254971582972559e-05 8.7335328044917759e-01 8.7314600114794505e-01 2.0727930123254357e-04 1.7465695365687055e+00 1.7462920022958901e+00 2.7753427281540510e-04
12 7.1875000000000000e-01 7.6538008128970592e-01 7.6531887083814698e-01 6.1210451558935119e-05 7.6549944702701400e-01 7.6531887083814698e-01 1.8057618886702098e-04 1.5308795283167198e+00 1.5306377416762940e+00 2.4178664042584508e-04
13 7.8125000000000000e-01 6.2812856655695393e-01 6.2808096551780601e-01 4.7601039147915358e-05 6.2822126132544176e-01 6.2808096551780601e-01 1.4029580763574856e-04 1.2563498278823957e+00 1.2561619310356120e+00 1.8789684678366392e-04
14 8.4375000000000000e-01 4.6672589648260310e-01 4.6670626092447953e-01 1.9635558123565211e-05 4.6676330449933517e-01 4.6670626092447953e-01 5.7043574855641932e-05 9.3348920098193822e-01 9.3341252184895906e-01 7.6679132979151632e-05
15 9.0625000000000000e-01 2.8733332805600731e-01 2.8739629645571141e-01 -6.2968399704099731e-05 2.8720624396055633e-01 2.8739629645571141e-01 -1.9005249515507971e-04 5.7453957201656358e-01 5.7479259291142282e-01 -2.5302089485923496e-04
16 9.6875000000000000e-01 9.6747786515673867e-02 9.7041853487850577e-02 -2.9406697217670974e-04 9.6159265178779388e-02 9.7041853487850577e-02 -8.8258830907118890e-04 1.9290705169445327e-01 1.9408370697570115e-01 -1.1766552812478848e-03
