# P x_center tau_U tau_V tau_Psi
1 9.7656250000000000e-04 4.8792073563674876e-06 1.4637624378366354e-05 1.9516831734733842e-05
2 2.9296875000000000e-03 -1.4125589586910792e-10 -4.1679726336951717e-10 -5.5805315923862508e-10
3 4.8828125000000000e-03 -2.3540280835732119e-10 -6.9462657847907394e-10 -9.3002938683639513e-10
4 6.8359375000000000e-03 -3.2956393170024967e-10 -9.7244878816127311e-10 -1.3020127198615228e-09
5 8.7890625000000000e-03 -4.2371084418846294e-10 -1.2502425761340419e-09 -1.6739534203225048e-09
6 1.0742187500000000e-02 -5.1784354582196102e-10 -1.5279795206879498e-09 -2.0458230665099109e-09
7 1.2695312500000000e-02 -6.1194782574602868e-10 -1.8056596218229970e-09 -2.4176074475690257e-09
8 1.4648437500000000e-02 -7.0602368396066595e-10 -2.0832828795391833e-09 -2.7893065634998493e-09
9 1.6601562500000000e-02 -8.0001427704701200e-10 -2.3608208721270785e-09 -3.1608351491740905e-09
10 1.8554687500000000e-02 -8.9414697868051007e-10 -2.6382735995866824e-09 -3.5324205782671925e-09
11 2.0507812500000000e-02 -9.8805230663856491e-10 -2.9156126402085647e-09 -3.9036649468471296e-09
12 2.2460937500000000e-02 -1.0820144780154806e-09 -3.1928379939927254e-09 -4.2748524720082060e-09
13 2.4414062500000000e-02 -1.1760334928112570e-09 -3.4700633477768861e-09 -4.6460968405881431e-09
14 2.6367187500000000e-02 -1.2698251339315902e-09 -3.7469476410478819e-09 -5.0167727749794722e-09
15 2.8320312500000000e-02 -1.3636167750519235e-09 -4.0237750909000169e-09 -5.3873918659519404e-09
16 3.0273437500000000e-02 -1.4574652595911175e-09 -4.3004888539144304e-09 -5.7579541135055479e-09
17 3.2226562500000000e-02 -1.5510295270360075e-09 -4.5769752432534005e-09 -6.1280047702894080e-09
18 3.4179687500000000e-02 -1.6447074813186191e-09 -4.8534047891735099e-09 -6.4981122704921290e-09
19 3.6132812500000000e-02 -1.7383854356012307e-09 -5.1295501179993153e-09 -6.8679355536005460e-09
20 3.8085937500000000e-02 -1.8317223293706775e-09 -5.4054680731496774e-09 -7.2371904025203548e-09
21 4.0039062500000000e-02 -1.9254002836532891e-09 -5.6812723414623179e-09 -7.6066726251156069e-09
22 4.1992187500000000e-02 -2.0187371774227358e-09 -5.9567355492617935e-09 -7.9754727266845293e-09
23 4.3945312500000000e-02 -2.1120740711921826e-09 -6.2323124438989908e-09 -8.3443865150911734e-09
24 4.5898437500000000e-02 -2.2050699044484645e-09 -6.5072072175098583e-09 -8.7122771219583228e-09
25 4.7851562500000000e-02 -2.2985204850556329e-09 -6.7822156779584475e-09 -9.0807361630140804e-09
26 4.9804687500000000e-02 -2.3916300051496364e-09 -7.0567693910561502e-09 -9.4483993962057866e-09
27 5.1757812500000000e-02 -2.4845121515681967e-09 -7.3310957304784097e-09 -9.8156078820466064e-09
28 5.3710937500000000e-02 -2.5773942979867570e-09 -7.6050810093875043e-09 -1.0182475307374261e-08
29 5.5664062500000000e-02 -2.6701627575675957e-09 -7.8790662882965989e-09 -1.0549229045864195e-08
30 5.7617187500000000e-02 -2.7629312171484344e-09 -8.1523694461793639e-09 -1.0915300663327798e-08
31 5.9570312500000000e-02 -2.8553586162161082e-09 -8.4256726040621288e-09 -1.1281031220278237e-08
32 6.1523437500000000e-02 -2.9477860152837820e-09 -8.6982936409185641e-09 -1.1646079656202346e-08
33 6.3476562500000000e-02 -3.0400997275137343e-09 -8.9710283646127209e-09 -1.2011128092126455e-08
34 6.5429687500000000e-02 -3.1325271265814081e-09 -9.2434220277937129e-09 -1.2375949154375121e-08
35 6.7382812500000000e-02 -3.2243860914604738e-09 -9.5149061962729320e-09 -1.2739292287733406e-08
36 6.9335937500000000e-02 -3.3166998036904261e-09 -9.7863903647521511e-09 -1.3103090168442577e-08
37 7.1289062500000000e-02 -3.4083313948940486e-09 -1.0057419785880484e-08 -1.3465751180774532e-08
38 7.3242187500000000e-02 -3.5004177334485576e-09 -1.0327994459657930e-08 -1.3828412193106487e-08
39 7.5195312500000000e-02 -3.5918219509767368e-09 -1.0598796507110819e-08 -1.4190618458087556e-08
40 7.7148437500000000e-02 -3.6834535421803594e-09 -1.0868461686186492e-08 -1.4551915228366852e-08
41 7.9101562500000000e-02 -3.7744030123576522e-09 -1.1138126865262166e-08 -1.4912529877619818e-08
42 8.1054687500000000e-02 -3.8660346035612747e-09 -1.1407109923311509e-08 -1.5273144526872784e-08
43 8.3007812500000000e-02 -3.9567567000631243e-09 -1.1676092981360853e-08 -1.5632849681423977e-08
44 8.4960937500000000e-02 -4.0477061702404171e-09 -1.1944393918383867e-08 -1.5992100088624284e-08
45 8.6914062500000000e-02 -4.1384282667422667e-09 -1.2211785360705107e-08 -1.6350213627447374e-08
46 8.8867187500000000e-02 -4.2291503632441163e-09 -1.2479858924052678e-08 -1.6709009287296794e-08
47 9.0820312500000000e-02 -4.3194177123950794e-09 -1.2746340871672146e-08 -1.7065758584067225e-08
48 9.2773437500000000e-02 -4.4099124352214858e-09 -1.3012595445616171e-08 -1.7422507880837657e-08
49 9.4726562500000000e-02 -4.5001797843724489e-09 -1.3278622645884752e-08 -1.7778802430257201e-08
50 9.6679687500000000e-02 -4.5899923861725256e-09 -1.3543967725127004e-08 -1.8133960111299530e-08
51 9.8632812500000000e-02 -4.6800323616480455e-09 -1.3809085430693813e-08 -1.8489117792341858e-08
52 1.0058593750000000e-01 -4.7693902160972357e-09 -1.4073521015234292e-08 -1.8842911231331527e-08
53 1.0253906250000000e-01 -4.8587480705464259e-09 -1.4337274478748441e-08 -1.9196022549294867e-08
54 1.0449218750000000e-01 -4.9478785513201728e-09 -1.4600118447560817e-08 -1.9547996998880990e-08
55 1.0644531250000000e-01 -5.0367816584184766e-09 -1.4863189790048636e-08 -1.9899971448467113e-08
56 1.0839843750000000e-01 -5.1259121391922235e-09 -1.5125124264159240e-08 -2.0251036403351463e-08
57 1.1035156250000000e-01 -5.2148152462905273e-09 -1.5387286111945286e-08 -2.0602101358235814e-08
58 1.1230468750000000e-01 -5.3030362323625013e-09 -1.5648083717678674e-08 -2.0951119950041175e-08
59 1.1425781250000000e-01 -5.3912572184344754e-09 -1.5908426576061174e-08 -2.1299683794495650e-08
60 1.1621093750000000e-01 -5.4794782045064494e-09 -1.6168314687092789e-08 -2.1647792891599238e-08
61 1.1816406250000000e-01 -5.5670170695520937e-09 -1.6427520677098073e-08 -2.1994537746650167e-08
62 1.2011718750000000e-01 -5.6547833082731813e-09 -1.6686271919752471e-08 -2.2341055228025652e-08
63 1.2207031250000000e-01 -5.7423221733188257e-09 -1.6944341041380540e-08 -2.2686663214699365e-08
64 1.2402343750000000e-01 -5.8296336646890268e-09 -1.7201500668306835e-08 -2.3031134332995862e-08
65 1.2597656250000000e-01 -5.9169451560592279e-09 -1.7458660295233130e-08 -2.3375605451292358e-08
66 1.2792968750000000e-01 -6.0035745264030993e-09 -1.7714455680106767e-08 -2.3718030206509866e-08
67 1.2988281250000000e-01 -6.0902038967469707e-09 -1.7969796317629516e-08 -2.4060000214376487e-08
68 1.3183593750000000e-01 -6.1761511460645124e-09 -1.8224227460450493e-08 -2.4400378606515005e-08
69 1.3378906250000000e-01 -6.2620983953820542e-09 -1.8478203855920583e-08 -2.4740302251302637e-08
70 1.3574218750000000e-01 -6.3480456446995959e-09 -1.8732180251390673e-08 -2.5080225896090269e-08
71 1.3769531250000000e-01 -6.4337655203416944e-09 -1.8984792404808104e-08 -2.5418557925149798e-08
72 1.3964843750000000e-01 -6.5192580223083496e-09 -1.9236722437199205e-08 -2.5755980459507555e-08
73 1.4160156250000000e-01 -6.6042957769241184e-09 -1.9487742974888533e-08 -2.6092038751812652e-08
74 1.4355468750000000e-01 -6.6888787841890007e-09 -1.9737854017876089e-08 -2.6426732802065089e-08
75 1.4550781250000000e-01 -6.7739165388047695e-09 -1.9987510313512757e-08 -2.6761426852317527e-08
76 1.4746093750000000e-01 -6.8584995460696518e-09 -2.0236711861798540e-08 -2.7095211407868192e-08
77 1.4941406250000000e-01 -6.9421730586327612e-09 -2.0485003915382549e-08 -2.7427176974015310e-08
78 1.5136718750000000e-01 -7.0263013185467571e-09 -2.0732386474264786e-08 -2.7758687792811543e-08
79 1.5332031250000000e-01 -7.1099748311098665e-09 -2.0978859538445249e-08 -2.8088834369555116e-08
80 1.5527343750000000e-01 -7.1931935963220894e-09 -2.1225332602625713e-08 -2.8418526198947802e-08
81 1.5722656250000000e-01 -7.2755028668325394e-09 -2.1469531930051744e-08 -2.8745034796884283e-08
82 1.5917968750000000e-01 -7.3591763793956488e-09 -2.1714186004828662e-08 -2.9073362384224311e-08
83 1.6113281250000000e-01 -7.4414856499060988e-09 -2.1957475837552920e-08 -2.9398961487459019e-08
84 1.6308593750000000e-01 -7.5233401730656624e-09 -2.2200310922926292e-08 -2.9723651095991954e-08
85 1.6503906250000000e-01 -7.6051946962252259e-09 -2.2441327018896118e-08 -3.0046521715121344e-08
86 1.6699218750000000e-01 -7.6875039667356759e-09 -2.2683252609567717e-08 -3.0370756576303393e-08
87 1.6894531250000000e-01 -7.7689037425443530e-09 -2.2922904463484883e-08 -3.0691808206029236e-08
88 1.7089843750000000e-01 -7.8498487710021436e-09 -2.3162101570051163e-08 -3.1011950341053307e-08
89 1.7285156250000000e-01 -7.9307937994599342e-09 -2.3400843929266557e-08 -3.1331637728726491e-08
90 1.7480468750000000e-01 -8.0108293332159519e-09 -2.3637767299078405e-08 -3.1648596632294357e-08
91 1.7675781250000000e-01 -8.0908648669719696e-09 -2.3874690668890253e-08 -3.1965555535862222e-08
92 1.7871093750000000e-01 -8.1709004007279873e-09 -2.4109795049298555e-08 -3.2280695450026542e-08
93 1.8066406250000000e-01 -8.2500264397822320e-09 -2.4344899429706857e-08 -3.2594925869489089e-08
94 1.8261718750000000e-01 -8.3296072261873633e-09 -2.4578639568062499e-08 -3.2908246794249862e-08
95 1.8457031250000000e-01 -8.4082785178907216e-09 -2.4811470211716369e-08 -3.3219748729607090e-08
96 1.8652343750000000e-01 -8.4869498095940799e-09 -2.5043846108019352e-08 -3.3530795917613432e-08
97 1.8847656250000000e-01 -8.5660758486483246e-09 -2.5274857762269676e-08 -3.3840933610918000e-08
98 1.9042968750000000e-01 -8.6429281509481370e-09 -2.5504505174467340e-08 -3.4147433325415477e-08
99 1.9238281250000000e-01 -8.7211446953006089e-09 -2.5734152586665004e-08 -3.4455297281965613e-08
100 1.9433593750000000e-01 -8.7984517449513078e-09 -2.5961526262108237e-08 -3.4759978007059544e-08
101 1.9628906250000000e-01 -8.8757587946020067e-09 -2.6188899937551469e-08 -3.5064658732153475e-08
102 1.9824218750000000e-01 -8.9526110969018191e-09 -2.6415818865643814e-08 -3.5368429962545633e-08
103 2.0019531250000000e-01 -9.0280991571489722e-09 -2.6640464056981727e-08 -3.5668563214130700e-08
104 2.0214843750000000e-01 -9.1040419647470117e-09 -2.6864199753617868e-08 -3.5968241718364879e-08
105 2.0410156250000000e-01 -9.1799847723450512e-09 -2.7088390197604895e-08 -3.6268374969949946e-08
106 2.0605468750000000e-01 -9.2554728325922042e-09 -2.7310306904837489e-08 -3.6565779737429693e-08
107 2.0800781250000000e-01 -9.3300513981375843e-09 -2.7531314117368311e-08 -3.6861365515505895e-08
108 2.0996093750000000e-01 -9.4050847110338509e-09 -2.7751411835197359e-08 -3.7156496546231210e-08
109 2.1191406250000000e-01 -9.4792085292283446e-09 -2.7970600058324635e-08 -3.7449808587552980e-08
110 2.1386718750000000e-01 -9.5533323474228382e-09 -2.8188424039399251e-08 -3.7741756386822090e-08
111 2.1582031250000000e-01 -9.6260919235646725e-09 -2.8405338525772095e-08 -3.8031430449336767e-08
112 2.1777343750000000e-01 -9.6997609944082797e-09 -2.8620888770092279e-08 -3.8320649764500558e-08
113 2.1972656250000000e-01 -9.7729753179010004e-09 -2.8836439014412463e-08 -3.8609414332313463e-08
114 2.2167968750000000e-01 -9.8448253993410617e-09 -2.9049260774627328e-08 -3.8894086173968390e-08
115 2.2363281250000000e-01 -9.9166754807811230e-09 -2.9262537282193080e-08 -3.9179212762974203e-08
116 2.2558593750000000e-01 -9.9885255622211844e-09 -2.9473540053004399e-08 -3.9462065615225583e-08
117 2.2753906250000000e-01 -1.0060375643661246e-08 -2.9684542823815718e-08 -3.9744918467476964e-08
118 2.2949218750000000e-01 -1.0131316230399534e-08 -2.9893726605223492e-08 -4.0025042835623026e-08
119 2.3144531250000000e-01 -1.0201347322436050e-08 -3.0101546144578606e-08 -4.0302893467014655e-08
120 2.3339843750000000e-01 -1.0271833161823452e-08 -3.0309365683933720e-08 -4.0581198845757172e-08
121 2.3535156250000000e-01 -1.0341409506509081e-08 -3.0514911486534402e-08 -4.0856320993043482e-08
122 2.3730468750000000e-01 -1.0410531103843823e-08 -3.0719093047082424e-08 -4.1129624150926247e-08
123 2.3925781250000000e-01 -1.0479197953827679e-08 -3.0922819860279560e-08 -4.1402017814107239e-08
124 2.4121093750000000e-01 -1.0548774298513308e-08 -3.1126091926125810e-08 -4.1674866224639118e-08
125 2.4316406250000000e-01 -1.0615622159093618e-08 -3.1326180760515854e-08 -4.1941802919609472e-08
126 2.4511718750000000e-01 -1.0684289009077474e-08 -3.1527179089607671e-08 -4.2211468098685145e-08
127 2.4707031250000000e-01 -1.0752046364359558e-08 -3.1725448934594169e-08 -4.2477495298953727e-08
128 2.4902343750000000e-01 -1.0818439477588981e-08 -3.1923718779580668e-08 -4.2742158257169649e-08
129 2.5097656250000000e-01 -1.0885742085520178e-08 -3.2120169635163620e-08 -4.3005911720683798e-08
130 2.5292968750000000e-01 -1.0951680451398715e-08 -3.2316165743395686e-08 -4.3267846194794402e-08
131 2.5488281250000000e-01 -1.1017618817277253e-08 -3.2509433367522433e-08 -4.3527052184799686e-08
132 2.5683593750000000e-01 -1.1082647688454017e-08 -3.2701791496947408e-08 -4.3784439185401425e-08
133 2.5878906250000000e-01 -1.1147221812279895e-08 -3.2893694879021496e-08 -4.4040916691301391e-08
134 2.6074218750000000e-01 -1.1211341188754886e-08 -3.3083779271692038e-08 -4.4295120460446924e-08
135 2.6269531250000000e-01 -1.1275915312580764e-08 -3.3272954169660807e-08 -4.4548869482241571e-08
136 2.6464843750000000e-01 -1.1339579941704869e-08 -3.3460764825576916e-08 -4.4800344767281786e-08
137 2.6660156250000000e-01 -1.1402789823478088e-08 -3.3647211239440367e-08 -4.5050001062918454e-08
138 2.6855468750000000e-01 -1.1465999705251306e-08 -3.3833202905952930e-08 -4.5299202611204237e-08
139 2.7050781250000000e-01 -1.1527845344971865e-08 -3.4016920835711062e-08 -4.5544766180682927e-08
140 2.7246093750000000e-01 -1.1590145732043311e-08 -3.4199274523416534e-08 -4.5789420255459845e-08
141 2.7441406250000000e-01 -1.1651536624412984e-08 -3.4381173463771120e-08 -4.6032710088184103e-08
142 2.7636718750000000e-01 -1.1712472769431770e-08 -3.4561708162073046e-08 -4.6274180931504816e-08
143 2.7832031250000000e-01 -1.1772954167099670e-08 -3.4740423870971426e-08 -4.6513378038071096e-08
144 2.8027343750000000e-01 -1.1833435564767569e-08 -3.4917775337817147e-08 -4.6751210902584717e-08
145 2.8222656250000000e-01 -1.1893462215084583e-08 -3.5095126804662868e-08 -4.6988589019747451e-08
146 2.8417968750000000e-01 -1.1952579370699823e-08 -3.5268385545350611e-08 -4.7220964916050434e-08
147 2.8613281250000000e-01 -1.2012151273665950e-08 -3.5443918022792786e-08 -4.7456069296458736e-08
148 2.8808593750000000e-01 -1.2069904187228531e-08 -3.5614903026726097e-08 -4.7684807213954628e-08
149 2.9003906250000000e-01 -1.2128566595492885e-08 -3.5786797525361180e-08 -4.7915364120854065e-08
150 2.9199218750000000e-01 -1.2185410014353693e-08 -3.5955054045189172e-08 -4.8140464059542865e-08
151 2.9394531250000000e-01 -1.2241798685863614e-08 -3.6124674807069823e-08 -4.8366473492933437e-08
152 2.9589843750000000e-01 -1.2299551599426195e-08 -3.6291567084845155e-08 -4.8591118684271351e-08
153 2.9785156250000000e-01 -1.2355485523585230e-08 -3.6457095120567828e-08 -4.8812580644153059e-08
154 2.9980468750000000e-01 -1.2410055205691606e-08 -3.6620804166886955e-08 -4.9030859372578561e-08
155 3.0175781250000000e-01 -1.2465989129850641e-08 -3.6782694223802537e-08 -4.9248683353653178e-08
156 3.0371093750000000e-01 -1.2520104064606130e-08 -3.6944129533367231e-08 -4.9464233597973362e-08
157 3.0566406250000000e-01 -1.2574218999361619e-08 -3.7105110095581040e-08 -4.9679329094942659e-08
158 3.0761718750000000e-01 -1.2628333934117109e-08 -3.7262907426338643e-08 -4.9891241360455751e-08
159 3.0957031250000000e-01 -1.2681994121521711e-08 -3.7420704757096246e-08 -5.0102698878617957e-08
160 3.1152343750000000e-01 -1.2732925824820995e-08 -3.7574864109046757e-08 -5.0307789933867753e-08
161 3.1347656250000000e-01 -1.2787495506927371e-08 -3.7730387703049928e-08 -5.0517883209977299e-08
162 3.1542968750000000e-01 -1.2838427210226655e-08 -3.7884092307649553e-08 -5.0722519517876208e-08
163 3.1738281250000000e-01 -1.2889358913525939e-08 -3.8035068428143859e-08 -5.0924427341669798e-08
164 3.1933593750000000e-01 -1.2940290616825223e-08 -3.8185135053936392e-08 -5.1125425670761615e-08
165 3.2128906250000000e-01 -1.2991222320124507e-08 -3.8333382690325379e-08 -5.1324605010449886e-08
166 3.2324218750000000e-01 -1.3040335034020245e-08 -3.8481630326714367e-08 -5.1521965360734612e-08
167 3.2519531250000000e-01 -1.3090357242617756e-08 -3.8628058973699808e-08 -5.1718416216317564e-08
168 3.2714843750000000e-01 -1.3139469956513494e-08 -3.8769940147176385e-08 -5.1909410103689879e-08
169 3.2910156250000000e-01 -1.3187673175707459e-08 -3.8913640310056508e-08 -5.2101313485763967e-08
170 3.3105468750000000e-01 -1.3234966900199652e-08 -3.9055521483533084e-08 -5.2290488383732736e-08
171 3.3300781250000000e-01 -1.3283170119393617e-08 -3.9195583667606115e-08 -5.2478753786999732e-08
172 3.3496093750000000e-01 -1.3330463843885809e-08 -3.9334736356977373e-08 -5.2665200200863183e-08
173 3.3691406250000000e-01 -1.3376848073676229e-08 -3.9469341572839767e-08 -5.2846189646515995e-08
174 3.3886718750000000e-01 -1.3421413314063102e-08 -3.9605765778105706e-08 -5.3027179092168808e-08
175 3.4082031250000000e-01 -1.3466888049151748e-08 -3.9739461499266326e-08 -5.3206349548418075e-08
176 3.4277343750000000e-01 -1.3513272278942168e-08 -3.9873157220426947e-08 -5.3386429499369115e-08
177 3.4472656250000000e-01 -1.3556018529925495e-08 -4.0003214962780476e-08 -5.3559233492705971e-08
178 3.4667968750000000e-01 -1.3601493265014142e-08 -4.0133272705134004e-08 -5.3734765970148146e-08
179 3.4863281250000000e-01 -1.3645149010699242e-08 -4.0260601963382214e-08 -5.3905750974081457e-08
180 3.5058593750000000e-01 -1.3686985766980797e-08 -4.0387021726928651e-08 -5.4074007493909448e-08
181 3.5253906250000000e-01 -1.3730641512665898e-08 -4.0512531995773315e-08 -5.4243173508439213e-08
182 3.5449218750000000e-01 -1.3770659279543906e-08 -4.0636223275214434e-08 -5.4406882554758340e-08
183 3.5644531250000000e-01 -1.3813405530527234e-08 -4.0758095565252006e-08 -5.4571501095779240e-08
184 3.5839843750000000e-01 -1.3852513802703470e-08 -4.0877239371184260e-08 -5.4729753173887730e-08
185 3.6035156250000000e-01 -1.3894350558985025e-08 -4.0997292671818286e-08 -5.4891643230803311e-08
186 3.6230468750000000e-01 -1.3933458831161261e-08 -4.1114617488346994e-08 -5.5048076319508255e-08
187 3.6425781250000000e-01 -1.3972567103337497e-08 -4.1229213820770383e-08 -5.5201780924107879e-08
188 3.6621093750000000e-01 -1.4011675375513732e-08 -4.1343810153193772e-08 -5.5355485528707504e-08
189 3.6816406250000000e-01 -1.4049874152988195e-08 -4.1456587496213615e-08 -5.5506461649201810e-08
190 3.7011718750000000e-01 -1.4088072930462658e-08 -4.1568455344531685e-08 -5.5656528274994344e-08
191 3.7207031250000000e-01 -1.4123543223831803e-08 -4.1677594708744437e-08 -5.5801137932576239e-08
192 3.7402343750000000e-01 -1.4160832506604493e-08 -4.1785824578255415e-08 -5.5946657084859908e-08
193 3.7597656250000000e-01 -1.4197212294675410e-08 -4.1892235458362848e-08 -5.6089447753038257e-08
194 3.7792968750000000e-01 -1.4232682588044554e-08 -4.1995917854364961e-08 -5.6228600442409515e-08
195 3.7988281250000000e-01 -1.4267243386711925e-08 -4.2099600250367075e-08 -5.6366843637079000e-08
196 3.8183593750000000e-01 -1.4301804185379297e-08 -4.2200554162263870e-08 -5.6502358347643167e-08
197 3.8378906250000000e-01 -1.4335455489344895e-08 -4.2300598579458892e-08 -5.6636054068803787e-08
198 3.8574218750000000e-01 -1.4368197298608720e-08 -4.2398824007250369e-08 -5.6767021305859089e-08
199 3.8769531250000000e-01 -1.4402758097276092e-08 -4.2496139940340072e-08 -5.6898898037616163e-08
200 3.8964843750000000e-01 -1.4433680917136371e-08 -4.2591636884026229e-08 -5.7025317801162601e-08
201 3.9160156250000000e-01 -1.4465513231698424e-08 -4.2684405343607068e-08 -5.7149918575305492e-08
202 3.9355468750000000e-01 -1.4496436051558703e-08 -4.2778083297889680e-08 -5.7274519349448383e-08
203 3.9550781250000000e-01 -1.4527358871418983e-08 -4.2868123273365200e-08 -5.7395482144784182e-08
204 3.9746093750000000e-01 -1.4557372196577489e-08 -4.2955434764735401e-08 -5.7512806961312890e-08
205 3.9941406250000000e-01 -1.4587385521735996e-08 -4.3043655750807375e-08 -5.7631041272543371e-08
206 4.0136718750000000e-01 -1.4615579857490957e-08 -4.3129148252774030e-08 -5.7744728110264987e-08
207 4.0332031250000000e-01 -1.4644683687947690e-08 -4.3212821765337139e-08 -5.7857505453284830e-08
208 4.0527343750000000e-01 -1.4671968529000878e-08 -4.3294676288496703e-08 -5.7966644817497581e-08
209 4.0722656250000000e-01 -1.4700162864755839e-08 -4.3375621316954494e-08 -5.8075784181710333e-08
210 4.0917968750000000e-01 -1.4726538211107254e-08 -4.3454747356008738e-08 -5.8181285567115992e-08
211 4.1113281250000000e-01 -1.4752004062756896e-08 -4.3532054405659437e-08 -5.8284058468416333e-08
212 4.1308593750000000e-01 -1.4778379409108311e-08 -4.3606632971204817e-08 -5.8385012380313128e-08
213 4.1503906250000000e-01 -1.4803845260757953e-08 -4.3682121031451970e-08 -5.8485966292209923e-08
214 4.1699218750000000e-01 -1.4828401617705822e-08 -4.3753971112892032e-08 -5.8582372730597854e-08
215 4.1894531250000000e-01 -1.4851138985250145e-08 -4.3824911699630320e-08 -5.8676050684880465e-08
216 4.2089843750000000e-01 -1.4876604836899787e-08 -4.3894033296965063e-08 -5.8770638133864850e-08
217 4.2285156250000000e-01 -1.4898432709742337e-08 -4.3962245399598032e-08 -5.8860678109340370e-08
218 4.2480468750000000e-01 -1.4921170077286661e-08 -4.4027729018125683e-08 -5.8948899095412344e-08
219 4.2675781250000000e-01 -1.4943907444830984e-08 -4.4092303141951561e-08 -5.9036210586782545e-08
220 4.2871093750000000e-01 -1.4963916328269988e-08 -4.4153239286970347e-08 -5.9117155615240335e-08
221 4.3066406250000000e-01 -1.4983925211708993e-08 -4.4215084926690906e-08 -5.9199010138399899e-08
222 4.3261718750000000e-01 -1.5004843589849770e-08 -4.4275111577007920e-08 -5.9279955166857690e-08
223 4.3457031250000000e-01 -1.5023942978587002e-08 -4.4332409743219614e-08 -5.9356352721806616e-08
224 4.3652343750000000e-01 -1.5043042367324233e-08 -4.4388798414729536e-08 -5.9431840782053769e-08
225 4.3847656250000000e-01 -1.5060322766657919e-08 -4.4442458602134138e-08 -5.9502781368792057e-08
226 4.4042968750000000e-01 -1.5079422155395150e-08 -4.4495209294836968e-08 -5.9574631450232118e-08
227 4.4238281250000000e-01 -1.5096702554728836e-08 -4.4546140998136252e-08 -5.9642843552865088e-08
228 4.4433593750000000e-01 -1.5113073459360749e-08 -4.4596163206733763e-08 -5.9709236666094512e-08
229 4.4628906250000000e-01 -1.5129444363992661e-08 -4.4643456931225955e-08 -5.9772901295218617e-08
230 4.4824218750000000e-01 -1.5145815268624574e-08 -4.4688931666314602e-08 -5.9834746934939176e-08
231 4.5019531250000000e-01 -1.5160367183852941e-08 -4.4732587411999702e-08 -5.9892954595852643e-08
232 4.5214843750000000e-01 -1.5174919099081308e-08 -4.4774424168281257e-08 -5.9949343267362565e-08
233 4.5410156250000000e-01 -1.5188561519607902e-08 -4.4816260924562812e-08 -6.0004822444170713e-08
234 4.5605468750000000e-01 -1.5200384950730950e-08 -4.4854459702037275e-08 -6.0054844652768224e-08
235 4.5800781250000000e-01 -1.5214027371257544e-08 -4.4891748984809965e-08 -6.0105776356067508e-08
236 4.5996093750000000e-01 -1.5225850802380592e-08 -4.4928128772880882e-08 -6.0153979575261474e-08
237 4.6191406250000000e-01 -1.5235855244100094e-08 -4.4960870582144707e-08 -6.0196725826244801e-08
238 4.6386718750000000e-01 -1.5248588169924915e-08 -4.4993612391408533e-08 -6.0242200561333448e-08
239 4.6582031250000000e-01 -1.5258592611644417e-08 -4.5025444705970585e-08 -6.0284037317615002e-08
240 4.6777343750000000e-01 -1.5268597053363919e-08 -4.5053639041725546e-08 -6.0322236095089465e-08
241 4.6972656250000000e-01 -1.5278601495083421e-08 -4.5080923882778734e-08 -6.0359525377862155e-08
242 4.7167968750000000e-01 -1.5286786947399378e-08 -4.5105480239726603e-08 -6.0392267187125981e-08
243 4.7363281250000000e-01 -1.5294972399715334e-08 -4.5130036596674472e-08 -6.0425008996389806e-08
244 4.7558593750000000e-01 -1.5302248357329518e-08 -4.5152773964218795e-08 -6.0455022321548313e-08
245 4.7753906250000000e-01 -1.5308614820241928e-08 -4.5173692342359573e-08 -6.0482307162601501e-08
246 4.7949218750000000e-01 -1.5315890777856112e-08 -4.5191882236395031e-08 -6.0507773014251143e-08
247 4.8144531250000000e-01 -1.5320438251364976e-08 -4.5208253141026944e-08 -6.0528691392391920e-08
248 4.8339843750000000e-01 -1.5327714208979160e-08 -4.5225533540360630e-08 -6.0553247749339789e-08
249 4.8535156250000000e-01 -1.5329533198382705e-08 -4.5237356971483678e-08 -6.0566890169866383e-08
250 4.8730468750000000e-01 -1.5334080671891570e-08 -4.5250089897308499e-08 -6.0584170569200069e-08
251 4.8925781250000000e-01 -1.5338628145400435e-08 -4.5260094339028001e-08 -6.0598722484428436e-08
252 4.9121093750000000e-01 -1.5341356629505754e-08 -4.5267370296642184e-08 -6.0608726926147938e-08
253 4.9316406250000000e-01 -1.5344994608312845e-08 -4.5274646254256368e-08 -6.0619640862569213e-08
254 4.9511718750000000e-01 -1.5344994608312845e-08 -4.5279193727765232e-08 -6.0624188336078078e-08
255 4.9707031250000000e-01 -1.5346813597716391e-08 -4.5282831706572324e-08 -6.0629645304288715e-08
256 4.9902343750000000e-01 -1.5346813597716391e-08 -4.5284650695975870e-08 -6.0631464293692261e-08
257 5.0097656250000000e-01 -1.5346813597716391e-08 -4.5284650695975870e-08 -6.0631464293692261e-08
258 5.0292968750000000e-01 -1.5346813597716391e-08 -4.5282831706572324e-08 -6.0629645304288715e-08
259 5.0488281250000000e-01 -1.5344994608312845e-08 -4.5279193727765232e-08 -6.0624188336078078e-08
260 5.0683593750000000e-01 -1.5344994608312845e-08 -4.5274646254256368e-08 -6.0619640862569213e-08
261 5.0878906250000000e-01 -1.5341356629505754e-08 -4.5268279791343957e-08 -6.0609636420849711e-08
262 5.1074218750000000e-01 -1.5338628145400435e-08 -4.5260094339028001e-08 -6.0598722484428436e-08
263 5.1269531250000000e-01 -1.5334080671891570e-08 -4.5249180402606726e-08 -6.0583261074498296e-08
264 5.1464843750000000e-01 -1.5329533198382705e-08 -4.5237356971483678e-08 -6.0566890169866383e-08
265 5.1660156250000000e-01 -1.5327714208979160e-08 -4.5225533540360630e-08 -6.0553247749339789e-08
266 5.1855468750000000e-01 -1.5320438251364976e-08 -4.5208253141026944e-08 -6.0528691392391920e-08
267 5.2050781250000000e-01 -1.5315890777856112e-08 -4.5191882236395031e-08 -6.0507773014251143e-08
268 5.2246093750000000e-01 -1.5308614820241928e-08 -4.5173692342359573e-08 -6.0482307162601501e-08
269 5.2441406250000000e-01 -1.5302248357329518e-08 -4.5152773964218795e-08 -6.0455022321548313e-08
270 5.2636718750000000e-01 -1.5294972399715334e-08 -4.5130036596674472e-08 -6.0425008996389806e-08
271 5.2832031250000000e-01 -1.5286786947399378e-08 -4.5105480239726603e-08 -6.0392267187125981e-08
272 5.3027343750000000e-01 -1.5278601495083421e-08 -4.5080923882778734e-08 -6.0359525377862155e-08
273 5.3222656250000000e-01 -1.5268597053363919e-08 -4.5053639041725546e-08 -6.0322236095089465e-08
274 5.3417968750000000e-01 -1.5258592611644417e-08 -4.5025444705970585e-08 -6.0284037317615002e-08
275 5.3613281250000000e-01 -1.5248588169924915e-08 -4.4993612391408533e-08 -6.0242200561333448e-08
276 5.3808593750000000e-01 -1.5235855244100094e-08 -4.4960870582144707e-08 -6.0196725826244801e-08
277 5.4003906250000000e-01 -1.5225850802380592e-08 -4.4928128772880882e-08 -6.0153979575261474e-08
278 5.4199218750000000e-01 -1.5214027371257544e-08 -4.4891748984809965e-08 -6.0105776356067508e-08
279 5.4394531250000000e-01 -1.5200384950730950e-08 -4.4854459702037275e-08 -6.0054844652768224e-08
280 5.4589843750000000e-01 -1.5187652024906129e-08 -4.4816260924562812e-08 -6.0003912949468940e-08
281 5.4785156250000000e-01 -1.5174919099081308e-08 -4.4774424168281257e-08 -5.9949343267362565e-08
282 5.4980468750000000e-01 -1.5160367183852941e-08 -4.4732587411999702e-08 -5.9892954595852643e-08
283 5.5175781250000000e-01 -1.5144905773922801e-08 -4.4689841161016375e-08 -5.9834746934939176e-08
284 5.5371093750000000e-01 -1.5130353858694434e-08 -4.4642547436524183e-08 -5.9772901295218617e-08
285 5.5566406250000000e-01 -1.5113073459360749e-08 -4.4596163206733763e-08 -5.9709236666094512e-08
286 5.5761718750000000e-01 -1.5096702554728836e-08 -4.4546140998136252e-08 -5.9642843552865088e-08
287 5.5957031250000000e-01 -1.5079422155395150e-08 -4.4495209294836968e-08 -5.9574631450232118e-08
288 5.6152343750000000e-01 -1.5060322766657919e-08 -4.4442458602134138e-08 -5.9502781368792057e-08
289 5.6347656250000000e-01 -1.5043042367324233e-08 -4.4387888920027763e-08 -5.9430931287351996e-08
290 5.6542968750000000e-01 -1.5023942978587002e-08 -4.4331500248517841e-08 -5.9355443227104843e-08
291 5.6738281250000000e-01 -1.5004843589849770e-08 -4.4275111577007920e-08 -5.9279955166857690e-08
292 5.6933593750000000e-01 -1.4983925211708993e-08 -4.4215084926690906e-08 -5.9199010138399899e-08
293 5.7128906250000000e-01 -1.4963916328269988e-08 -4.4153239286970347e-08 -5.9117155615240335e-08
294 5.7324218750000000e-01 -1.4942997950129211e-08 -4.4091393647249788e-08 -5.9034391597378999e-08
295 5.7519531250000000e-01 -1.4921170077286661e-08 -4.4027729018125683e-08 -5.8948899095412344e-08
296 5.7714843750000000e-01 -1.4898432709742337e-08 -4.3962245399598032e-08 -5.8860678109340370e-08
297 5.7910156250000000e-01 -1.4876604836899787e-08 -4.3894033296965063e-08 -5.8770638133864850e-08
298 5.8105468750000000e-01 -1.4851138985250145e-08 -4.3824911699630320e-08 -5.8676050684880465e-08
299 5.8300781250000000e-01 -1.4828401617705822e-08 -4.3753971112892032e-08 -5.8582372730597854e-08
300 5.8496093750000000e-01 -1.4803845260757953e-08 -4.3682121031451970e-08 -5.8485966292209923e-08
301 5.8691406250000000e-01 -1.4778379409108311e-08 -4.3606632971204817e-08 -5.8385012380313128e-08
302 5.8886718750000000e-01 -1.4752004062756896e-08 -4.3532054405659437e-08 -5.8284058468416333e-08
303 5.9082031250000000e-01 -1.4726538211107254e-08 -4.3454747356008738e-08 -5.8181285567115992e-08
304 5.9277343750000000e-01 -1.4700162864755839e-08 -4.3376530811656266e-08 -5.8076693676412106e-08
305 5.9472656250000000e-01 -1.4672878023702651e-08 -4.3294676288496703e-08 -5.7967554312199354e-08
306 5.9667968750000000e-01 -1.4644683687947690e-08 -4.3212821765337139e-08 -5.7857505453284830e-08
307 5.9863281250000000e-01 -1.4615579857490957e-08 -4.3130057747475803e-08 -5.7745637604966760e-08
308 6.0058593750000000e-01 -1.4587385521735996e-08 -4.3043655750807375e-08 -5.7631041272543371e-08
309 6.0253906250000000e-01 -1.4556462701875716e-08 -4.2956344259437174e-08 -5.7512806961312890e-08
310 6.0449218750000000e-01 -1.4527358871418983e-08 -4.2868123273365200e-08 -5.7395482144784182e-08
311 6.0644531250000000e-01 -1.4496436051558703e-08 -4.2777173803187907e-08 -5.7273609854746610e-08
312 6.0839843750000000e-01 -1.4465513231698424e-08 -4.2684405343607068e-08 -5.7149918575305492e-08
313 6.1035156250000000e-01 -1.4433680917136371e-08 -4.2591636884026229e-08 -5.7025317801162601e-08
314 6.1230468750000000e-01 -1.4402758097276092e-08 -4.2496139940340072e-08 -5.6898898037616163e-08
315 6.1425781250000000e-01 -1.4368197298608720e-08 -4.2398824007250369e-08 -5.6767021305859089e-08
316 6.1621093750000000e-01 -1.4336364984046668e-08 -4.2299689084757119e-08 -5.6636054068803787e-08
317 6.1816406250000000e-01 -1.4301804185379297e-08 -4.2200554162263870e-08 -5.6502358347643167e-08
318 6.2011718750000000e-01 -1.4267243386711925e-08 -4.2098690755665302e-08 -5.6365934142377228e-08
319 6.2207031250000000e-01 -1.4232682588044554e-08 -4.1995917854364961e-08 -5.6228600442409515e-08
320 6.2402343750000000e-01 -1.4196302799973637e-08 -4.1892235458362848e-08 -5.6088538258336484e-08
321 6.2597656250000000e-01 -1.4160832506604493e-08 -4.1785824578255415e-08 -5.5946657084859908e-08
322 6.2792968750000000e-01 -1.4123543223831803e-08 -4.1677594708744437e-08 -5.5801137932576239e-08
323 6.2988281250000000e-01 -1.4087163435760885e-08 -4.1567545849829912e-08 -5.5654709285590798e-08
324 6.3183593750000000e-01 -1.4049874152988195e-08 -4.1456587496213615e-08 -5.5506461649201810e-08
325 6.3378906250000000e-01 -1.4011675375513732e-08 -4.1344719647895545e-08 -5.5356395023409277e-08
326 6.3574218750000000e-01 -1.3971657608635724e-08 -4.1229213820770383e-08 -5.5200871429406106e-08
327 6.3769531250000000e-01 -1.3933458831161261e-08 -4.1114617488346994e-08 -5.5048076319508255e-08
328 6.3964843750000000e-01 -1.3894350558985025e-08 -4.0997292671818286e-08 -5.4891643230803311e-08
329 6.4160156250000000e-01 -1.3852513802703470e-08 -4.0878148865886033e-08 -5.4730662668589503e-08
330 6.4355468750000000e-01 -1.3813405530527234e-08 -4.0758095565252006e-08 -5.4571501095779240e-08
331 6.4550781250000000e-01 -1.3770659279543906e-08 -4.0636223275214434e-08 -5.4406882554758340e-08
332 6.4746093750000000e-01 -1.3730641512665898e-08 -4.0512531995773315e-08 -5.4243173508439213e-08
333 6.4941406250000000e-01 -1.3686985766980797e-08 -4.0387021726928651e-08 -5.4074007493909448e-08
334 6.5136718750000000e-01 -1.3645149010699242e-08 -4.0260601963382214e-08 -5.3905750974081457e-08
335 6.5332031250000000e-01 -1.3601493265014142e-08 -4.0134182199835777e-08 -5.3735675464849919e-08
336 6.5527343750000000e-01 -1.3556928024627268e-08 -4.0003214962780476e-08 -5.3560142987407744e-08
337 6.5722656250000000e-01 -1.3513272278942168e-08 -3.9872247725725174e-08 -5.3385520004667342e-08
338 6.5917968750000000e-01 -1.3466888049151748e-08 -3.9740370993968099e-08 -5.3207259043119848e-08
339 6.6113281250000000e-01 -1.3421413314063102e-08 -3.9605765778105706e-08 -5.3027179092168808e-08
340 6.6308593750000000e-01 -1.3375938578974456e-08 -3.9470251067541540e-08 -5.2846189646515995e-08
341 6.6503906250000000e-01 -1.3329554349184036e-08 -3.9333826862275600e-08 -5.2663381211459637e-08
342 6.6699218750000000e-01 -1.3283170119393617e-08 -3.9195583667606115e-08 -5.2478753786999732e-08
343 6.6894531250000000e-01 -1.3235876394901425e-08 -3.9055521483533084e-08 -5.2291397878434509e-08
344 6.7089843750000000e-01 -1.3187673175707459e-08 -3.8914549804758281e-08 -5.2102222980465740e-08
345 6.7285156250000000e-01 -1.3138560461811721e-08 -3.8769940147176385e-08 -5.1908500608988106e-08
346 6.7480468750000000e-01 -1.3090357242617756e-08 -3.8626239984296262e-08 -5.1716597226914018e-08
347 6.7675781250000000e-01 -1.3040335034020245e-08 -3.8480720832012594e-08 -5.1521055866032839e-08
348 6.7871093750000000e-01 -1.2991222320124507e-08 -3.8333382690325379e-08 -5.1324605010449886e-08
349 6.8066406250000000e-01 -1.2940290616825223e-08 -3.8185135053936392e-08 -5.1125425670761615e-08
350 6.8261718750000000e-01 -1.2889358913525939e-08 -3.8035068428143859e-08 -5.0924427341669798e-08
351 6.8457031250000000e-01 -1.2837517715524882e-08 -3.7884092307649553e-08 -5.0721610023174435e-08
352 6.8652343750000000e-01 -1.2787495506927371e-08 -3.7731297197751701e-08 -5.0518792704679072e-08
353 6.8847656250000000e-01 -1.2732925824820995e-08 -3.7575773603748530e-08 -5.0308699428569525e-08
354 6.9042968750000000e-01 -1.2681539374170825e-08 -3.7420704757096246e-08 -5.0102244131267071e-08
355 6.9238281250000000e-01 -1.2628333934117109e-08 -3.7263362173689529e-08 -4.9891696107806638e-08
356 6.9433593750000000e-01 -1.2575128494063392e-08 -3.7105110095581040e-08 -4.9680238589644432e-08
357 6.9628906250000000e-01 -1.2520104064606130e-08 -3.6944584280718118e-08 -4.9464688345324248e-08
358 6.9824218750000000e-01 -1.2465534382499754e-08 -3.6783148971153423e-08 -4.9248683353653178e-08
359 7.0019531250000000e-01 -1.2410964700393379e-08 -3.6620804166886955e-08 -4.9031768867280334e-08
360 7.0214843750000000e-01 -1.2354576028883457e-08 -3.6456185625866055e-08 -4.8810761654749513e-08
361 7.0410156250000000e-01 -1.2299096852075309e-08 -3.6291112337494269e-08 -4.8590209189569578e-08
362 7.0605468750000000e-01 -1.2241798685863614e-08 -3.6124674807069823e-08 -4.8366473492933437e-08
363 7.0800781250000000e-01 -1.2184955267002806e-08 -3.5955054045189172e-08 -4.8140009312191978e-08
364 7.0996093750000000e-01 -1.2128566595492885e-08 -3.5786342778010294e-08 -4.7914909373503178e-08
365 7.1191406250000000e-01 -1.2069904187228531e-08 -3.5614448279375210e-08 -4.7684352466603741e-08
366 7.1386718750000000e-01 -1.2012151273665950e-08 -3.5443463275441900e-08 -4.7455614549107850e-08
367 7.1582031250000000e-01 -1.1952579370699823e-08 -3.5268840292701498e-08 -4.7221419663401321e-08
368 7.1777343750000000e-01 -1.1893462215084583e-08 -3.5095126804662868e-08 -4.6988589019747451e-08
369 7.1972656250000000e-01 -1.1833435564767569e-08 -3.4918230085168034e-08 -4.6751665649935603e-08
370 7.2167968750000000e-01 -1.1773408914450556e-08 -3.4740423870971426e-08 -4.6513832785421982e-08
371 7.2363281250000000e-01 -1.1712472769431770e-08 -3.4562162909423932e-08 -4.6274635678855702e-08
372 7.2558593750000000e-01 -1.1651536624412984e-08 -3.4381173463771120e-08 -4.6032710088184103e-08
373 7.2753906250000000e-01 -1.1590145732043311e-08 -3.4199274523416534e-08 -4.5789420255459845e-08
374 7.2949218750000000e-01 -1.1527845344971865e-08 -3.4016920835711062e-08 -4.5544766180682927e-08
375 7.3144531250000000e-01 -1.1465999705251306e-08 -3.3833202905952930e-08 -4.5299202611204237e-08
376 7.3339843750000000e-01 -1.1402335076127201e-08 -3.3647211239440367e-08 -4.5049546315567568e-08
377 7.3535156250000000e-01 -1.1339579941704869e-08 -3.3460764825576916e-08 -4.4800344767281786e-08
378 7.3730468750000000e-01 -1.1275915312580764e-08 -3.3272954169660807e-08 -4.4548869482241571e-08
379 7.3925781250000000e-01 -1.1211341188754886e-08 -3.3083779271692038e-08 -4.4295120460446924e-08
380 7.4121093750000000e-01 -1.1147221812279895e-08 -3.2893694879021496e-08 -4.4040916691301391e-08
381 7.4316406250000000e-01 -1.1082647688454017e-08 -3.2702246244298294e-08 -4.3784893932752311e-08
382 7.4511718750000000e-01 -1.1017618817277253e-08 -3.2509433367522433e-08 -4.3527052184799686e-08
383 7.4707031250000000e-01 -1.0951680451398715e-08 -3.2315256248693913e-08 -4.3266936700092629e-08
384 7.4902343750000000e-01 -1.0885742085520178e-08 -3.2120169635163620e-08 -4.3005911720683798e-08
385 7.5097656250000000e-01 -1.0818894224939868e-08 -3.1923264032229781e-08 -4.2742158257169649e-08
386 7.5292968750000000e-01 -1.0752046364359558e-08 -3.1725903681945056e-08 -4.2477950046304613e-08
387 7.5488281250000000e-01 -1.0684289009077474e-08 -3.1527179089607671e-08 -4.2211468098685145e-08
388 7.5683593750000000e-01 -1.0616076906444505e-08 -3.1326635507866740e-08 -4.1942712414311245e-08
389 7.5878906250000000e-01 -1.0548774298513308e-08 -3.1125637178774923e-08 -4.1674411477288231e-08
390 7.6074218750000000e-01 -1.0479652701178566e-08 -3.0923274607630447e-08 -4.1402927308809012e-08
391 7.6269531250000000e-01 -1.0410531103843823e-08 -3.0720002541784197e-08 -4.1130533645628020e-08
392 7.6464843750000000e-01 -1.0341409506509081e-08 -3.0514911486534402e-08 -4.0856320993043482e-08
393 7.6660156250000000e-01 -1.0271833161823452e-08 -3.0308910936582834e-08 -4.0580744098406285e-08
394 7.6855468750000000e-01 -1.0201347322436050e-08 -3.0102000891929492e-08 -4.0303348214365542e-08
395 7.7050781250000000e-01 -1.0131316230399534e-08 -2.9893726605223492e-08 -4.0025042835623026e-08
396 7.7246093750000000e-01 -1.0060375643661246e-08 -2.9684997571166605e-08 -3.9745373214827850e-08
397 7.7441406250000000e-01 -9.9889803095720708e-09 -2.9473994800355285e-08 -3.9462975109927356e-08
398 7.7636718750000000e-01 -9.9166754807811230e-09 -2.9262082534842193e-08 -3.9178758015623316e-08
399 7.7832031250000000e-01 -9.8452801466919482e-09 -2.9049715521978214e-08 -3.8894995668670163e-08
400 7.8027343750000000e-01 -9.7725205705501139e-09 -2.8836893761763349e-08 -3.8609414332313463e-08
401 7.8222656250000000e-01 -9.6997609944082797e-09 -2.8620888770092279e-08 -3.8320649764500558e-08
402 7.8417968750000000e-01 -9.6260919235646725e-09 -2.8405338525772095e-08 -3.8031430449336767e-08
403 7.8613281250000000e-01 -9.5528776000719517e-09 -2.8188424039399251e-08 -3.7741301639471203e-08
404 7.8808593750000000e-01 -9.4792085292283446e-09 -2.7970600058324635e-08 -3.7449808587552980e-08
405 7.9003906250000000e-01 -9.4046299636829644e-09 -2.7751411835197359e-08 -3.7156041798880324e-08
406 7.9199218750000000e-01 -9.3300513981375843e-09 -2.7531314117368311e-08 -3.6861365515505895e-08
407 7.9394531250000000e-01 -9.2550180852413177e-09 -2.7309852157486603e-08 -3.6564870242727920e-08
408 7.9589843750000000e-01 -9.1799847723450512e-09 -2.7088390197604895e-08 -3.6268374969949946e-08
409 7.9785156250000000e-01 -9.1035872173961252e-09 -2.6864199753617868e-08 -3.5967786971013993e-08
410 7.9980468750000000e-01 -9.0280991571489722e-09 -2.6641373551683500e-08 -3.5669472708832473e-08
411 8.0175781250000000e-01 -8.9526110969018191e-09 -2.6415364118292928e-08 -3.5367975215194747e-08
412 8.0371093750000000e-01 -8.8753040472511202e-09 -2.6189809432253242e-08 -3.5065113479504362e-08
413 8.0566406250000000e-01 -8.7984517449513078e-09 -2.5961981009459123e-08 -3.4760432754410431e-08
414 8.0761718750000000e-01 -8.7206899479497224e-09 -2.5733697839314118e-08 -3.4454387787263840e-08
415 8.0957031250000000e-01 -8.6429281509481370e-09 -2.5504959921818227e-08 -3.4147888072766364e-08
416 8.1152343750000000e-01 -8.5660758486483246e-09 -2.5274857762269676e-08 -3.3840933610918000e-08
417 8.1347656250000000e-01 -8.4869498095940799e-09 -2.5043391360668465e-08 -3.3530341170262545e-08
418 8.1542968750000000e-01 -8.4082785178907216e-09 -2.4811015464365482e-08 -3.3219293982256204e-08
419 8.1738281250000000e-01 -8.3296072261873633e-09 -2.4578639568062499e-08 -3.2908246794249862e-08
420 8.1933593750000000e-01 -8.2504811871331185e-09 -2.4344444682355970e-08 -3.2594925869489089e-08
421 8.2128906250000000e-01 -8.1713551480788738e-09 -2.4110249796649441e-08 -3.2281604944728315e-08
422 8.2324218750000000e-01 -8.0908648669719696e-09 -2.3874690668890253e-08 -3.1965555535862222e-08
423 8.2519531250000000e-01 -8.0108293332159519e-09 -2.3637767299078405e-08 -3.1648596632294357e-08
424 8.2714843750000000e-01 -7.9307937994599342e-09 -2.3400843929266557e-08 -3.1331637728726491e-08
425 8.2910156250000000e-01 -7.8498487710021436e-09 -2.3162101570051163e-08 -3.1011950341053307e-08
426 8.3105468750000000e-01 -7.7689037425443530e-09 -2.2923813958186656e-08 -3.0692717700731009e-08
427 8.3300781250000000e-01 -7.6870492193847895e-09 -2.2682343114865944e-08 -3.0369392334250733e-08
428 8.3496093750000000e-01 -7.6051946962252259e-09 -2.2441781766247004e-08 -3.0046976462472230e-08
429 8.3691406250000000e-01 -7.5233401730656624e-09 -2.2200765670277178e-08 -2.9724105843342841e-08
430 8.3886718750000000e-01 -7.4414856499060988e-09 -2.1957930584903806e-08 -2.9399416234809905e-08
431 8.4082031250000000e-01 -7.3591763793956488e-09 -2.1714186004828662e-08 -2.9073362384224311e-08
432 8.4277343750000000e-01 -7.2759576141834259e-09 -2.1469986677402630e-08 -2.8745944291586056e-08
433 8.4472656250000000e-01 -7.1931935963220894e-09 -2.1224877855274826e-08 -2.8418071451596916e-08
434 8.4667968750000000e-01 -7.1099748311098665e-09 -2.0978859538445249e-08 -2.8088834369555116e-08
435 8.4863281250000000e-01 -7.0263013185467571e-09 -2.0732386474264786e-08 -2.7758687792811543e-08
436 8.5058593750000000e-01 -6.9421730586327612e-09 -2.0485003915382549e-08 -2.7427176974015310e-08
437 8.5253906250000000e-01 -6.8584995460696518e-09 -2.0236711861798540e-08 -2.7095211407868192e-08
438 8.5449218750000000e-01 -6.7739165388047695e-09 -1.9987055566161871e-08 -2.6760972104966640e-08
439 8.5644531250000000e-01 -6.6888787841890007e-09 -1.9737854017876089e-08 -2.6426732802065089e-08
440 8.5839843750000000e-01 -6.6042957769241184e-09 -1.9487288227537647e-08 -2.6091584004461765e-08
441 8.6035156250000000e-01 -6.5197127696592361e-09 -1.9236722437199205e-08 -2.5756435206858441e-08
442 8.6230468750000000e-01 -6.4342202676925808e-09 -1.8983882910106331e-08 -2.5418103177798912e-08
443 8.6425781250000000e-01 -6.3480456446995959e-09 -1.8731498130364344e-08 -2.5079543775063939e-08
444 8.6621093750000000e-01 -6.2625531427329406e-09 -1.8478658603271469e-08 -2.4741211746004410e-08
445 8.6816406250000000e-01 -6.1759237723890692e-09 -1.8224227460450493e-08 -2.4400151232839562e-08
446 8.7011718750000000e-01 -6.0902038967469707e-09 -1.7970023691304959e-08 -2.4060227588051930e-08
447 8.7207031250000000e-01 -6.0033471527276561e-09 -1.7714228306431323e-08 -2.3717575459158979e-08
448 8.7402343750000000e-01 -5.9169451560592279e-09 -1.7458432921557687e-08 -2.3375378077616915e-08
449 8.7597656250000000e-01 -5.8294062910135835e-09 -1.7201500668306835e-08 -2.3030906959320419e-08
450 8.7792968750000000e-01 -5.7427769206697121e-09 -1.6944795788731426e-08 -2.2687572709401138e-08
451 8.7988281250000000e-01 -5.6547833082731813e-09 -1.6685817172401585e-08 -2.2340600480674766e-08
452 8.8183593750000000e-01 -5.5670170695520937e-09 -1.6427748050773516e-08 -2.1994765120325610e-08
453 8.8378906250000000e-01 -5.4792508308310062e-09 -1.6167859939741902e-08 -2.1647110770572908e-08
454 8.8574218750000000e-01 -5.3914845921099186e-09 -1.5908426576061174e-08 -2.1299911168171093e-08
455 8.8769531250000000e-01 -5.3030362323625013e-09 -1.5647856344003230e-08 -2.0950892576365732e-08
456 8.8964843750000000e-01 -5.2145878726150841e-09 -1.5386831364594400e-08 -2.0601419237209484e-08
457 8.9160156250000000e-01 -5.1259121391922235e-09 -1.5125351637834683e-08 -2.0251263777026907e-08
458 8.9355468750000000e-01 -5.0367816584184766e-09 -1.4862962416373193e-08 -1.9899744074791670e-08
459 8.9550781250000000e-01 -4.9478785513201728e-09 -1.4600118447560817e-08 -1.9547996998880990e-08
460 8.9746093750000000e-01 -4.8587480705464259e-09 -1.4337047105072998e-08 -1.9195795175619423e-08
461 8.9941406250000000e-01 -4.7693902160972357e-09 -1.4073521015234292e-08 -1.8842911231331527e-08
462 9.0136718750000000e-01 -4.6798049879726022e-09 -1.3808858057018369e-08 -1.8488663044990972e-08
463 9.0332031250000000e-01 -4.5902197598479688e-09 -1.3543740351451561e-08 -1.8133960111299530e-08
464 9.0527343750000000e-01 -4.5001797843724489e-09 -1.3278395272209309e-08 -1.7778575056581758e-08
465 9.0722656250000000e-01 -4.4101398088969290e-09 -1.3012595445616171e-08 -1.7422735254513100e-08
466 9.0917968750000000e-01 -4.3196450860705227e-09 -1.2746340871672146e-08 -1.7065985957742669e-08
467 9.1113281250000000e-01 -4.2291503632441163e-09 -1.2479404176701792e-08 -1.6708554539945908e-08
468 9.1308593750000000e-01 -4.1384282667422667e-09 -1.2212012734380551e-08 -1.6350441001122817e-08
469 9.1503906250000000e-01 -4.0477061702404171e-09 -1.1944166544708423e-08 -1.5991872714948840e-08
470 9.1699218750000000e-01 -3.9567567000631243e-09 -1.1676092981360853e-08 -1.5632849681423977e-08
471 9.1894531250000000e-01 -3.8658072298858315e-09 -1.1407109923311509e-08 -1.5272917153197341e-08
472 9.2089843750000000e-01 -3.7744030123576522e-09 -1.1138354238937609e-08 -1.4912757251295261e-08
473 9.2285156250000000e-01 -3.6832261685049161e-09 -1.0868234312511049e-08 -1.4551460481015965e-08
474 9.2480468750000000e-01 -3.5920493246521801e-09 -1.0599023880786262e-08 -1.4191073205438443e-08
475 9.2675781250000000e-01 -3.5001903597731143e-09 -1.0327994459657930e-08 -1.3828184819431044e-08
476 9.2871093750000000e-01 -3.4085587685694918e-09 -1.0057874533231370e-08 -1.3466433301800862e-08
477 9.3066406250000000e-01 -3.3164724300149828e-09 -9.7868451121030375e-09 -1.3103317542118020e-08
478 9.3261718750000000e-01 -3.2243860914604738e-09 -9.5146788225974888e-09 -1.2739064914057963e-08
479 9.3457031250000000e-01 -3.1324134397436865e-09 -9.2435357146314345e-09 -1.2375949154375121e-08
480 9.3652343750000000e-01 -3.0402134143514559e-09 -8.9708009909372777e-09 -1.2011014405288734e-08
481 9.3847656250000000e-01 -2.9477860152837820e-09 -8.6986347014317289e-09 -1.1646420716715511e-08
482 9.4042968750000000e-01 -2.8552449293783866e-09 -8.4254452303866856e-09 -1.1280690159765072e-08
483 9.4238281250000000e-01 -2.7628175303107128e-09 -8.1527105066925287e-09 -1.0915528037003241e-08
484 9.4433593750000000e-01 -2.6700490707298741e-09 -7.8790662882965989e-09 -1.0549115359026473e-08
485 9.4628906250000000e-01 -2.5772806111490354e-09 -7.6050810093875043e-09 -1.0182361620536540e-08
486 9.4824218750000000e-01 -2.4846258384059183e-09 -7.3312094173161313e-09 -9.8158352557220496e-09
487 9.5019531250000000e-01 -2.3915163183119148e-09 -7.0567693910561502e-09 -9.4482857093680650e-09
488 9.5214843750000000e-01 -2.2985204850556329e-09 -6.7824430516338907e-09 -9.0809635366895236e-09
489 9.5410156250000000e-01 -2.2050699044484645e-09 -6.5069798438344151e-09 -8.7120497482828796e-09
490 9.5605468750000000e-01 -2.1120740711921826e-09 -6.2324261307367124e-09 -8.3445002019288950e-09
491 9.5800781250000000e-01 -2.0186234905850142e-09 -5.9566218624240719e-09 -7.9752453530090861e-09
492 9.5996093750000000e-01 -1.9252865968155675e-09 -5.6814997151377611e-09 -7.6067863119533285e-09
493 9.6191406250000000e-01 -1.8318360162083991e-09 -5.4052406994742341e-09 -7.2370767156826332e-09
494 9.6386718750000000e-01 -1.7384991224389523e-09 -5.1296638048370369e-09 -6.8681629272759892e-09
495 9.6582031250000000e-01 -1.6448211681563407e-09 -4.8531774154980667e-09 -6.4979985836544074e-09
496 9.6777343750000000e-01 -1.5512569007114507e-09 -4.5770320866722614e-09 -6.1282889873837121e-09
497 9.6972656250000000e-01 -1.4574084161722567e-09 -4.3006025407521520e-09 -5.7580109569244087e-09
498 9.7167968750000000e-01 -1.3635599316330627e-09 -4.0236045606434345e-09 -5.3871644922764972e-09
499 9.7363281250000000e-01 -1.2698251339315902e-09 -3.7471181713044643e-09 -5.0169433052360546e-09
500 9.7558593750000000e-01 -1.1759766493923962e-09 -3.4698359741014428e-09 -4.6458126234938391e-09
501 9.7753906250000000e-01 -1.0820144780154806e-09 -3.1929516808304470e-09 -4.2749661588459276e-09
502 9.7949218750000000e-01 -9.8799546321970411e-10 -2.9154421099519823e-09 -3.9034375731716864e-09
503 9.8144531250000000e-01 -8.9409013526164927e-10 -2.6383872864244040e-09 -3.5324774216860533e-09
504 9.8339843750000000e-01 -8.0001427704701200e-10 -2.3606503418704960e-09 -3.1606646189175081e-09
505 9.8535156250000000e-01 -7.0608052737952676e-10 -2.0834534097957658e-09 -2.7895339371752925e-09
506 9.8730468750000000e-01 -6.1189098232716788e-10 -1.8054606698569842e-09 -2.4173516521841520e-09
507 9.8925781250000000e-01 -5.1784354582196102e-10 -1.5280363641068107e-09 -2.0458799099287717e-09
508 9.9121093750000000e-01 -4.2379610931675415e-10 -1.2504131063906243e-09 -1.6742092157073785e-09
509 9.9316406250000000e-01 -3.2950708828138886e-10 -9.7230667961412109e-10 -1.3018137678955100e-09
510 9.9511718750000000e-01 -2.3545965177618200e-10 -6.9479710873565637e-10 -9.3025676051183837e-10
511 9.9707031250000000e-01 -1.4119194702288951e-10 -4.1662673311293474e-10 -5.5781868013582425e-10
512 9.9902343750000000e-01 4.8792073190639940e-06 1.4637624277114014e-05 1.9516831596178008e-05
