# P x_center tau_U tau_V tau_Psi
1 1.9531250000000000e-03 1.9515988853413546e-05 5.8548003641689661e-05 7.8063992495103207e-05
2 5.8593750000000000e-03 -2.2599024873670714e-09 -6.6685004185274011e-09 -8.9284029058944725e-09
3 9.7656250000000000e-03 -3.7661322949134046e-09 -1.1113058917544549e-08 -1.4879191212457954e-08
4 1.3671875000000000e-02 -5.2718007736984873e-09 -1.5555940535705304e-08 -2.0827741309403791e-08
5 1.7578125000000000e-02 -6.7766734446195187e-09 -1.9996463151983335e-08 -2.6773136596602853e-08
6 2.1484375000000000e-02 -8.2804945122916251e-09 -2.4434029910480604e-08 -3.2714524422772229e-08
7 2.5390625000000000e-02 -9.7830650247487938e-09 -2.8867845003333059e-08 -3.8650910028081853e-08
8 2.9296875000000000e-02 -1.1284157608315581e-08 -3.3297311574642663e-08 -4.4581469182958244e-08
9 3.3203125000000000e-02 -1.2783630154444836e-08 -3.7721804346801946e-08 -5.0505434501246782e-08
10 3.7109375000000000e-02 -1.4281170024332823e-08 -4.2140698042203439e-08 -5.6421868066536263e-08
11 4.1015625000000000e-02 -1.5776493000885239e-08 -4.6552997901017079e-08 -6.2329490901902318e-08
12 4.4921875000000000e-02 -1.7269485397264361e-08 -5.0958533392986283e-08 -6.8228018790250644e-08
13 4.8828125000000000e-02 -1.8759862996375887e-08 -5.5356281336571556e-08 -7.4116144332947442e-08
14 5.2734375000000000e-02 -2.0247341581125511e-08 -5.9745673297584290e-08 -7.9993014878709801e-08
15 5.6640625000000000e-02 -2.1731864308094373e-08 -6.4126140841835877e-08 -8.5858005149930250e-08
16 6.0546875000000000e-02 -2.3213090116769308e-08 -6.8496888161462266e-08 -9.1709978278231574e-08
17 6.4453125000000000e-02 -2.4690734790056013e-08 -7.2857403665693710e-08 -9.7548138455749722e-08
18 6.8359375000000000e-02 -2.6164912014792208e-08 -7.7206891546666157e-08 -1.0337180356145836e-07
19 7.2265625000000000e-02 -2.7634882826532703e-08 -8.1544953900447581e-08 -1.0917983672698028e-07
20 7.6171875000000000e-02 -2.9100874598952942e-08 -8.5870397015241906e-08 -1.1497127161419485e-07
21 8.0078125000000000e-02 -3.0562318897864316e-08 -9.0182993517373689e-08 -1.2074531241523800e-07
22 8.3984375000000000e-02 -3.2019329410104547e-08 -9.4482061285816599e-08 -1.2650139069592115e-07
23 8.7890625000000000e-02 -3.3471337701485027e-08 -9.8766804512706585e-08 -1.3223814221419161e-07
24 9.1796875000000000e-02 -3.4918343772005755e-08 -1.0303676845069276e-07 -1.3795511222269852e-07
25 9.5703125000000000e-02 -3.6360120247991290e-08 -1.0729115729191108e-07 -1.4365127753990237e-07
26 9.9609375000000000e-02 -3.7796667129441630e-08 -1.1152974366268609e-07 -1.4932641079212772e-07
27 1.0351562500000000e-01 -3.9227415982168168e-08 -1.1575127700780286e-07 -1.5497869298997102e-07
28 1.0742187500000000e-01 -4.0651912058820017e-08 -1.1995530257991049e-07 -1.6060721463873051e-07
29 1.1132812500000000e-01 -4.2070723793585785e-08 -1.2414136563165812e-07 -1.6621208942524390e-07
30 1.1523437500000000e-01 -4.3482714318088256e-08 -1.2830855666834395e-07 -1.7179127098643221e-07
31 1.1914062500000000e-01 -4.4888452066516038e-08 -1.3245642094261711e-07 -1.7734487300913315e-07
32 1.2304687500000000e-01 -4.6287482291518245e-08 -1.3658450370712671e-07 -1.8287198599864496e-07
33 1.2695312500000000e-01 -4.7679350245743990e-08 -1.4069189546717098e-07 -1.8837124571291497e-07
34 1.3085937500000000e-01 -4.9064396989706438e-08 -1.4477836884907447e-07 -1.9384276583878091e-07
35 1.3476562500000000e-01 -5.0441826715541538e-08 -1.4884290067129768e-07 -1.9928472738683922e-07
36 1.3867187500000000e-01 -5.1811866796924733e-08 -1.5288492249965202e-07 -2.0469678929657675e-07
37 1.4257812500000000e-01 -5.3173607739154249e-08 -1.5690375221311115e-07 -2.1007735995226540e-07
38 1.4648437500000000e-01 -5.4527845350094140e-08 -1.6089938981167506e-07 -2.1542723516176920e-07
39 1.5039062500000000e-01 -5.5873215387691744e-08 -1.6487024367961567e-07 -2.2074345906730741e-07
40 1.5429687500000000e-01 -5.7210854720324278e-08 -1.6881654119060840e-07 -2.2602739591093268e-07
41 1.5820312500000000e-01 -5.8539399105939083e-08 -1.7273760022362694e-07 -2.3127699932956602e-07
42 1.6210937500000000e-01 -5.9859530665562488e-08 -1.7663251128396951e-07 -2.3649204194953199e-07
43 1.6601562500000000e-01 -6.1170339904492721e-08 -1.8050081962428521e-07 -2.4167115952877793e-07
44 1.6992187500000000e-01 -6.2472054196405225e-08 -1.8434207049722318e-07 -2.4681412469362840e-07
45 1.7382812500000000e-01 -6.3764446167624556e-08 -1.8815558178175706e-07 -2.5192002794938162e-07
46 1.7773437500000000e-01 -6.5047288444475271e-08 -1.9194044398318511e-07 -2.5698773242766038e-07
47 1.8164062500000000e-01 -6.6320126279606484e-08 -1.9569642972783186e-07 -2.6201655600743834e-07
48 1.8554687500000000e-01 -6.7583414420369081e-08 -1.9942353901569732e-07 -2.6700695343606640e-07
49 1.8945312500000000e-01 -6.8836015998385847e-08 -2.0311995285737794e-07 -2.7195596885576379e-07
50 1.9335937500000000e-01 -7.0078158387332223e-08 -2.0678589862654917e-07 -2.7686405701388139e-07
51 1.9726562500000000e-01 -7.1310068960883655e-08 -2.1042069420218468e-07 -2.8173076316306833e-07
52 2.0117187500000000e-01 -7.2531065598013811e-08 -2.1402388483693358e-07 -2.8655495043494739e-07
53 2.0507812500000000e-01 -7.3741148298722692e-08 -2.1759501578344498e-07 -2.9133616408216767e-07
54 2.0898437500000000e-01 -7.4940544436685741e-08 -2.2113340492069256e-07 -2.9607394935737830e-07
55 2.1289062500000000e-01 -7.6128117143525742e-08 -2.2463814275397453e-07 -3.0076625989750028e-07
56 2.1679687500000000e-01 -7.7304775913944468e-08 -2.2810922928329092e-07 -3.0541400519723538e-07
57 2.2070312500000000e-01 -7.8469383879564703e-08 -2.3154575501393992e-07 -3.1001513889350463e-07
58 2.2460937500000000e-01 -7.9621713666711003e-08 -2.3494749257224612e-07 -3.1456920623895712e-07
59 2.2851562500000000e-01 -8.0762674770085141e-08 -2.3831398721085861e-07 -3.1907666198094375e-07
60 2.3242187500000000e-01 -8.1891585068660788e-08 -2.4164478418242652e-07 -3.2353636925108731e-07
61 2.3632812500000000e-01 -8.3007989815087058e-08 -2.4493897399224807e-07 -3.2794696380733512e-07
62 2.4023437500000000e-01 -8.4112116383039393e-08 -2.4819632926664781e-07 -3.3230844564968720e-07
63 2.4414062500000000e-01 -8.5203055277816020e-08 -2.5141594051092397e-07 -3.3661899578873999e-07
64 2.4804687500000000e-01 -8.6281715994118713e-08 -2.5459803509875201e-07 -3.4087975109287072e-07
65 2.5195312500000000e-01 -8.7347189037245698e-08 -2.5774215828278102e-07 -3.4508934732002672e-07
66 2.5585937500000000e-01 -8.8399019659846090e-08 -2.6084694582095835e-07 -3.4924596548080444e-07
67 2.5976562500000000e-01 -8.9438117356621660e-08 -2.6391262508695945e-07 -3.5335074244358111e-07
68 2.6367187500000000e-01 -9.0463345259195194e-08 -2.6693851395975798e-07 -3.5740185921895318e-07
69 2.6757812500000000e-01 -9.1475158114917576e-08 -2.6992370294465218e-07 -3.6139886105956975e-07
70 2.7148437500000000e-01 -9.2473101176437922e-08 -2.7286910153634381e-07 -3.6534220271278173e-07
71 2.7539062500000000e-01 -9.3457629191107117e-08 -2.7577289074542932e-07 -3.6923051993653644e-07
72 2.7929687500000000e-01 -9.4427150543197058e-08 -2.7863507057190873e-07 -3.7306222111510579e-07
73 2.8320312500000000e-01 -9.5383484222111292e-08 -2.8145586838945746e-07 -3.7683935261156876e-07
74 2.8710937500000000e-01 -9.6324583864770830e-08 -2.8423369258234743e-07 -3.8055827644711826e-07
75 2.9101562500000000e-01 -9.7251813713228330e-08 -2.8696945264528040e-07 -3.8422126635850873e-07
76 2.9492187500000000e-01 -9.8164036899106577e-08 -2.8966087484150194e-07 -3.8782491174060851e-07
77 2.9882812500000000e-01 -9.9061708169756457e-08 -2.9230932341306470e-07 -3.9137103158282116e-07
78 3.0273437500000000e-01 -9.9944372777827084e-08 -2.9491411623894237e-07 -3.9485848901676945e-07
79 3.0664062500000000e-01 -1.0081203072331846e-07 -2.9747411645075772e-07 -3.9828614717407618e-07
80 3.1054687500000000e-01 -1.0166422725887969e-07 -2.9998909667483531e-07 -4.0165332393371500e-07
81 3.1445312500000000e-01 -1.0250096238451079e-07 -3.0245928428485058e-07 -4.0496024666936137e-07
82 3.1835937500000000e-01 -1.0332269084756263e-07 -3.0488308766507544e-07 -4.0820577851263806e-07
83 3.2226562500000000e-01 -1.0412850315333344e-07 -3.0726232580491342e-07 -4.1139082895824686e-07
84 3.2617187500000000e-01 -1.0491930879652500e-07 -3.0959517971496098e-07 -4.1451448851148598e-07
85 3.3007812500000000e-01 -1.0569419828243554e-07 -3.1188028515316546e-07 -4.1757448343560100e-07
86 3.3398437500000000e-01 -1.0645271686371416e-07 -3.1411900636157952e-07 -4.2057172322529368e-07
87 3.3789062500000000e-01 -1.0719531928771175e-07 -3.1631043384550139e-07 -4.2350575313321315e-07
88 3.4179687500000000e-01 -1.0792155080707744e-07 -3.1845320336287841e-07 -4.2637475416995585e-07
89 3.4570312500000000e-01 -1.0863232091651298e-07 -3.2055004339781590e-07 -4.2918236431432888e-07
90 3.4960937500000000e-01 -1.0932581062661484e-07 -3.2259686122415587e-07 -4.3192267185077071e-07
91 3.5351562500000000e-01 -1.1000292943208478e-07 -3.2459547583130188e-07 -4.3459840526338667e-07
92 3.5742187500000000e-01 -1.1066413208027370e-07 -3.2654679671395570e-07 -4.3721092879422940e-07
93 3.6132812500000000e-01 -1.1130850907647982e-07 -3.2844673114595935e-07 -4.3975524022243917e-07
94 3.6523437500000000e-01 -1.1193651516805403e-07 -3.3029891710611992e-07 -4.4223543227417395e-07
95 3.6914062500000000e-01 -1.1254633136559278e-07 -3.3210017136298120e-07 -4.4464650272857398e-07
96 3.7304687500000000e-01 -1.1314023140585050e-07 -3.3385185815859586e-07 -4.4699208956444636e-07
97 3.7695312500000000e-01 -1.1371639629942365e-07 -3.3555261325091124e-07 -4.4926900955033489e-07
98 3.8085937500000000e-01 -1.1427619028836489e-07 -3.3720425562933087e-07 -4.5148044591769576e-07
99 3.8476562500000000e-01 -1.1481824913062155e-07 -3.3880360206239857e-07 -4.5362185119302012e-07
100 3.8867187500000000e-01 -1.1534302757354453e-07 -3.4035292628686875e-07 -4.5569595386041328e-07
101 3.9257812500000000e-01 -1.1585052561713383e-07 -3.4185040931333788e-07 -4.5770093493047170e-07
102 3.9648437500000000e-01 -1.1634119800874032e-07 -3.4329696063650772e-07 -4.5963815864524804e-07
103 4.0039062500000000e-01 -1.1681322575896047e-07 -3.4469167076167651e-07 -4.6150489652063698e-07
104 4.0429687500000000e-01 -1.1726842785719782e-07 -3.4603408494149335e-07 -4.6330251279869117e-07
105 4.0820312500000000e-01 -1.1770589480875060e-07 -3.4732511267066002e-07 -4.6503100747941062e-07
106 4.1210937500000000e-01 -1.1812517186626792e-07 -3.4856338970712386e-07 -4.6668856157339178e-07
107 4.1601562500000000e-01 -1.1852807801915333e-07 -3.4974937079823576e-07 -4.6827744881738909e-07
108 4.1992187500000000e-01 -1.1891097528859973e-07 -3.5088169170194305e-07 -4.6979266699054278e-07
109 4.2382812500000000e-01 -1.1927795640076511e-07 -3.5196262615500018e-07 -4.7124058255576529e-07
110 4.2773437500000000e-01 -1.1962538337684236e-07 -3.5298944567330182e-07 -4.7261482905014418e-07
111 4.3164062500000000e-01 -1.1995598470093682e-07 -3.5396351449890062e-07 -4.7391949919983745e-07
112 4.3554687500000000e-01 -1.2026748663629405e-07 -3.5488437788444571e-07 -4.7515186452073976e-07
113 4.3945312500000000e-01 -1.2056125342496671e-07 -3.5575203582993709e-07 -4.7631328925490379e-07
114 4.4335937500000000e-01 -1.2083728506695479e-07 -3.5656603358802386e-07 -4.7740331865497865e-07
115 4.4726562500000000e-01 -1.2109558156225830e-07 -3.5732591641135514e-07 -4.7842149797361344e-07
116 4.5117187500000000e-01 -1.2133432392147370e-07 -3.5803168429993093e-07 -4.7936600822140463e-07
117 4.5507812500000000e-01 -1.2155578588135540e-07 -3.5868424674845301e-07 -4.8024003262980841e-07
118 4.5898437500000000e-01 -1.2175814845249988e-07 -3.5928269426221959e-07 -4.8104084271471947e-07
119 4.6289062500000000e-01 -1.2194277587695979e-07 -3.5982702684123069e-07 -4.8176980271819048e-07
120 4.6679687500000000e-01 -1.2210875866003335e-07 -3.6031724448548630e-07 -4.8242600314551964e-07
121 4.7070312500000000e-01 -1.2225655154907145e-07 -3.6075243770028464e-07 -4.8300898924935609e-07
122 4.7460937500000000e-01 -1.2238615454407409e-07 -3.6113397072767839e-07 -4.8352012527175248e-07
123 4.7851562500000000e-01 -1.2249665815033950e-07 -3.6146138882031664e-07 -4.8395804697065614e-07
124 4.8242187500000000e-01 -1.2258851711521856e-07 -3.6173378248349763e-07 -4.8432229959871620e-07
125 4.8632812500000000e-01 -1.2266264093341306e-07 -3.6195206121192314e-07 -4.8461470214533620e-07
126 4.9023437500000000e-01 -1.2271766536287032e-07 -3.6211577025824226e-07 -4.8483343562111259e-07
127 4.9414062500000000e-01 -1.2275495464564301e-07 -3.6222445487510413e-07 -4.8497940952074714e-07
128 4.9804687500000000e-01 -1.2277359928702936e-07 -3.6227947930456139e-07 -4.8505307859159075e-07
129 5.0195312500000000e-01 -1.2277359928702936e-07 -3.6227947930456139e-07 -4.8505307859159075e-07
130 5.0585937500000000e-01 -1.2275495464564301e-07 -3.6222445487510413e-07 -4.8497940952074714e-07
131 5.0976562500000000e-01 -1.2271766536287032e-07 -3.6211577025824226e-07 -4.8483343562111259e-07
132 5.1367187500000000e-01 -1.2266264093341306e-07 -3.6195206121192314e-07 -4.8461470214533620e-07
133 5.1757812500000000e-01 -1.2258897186256945e-07 -3.6173423723084852e-07 -4.8432320909341797e-07
134 5.2148437500000000e-01 -1.2249665815033950e-07 -3.6146138882031664e-07 -4.8395804697065614e-07
135 5.2539062500000000e-01 -1.2238569979672320e-07 -3.6113397072767839e-07 -4.8351967052440159e-07
136 5.2929687500000000e-01 -1.2225700629642233e-07 -3.6075289244763553e-07 -4.8300989874405786e-07
137 5.3320312500000000e-01 -1.2210875866003335e-07 -3.6031724448548630e-07 -4.8242600314551964e-07
138 5.3710937500000000e-01 -1.2194232112960890e-07 -3.5982748158858158e-07 -4.8176980271819048e-07
139 5.4101562500000000e-01 -1.2175814845249988e-07 -3.5928269426221959e-07 -4.8104084271471947e-07
140 5.4492187500000000e-01 -1.2155578588135540e-07 -3.5868470149580389e-07 -4.8024048737715930e-07
141 5.4882812500000000e-01 -1.2133432392147370e-07 -3.5803168429993093e-07 -4.7936600822140463e-07
142 5.5273437500000000e-01 -1.2109558156225830e-07 -3.5732591641135514e-07 -4.7842149797361344e-07
143 5.5664062500000000e-01 -1.2083728506695479e-07 -3.5656603358802386e-07 -4.7740331865497865e-07
144 5.6054687500000000e-01 -1.2056125342496671e-07 -3.5575203582993709e-07 -4.7631328925490379e-07
145 5.6445312500000000e-01 -1.2026748663629405e-07 -3.5488437788444571e-07 -4.7515186452073976e-07
146 5.6835937500000000e-01 -1.1995598470093682e-07 -3.5396351449890062e-07 -4.7391949919983745e-07
147 5.7226562500000000e-01 -1.1962538337684236e-07 -3.5298944567330182e-07 -4.7261482905014418e-07
148 5.7617187500000000e-01 -1.1927795640076511e-07 -3.5196262615500018e-07 -4.7124058255576529e-07
149 5.8007812500000000e-01 -1.1891097528859973e-07 -3.5088214644929394e-07 -4.6979312173789367e-07
150 5.8398437500000000e-01 -1.1852807801915333e-07 -3.4974937079823576e-07 -4.6827744881738909e-07
151 5.8789062500000000e-01 -1.1812517186626792e-07 -3.4856338970712386e-07 -4.6668856157339178e-07
152 5.9179687500000000e-01 -1.1770589480875060e-07 -3.4732511267066002e-07 -4.6503100747941062e-07
153 5.9570312500000000e-01 -1.1726842785719782e-07 -3.4603408494149335e-07 -4.6330251279869117e-07
154 5.9960937500000000e-01 -1.1681322575896047e-07 -3.4469167076167651e-07 -4.6150489652063698e-07
155 6.0351562500000000e-01 -1.1634074326138943e-07 -3.4329696063650772e-07 -4.5963770389789715e-07
156 6.0742187500000000e-01 -1.1585052561713383e-07 -3.4185040931333788e-07 -4.5770093493047170e-07
157 6.1132812500000000e-01 -1.1534302757354453e-07 -3.4035292628686875e-07 -4.5569595386041328e-07
158 6.1523437500000000e-01 -1.1481779438327067e-07 -3.3880360206239857e-07 -4.5362139644566923e-07
159 6.1914062500000000e-01 -1.1427619028836489e-07 -3.3720471037668176e-07 -4.5148090066504665e-07
160 6.2304687500000000e-01 -1.1371639629942365e-07 -3.3555261325091124e-07 -4.4926900955033489e-07
161 6.2695312500000000e-01 -1.1314023140585050e-07 -3.3385185815859586e-07 -4.4699208956444636e-07
162 6.3085937500000000e-01 -1.1254633136559278e-07 -3.3210017136298120e-07 -4.4464650272857398e-07
163 6.3476562500000000e-01 -1.1193651516805403e-07 -3.3029891710611992e-07 -4.4223543227417395e-07
164 6.3867187500000000e-01 -1.1130850907647982e-07 -3.2844673114595935e-07 -4.3975524022243917e-07
165 6.4257812500000000e-01 -1.1066413208027370e-07 -3.2654679671395570e-07 -4.3721092879422940e-07
166 6.4648437500000000e-01 -1.1000338417943567e-07 -3.2459593057865277e-07 -4.3459931475808844e-07
167 6.5039062500000000e-01 -1.0932581062661484e-07 -3.2259731597150676e-07 -4.3192312659812160e-07
168 6.5429687500000000e-01 -1.0863186616916209e-07 -3.2054913390311413e-07 -4.2918100007227622e-07
169 6.5820312500000000e-01 -1.0792155080707744e-07 -3.1845411285758018e-07 -4.2637566366465762e-07
170 6.6210937500000000e-01 -1.0719531928771175e-07 -3.1630997909815051e-07 -4.2350529838586226e-07
171 6.6601562500000000e-01 -1.0645226211636327e-07 -3.1411855161422864e-07 -4.2057081373059191e-07
172 6.6992187500000000e-01 -1.0569419828243554e-07 -3.1188073990051635e-07 -4.1757493818295188e-07
173 6.7382812500000000e-01 -1.0491930879652500e-07 -3.0959472496761009e-07 -4.1451403376413509e-07
174 6.7773437500000000e-01 -1.0412895790068433e-07 -3.0726232580491342e-07 -4.1139128370559774e-07
175 6.8164062500000000e-01 -1.0332269084756263e-07 -3.0488399715977721e-07 -4.0820668800733984e-07
176 6.8554687500000000e-01 -1.0250050763715990e-07 -3.0245928428485058e-07 -4.0495979192201048e-07
177 6.8945312500000000e-01 -1.0166422725887969e-07 -2.9998909667483531e-07 -4.0165332393371500e-07
178 6.9335937500000000e-01 -1.0081180334964301e-07 -2.9747366170340683e-07 -3.9828546505304985e-07
179 6.9726562500000000e-01 -9.9944372777827084e-08 -2.9491434361261781e-07 -3.9485871639044490e-07
180 7.0117187500000000e-01 -9.9061708169756457e-08 -2.9230977816041559e-07 -3.9137148633017205e-07
181 7.0507812500000000e-01 -9.8163582151755691e-08 -2.8966087484150194e-07 -3.8782445699325763e-07
182 7.0898437500000000e-01 -9.7251586339552887e-08 -2.8696877052425407e-07 -3.8422035686380696e-07
183 7.1289062500000000e-01 -9.6324583864770830e-08 -2.8423346520867199e-07 -3.8055804907344282e-07
184 7.1679687500000000e-01 -9.5383484222111292e-08 -2.8145586838945746e-07 -3.7683935261156876e-07
185 7.2070312500000000e-01 -9.4427150543197058e-08 -2.7863552531925961e-07 -3.7306267586245667e-07
186 7.2460937500000000e-01 -9.3457401817431673e-08 -2.7577311811910477e-07 -3.6923051993653644e-07
187 7.2851562500000000e-01 -9.2473101176437922e-08 -2.7286887416266836e-07 -3.6534197533910628e-07
188 7.3242187500000000e-01 -9.1475158114917576e-08 -2.6992393031832762e-07 -3.6139908843324520e-07
189 7.3632812500000000e-01 -9.0463345259195194e-08 -2.6693828658608254e-07 -3.5740163184527773e-07
190 7.4023437500000000e-01 -8.9438344730297104e-08 -2.6391262508695945e-07 -3.5335096981725655e-07
191 7.4414062500000000e-01 -8.8399247033521533e-08 -2.6084694582095835e-07 -3.4924619285447989e-07
192 7.4804687500000000e-01 -8.7346961663570255e-08 -2.5774170353543013e-07 -3.4508866519900039e-07
193 7.5195312500000000e-01 -8.6281715994118713e-08 -2.5459826247242745e-07 -3.4087997846654616e-07
194 7.5585937500000000e-01 -8.5203055277816020e-08 -2.5141594051092397e-07 -3.3661899578873999e-07
195 7.5976562500000000e-01 -8.4112116383039393e-08 -2.4819610189297237e-07 -3.3230821827601176e-07
196 7.6367187500000000e-01 -8.3007989815087058e-08 -2.4493897399224807e-07 -3.2794696380733512e-07
197 7.6757812500000000e-01 -8.1891585068660788e-08 -2.4164455680875108e-07 -3.2353614187741186e-07
198 7.7148437500000000e-01 -8.0762674770085141e-08 -2.3831421458453406e-07 -3.1907688935461920e-07
199 7.7539062500000000e-01 -7.9621713666711003e-08 -2.3494749257224612e-07 -3.1456920623895712e-07
200 7.7929687500000000e-01 -7.8469611253240146e-08 -2.3154598238761537e-07 -3.1001559364085551e-07
201 7.8320312500000000e-01 -7.7304775913944468e-08 -2.2810922928329092e-07 -3.0541400519723538e-07
202 7.8710937500000000e-01 -7.6128117143525742e-08 -2.2463791538029909e-07 -3.0076603252382483e-07
203 7.9101562500000000e-01 -7.4940317063010298e-08 -2.2113317754701711e-07 -2.9607349461002741e-07
204 7.9492187500000000e-01 -7.3741375672398135e-08 -2.1759478840976954e-07 -2.9133616408216767e-07
205 7.9882812500000000e-01 -7.2531065598013811e-08 -2.1402388483693358e-07 -2.8655495043494739e-07
206 8.0273437500000000e-01 -7.1310068960883655e-08 -2.1042069420218468e-07 -2.8173076316306833e-07
207 8.0664062500000000e-01 -7.0078158387332223e-08 -2.0678589862654917e-07 -2.7686405701388139e-07
208 8.1054687500000000e-01 -6.8836015998385847e-08 -2.0311995285737794e-07 -2.7195596885576379e-07
209 8.1445312500000000e-01 -6.7583414420369081e-08 -1.9942353901569732e-07 -2.6700695343606640e-07
210 8.1835937500000000e-01 -6.6320126279606484e-08 -1.9569642972783186e-07 -2.6201655600743834e-07
211 8.2226562500000000e-01 -6.5047061070799828e-08 -1.9194044398318511e-07 -2.5698750505398493e-07
212 8.2617187500000000e-01 -6.3764446167624556e-08 -1.8815535440808162e-07 -2.5191980057570618e-07
213 8.3007812500000000e-01 -6.2472281570080668e-08 -1.8434161574987229e-07 -2.4681389731995296e-07
214 8.3398437500000000e-01 -6.1170339904492721e-08 -1.8050081962428521e-07 -2.4167115952877793e-07
215 8.3789062500000000e-01 -5.9859530665562488e-08 -1.7663251128396951e-07 -2.3649204194953199e-07
216 8.4179687500000000e-01 -5.8539399105939083e-08 -1.7273760022362694e-07 -2.3127699932956602e-07
217 8.4570312500000000e-01 -5.7210854720324278e-08 -1.6881654119060840e-07 -2.2602739591093268e-07
218 8.4960937500000000e-01 -5.5873442761367187e-08 -1.6487069842696656e-07 -2.2074414118833374e-07
219 8.5351562500000000e-01 -5.4527845350094140e-08 -1.6089938981167506e-07 -2.1542723516176920e-07
220 8.5742187500000000e-01 -5.3173835112829693e-08 -1.5690397958678659e-07 -2.1007781469961628e-07
221 8.6132812500000000e-01 -5.1811866796924733e-08 -1.5288469512597658e-07 -2.0469656192290131e-07
222 8.6523437500000000e-01 -5.0441826715541538e-08 -1.4884278698445996e-07 -1.9928461370000150e-07
223 8.6914062500000000e-01 -4.9064169616030995e-08 -1.4477836884907447e-07 -1.9384253846510546e-07
224 8.7304687500000000e-01 -4.7679577619419433e-08 -1.4069189546717098e-07 -1.8837147308659041e-07
225 8.7695312500000000e-01 -4.6287368604680523e-08 -1.3658439002028899e-07 -1.8287175862496952e-07
226 8.8085937500000000e-01 -4.4888452066516038e-08 -1.3245642094261711e-07 -1.7734487300913315e-07
227 8.8476562500000000e-01 -4.3482714318088256e-08 -1.2830832929466851e-07 -1.7179104361275677e-07
228 8.8867187500000000e-01 -4.2070723793585785e-08 -1.2414125194482040e-07 -1.6621197573840618e-07
229 8.9257812500000000e-01 -4.0651912058820017e-08 -1.1995518889307277e-07 -1.6060710095189279e-07
230 8.9648437500000000e-01 -3.9227415982168168e-08 -1.1575116332096513e-07 -1.5497857930313330e-07
231 9.0039062500000000e-01 -3.7796780816279352e-08 -1.1152974366268609e-07 -1.4932652447896544e-07
232 9.0429687500000000e-01 -3.6360233934829012e-08 -1.0729115729191108e-07 -1.4365139122674009e-07
233 9.0820312500000000e-01 -3.4918457458843477e-08 -1.0303688213753048e-07 -1.3795533959637396e-07
234 9.1210937500000000e-01 -3.3471337701485027e-08 -9.8766804512706585e-08 -1.3223814221419161e-07
235 9.1601562500000000e-01 -3.2019329410104547e-08 -9.4482174972654320e-08 -1.2650150438275887e-07
236 9.1992187500000000e-01 -3.0562318897864316e-08 -9.0182879830535967e-08 -1.2074519872840028e-07
237 9.2382812500000000e-01 -2.9100760912115220e-08 -8.5870283328404184e-08 -1.1497104424051940e-07
238 9.2773437500000000e-01 -2.7634882826532703e-08 -8.1544840213609859e-08 -1.0917972304014256e-07
239 9.3164062500000000e-01 -2.6164912014792208e-08 -7.7206891546666157e-08 -1.0337180356145836e-07
240 9.3554687500000000e-01 -2.4690848476893734e-08 -7.2857403665693710e-08 -9.7548252142587444e-08
241 9.3945312500000000e-01 -2.3213090116769308e-08 -6.8496888161462266e-08 -9.1709978278231574e-08
242 9.4335937500000000e-01 -2.1731921151513234e-08 -6.4126197685254738e-08 -8.5858118836767972e-08
243 9.4726562500000000e-01 -2.0247341581125511e-08 -5.9745673297584290e-08 -7.9993014878709801e-08
244 9.5117187500000000e-01 -1.8759806152957026e-08 -5.5356224493152695e-08 -7.4116030646109721e-08
245 9.5507812500000000e-01 -1.7269428553845501e-08 -5.0958476549567422e-08 -6.8227905103412922e-08
246 9.5898437500000000e-01 -1.5776493000885239e-08 -4.6553111587854801e-08 -6.2329604588740040e-08
247 9.6289062500000000e-01 -1.4281113180913962e-08 -4.2140641198784579e-08 -5.6421754379698541e-08
248 9.6679687500000000e-01 -1.2783630154444836e-08 -3.7721804346801946e-08 -5.0505434501246782e-08
249 9.7070312500000000e-01 -1.1284186030025012e-08 -3.3297311574642663e-08 -4.4581497604667675e-08
250 9.7460937500000000e-01 -9.7830934464582242e-09 -2.8867845003333059e-08 -3.8650938449791283e-08
251 9.7851562500000000e-01 -8.2804945122916251e-09 -2.4434001488771173e-08 -3.2714496001062798e-08
252 9.8242187500000000e-01 -6.7767018663289491e-09 -1.9996491573692765e-08 -2.6773193440021714e-08
253 9.8632812500000000e-01 -5.2718007736984873e-09 -1.5555926324850589e-08 -2.0827727098549076e-08
254 9.9023437500000000e-01 -3.7661322949134046e-09 -1.1113044706689834e-08 -1.4879177001603239e-08
255 9.9414062500000000e-01 -2.2599095927944290e-09 -6.6685075239547587e-09 -8.9284171167491877e-09
256 9.9804687500000000e-01 1.9515988913809679e-05 5.8548003819325345e-05 7.8063992733135024e-05
