# P x_center tau_U tau_V tau_Psi
1 3.1250000000000000e-02 4.9231213526148565e-03 1.4771790427690945e-02 1.9694911780305802e-02
2 9.3750000000000000e-02 -1.4580006693876157e-04 -4.3021433532430819e-04 -5.7601440226306977e-04
3 1.5625000000000000e-01 -2.3676646122794409e-04 -6.9863017132831828e-04 -9.3539663255626238e-04
4 2.1875000000000000e-01 -3.1863405320109450e-04 -9.4019804168965493e-04 -1.2588320948907494e-03
5 2.8125000000000000e-01 -3.8825671718711874e-04 -1.1456346285143582e-03 -1.5338913457014769e-03
6 3.4375000000000000e-01 -4.4295889327372606e-04 -1.3070451190628773e-03 -1.7500040123366034e-03
7 4.0625000000000000e-01 -4.8063840753798104e-04 -1.4182265987301435e-03 -1.8988650062681245e-03
8 4.6875000000000000e-01 -4.9984725731633262e-04 -1.4749064254999666e-03 -1.9747536828162993e-03
9 5.3125000000000000e-01 -4.9984725728791091e-04 -1.4749064254999666e-03 -1.9747536827878776e-03
10 5.9375000000000000e-01 -4.8063840753798104e-04 -1.4182265987017217e-03 -1.8988650062397028e-03
11 6.5625000000000000e-01 -4.4295889327372606e-04 -1.3070451190628773e-03 -1.7500040123366034e-03
12 7.1875000000000000e-01 -3.8825671718711874e-04 -1.1456346285001473e-03 -1.5338913456872660e-03
13 7.8125000000000000e-01 -3.1863405320109450e-04 -9.4019804168965493e-04 -1.2588320948907494e-03
14 8.4375000000000000e-01 -2.3676646122794409e-04 -6.9863017131410743e-04 -9.3539663254205152e-04
15 9.0625000000000000e-01 -1.4580006693876157e-04 -4.3021433533141362e-04 -5.7601440227017520e-04
16 9.6875000000000000e-01 4.9231213526201856e-03 1.4771790427701603e-02 1.9694911780321789e-02
