# MMS4TBGC Gaussian-pulse profile
# sample = 2  tau = 5.0000000000000001e-04  bv = 1.0000000000000000e-02  nx = 256
# xi phi
0.0000000000000000e+00 0.0000000000000000e+00
1.9531250000000000e-03 3.5601272906009565e-05
5.8593750000000000e-03 3.1281148794912742e-04
9.7656250000000000e-03 8.4800417269835797e-04
1.3671875000000000e-02 1.6214862595687613e-03
1.7578125000000000e-02 2.6138282561298867e-03
2.1484375000000000e-02 3.8057485900811401e-03
2.5390625000000000e-02 5.1779791690529757e-03
2.9296875000000000e-02 6.7111167262817236e-03
3.3203125000000000e-02 8.3854644393395669e-03
3.7109375000000000e-02 1.0180868220828584e-02
4.1015625000000000e-02 1.2076551984228216e-02
4.4921875000000000e-02 1.4050956082146196e-02
4.8828125000000000e-02 1.6081582995548838e-02
5.2734375000000000e-02 1.8144854218879274e-02
5.6640625000000000e-02 2.0215982135309132e-02
6.0546875000000000e-02 2.2268860506964590e-02
6.4453125000000000e-02 2.4275977015339421e-02
6.8359375000000000e-02 2.6208351076038246e-02
7.2265625000000000e-02 2.8035499918542102e-02
7.6171875000000000e-02 2.9725435665197940e-02
8.0078125000000000e-02 3.1244695863736783e-02
8.3984375000000000e-02 3.2558409624258759e-02
8.7890625000000000e-02 3.3630401185033777e-02
9.1796875000000000e-02 3.4423332382220465e-02
9.5703125000000000e-02 3.4898885127595945e-02
9.9609375000000000e-02 3.5017984606843147e-02
1.0351562500000000e-01 3.4741063500421332e-02
1.0742187500000000e-01 3.4028367101453787e-02
1.1132812500000000e-01 3.2840298762639733e-02
1.1523437500000000e-01 3.1137804649508667e-02
1.1914062500000000e-01 2.8882796313275234e-02
1.2304687500000000e-01 2.6038609126333885e-02
1.2695312500000000e-01 2.2570494150547661e-02
1.3085937500000000e-01 1.8446140536719974e-02
1.3476562500000000e-01 1.3636225087013100e-02
1.3867187500000000e-01 8.1149851548424183e-03
1.4257812500000000e-01 1.8608106133663075e-03
1.4648437500000000e-01 -5.1431498013098801e-03
1.5039062500000000e-01 -1.2908372867994117e-02
1.5429687500000000e-01 -2.1440341449156134e-02
1.5820312500000000e-01 -3.0737927061808213e-02
1.6210937500000000e-01 -4.0792780565836316e-02
1.6601562500000000e-01 -5.1588737347189287e-02
1.6992187500000000e-01 -6.3101243588962894e-02
1.7382812500000000e-01 -7.5296810388303770e-02
1.7773437500000000e-01 -8.8132502587206951e-02
1.8164062500000000e-01 -1.0155546923700830e-01
1.8554687500000000e-01 -1.1550252260638559e-01
1.8945312500000000e-01 -1.2989977256812826e-01
1.9335937500000000e-01 -1.4466232305846283e-01
1.9726562500000000e-01 -1.5969403709251187e-01
2.0117187500000000e-01 -1.7488737653931963e-01
2.0507812500000000e-01 -1.9012332250920766e-01
2.0898437500000000e-01 -2.0527138178514093e-01
2.1289062500000000e-01 -2.2018968423909260e-01
2.1679687500000000e-01 -2.3472517561563097e-01
2.2070312500000000e-01 -2.4871390944041907e-01
2.2460937500000000e-01 -2.6198144112404570e-01
2.2851562500000000e-01 -2.7434332658542837e-01
2.3242187500000000e-01 -2.8560572691849645e-01
2.3632812500000000e-01 -2.9556611977628200e-01
2.4023437500000000e-01 -3.0401411725394006e-01
2.4414062500000000e-01 -3.1073238912326834e-01
2.4804687500000000e-01 -3.1549768931334921e-01
2.5195312500000000e-01 -3.1808198255288417e-01
2.5585937500000000e-01 -3.1825366709808434e-01
2.5976562500000000e-01 -3.1577888847449481e-01
2.6367187500000000e-01 -3.1042293817113686e-01
2.6757812500000000e-01 -3.0195173025040167e-01
2.7148437500000000e-01 -2.9013334788696993e-01
2.7539062500000000e-01 -2.7473965093355029e-01
2.7929687500000000e-01 -2.5554793474027049e-01
2.8320312500000000e-01 -2.3234262963790345e-01
2.8710937500000000e-01 -2.0491702974234488e-01
2.9101562500000000e-01 -1.7307503905811600e-01
2.9492187500000000e-01 -1.3663292226101706e-01
2.9882812500000000e-01 -9.5421047032702475e-02
3.0273437500000000e-01 -4.9285604410591898e-02
3.0664062500000000e-01 1.9097066878567060e-03
3.1054687500000000e-01 5.8282044800763093e-02
3.1445312500000000e-01 1.1992785522850052e-01
3.1835937500000000e-01 1.8692137737891321e-01
3.2226562500000000e-01 2.5931324405107364e-01
3.2617187500000000e-01 3.3712918626422911e-01
3.3007812500000000e-01 4.2036885681847536e-01
3.3398437500000000e-01 5.0900478522717130e-01
3.3789062500000000e-01 6.0298147598970075e-01
3.4179687500000000e-01 7.0221466137976396e-01
3.4570312500000000e-01 8.0659071901301438e-01
3.4960937500000000e-01 9.1596626343389143e-01
3.5351562500000000e-01 1.0301679198314890e+00
3.5742187500000000e-01 1.1489922867660440e+00
3.6132812500000000e-01 1.2722060934699344e+00
3.6523437500000000e-01 1.3995465558899778e+00
3.6914062500000000e-01 1.5307219341722025e+00
3.7304687500000000e-01 1.6654122927679924e+00
3.7695312500000000e-01 1.8032704627741825e+00
3.8085937500000000e-01 1.9439232045226562e+00
3.8476562500000000e-01 2.0869725668211174e+00
3.8867187500000000e-01 2.2319974376302247e+00
3.9257812500000000e-01 2.3785552793578950e+00
3.9648437500000000e-01 2.5261840403738831e+00
4.0039062500000000e-01 2.6744042328115656e+00
4.0429687500000000e-01 2.8227211652437139e+00
4.0820312500000000e-01 2.9706273174092930e+00
4.1210937500000000e-01 3.1176048428426144e+00
4.1601562500000000e-01 3.2631281840279982e+00
4.1992187500000000e-01 3.4066667835846953e+00
4.2382812500000000e-01 3.5476878739899669e+00
4.2773437500000000e-01 3.6856593274834291e+00
4.3164062500000000e-01 3.8200525470726117e+00
4.3554687500000000e-01 3.9503453789863072e+00
4.3945312500000000e-01 4.0760250265057154e+00
4.4335937500000000e-01 4.1965909448490848e+00
4.4726562500000000e-01 4.3115576966974531e+00
4.5117187500000000e-01 4.4204577480299232e+00
4.5507812500000000e-01 4.5228441841872780e+00
4.5898437500000000e-01 4.6182933265020640e+00
4.6289062500000000e-01 4.7064072304194253e+00
4.6679687500000000e-01 4.7868160467817233e+00
4.7070312500000000e-01 4.8591802288560455e+00
4.7460937500000000e-01 4.9231925687401734e+00
4.7851562500000000e-01 4.9785800479806372e+00
4.8242187500000000e-01 5.0251054885668038e+00
4.8632812500000000e-01 5.0625689919157910e+00
4.9023437500000000e-01 5.0908091550225318e+00
4.9414062500000000e-01 5.1097040546037462e+00
4.9804687500000000e-01 5.1191719917998881e+00
5.0195312500000000e-01 5.1191719917998331e+00
5.0585937500000000e-01 5.1097040546035783e+00
5.0976562500000000e-01 5.0908091550222530e+00
5.1367187500000000e-01 5.0625689919154055e+00
5.1757812500000000e-01 5.0251054885663162e+00
5.2148437500000000e-01 4.9785800479800519e+00
5.2539062500000000e-01 4.9231925687394940e+00
5.2929687500000000e-01 4.8591802288552737e+00
5.3320312500000000e-01 4.7868160467808583e+00
5.3710937500000000e-01 4.7064072304184776e+00
5.4101562500000000e-01 4.6182933265010400e+00
5.4492187500000000e-01 4.5228441841861802e+00
5.4882812500000000e-01 4.4204577480287659e+00
5.5273437500000000e-01 4.3115576966962417e+00
5.5664062500000000e-01 4.1965909448478271e+00
5.6054687500000000e-01 4.0760250265044169e+00
5.6445312500000000e-01 3.9503453789849727e+00
5.6835937500000000e-01 3.8200525470712510e+00
5.7226562500000000e-01 3.6856593274820497e+00
5.7617187500000000e-01 3.5476878739885778e+00
5.8007812500000000e-01 3.4066667835833031e+00
5.8398437500000000e-01 3.2631281840266091e+00
5.8789062500000000e-01 3.1176048428412368e+00
5.9179687500000000e-01 2.9706273174079327e+00
5.9570312500000000e-01 2.8227211652423825e+00
5.9960937500000000e-01 2.6744042328102706e+00
6.0351562500000000e-01 2.5261840403726312e+00
6.0742187500000000e-01 2.3785552793566893e+00
6.1132812500000000e-01 2.2319974376290701e+00
6.1523437500000000e-01 2.0869725668200174e+00
6.1914062500000000e-01 1.9439232045216137e+00
6.2304687500000000e-01 1.8032704627731972e+00
6.2695312500000000e-01 1.6654122927670678e+00
6.3085937500000000e-01 1.5307219341713387e+00
6.3476562500000000e-01 1.3995465558891753e+00
6.3867187500000000e-01 1.2722060934691912e+00
6.4257812500000000e-01 1.1489922867653595e+00
6.4648437500000000e-01 1.0301679198308613e+00
6.5039062500000000e-01 9.1596626343331800e-01
6.5429687500000000e-01 8.0659071901249246e-01
6.5820312500000000e-01 7.0221466137928978e-01
6.6210937500000000e-01 6.0298147598927143e-01
6.6601562500000000e-01 5.0900478522678427e-01
6.6992187500000000e-01 4.2036885681812697e-01
6.7382812500000000e-01 3.3712918626391697e-01
6.7773437500000000e-01 2.5931324405079498e-01
6.8164062500000000e-01 1.8692137737866482e-01
6.8554687500000000e-01 1.1992785522828009e-01
6.8945312500000000e-01 5.8282044800568068e-02
6.9335937500000000e-01 1.9097066876843705e-03
6.9726562500000000e-01 -4.9285604410743894e-02
7.0117187500000000e-01 -9.5421047032836520e-02
7.0507812500000000e-01 -1.3663292226113533e-01
7.0898437500000000e-01 -1.7307503905822025e-01
7.1289062500000000e-01 -2.0491702974243700e-01
7.1679687500000000e-01 -2.3234262963798483e-01
7.2070312500000000e-01 -2.5554793474034265e-01
7.2460937500000000e-01 -2.7473965093361474e-01
7.2851562500000000e-01 -2.9013334788702771e-01
7.3242187500000000e-01 -3.0195173025045352e-01
7.3632812500000000e-01 -3.1042293817118383e-01
7.4023437500000000e-01 -3.1577888847453733e-01
7.4414062500000000e-01 -3.1825366709812281e-01
7.4804687500000000e-01 -3.1808198255291836e-01
7.5195312500000000e-01 -3.1549768931337907e-01
7.5585937500000000e-01 -3.1073238912329371e-01
7.5976562500000000e-01 -3.0401411725396105e-01
7.6367187500000000e-01 -2.9556611977629865e-01
7.6757812500000000e-01 -2.8560572691850894e-01
7.7148437500000000e-01 -2.7434332658543720e-01
7.7539062500000000e-01 -2.6198144112405108e-01
7.7929687500000000e-01 -2.4871390944042160e-01
7.8320312500000000e-01 -2.3472517561563097e-01
7.8710937500000000e-01 -2.2018968423909074e-01
7.9101562500000000e-01 -2.0527138178513749e-01
7.9492187500000000e-01 -1.9012332250920283e-01
7.9882812500000000e-01 -1.7488737653931385e-01
8.0273437500000000e-01 -1.5969403709250535e-01
8.0664062500000000e-01 -1.4466232305845581e-01
8.1054687500000000e-01 -1.2989977256812102e-01
8.1445312500000000e-01 -1.1550252260637817e-01
8.1835937500000000e-01 -1.0155546923700101e-01
8.2226562500000000e-01 -8.8132502587199860e-02
8.2617187500000000e-01 -7.5296810388296970e-02
8.3007812500000000e-01 -6.3101243588956524e-02
8.3398437500000000e-01 -5.1588737347183382e-02
8.3789062500000000e-01 -4.0792780565830931e-02
8.4179687500000000e-01 -3.0737927061803356e-02
8.4570312500000000e-01 -2.1440341449151742e-02
8.4960937500000000e-01 -1.2908372867990243e-02
8.5351562500000000e-01 -5.1431498013065156e-03
8.5742187500000000e-01 1.8608106133691329e-03
8.6132812500000000e-01 8.1149851548447532e-03
8.6523437500000000e-01 1.3636225087014928e-02
8.6914062500000000e-01 1.8446140536721382e-02
8.7304687500000000e-01 2.2570494150548685e-02
8.7695312500000000e-01 2.6038609126334503e-02
8.8085937500000000e-01 2.8882796313275540e-02
8.8476562500000000e-01 3.1137804649508685e-02
8.8867187500000000e-01 3.2840298762639504e-02
8.9257812500000000e-01 3.4028367101453287e-02
8.9648437500000000e-01 3.4741063500420645e-02
9.0039062500000000e-01 3.5017984606842266e-02
9.0429687500000000e-01 3.4898885127594911e-02
9.0820312500000000e-01 3.4423332382219243e-02
9.1210937500000000e-01 3.3630401185032424e-02
9.1601562500000000e-01 3.2558409624257302e-02
9.1992187500000000e-01 3.1244695863735236e-02
9.2382812500000000e-01 2.9725435665196347e-02
9.2773437500000000e-01 2.8035499918540496e-02
9.3164062500000000e-01 2.6208351076036637e-02
9.3554687500000000e-01 2.4275977015337815e-02
9.3945312500000000e-01 2.2268860506962990e-02
9.4335937500000000e-01 2.0215982135307578e-02
9.4726562500000000e-01 1.8144854218877779e-02
9.5117187500000000e-01 1.6081582995547405e-02
9.5507812500000000e-01 1.4050956082144857e-02
9.5898437500000000e-01 1.2076551984226986e-02
9.6289062500000000e-01 1.0180868220827482e-02
9.6679687500000000e-01 8.3854644393385937e-03
9.7070312500000000e-01 6.7111167262808927e-03
9.7460937500000000e-01 5.1779791690522957e-03
9.7851562500000000e-01 3.8057485900806140e-03
9.8242187500000000e-01 2.6138282561295172e-03
9.8632812500000000e-01 1.6214862595685139e-03
9.9023437500000000e-01 8.4800417269821941e-04
9.9414062500000000e-01 3.1281148794907098e-04
9.9804687500000000e-01 3.5601272906003426e-05
1.0000000000000000e+00 0.0000000000000000e+00
