# P x_center tau_Psi tau_V
1 1.5625000000000000e-02 -1.3763937278099547e-04 -3.4697085482093826e-05
2 4.6875000000000000e-02 -1.3631936627689356e-04 -3.4365701552019345e-05
3 7.8125000000000000e-02 -1.3369206575930548e-04 -3.3706125108778906e-05
4 1.0937500000000000e-01 -1.2978277348452139e-04 -3.2724708205478237e-05
5 1.4062500000000000e-01 -1.2462913807098630e-04 -3.1430902438955854e-05
6 1.7187500000000000e-01 -1.1828079186670948e-04 -2.9837167858204339e-05
7 2.0312500000000000e-01 -1.1079887289611179e-04 -2.7958853038967391e-05
8 2.3437500000000000e-01 -1.0225543613273658e-04 -2.5814047120320538e-05
9 2.6562500000000000e-01 -9.2732759526370501e-05 -2.3423405778544293e-05
10 2.9687500000000000e-01 -8.2322551804736577e-05 -2.0809952246736430e-05
11 3.2812500000000000e-01 -7.1125068814126280e-05 -1.7998855398104752e-05
12 3.5937500000000000e-01 -5.9248148431834124e-05 -1.5017187763533002e-05
13 3.9062500000000000e-01 -4.6806171923208240e-05 -1.1893664321860342e-05
14 4.2187500000000000e-01 -3.3918962316192847e-05 -8.6583663829742363e-06
15 4.5312500000000000e-01 -2.0710630508347094e-05 -5.3424516295308422e-06
16 4.8437500000000000e-01 -7.3083799208006894e-06 -1.9778540760739816e-06
17 5.1562500000000000e-01 6.1587183495248610e-06 1.4030233046469220e-06
18 5.4687500000000000e-01 1.9560968965492975e-05 4.7676208509983553e-06
19 5.7812500000000000e-01 3.2769300744917018e-05 8.0835356115471768e-06
20 6.0937500000000000e-01 4.5656510337721556e-05 1.1318833557538710e-05
21 6.4062500000000000e-01 5.8098486860558296e-05 1.4442356977895088e-05
22 6.7187500000000000e-01 6.9975407242850451e-05 1.7424024633783119e-05
23 7.0312500000000000e-01 8.1172890261882458e-05 2.0235121446887661e-05
24 7.3437500000000000e-01 9.1583098040359801e-05 2.2848575000011806e-05
25 7.6562500000000000e-01 1.0110577459343517e-04 2.5239216331129910e-05
26 7.9687500000000000e-01 1.0964921132838867e-04 2.7384022237342265e-05
27 8.2812500000000000e-01 1.1713113028122280e-04 2.9262337076119138e-05
28 8.5937500000000000e-01 1.2347947648194690e-04 3.0856071642659799e-05
29 8.9062500000000000e-01 1.2863311189814652e-04 3.2149877406961735e-05
30 9.2187500000000000e-01 1.3254240418758556e-04 3.3131294307153780e-05
31 9.5312500000000000e-01 1.3516970473537171e-04 3.3790870764938141e-05
32 9.8437500000000000e-01 1.3648971120359260e-04 3.4122254698686766e-05
