# P x_center tau_Psi tau_V
1 3.9062500000000000e-03 -2.1536791336984606e-06 -5.4291029982778127e-07
2 1.1718750000000000e-02 -2.1523870827877545e-06 -5.4258595127976150e-07
3 1.9531250000000000e-02 -2.1498041178347194e-06 -5.4193742471397854e-07
4 2.7343750000000000e-02 -2.1459314893945702e-06 -5.4096528856462101e-07
5 3.5156250000000000e-02 -2.1407719259514124e-06 -5.3966994073562091e-07
6 4.2968750000000000e-02 -2.1343279286156758e-06 -5.3805217703484232e-07
7 5.0781250000000000e-02 -2.1266038174871937e-06 -5.3611313433066243e-07
8 5.8593750000000000e-02 -2.1176041400394752e-06 -5.3385372211778304e-07
9 6.6406250000000000e-02 -2.1073344669275684e-06 -5.3127564569876995e-07
10 7.4218750000000000e-02 -2.0958005961801973e-06 -5.2837998509858153e-07
11 8.2031250000000000e-02 -2.0830099174418137e-06 -5.2516901405397221e-07
12 8.9843750000000000e-02 -2.0689695929831942e-06 -5.2164421049383236e-07
13 9.7656250000000000e-02 -2.0536884903776809e-06 -5.1780801868517301e-07
14 1.0546875000000000e-01 -2.0371759319459670e-06 -5.1366248499107314e-07
15 1.1328125000000000e-01 -2.0194413536955835e-06 -5.0921033789563808e-07
16 1.2109375000000000e-01 -2.0004962379971403e-06 -5.0445424903955427e-07
17 1.2890625000000000e-01 -1.9803511577265454e-06 -4.9939683322008932e-07
18 1.3671875000000000e-01 -1.9590186184359482e-06 -4.9404133051211829e-07
19 1.4453125000000000e-01 -1.9365115804248489e-06 -4.8839103783393512e-07
20 1.5234375000000000e-01 -1.9128433450532611e-06 -4.8244919526041485e-07
21 1.6015625000000000e-01 -1.8880284642364131e-06 -4.7621955445720232e-07
22 1.6796875000000000e-01 -1.8620814898895333e-06 -4.6970558287284803e-07
23 1.7578125000000000e-01 -1.8350182244830648e-06 -4.6291143007692881e-07
24 1.8359375000000000e-01 -1.8068553799821530e-06 -4.5584124563902151e-07
25 1.9140625000000000e-01 -1.7776093272914295e-06 -4.4849917912870296e-07
26 1.9921875000000000e-01 -1.7472980289312545e-06 -4.4088966433264432e-07
27 2.0703125000000000e-01 -1.7159395611088257e-06 -4.3301713503751671e-07
28 2.1484375000000000e-01 -1.6835526821523672e-06 -4.2488653662076104e-07
29 2.2265625000000000e-01 -1.6501575146321557e-06 -4.1650275761639932e-07
30 2.3046875000000000e-01 -1.6157734989974415e-06 -4.0787080024529132e-07
31 2.3828125000000000e-01 -1.5804216673132032e-06 -3.9899578041513450e-07
32 2.4609375000000000e-01 -1.5441231653312570e-06 -3.8988315509413951e-07
33 2.5390625000000000e-01 -1.5069000482981210e-06 -3.8053849493735470e-07
34 2.6171875000000000e-01 -1.4687748262076639e-06 -3.7096720006957185e-07
35 2.6953125000000000e-01 -1.4297698953669169e-06 -3.6117518220635247e-07
36 2.7734375000000000e-01 -1.3899093573854771e-06 -3.5116829621983925e-07
37 2.8515625000000000e-01 -1.3492169728124281e-06 -3.4095262435585028e-07
38 2.9296875000000000e-01 -1.3077172980047180e-06 -3.3053413517336594e-07
39 3.0078125000000000e-01 -1.2654352303798078e-06 -3.1991942250897409e-07
40 3.0859375000000000e-01 -1.2223964631630224e-06 -3.0911468229533057e-07
41 3.1640625000000000e-01 -1.1786266895796871e-06 -2.9812645152560435e-07
42 3.2421875000000000e-01 -1.1341525123498286e-06 -2.8696138087980216e-07
43 3.3203125000000000e-01 -1.0890003068197984e-06 -2.7562600735109299e-07
44 3.3984375000000000e-01 -1.0431976988911629e-06 -2.6412743636683444e-07
45 3.4765625000000000e-01 -9.9677231446548831e-07 -2.5247243229387095e-07
46 3.5546875000000000e-01 -9.4975155207066564e-07 -2.4066810055956012e-07
47 3.6328125000000000e-01 -9.0216417447663844e-07 -2.2872131921758410e-07
48 3.7109375000000000e-01 -8.5403883076651255e-07 -2.1663970528607024e-07
49 3.7890625000000000e-01 -8.0540439739706926e-07 -2.0443013681870070e-07
50 3.8671875000000000e-01 -7.5629043294611620e-07 -1.9210028767702170e-07
51 3.9453125000000000e-01 -7.0672604124411009e-07 -1.7965726328839082e-07
52 4.0234375000000000e-01 -6.5674169036356034e-07 -1.6710885120119201e-07
53 4.1015625000000000e-01 -6.0636682519543683e-07 -1.5446244105987716e-07
54 4.1796875000000000e-01 -5.5563225487276213e-07 -1.4172564988257363e-07
55 4.2578125000000000e-01 -5.0456844746804563e-07 -1.2890626521766535e-07
56 4.3359375000000000e-01 -4.5320621211430989e-07 -1.1601184723986080e-07
57 4.4140625000000000e-01 -4.0157624425773975e-07 -1.0305035402780049e-07
58 4.4921875000000000e-01 -3.4970980777870864e-07 -9.0029516286449507e-08
59 4.5703125000000000e-01 -2.9763805287075229e-07 -7.6957007877354044e-08
60 4.6484375000000000e-01 -2.4539269816159504e-07 -6.3840928987701773e-08
61 4.7265625000000000e-01 -1.9300455278425943e-07 -5.0689124009295483e-08
62 4.8046875000000000e-01 -1.4050579011382069e-07 -3.7509494177356828e-08
63 4.8828125000000000e-01 -8.7927617187233409e-08 -2.4309912305398029e-08
64 4.9609375000000000e-01 -3.5302036849316210e-08 -1.1098421737187891e-08
65 5.0390625000000000e-01 1.7339345959044294e-08 2.1170762920519337e-09
66 5.1171875000000000e-01 6.9964926296961494e-08 1.5328510016843211e-08
67 5.1953125000000000e-01 1.2254287184987334e-07 2.8528148732220870e-08
68 5.2734375000000000e-01 1.7504174820714979e-07 4.1707721720740665e-08
69 5.3515625000000000e-01 2.2742966621080996e-07 5.4859583542565815e-08
70 5.4296875000000000e-01 2.7967530513706151e-07 6.7975662432218087e-08
71 5.5078125000000000e-01 3.3174694635818014e-07 8.1048085576185258e-08
72 5.5859375000000000e-01 3.8361332599379239e-07 9.4069008582664537e-08
73 5.6640625000000000e-01 4.3524329385036253e-07 1.0703053021643427e-07
74 5.7421875000000000e-01 4.8660564289093600e-07 1.1992491977252939e-07
75 5.8203125000000000e-01 5.3766945029565250e-07 1.3274427601572825e-07
76 5.8984375000000000e-01 5.8840413430516492e-07 1.4548109561474121e-07
77 5.9765625000000000e-01 6.3877877209961298e-07 1.5812750575605605e-07
78 6.0546875000000000e-01 6.8876346404067590e-07 1.7067594626496430e-07
79 6.1328125000000000e-01 7.3832762836900656e-07 1.8311888538846688e-07
80 6.2109375000000000e-01 7.8744164966337848e-07 1.9544879137356475e-07
81 6.2890625000000000e-01 8.3607608303282177e-07 2.0765833141922485e-07
82 6.3671875000000000e-01 8.8420131305610994e-07 2.1974003061586700e-07
83 6.4453125000000000e-01 9.3178869065013714e-07 2.3168669827100530e-07
84 6.5234375000000000e-01 9.7880925409299380e-07 2.4349104421617085e-07
85 6.6015625000000000e-01 1.0252349227357627e-06 2.5514606249998906e-07
86 6.6796875000000000e-01 1.0710375022426888e-06 2.6664463348424761e-07
87 6.7578125000000000e-01 1.1161895940858813e-06 2.7797993595868320e-07
88 6.8359375000000000e-01 1.1606638850025774e-06 2.8914509186961368e-07
89 6.9140625000000000e-01 1.2044336017424939e-06 3.0013333685019461e-07
90 6.9921875000000000e-01 1.2474724542244076e-06 3.1093809127469285e-07
91 7.0703125000000000e-01 1.2897545218493178e-06 3.2155287499335827e-07
92 7.1484375000000000e-01 1.3312541682353185e-06 3.3197122206729546e-07
93 7.2265625000000000e-01 1.3719466380734957e-06 3.4218695077470329e-07
94 7.3046875000000000e-01 1.4118071192115167e-06 3.5219377991779766e-07
95 7.3828125000000000e-01 1.4508118795220071e-06 3.6198582620272646e-07
96 7.4609375000000000e-01 1.4889373005644302e-06 3.7155709264879988e-07
97 7.5390625000000000e-01 1.5261604175975663e-06 3.8090182385985827e-07
98 7.6171875000000000e-01 1.5624588201035294e-06 3.9001442075914383e-07
99 7.6953125000000000e-01 1.5978106802094771e-06 3.9888940506216386e-07
100 7.7734375000000000e-01 1.6321945821573536e-06 4.0752136953869922e-07
101 7.8515625000000000e-01 1.6655899912620953e-06 4.1590517696477036e-07
102 7.9296875000000000e-01 1.6979766712665878e-06 4.2403575406524396e-07
103 8.0078125000000000e-01 1.7293351532998713e-06 4.3190820520067064e-07
104 8.0859375000000000e-01 1.7596465369251746e-06 4.3951777684014814e-07
105 8.1640625000000000e-01 1.7888925185616245e-06 4.4685989308845819e-07
106 8.2421875000000000e-01 1.8170555762253571e-06 4.5393013436978435e-07
107 8.3203125000000000e-01 1.8441186924178510e-06 4.6072425163856678e-07
108 8.3984375000000000e-01 1.8700655601833205e-06 4.6723812729965175e-07
109 8.4765625000000000e-01 1.8948805831087157e-06 4.7346786047341993e-07
110 8.5546875000000000e-01 1.9185487403206025e-06 4.7940967817794444e-07
111 8.6328125000000000e-01 1.9410558778076847e-06 4.8506002059411912e-07
112 8.7109375000000000e-01 1.9623883531494357e-06 4.9041547356409865e-07
113 8.7890625000000000e-01 1.9825333765766118e-06 4.9547281477657634e-07
114 8.8671875000000000e-01 2.0014787516231536e-06 5.0022899422685896e-07
115 8.9453125000000000e-01 2.0192131486851395e-06 5.0468115908586242e-07
116 9.0234375000000000e-01 2.0357257710656995e-06 5.0882659863304980e-07
117 9.1015625000000000e-01 2.0510067919587982e-06 5.1266285261419853e-07
118 9.1796875000000000e-01 2.0650469352290202e-06 5.1618758423188638e-07
119 9.2578125000000000e-01 2.0778377667340919e-06 5.1939868317418814e-07
120 9.3359375000000000e-01 2.0893715735326168e-06 5.2229420877125676e-07
121 9.4140625000000000e-01 2.0996414074048175e-06 5.2487241797294359e-07
122 9.4921875000000000e-01 2.1086410733062166e-06 5.2713175513474653e-07
123 9.5703125000000000e-01 2.1163651950928397e-06 5.2907087244591366e-07
124 9.6484375000000000e-01 2.1228090578695458e-06 5.3068858374416550e-07
125 9.7265625000000000e-01 2.1279688273700970e-06 5.3198392746534040e-07
126 9.8046875000000000e-01 2.1318413774285006e-06 5.3295611884829341e-07
127 9.8828125000000000e-01 2.1344243537058105e-06 5.3360456694906411e-07
128 9.9609375000000000e-01 2.1357162557321396e-06 5.3392889486341549e-07
