# P x_center tau_Psi tau_V
1 9.7656250000000000e-04 -1.2556951592360929e+02 -1.4006218407303095e-10
2 2.9296875000000000e-03 -5.8425939641892910e-09 -1.4028955774847418e-10
3 4.8828125000000000e-03 -5.8421392168384045e-09 -1.4028955774847418e-10
4 6.8359375000000000e-03 -5.8412297221366316e-09 -1.4028955774847418e-10
5 8.7890625000000000e-03 -5.8407749747857451e-09 -1.4028955774847418e-10
6 1.0742187500000000e-02 -5.8394107327330858e-09 -1.4006218407303095e-10
7 1.2695312500000000e-02 -5.8389559853821993e-09 -1.4006218407303095e-10
8 1.4648437500000000e-02 -5.8371369959786534e-09 -1.3983481039758772e-10
9 1.6601562500000000e-02 -5.8353180065751076e-09 -1.3983481039758772e-10
10 1.8554687500000000e-02 -5.8334990171715617e-09 -1.4006218407303095e-10
11 2.0507812500000000e-02 -5.8312252804171294e-09 -1.4028955774847418e-10
12 2.2460937500000000e-02 -5.8289515436626971e-09 -1.3983481039758772e-10
13 2.4414062500000000e-02 -5.8266778069082648e-09 -1.4028955774847418e-10
14 2.6367187500000000e-02 -5.8234945754520595e-09 -1.4006218407303095e-10
15 2.8320312500000000e-02 -5.8203113439958543e-09 -1.3983481039758772e-10
16 3.0273437500000000e-02 -5.8171281125396490e-09 -1.3960743672214448e-10
17 3.2226562500000000e-02 -5.8130353863816708e-09 -1.3960743672214448e-10
18 3.4179687500000000e-02 -5.8098521549254656e-09 -1.3983481039758772e-10
19 3.6132812500000000e-02 -5.8062141761183739e-09 -1.3983481039758772e-10
20 3.8085937500000000e-02 -5.8021214499603957e-09 -1.3960743672214448e-10
21 4.0039062500000000e-02 -5.7975739764515311e-09 -1.3960743672214448e-10
22 4.1992187500000000e-02 -5.7934812502935529e-09 -1.3960743672214448e-10
23 4.3945312500000000e-02 -5.7884790294338018e-09 -1.3938006304670125e-10
24 4.5898437500000000e-02 -5.7834768085740507e-09 -1.3938006304670125e-10
25 4.7851562500000000e-02 -5.7780198403634131e-09 -1.3938006304670125e-10
26 4.9804687500000000e-02 -5.7734723668545485e-09 -1.3938006304670125e-10
27 5.1757812500000000e-02 -5.7680153986439109e-09 -1.3960743672214448e-10
28 5.3710937500000000e-02 -5.7625584304332733e-09 -1.3960743672214448e-10
29 5.5664062500000000e-02 -5.7557372201699764e-09 -1.3915268937125802e-10
30 5.7617187500000000e-02 -5.7493707572575659e-09 -1.3892531569581479e-10
31 5.9570312500000000e-02 -5.7434590416960418e-09 -1.3938006304670125e-10
32 6.1523437500000000e-02 -5.7366378314327449e-09 -1.3892531569581479e-10
33 6.3476562500000000e-02 -5.7307261158712208e-09 -1.3915268937125802e-10
34 6.5429687500000000e-02 -5.7229954109061509e-09 -1.3892531569581479e-10
35 6.7382812500000000e-02 -5.7152647059410810e-09 -1.3869794202037156e-10
36 6.9335937500000000e-02 -5.7079887483268976e-09 -1.3824319466948509e-10
37 7.1289062500000000e-02 -5.7007127907127142e-09 -1.3847056834492832e-10
38 7.3242187500000000e-02 -5.6925273383967578e-09 -1.3801582099404186e-10
39 7.5195312500000000e-02 -5.6847966334316880e-09 -1.3847056834492832e-10
40 7.7148437500000000e-02 -5.6766111811157316e-09 -1.3824319466948509e-10
41 7.9101562500000000e-02 -5.6675162340980023e-09 -1.3801582099404186e-10
42 8.1054687500000000e-02 -5.6588760344311595e-09 -1.3778844731859863e-10
43 8.3007812500000000e-02 -5.6497810874134302e-09 -1.3801582099404186e-10
44 8.4960937500000000e-02 -5.6406861403957009e-09 -1.3756107364315540e-10
45 8.6914062500000000e-02 -5.6311364460270852e-09 -1.3733369996771216e-10
46 8.8867187500000000e-02 -5.6220414990093559e-09 -1.3733369996771216e-10
47 9.0820312500000000e-02 -5.6124918046407402e-09 -1.3733369996771216e-10
48 9.2773437500000000e-02 -5.6020326155703515e-09 -1.3710632629226893e-10
49 9.4726562500000000e-02 -5.5920281738508493e-09 -1.3710632629226893e-10
50 9.6679687500000000e-02 -5.5820237321313471e-09 -1.3710632629226893e-10
51 9.8632812500000000e-02 -5.5715645430609584e-09 -1.3687895261682570e-10
52 1.0058593750000000e-01 -5.5606506066396832e-09 -1.3687895261682570e-10
53 1.0253906250000000e-01 -5.5506461649201810e-09 -1.3687895261682570e-10
54 1.0449218750000000e-01 -5.5383679864462465e-09 -1.3642420526593924e-10
55 1.0644531250000000e-01 -5.5274540500249714e-09 -1.3642420526593924e-10
56 1.0839843750000000e-01 -5.5151758715510368e-09 -1.3596945791505277e-10
57 1.1035156250000000e-01 -5.5033524404279888e-09 -1.3596945791505277e-10
58 1.1230468750000000e-01 -5.4915290093049407e-09 -1.3596945791505277e-10
59 1.1425781250000000e-01 -5.4792508308310062e-09 -1.3574208423960954e-10
60 1.1621093750000000e-01 -5.4674273997079581e-09 -1.3551471056416631e-10
61 1.1816406250000000e-01 -5.4542397265322506e-09 -1.3551471056416631e-10
62 1.2011718750000000e-01 -5.4419615480583161e-09 -1.3505996321327984e-10
63 1.2207031250000000e-01 -5.4283191275317222e-09 -1.3483258953783661e-10
64 1.2402343750000000e-01 -5.4155862017069012e-09 -1.3483258953783661e-10
65 1.2597656250000000e-01 -5.4019437811803073e-09 -1.3483258953783661e-10
66 1.2792968750000000e-01 -5.3887561080045998e-09 -1.3460521586239338e-10
67 1.2988281250000000e-01 -5.3746589401271194e-09 -1.3460521586239338e-10
68 1.3183593750000000e-01 -5.3605617722496390e-09 -1.3415046851150692e-10
69 1.3378906250000000e-01 -5.3469193517230451e-09 -1.3415046851150692e-10
70 1.3574218750000000e-01 -5.3319126891437918e-09 -1.3369572116062045e-10
71 1.3769531250000000e-01 -5.3178155212663114e-09 -1.3392309483606368e-10
72 1.3964843750000000e-01 -5.3028088586870581e-09 -1.3369572116062045e-10
73 1.4160156250000000e-01 -5.2882569434586912e-09 -1.3324097380973399e-10
74 1.4355468750000000e-01 -5.2727955335285515e-09 -1.3324097380973399e-10
75 1.4550781250000000e-01 -5.2573341235984117e-09 -1.3324097380973399e-10
76 1.4746093750000000e-01 -5.2418727136682719e-09 -1.3278622645884752e-10
77 1.4941406250000000e-01 -5.2255018090363592e-09 -1.3255885278340429e-10
78 1.5136718750000000e-01 -5.2109498938079923e-09 -1.3255885278340429e-10
79 1.5332031250000000e-01 -5.1936694944743067e-09 -1.3233147910796106e-10
80 1.5527343750000000e-01 -5.1777533371932805e-09 -1.3187673175707459e-10
81 1.5722656250000000e-01 -5.1609276852104813e-09 -1.3164935808163136e-10
82 1.5917968750000000e-01 -5.1445567805785686e-09 -1.3164935808163136e-10
83 1.6113281250000000e-01 -5.1281858759466559e-09 -1.3142198440618813e-10
84 1.6308593750000000e-01 -5.1109054766129702e-09 -1.3142198440618813e-10
85 1.6503906250000000e-01 -5.0931703299283981e-09 -1.3119461073074490e-10
86 1.6699218750000000e-01 -5.0758899305947125e-09 -1.3051248970441520e-10
87 1.6894531250000000e-01 -5.0581547839101404e-09 -1.3051248970441520e-10
88 1.7089843750000000e-01 -5.0408743845764548e-09 -1.3028511602897197e-10
89 1.7285156250000000e-01 -5.0222297431901097e-09 -1.3028511602897197e-10
90 1.7480468750000000e-01 -5.0040398491546512e-09 -1.2960299500264227e-10
91 1.7675781250000000e-01 -4.9863047024700791e-09 -1.2960299500264227e-10
92 1.7871093750000000e-01 -4.9676600610837340e-09 -1.2937562132719904e-10
93 1.8066406250000000e-01 -4.9485606723465025e-09 -1.2914824765175581e-10
94 1.8261718750000000e-01 -4.9299160309601575e-09 -1.2869350030086935e-10
95 1.8457031250000000e-01 -4.9112713895738125e-09 -1.2892087397631258e-10
96 1.8652343750000000e-01 -4.8917172534856945e-09 -1.2823875294998288e-10
97 1.8847656250000000e-01 -4.8721631173975766e-09 -1.2846612662542611e-10
98 1.9042968750000000e-01 -4.8526089813094586e-09 -1.2801137927453965e-10
99 1.9238281250000000e-01 -4.8326000978704542e-09 -1.2778400559909642e-10
100 1.9433593750000000e-01 -4.8121364670805633e-09 -1.2755663192365319e-10
101 1.9628906250000000e-01 -4.7930370783433318e-09 -1.2755663192365319e-10
102 1.9824218750000000e-01 -4.7721187002025545e-09 -1.2710188457276672e-10
103 2.0019531250000000e-01 -4.7521098167635500e-09 -1.2664713722188026e-10
104 2.0214843750000000e-01 -4.7311914386227727e-09 -1.2664713722188026e-10
105 2.0410156250000000e-01 -4.7102730604819953e-09 -1.2596501619555056e-10
106 2.0605468750000000e-01 -4.6893546823412180e-09 -1.2573764252010733e-10
107 2.0800781250000000e-01 -4.6679815568495542e-09 -1.2573764252010733e-10
108 2.0996093750000000e-01 -4.6466084313578904e-09 -1.2551026884466410e-10
109 2.1191406250000000e-01 -4.6256900532171130e-09 -1.2528289516922086e-10
110 2.1386718750000000e-01 -4.6038621803745627e-09 -1.2482814781833440e-10
111 2.1582031250000000e-01 -4.5815795601811260e-09 -1.2460077414289117e-10
112 2.1777343750000000e-01 -4.5597516873385757e-09 -1.2414602679200470e-10
113 2.1972656250000000e-01 -4.5374690671451390e-09 -1.2437340046744794e-10
114 2.2167968750000000e-01 -4.5151864469517022e-09 -1.2369127944111824e-10
115 2.2363281250000000e-01 -4.4919943320564926e-09 -1.2346390576567501e-10
116 2.2558593750000000e-01 -4.4697117118630558e-09 -1.2323653209023178e-10
117 2.2753906250000000e-01 -4.4474290916696191e-09 -1.2300915841478854e-10
118 2.2949218750000000e-01 -4.4233274820726365e-09 -1.2278178473934531e-10
119 2.3144531250000000e-01 -4.4010448618791997e-09 -1.2255441106390208e-10
120 2.3339843750000000e-01 -4.3773979996331036e-09 -1.2209966371301562e-10
121 2.3535156250000000e-01 -4.3537511373870075e-09 -1.2187229003757238e-10
122 2.3730468750000000e-01 -4.3296495277900249e-09 -1.2119016901124269e-10
123 2.3925781250000000e-01 -4.3060026655439287e-09 -1.2119016901124269e-10
124 2.4121093750000000e-01 -4.2823558032978326e-09 -1.2096279533579946e-10
125 2.4316406250000000e-01 -4.2582541937008500e-09 -1.2073542166035622e-10
126 2.4511718750000000e-01 -4.2341525841038674e-09 -1.2050804798491299e-10
127 2.4707031250000000e-01 -4.2091414798051119e-09 -1.2028067430946976e-10
128 2.4902343750000000e-01 -4.1845851228572428e-09 -1.1982592695858330e-10
129 2.5097656250000000e-01 -4.1604835132602602e-09 -1.1959855328314006e-10
130 2.5292968750000000e-01 -4.1354724089615047e-09 -1.1937117960769683e-10
131 2.5488281250000000e-01 -4.1100065573118627e-09 -1.1868905858136714e-10
132 2.5683593750000000e-01 -4.0854502003639936e-09 -1.1868905858136714e-10
133 2.5878906250000000e-01 -4.0595296013634652e-09 -1.1800693755503744e-10
134 2.6074218750000000e-01 -4.0349732444155961e-09 -1.1800693755503744e-10
135 2.6269531250000000e-01 -4.0085978980641812e-09 -1.1800693755503744e-10
136 2.6464843750000000e-01 -3.9826772990636528e-09 -1.1709744285326451e-10
137 2.6660156250000000e-01 -3.9567567000631243e-09 -1.1709744285326451e-10
138 2.6855468750000000e-01 -3.9308361010625958e-09 -1.1641532182693481e-10
139 2.7050781250000000e-01 -3.9044607547111809e-09 -1.1641532182693481e-10
140 2.7246093750000000e-01 -3.8785401557106525e-09 -1.1618794815149158e-10
141 2.7441406250000000e-01 -3.8521648093592376e-09 -1.1573320080060512e-10
142 2.7636718750000000e-01 -3.8253347156569362e-09 -1.1527845344971865e-10
143 2.7832031250000000e-01 -3.7985046219546348e-09 -1.1482370609883219e-10
144 2.8027343750000000e-01 -3.7712197809014469e-09 -1.1436895874794573e-10
145 2.8222656250000000e-01 -3.7439349398482591e-09 -1.1414158507250249e-10
146 2.8417968750000000e-01 -3.7171048461459577e-09 -1.1391421139705926e-10
147 2.8613281250000000e-01 -3.6893652577418834e-09 -1.1368683772161603e-10
148 2.8808593750000000e-01 -3.6620804166886955e-09 -1.1345946404617280e-10
149 2.9003906250000000e-01 -3.6352503229863942e-09 -1.1300471669528633e-10
150 2.9199218750000000e-01 -3.6070559872314334e-09 -1.1254996934439987e-10
151 2.9394531250000000e-01 -3.5797711461782455e-09 -1.1232259566895664e-10
152 2.9589843750000000e-01 -3.5515768104232848e-09 -1.1186784831807017e-10
153 2.9785156250000000e-01 -3.5229277273174375e-09 -1.1164047464262694e-10
154 2.9980468750000000e-01 -3.4956428862642497e-09 -1.1141310096718371e-10
155 3.0175781250000000e-01 -3.4665390558075160e-09 -1.1095835361629725e-10
156 3.0371093750000000e-01 -3.4378899727016687e-09 -1.1027623258996755e-10
157 3.0566406250000000e-01 -3.4092408895958215e-09 -1.1027623258996755e-10
158 3.0761718750000000e-01 -3.3815013011917472e-09 -1.1004885891452432e-10
159 3.0957031250000000e-01 -3.3514879760332406e-09 -1.0936673788819462e-10
160 3.1152343750000000e-01 -3.3232936402782798e-09 -1.0913936421275139e-10
161 3.1347656250000000e-01 -3.2941898098215461e-09 -1.0913936421275139e-10
162 3.1542968750000000e-01 -3.2655407267156988e-09 -1.0868461686186492e-10
163 3.1738281250000000e-01 -3.2355274015571922e-09 -1.0822986951097846e-10
164 3.1933593750000000e-01 -3.2059688237495720e-09 -1.0777512216009200e-10
165 3.2128906250000000e-01 -3.1764102459419519e-09 -1.0732037480920553e-10
166 3.2324218750000000e-01 -3.1473064154852182e-09 -1.0709300113376230e-10
167 3.2519531250000000e-01 -3.1168383429758251e-09 -1.0663825378287584e-10
168 3.2714843750000000e-01 -3.0877345125190914e-09 -1.0641088010743260e-10
169 3.2910156250000000e-01 -3.0568116926588118e-09 -1.0595613275654614e-10
170 3.3105468750000000e-01 -3.0263436201494187e-09 -1.0550138540565968e-10
171 3.3300781250000000e-01 -2.9967850423417985e-09 -1.0550138540565968e-10
172 3.3496093750000000e-01 -2.9663169698324054e-09 -1.0504663805477321e-10
173 3.3691406250000000e-01 -2.9353941499721259e-09 -1.0459189070388675e-10
174 3.3886718750000000e-01 -2.9053808248136193e-09 -1.0413714335300028e-10
175 3.4082031250000000e-01 -2.8749127523042262e-09 -1.0368239600211382e-10
176 3.4277343750000000e-01 -2.8435351850930601e-09 -1.0322764865122736e-10
177 3.4472656250000000e-01 -2.8130671125836670e-09 -1.0300027497578412e-10
178 3.4667968750000000e-01 -2.7821442927233875e-09 -1.0254552762489766e-10
179 3.4863281250000000e-01 -2.7507667255122215e-09 -1.0209078027401119e-10
180 3.5058593750000000e-01 -2.7198439056519419e-09 -1.0186340659856796e-10
181 3.5253906250000000e-01 -2.6889210857916623e-09 -1.0140865924768150e-10
182 3.5449218750000000e-01 -2.6575435185804963e-09 -1.0095391189679503e-10
183 3.5644531250000000e-01 -2.6261659513693303e-09 -1.0072653822135180e-10
184 3.5839843750000000e-01 -2.5938788894563913e-09 -1.0004441719502211e-10
185 3.6035156250000000e-01 -2.5625013222452253e-09 -9.9817043519578874e-11
186 3.6230468750000000e-01 -2.5306690076831728e-09 -9.9362296168692410e-11
187 3.6425781250000000e-01 -2.4992914404720068e-09 -9.9134922493249178e-11
188 3.6621093750000000e-01 -2.4679138732608408e-09 -9.8907548817805946e-11
189 3.6816406250000000e-01 -2.4351720639970154e-09 -9.8452801466919482e-11
190 3.7011718750000000e-01 -2.4028850020840764e-09 -9.7770680440589786e-11
191 3.7207031250000000e-01 -2.3710526875220239e-09 -9.7543306765146554e-11
192 3.7402343750000000e-01 -2.3387656256090850e-09 -9.7315933089703321e-11
193 3.7597656250000000e-01 -2.3069333110470325e-09 -9.7088559414260089e-11
194 3.7792968750000000e-01 -2.2737367544323206e-09 -9.6179064712487161e-11
195 3.7988281250000000e-01 -2.2414496925193816e-09 -9.5724317361600697e-11
196 3.8183593750000000e-01 -2.2087078832555562e-09 -9.5496943686157465e-11
197 3.8378906250000000e-01 -2.1764208213426173e-09 -9.5042196335271001e-11
198 3.8574218750000000e-01 -2.1436790120787919e-09 -9.4814822659827769e-11
199 3.8769531250000000e-01 -2.1104824554640800e-09 -9.4360075308941305e-11
200 3.8964843750000000e-01 -2.0781953935511410e-09 -9.3905327958054841e-11
201 3.9160156250000000e-01 -2.0449988369364291e-09 -9.3677954282611609e-11
202 3.9355468750000000e-01 -2.0118022803217173e-09 -9.2995833256281912e-11
203 3.9550781250000000e-01 -1.9790604710578918e-09 -9.2768459580838680e-11
204 3.9746093750000000e-01 -1.9458639144431800e-09 -9.2313712229952216e-11
205 3.9941406250000000e-01 -1.9126673578284681e-09 -9.1858964879065752e-11
206 4.0136718750000000e-01 -1.8794708012137562e-09 -9.1404217528179288e-11
207 4.0332031250000000e-01 -1.8458194972481579e-09 -9.1176843852736056e-11
208 4.0527343750000000e-01 -1.8126229406334460e-09 -9.0722096501849592e-11
209 4.0722656250000000e-01 -1.7789716366678476e-09 -9.0267349150963128e-11
210 4.0917968750000000e-01 -1.7457750800531358e-09 -8.9812601800076663e-11
211 4.1113281250000000e-01 -1.7112142813857645e-09 -8.9585228124633431e-11
212 4.1308593750000000e-01 -1.6784724721219391e-09 -8.8903107098303735e-11
213 4.1503906250000000e-01 -1.6443664208054543e-09 -8.8675733422860503e-11
214 4.1699218750000000e-01 -1.6107151168398559e-09 -8.8220986071974039e-11
215 4.1894531250000000e-01 -1.5766090655233711e-09 -8.7766238721087575e-11
216 4.2089843750000000e-01 -1.5420482668559998e-09 -8.7311491370201111e-11
217 4.2285156250000000e-01 -1.5088517102412879e-09 -8.7084117694757879e-11
218 4.2480468750000000e-01 -1.4747456589248031e-09 -8.6401996668428183e-11
219 4.2675781250000000e-01 -1.4410943549592048e-09 -8.6174622992984951e-11
220 4.2871093750000000e-01 -1.4069883036427200e-09 -8.5719875642098486e-11
221 4.3066406250000000e-01 -1.3728822523262352e-09 -8.5037754615768790e-11
222 4.3261718750000000e-01 -1.3383214536588639e-09 -8.5037754615768790e-11
223 4.3457031250000000e-01 -1.3046701496932656e-09 -8.4583007264882326e-11
224 4.3652343750000000e-01 -1.2696546036750078e-09 -8.3900886238552630e-11
225 4.3847656250000000e-01 -1.2355485523585230e-09 -8.3673512563109398e-11
226 4.4042968750000000e-01 -1.2009877536911517e-09 -8.3218765212222934e-11
227 4.4238281250000000e-01 -1.1668817023746669e-09 -8.2764017861336470e-11
228 4.4433593750000000e-01 -1.1323209037072957e-09 -8.2309270510450006e-11
229 4.4628906250000000e-01 -1.0982148523908108e-09 -8.1627149484120309e-11
230 4.4824218750000000e-01 -1.0641088010743260e-09 -8.1627149484120309e-11
231 4.5019531250000000e-01 -1.0286385077051818e-09 -8.1172402133233845e-11
232 4.5214843750000000e-01 -9.9407770903781056e-10 -8.0490281106904149e-11
233 4.5410156250000000e-01 -9.5951691037043929e-10 -8.0035533756017685e-11
234 4.5605468750000000e-01 -9.2541085905395448e-10 -7.9808160080574453e-11
235 4.5800781250000000e-01 -8.9039531303569674e-10 -7.9353412729687989e-11
236 4.5996093750000000e-01 -8.5537976701743901e-10 -7.8898665378801525e-11
237 4.6191406250000000e-01 -8.2127371570095420e-10 -7.8443918027915061e-11
238 4.6386718750000000e-01 -7.8625816968269646e-10 -7.8216544352471828e-11
239 4.6582031250000000e-01 -7.5124262366443872e-10 -7.7648110163863748e-11
240 4.6777343750000000e-01 -7.1668182499706745e-10 -7.7079675975255668e-11
241 4.6972656250000000e-01 -6.8234840000513941e-10 -7.6852302299812436e-11
242 4.7167968750000000e-01 -6.4710548031143844e-10 -7.6397554948925972e-11
243 4.7363281250000000e-01 -6.1208993429318070e-10 -7.5942807598039508e-11
244 4.7558593750000000e-01 -5.7707438827492297e-10 -7.5260686571709812e-11
245 4.7753906250000000e-01 -5.4228621593210846e-10 -7.5033312896266580e-11
246 4.7949218750000000e-01 -5.0749804358929396e-10 -7.4578565545380116e-11
247 4.8144531250000000e-01 -4.7248249757103622e-10 -7.4123818194493651e-11
248 4.8339843750000000e-01 -4.3746695155277848e-10 -7.3669070843607187e-11
249 4.8535156250000000e-01 -4.0245140553452075e-10 -7.3214323492720723e-11
250 4.8730468750000000e-01 -3.6743585951626301e-10 -7.2873262979555875e-11
251 4.8925781250000000e-01 -3.3264768717344850e-10 -7.2645889304112643e-11
252 4.9121093750000000e-01 -2.9785951483063400e-10 -7.2191141953226179e-11
253 4.9316406250000000e-01 -2.6261659513693303e-10 -7.1509020926896483e-11
254 4.9511718750000000e-01 -2.2782842279411852e-10 -7.1281647251453251e-11
255 4.9707031250000000e-01 -1.9281287677586079e-10 -7.0826899900566787e-11
256 4.9902343750000000e-01 -1.5756995708215982e-10 -7.0372152549680322e-11
257 5.0097656250000000e-01 -1.2300915841478854e-10 -6.9917405198793858e-11
258 5.0292968750000000e-01 -8.7766238721087575e-11 -6.9462657847907394e-11
259 5.0488281250000000e-01 -5.2750692702829838e-11 -6.9007910497020930e-11
260 5.0683593750000000e-01 -1.7507773009128869e-11 -6.8439476308412850e-11
261 5.0878906250000000e-01 1.6825651982799172e-11 -6.8325789470691234e-11
262 5.1074218750000000e-01 5.2295945351943374e-11 -6.7643668444361538e-11
263 5.1269531250000000e-01 8.6856744019314647e-11 -6.7416294768918306e-11
264 5.1464843750000000e-01 1.2209966371301562e-10 -6.6734173742588609e-11
265 5.1660156250000000e-01 1.5711520973127335e-10 -6.6393113229423761e-11
266 5.1855468750000000e-01 1.9167600839864463e-10 -6.6052052716258913e-11
267 5.2050781250000000e-01 2.2669155441690236e-10 -6.5483618527650833e-11
268 5.2246093750000000e-01 2.6193447411060333e-10 -6.5028871176764369e-11
269 5.2441406250000000e-01 2.9672264645341784e-10 -6.4574123825877905e-11
270 5.2636718750000000e-01 3.3128344512078911e-10 -6.4346750150434673e-11
271 5.2832031250000000e-01 3.6629899113904685e-10 -6.3892002799548209e-11
272 5.3027343750000000e-01 4.0154191083274782e-10 -6.3323568610940129e-11
273 5.3222656250000000e-01 4.3610270950011909e-10 -6.3096194935496897e-11
274 5.3417968750000000e-01 4.7089088184293360e-10 -6.2527760746888816e-11
275 5.3613281250000000e-01 5.0545168051030487e-10 -6.2186700233723968e-11
276 5.3808593750000000e-01 5.4046722652856261e-10 -6.1731952882837504e-11
277 5.4003906250000000e-01 5.7525539887137711e-10 -6.1163518694229424e-11
278 5.4199218750000000e-01 6.0958882386330515e-10 -6.0936145018786192e-11
279 5.4394531250000000e-01 6.4460436988156289e-10 -6.0481397667899728e-11
280 5.4589843750000000e-01 6.7893779487349093e-10 -6.0026650317013264e-11
281 5.4785156250000000e-01 7.1349859354086220e-10 -5.9799276641570032e-11
282 5.4980468750000000e-01 7.4828676588367671e-10 -5.9117155615240335e-11
283 5.5175781250000000e-01 7.8284756455104798e-10 -5.8776095102075487e-11
284 5.5371093750000000e-01 8.1718098954297602e-10 -5.8321347751189023e-11
285 5.5566406250000000e-01 8.5174178821034729e-10 -5.7980287238024175e-11
286 5.5761718750000000e-01 8.8652996055316180e-10 -5.7411853049416095e-11
287 5.5957031250000000e-01 9.2086338554508984e-10 -5.6957105698529631e-11
288 5.6152343750000000e-01 9.5474206318613142e-10 -5.6729732023086399e-11
289 5.6347656250000000e-01 9.8953023552894592e-10 -5.6161297834478319e-11
290 5.6542968750000000e-01 1.0236362868454307e-09 -5.5706550483591855e-11
291 5.6738281250000000e-01 1.0581970855128020e-09 -5.5479176808148623e-11
292 5.6933593750000000e-01 1.0918483894784003e-09 -5.5024429457262158e-11
293 5.7128906250000000e-01 1.1264091881457716e-09 -5.4455995268654078e-11
294 5.7324218750000000e-01 1.1605152394622564e-09 -5.4001247917767614e-11
295 5.7519531250000000e-01 1.1943939171032980e-09 -5.3660187404602766e-11
296 5.7714843750000000e-01 1.2284999684197828e-09 -5.3319126891437918e-11
297 5.7910156250000000e-01 1.2619238987099379e-09 -5.2978066378273070e-11
298 5.8105468750000000e-01 1.2960299500264227e-09 -5.2409632189664990e-11
299 5.8300781250000000e-01 1.3301360013429075e-09 -5.1954884838778526e-11
300 5.8496093750000000e-01 1.3633325579576194e-09 -5.1727511163335294e-11
301 5.8691406250000000e-01 1.3976659829495475e-09 -5.1159076974727213e-11
302 5.8886718750000000e-01 1.4310899132397026e-09 -5.0818016461562365e-11
303 5.9082031250000000e-01 1.4647412172053009e-09 -5.0363269110675901e-11
304 5.9277343750000000e-01 1.4983925211708993e-09 -5.0022208597511053e-11
305 5.9472656250000000e-01 1.5318164514610544e-09 -4.9453774408902973e-11
306 5.9667968750000000e-01 1.5652403817512095e-09 -4.9226400733459741e-11
307 5.9863281250000000e-01 1.5988916857168078e-09 -4.8771653382573277e-11
308 6.0058593750000000e-01 1.6320882423315197e-09 -4.8316906031686813e-11
309 6.0253906250000000e-01 1.6650574252707884e-09 -4.7748471843078732e-11
310 6.0449218750000000e-01 1.6982539818855003e-09 -4.7521098167635500e-11
311 6.0644531250000000e-01 1.7314505385002121e-09 -4.7180037654470652e-11
312 6.0839843750000000e-01 1.7641923477640375e-09 -4.6725290303584188e-11
313 6.1035156250000000e-01 1.7973889043787494e-09 -4.6270542952697724e-11
314 6.1230468750000000e-01 1.8301307136425748e-09 -4.5929482439532876e-11
315 6.1425781250000000e-01 1.8630998965818435e-09 -4.5474735088646412e-11
316 6.1621093750000000e-01 1.8956143321702257e-09 -4.5019987737759948e-11
317 6.1816406250000000e-01 1.9281287677586079e-09 -4.4678927224595100e-11
318 6.2011718750000000e-01 1.9608705770224333e-09 -4.4337866711430252e-11
319 6.2207031250000000e-01 1.9931576389353722e-09 -4.3996806198265404e-11
320 6.2402343750000000e-01 2.0256720745237544e-09 -4.3428372009657323e-11
321 6.2597656250000000e-01 2.0579591364366934e-09 -4.2973624658770859e-11
322 6.2792968750000000e-01 2.0904735720250756e-09 -4.2632564145606011e-11
323 6.2988281250000000e-01 2.1223058865871280e-09 -4.2291503632441163e-11
324 6.3183593750000000e-01 2.1545929485000670e-09 -4.1836756281554699e-11
325 6.3378906250000000e-01 2.1864252630621195e-09 -4.1609382606111467e-11
326 6.3574218750000000e-01 2.2184849512996152e-09 -4.1154635255225003e-11
327 6.3769531250000000e-01 2.2503172658616677e-09 -4.0699887904338539e-11
328 6.3964843750000000e-01 2.2819222067482769e-09 -4.0245140553452075e-11
329 6.4160156250000000e-01 2.3135271476348862e-09 -3.9904080040287226e-11
330 6.4355468750000000e-01 2.3451320885214955e-09 -3.9563019527122378e-11
331 6.4550781250000000e-01 2.3767370294081047e-09 -3.9108272176235914e-11
332 6.4746093750000000e-01 2.4080009097815491e-09 -3.8824055081931874e-11
333 6.4941406250000000e-01 2.4391511033172719e-09 -3.8482994568767026e-11
334 6.5136718750000000e-01 2.4706423573661596e-09 -3.7971403799019754e-11
335 6.5332031250000000e-01 2.5015651772264391e-09 -3.7630343285854906e-11
336 6.5527343750000000e-01 2.5323743102489971e-09 -3.7232439353829250e-11
337 6.5722656250000000e-01 2.5632971301092766e-09 -3.6891378840664402e-11
338 6.5917968750000000e-01 2.5941062631318346e-09 -3.6436631489777938e-11
339 6.6113281250000000e-01 2.6246880224789493e-09 -3.6095570976613089e-11
340 6.6308593750000000e-01 2.6551560949883424e-09 -3.5811353882309049e-11
341 6.6503906250000000e-01 2.6858515411731787e-09 -3.5413449950283393e-11
342 6.6699218750000000e-01 2.7160922400071286e-09 -3.4958702599396929e-11
343 6.6894531250000000e-01 2.7462192520033568e-09 -3.4674485505092889e-11
344 6.7089843750000000e-01 2.7763462639995851e-09 -3.4276581573067233e-11
345 6.7285156250000000e-01 2.8062459023203701e-09 -3.3935521059902385e-11
346 6.7480468750000000e-01 2.8362592274788767e-09 -3.3423930290155113e-11
347 6.7675781250000000e-01 2.8659314921242185e-09 -3.3196556614711881e-11
348 6.7871093750000000e-01 2.8957174436072819e-09 -3.2741809263825417e-11
349 6.8066406250000000e-01 2.9251623345771804e-09 -3.2457592169521376e-11
350 6.8261718750000000e-01 2.9548345992225222e-09 -3.2059688237495720e-11
351 6.8457031250000000e-01 2.9841658033546992e-09 -3.1718627724330872e-11
352 6.8652343750000000e-01 3.0133833206491545e-09 -3.1263880373444408e-11
353 6.8847656250000000e-01 3.0424871511058882e-09 -3.0979663279140368e-11
354 6.9042968750000000e-01 3.0713636078871787e-09 -3.0581759347114712e-11
355 6.9238281250000000e-01 3.1002400646684691e-09 -3.0240698833949864e-11
356 6.9433593750000000e-01 3.1292302082874812e-09 -2.9899638320785016e-11
357 6.9628906250000000e-01 3.1576519177178852e-09 -2.9558577807620168e-11
358 6.9824218750000000e-01 3.1861873139860108e-09 -2.9160673875594512e-11
359 7.0019531250000000e-01 3.2144953365786932e-09 -2.8933300200151280e-11
360 7.0214843750000000e-01 3.2425759854959324e-09 -2.8535396268125623e-11
361 7.0410156250000000e-01 3.2707703212508932e-09 -2.8194335754960775e-11
362 7.0605468750000000e-01 3.2985099096549675e-09 -2.7853275241795927e-11
363 7.0800781250000000e-01 3.3265905585722066e-09 -2.7455371309770271e-11
364 7.0996093750000000e-01 3.3543301469762810e-09 -2.7114310796605423e-11
365 7.1191406250000000e-01 3.3819560485426337e-09 -2.6773250283440575e-11
366 7.1386718750000000e-01 3.4092408895958215e-09 -2.6489033189136535e-11
367 7.1582031250000000e-01 3.4367531043244526e-09 -2.6147972675971687e-11
368 7.1777343750000000e-01 3.4636968848644756e-09 -2.5806912162806839e-11
369 7.1972656250000000e-01 3.4908680390799418e-09 -2.5465851649641991e-11
370 7.2167968750000000e-01 3.5176981327822432e-09 -2.5181634555337951e-11
371 7.2363281250000000e-01 3.5446419133222662e-09 -2.4783730623312294e-11
372 7.2558593750000000e-01 3.5712446333491243e-09 -2.4499513529008254e-11
373 7.2753906250000000e-01 3.5976199797005393e-09 -2.4158453015843406e-11
374 7.2949218750000000e-01 3.6239953260519542e-09 -2.3874235921539366e-11
375 7.3144531250000000e-01 3.6502569855656475e-09 -2.3476331989513710e-11
376 7.3339843750000000e-01 3.6762912714038976e-09 -2.3192114895209670e-11
377 7.3535156250000000e-01 3.7022118704044260e-09 -2.2851054382044822e-11
378 7.3730468750000000e-01 3.7281324694049545e-09 -2.2566837287740782e-11
379 7.3925781250000000e-01 3.7537120078923181e-09 -2.2282620193436742e-11
380 7.4121093750000000e-01 3.7791778595419601e-09 -2.1884716261411086e-11
381 7.4316406250000000e-01 3.8045300243538804e-09 -2.1543655748246238e-11
382 7.4511718750000000e-01 3.8297685023280792e-09 -2.1259438653942198e-11
383 7.4707031250000000e-01 3.8548932934645563e-09 -2.0975221559638157e-11
384 7.4902343750000000e-01 3.8796770240878686e-09 -2.0634161046473309e-11
385 7.5097656250000000e-01 3.9044607547111809e-09 -2.0406787371030077e-11
386 7.5292968750000000e-01 3.9290171116590500e-09 -2.0065726857865229e-11
387 7.5488281250000000e-01 3.9533460949314758e-09 -1.9781509763561189e-11
388 7.5683593750000000e-01 3.9777319216227625e-09 -1.9468870959826745e-11
389 7.5878906250000000e-01 4.0017766878008842e-09 -1.9184653865522705e-11
390 7.6074218750000000e-01 4.0257646105601452e-09 -1.8872015061788261e-11
391 7.6269531250000000e-01 4.0496388464816846e-09 -1.8616219676914625e-11
392 7.6464843750000000e-01 4.0732857087277807e-09 -1.8332002582610585e-11
393 7.6660156250000000e-01 4.0967051972984336e-09 -1.8019363778876141e-11
394 7.6855468750000000e-01 4.1200678424502257e-09 -1.7735146684572101e-11
395 7.7050781250000000e-01 4.1432599573454354e-09 -1.7422507880837657e-11
396 7.7246093750000000e-01 4.1663383854029234e-09 -1.7138290786533616e-11
397 7.7441406250000000e-01 4.1891325963661075e-09 -1.6882495401659980e-11
398 7.7636718750000000e-01 4.2119836507481523e-09 -1.6569856597925536e-11
399 7.7832031250000000e-01 4.2343799577793106e-09 -1.6314061213051900e-11
400 7.8027343750000000e-01 4.2567762648104690e-09 -1.6029844118747860e-11
401 7.8222656250000000e-01 4.2788883547473233e-09 -1.5802470443304628e-11
402 7.8417968750000000e-01 4.3010004446841776e-09 -1.5489831639570184e-11
403 7.8613281250000000e-01 4.3227714741078671e-09 -1.5262457964126952e-11
404 7.8808593750000000e-01 4.3444856601126958e-09 -1.4978240869822912e-11
405 7.9003906250000000e-01 4.3660861592798028e-09 -1.4694023775518872e-11
406 7.9199218750000000e-01 4.3874024413526058e-09 -1.4438228390645236e-11
407 7.9394531250000000e-01 4.4086618800065480e-09 -1.4182433005771600e-11
408 7.9589843750000000e-01 4.4295802581473254e-09 -1.3926637620897964e-11
409 7.9785156250000000e-01 4.4504417928692419e-09 -1.3670842236024328e-11
410 7.9980468750000000e-01 4.4710759539157152e-09 -1.3415046851150692e-11
411 8.0175781250000000e-01 4.4915395847056061e-09 -1.3216094885137863e-11
412 8.0371093750000000e-01 4.5119463720766362e-09 -1.2875034371973015e-11
413 8.0566406250000000e-01 4.5320689423533622e-09 -1.2647660696529783e-11
414 8.0761718750000000e-01 4.5521346692112274e-09 -1.2420287021086551e-11
415 8.0957031250000000e-01 4.5718593355559278e-09 -1.2164491636212915e-11
416 8.1152343750000000e-01 4.5914703150629066e-09 -1.1965539670200087e-11
417 8.1347656250000000e-01 4.6109107643133029e-09 -1.1681322575896047e-11
418 8.1542968750000000e-01 4.6302375267259777e-09 -1.1453948900452815e-11
419 8.1738281250000000e-01 4.6493369154632092e-09 -1.1198153515579179e-11
420 8.1933593750000000e-01 4.6681520871061366e-09 -1.0999201549566351e-11
421 8.2128906250000000e-01 4.6869104153302033e-09 -1.0743406164692715e-11
422 8.2324218750000000e-01 4.7053845264599659e-09 -1.0487610779819079e-11
423 8.2519531250000000e-01 4.7238017941708677e-09 -1.0317080523236655e-11
424 8.2714843750000000e-01 4.7419348447874654e-09 -1.0089706847793423e-11
425 8.2910156250000000e-01 4.7600110519852024e-09 -9.8623331723501906e-12
426 8.3105468750000000e-01 4.7777461986697745e-09 -9.6349594969069585e-12
427 8.3300781250000000e-01 4.7953960802260553e-09 -9.4360075308941305e-12
428 8.3496093750000000e-01 4.8127901663974626e-09 -9.2086338554508984e-12
429 8.3691406250000000e-01 4.8300705657311482e-09 -9.0096818894380704e-12
430 8.3886718750000000e-01 4.8470951696799602e-09 -8.7823082139948383e-12
431 8.4082031250000000e-01 4.8639492433721898e-09 -8.5975671026972122e-12
432 8.4277343750000000e-01 4.8806327868078370e-09 -8.3844042819691822e-12
433 8.4472656250000000e-01 4.8970889565680409e-09 -8.1996631706715561e-12
434 8.4667968750000000e-01 4.9134598611999536e-09 -7.9865003499435261e-12
435 8.4863281250000000e-01 4.9295181270281319e-09 -7.7875483839306980e-12
436 8.5058593750000000e-01 4.9454911277280189e-09 -7.5885964179178700e-12
437 8.5253906250000000e-01 4.9612083330430323e-09 -7.3754335971898399e-12
438 8.5449218750000000e-01 4.9767550081014633e-09 -7.2049033406074159e-12
439 8.5644531250000000e-01 4.9921311529033119e-09 -7.0059513745945878e-12
440 8.5839843750000000e-01 5.0072515023202868e-09 -6.8212102632969618e-12
441 8.6035156250000000e-01 5.0222297431901097e-09 -6.6364691519993357e-12
442 8.6230468750000000e-01 5.0369806103844894e-09 -6.4659388954169117e-12
443 8.6425781250000000e-01 5.0515609473222867e-09 -6.2811977841192856e-12
444 8.6621093750000000e-01 5.0659139105846407e-09 -6.0964566728216596e-12
445 8.6816406250000000e-01 5.0801531870092731e-09 -5.9117155615240335e-12
446 8.7011718750000000e-01 5.0941082463396015e-09 -5.7553961596568115e-12
447 8.7207031250000000e-01 5.1079211971227778e-09 -5.5848659030743875e-12
448 8.7402343750000000e-01 5.1214783525210805e-09 -5.4143356464919634e-12
449 8.7597656250000000e-01 5.1348933993722312e-09 -5.2580162446247414e-12
450 8.7792968750000000e-01 5.1480810725479387e-09 -5.0874859880423173e-12
451 8.7988281250000000e-01 5.1610697937576333e-09 -4.9311665861750953e-12
452 8.8183593750000000e-01 5.1738737738560303e-09 -4.7819526116654743e-12
453 8.8378906250000000e-01 5.1864503802789841e-09 -4.6185277824406512e-12
454 8.8574218750000000e-01 5.1988280347359250e-09 -4.4764192352886312e-12
455 8.8769531250000000e-01 5.2110209480815683e-09 -4.3200998334214091e-12
456 8.8964843750000000e-01 5.2230291203159140e-09 -4.1708858589117881e-12
457 8.9160156250000000e-01 5.2347814971653861e-09 -4.0287773117597681e-12
458 8.9355468750000000e-01 5.2464059763224213e-09 -3.8866687646077480e-12
459 8.9550781250000000e-01 5.2577746600945829e-09 -3.7445602174557280e-12
460 8.9746093750000000e-01 5.2689586027554469e-09 -3.6024516703037079e-12
461 8.9941406250000000e-01 5.2799435934502981e-09 -3.4745539778668899e-12
462 9.0136718750000000e-01 5.2907012104697060e-09 -3.3395508580724709e-12
463 9.0332031250000000e-01 5.3012740863778163e-09 -3.2045477382780518e-12
464 9.0527343750000000e-01 5.3116337994651985e-09 -3.0766500458412338e-12
465 9.0722656250000000e-01 5.3217803497318528e-09 -2.9487523534044158e-12
466 9.0917968750000000e-01 5.3317563697419246e-09 -2.8279600883251987e-12
467 9.1113281250000000e-01 5.3414765943671227e-09 -2.7142732506035827e-12
468 9.1308593750000000e-01 5.3510120778810233e-09 -2.5934809855243657e-12
469 9.1503906250000000e-01 5.3603628202836262e-09 -2.4868995751603507e-12
470 9.1699218750000000e-01 5.3694719781560707e-09 -2.3732127374387346e-12
471 9.1894531250000000e-01 5.3783963949172175e-09 -2.2630786133959191e-12
472 9.2089843750000000e-01 5.3871076488576364e-09 -2.1529444893531036e-12
473 9.2285156250000000e-01 5.3956128454046848e-09 -2.0499157926678890e-12
474 9.2480468750000000e-01 5.4039048791310051e-09 -1.9468870959826745e-12
475 9.2675781250000000e-01 5.4119837500365975e-09 -1.8509638266550610e-12
476 9.2871093750000000e-01 5.4198636689761770e-09 -1.7550405573274475e-12
477 9.3066406250000000e-01 5.4275233196676709e-09 -1.6555645743210334e-12
478 9.3261718750000000e-01 5.4350053346752247e-09 -1.5631940186722204e-12
479 9.3457031250000000e-01 5.4422244488705473e-09 -1.4743761767022079e-12
480 9.3652343750000000e-01 5.4492801382366451e-09 -1.3891110484109959e-12
481 9.3847656250000000e-01 5.4560942430725845e-09 -1.3038459201197838e-12
482 9.4042968750000000e-01 5.4627165013698686e-09 -1.2256862191861728e-12
483 9.4238281250000000e-01 5.4691184914190671e-09 -1.1439738045737613e-12
484 9.4433593750000000e-01 5.4753073186475376e-09 -1.0693668173189508e-12
485 9.4628906250000000e-01 5.4813042993373529e-09 -9.9475983006414026e-13
486 9.4824218750000000e-01 5.4870596954970097e-09 -9.2548191332753049e-13
487 9.5019531250000000e-01 5.4926232451180113e-09 -8.5798035343032097e-13
488 9.5214843750000000e-01 5.4979700792046060e-09 -7.8870243669371121e-13
489 9.5410156250000000e-01 5.5031108558978303e-09 -7.2830630415410269e-13
490 9.5605468750000000e-01 5.5080171534882538e-09 -6.6613381477509392e-13
491 9.5800781250000000e-01 5.5127404863242191e-09 -6.0929039591428591e-13
492 9.5996093750000000e-01 5.5172275637005441e-09 -5.5422333389287814e-13
493 9.6191406250000000e-01 5.5215156891108563e-09 -5.0182080713057076e-13
494 9.6386718750000000e-01 5.5255888753436011e-09 -4.5119463720766362e-13
495 9.6582031250000000e-01 5.5294453460419390e-09 -4.0323300254385686e-13
496 9.6777343750000000e-01 5.5330833248490308e-09 -3.5882408155885059e-13
497 9.6972656250000000e-01 5.5365152462627520e-09 -3.1707969583294471e-13
498 9.7167968750000000e-01 5.5397313403204862e-09 -2.7755575615628914e-13
499 9.7363281250000000e-01 5.5427324952006529e-09 -2.3980817331903381e-13
500 9.7558593750000000e-01 5.5455222636169310e-09 -2.0561330416057899e-13
501 9.7753906250000000e-01 5.5480944283203826e-09 -1.7408297026122455e-13
502 9.7949218750000000e-01 5.5504587592736243e-09 -1.4543921622589551e-13
503 9.8144531250000000e-01 5.5525921638377440e-09 -1.1879386363489175e-13
504 9.8339843750000000e-01 5.5545412713797759e-09 -9.5257135512838431e-14
505 9.8535156250000000e-01 5.5562434653211312e-09 -7.4162898044960457e-14
506 9.8730468750000000e-01 5.5577511481885722e-09 -5.5733195836182858e-14
507 9.8925781250000000e-01 5.5590445580122605e-09 -3.9857006584043120e-14
508 9.9121093750000000e-01 5.5601049320230800e-09 -2.6700863742235015e-14
509 9.9316406250000000e-01 5.5609789550992161e-09 -1.6181500583911657e-14
510 9.9511718750000000e-01 5.5616115879342232e-09 -8.2434059578417873e-15
511 9.9707031250000000e-01 5.5620444500137367e-09 -2.9698465908722937e-15
512 9.9902343750000000e-01 3.4764077640886404e-09 -3.2959746043559335e-16
