# P x_center tau_Psi tau_V
1 3.9062500000000000e-03 -3.1392379220389785e+01 -8.9810328063322231e-09
2 1.1718750000000000e-02 -3.7369511574070202e-07 -8.9783611656457651e-09
3 1.9531250000000000e-02 -3.7325560242607025e-07 -8.9728473540162668e-09
4 2.7343750000000000e-02 -3.7259655982779805e-07 -8.9647755885380320e-09
5 3.5156250000000000e-02 -3.7171855638007401e-07 -8.9539753389544785e-09
6 4.2968750000000000e-02 -3.7062216051708674e-07 -8.9405034486844670e-09
7 5.0781250000000000e-02 -3.6930782698618714e-07 -8.9243030743091367e-09
8 5.8593750000000000e-02 -3.6777646528207697e-07 -8.9054310592473485e-09
9 6.6406250000000000e-02 -3.6602909858629573e-07 -8.8840010903368238e-09
10 7.4218750000000000e-02 -3.6406652270670747e-07 -8.8598426373209804e-09
11 8.2031250000000000e-02 -3.6189010188536486e-07 -8.8331262304564007e-09
12 8.9843750000000000e-02 -3.5950108667748282e-07 -8.8036813394865021e-09
13 9.7656250000000000e-02 -3.5690095501195174e-07 -8.7716784946678672e-09
14 1.0546875000000000e-01 -3.5409118481766200e-07 -8.7371176960004959e-09
15 1.1328125000000000e-01 -3.5107359508401714e-07 -8.6999421000655275e-09
16 1.2109375000000000e-01 -3.4785000480042072e-07 -8.6603790805384051e-09
17 1.2890625000000000e-01 -3.4442223295627628e-07 -8.6180875769059639e-09
18 1.3671875000000000e-01 -3.4079232591466280e-07 -8.5734654931002297e-09
19 1.4453125000000000e-01 -3.3696255741233472e-07 -8.5263422988646198e-09
20 1.5234375000000000e-01 -3.3293520118604647e-07 -8.4767748376179952e-09
21 1.6015625000000000e-01 -3.2871298571990337e-07 -8.4249336396169383e-09
22 1.6796875000000000e-01 -3.2429784369014669e-07 -8.3704776443482842e-09
23 1.7578125000000000e-01 -3.1969273095455719e-07 -8.3138047557440586e-09
24 1.8359375000000000e-01 -3.1490083074459108e-07 -8.2548581303854007e-09
25 1.9140625000000000e-01 -3.0992430311016506e-07 -8.1937514551100321e-09
26 1.9921875000000000e-01 -3.0476689971692394e-07 -8.1302005128236488e-09
27 2.0703125000000000e-01 -2.9943089430162217e-07 -8.0645463640394155e-09
28 2.1484375000000000e-01 -2.9392003852990456e-07 -7.9967321653384715e-09
29 2.2265625000000000e-01 -2.8823774300690275e-07 -7.9268716035585385e-09
30 2.3046875000000000e-01 -2.8238696359039750e-07 -7.8548509918618947e-09
31 2.3828125000000000e-01 -2.7637156563287135e-07 -7.7807840170862619e-09
32 2.4609375000000000e-01 -2.7019518711313140e-07 -7.7047843660693616e-09
33 2.5390625000000000e-01 -2.6386157969682245e-07 -7.6269088822300546e-09
34 2.6171875000000000e-01 -2.5737426767591387e-07 -7.5470438787306193e-09
35 2.6953125000000000e-01 -2.5073745746340137e-07 -7.4654167292464990e-09
36 2.7734375000000000e-01 -2.4395467335125431e-07 -7.3819137469399720e-09
37 2.8515625000000000e-01 -2.3703080387349473e-07 -7.2967054620676208e-09
38 2.9296875000000000e-01 -2.2996925963525428e-07 -7.2097918746294454e-09
39 3.0078125000000000e-01 -2.2277470179687953e-07 -7.1213435148820281e-09
40 3.0859375000000000e-01 -2.1545133677136619e-07 -7.0311898525687866e-09
41 3.1640625000000000e-01 -2.0800371203222312e-07 -6.9395582613651641e-09
42 3.2421875000000000e-01 -2.0043626136612147e-07 -6.8465055846900214e-09
43 3.3203125000000000e-01 -1.9275330487289466e-07 -6.7519181357056368e-09
44 3.3984375000000000e-01 -1.8495961739972699e-07 -6.6560232880874537e-09
45 3.4765625000000000e-01 -1.7706020116747823e-07 -6.5588778852543328e-09
46 3.5546875000000000e-01 -1.6905926258914405e-07 -6.4603113969496917e-09
47 3.6328125000000000e-01 -1.6096180388558423e-07 -6.3606648836866952e-09
48 3.7109375000000000e-01 -1.5277316833817167e-07 -6.2599383454653434e-09
49 3.7890625000000000e-01 -1.4449756235990208e-07 -6.1581317822856363e-09
50 3.8671875000000000e-01 -1.3614067029266153e-07 -6.0553588809852954e-09
51 3.9453125000000000e-01 -1.2770692592312116e-07 -5.9515059547265992e-09
52 4.0234375000000000e-01 -1.1920167253265390e-07 -5.8468572206038516e-09
53 4.1015625000000000e-01 -1.1063025340263266e-07 -5.7414126786170527e-09
54 4.1796875000000000e-01 -1.0199744338024175e-07 -5.6351723287662026e-09
55 4.2578125000000000e-01 -9.3308699433691800e-08 -5.5283067013078835e-09
56 4.3359375000000000e-01 -8.4568910097004846e-08 -5.4207589528232347e-09
57 4.4140625000000000e-01 -7.5783873398904689e-08 -5.3126427701499779e-09
58 4.4921875000000000e-01 -6.6958477873413358e-08 -5.2041286835446954e-09
59 4.5703125000000000e-01 -5.8098066801903769e-08 -5.0951030061696656e-09
60 4.6484375000000000e-01 -4.9208324526262004e-08 -4.9856794248626102e-09
61 4.7265625000000000e-01 -4.0294082737091230e-08 -4.8759432047518203e-09
62 4.8046875000000000e-01 -3.1361253149952972e-08 -4.7660932978033088e-09
63 4.8828125000000000e-01 -2.2414610612031538e-08 -4.6559591737604933e-09
64 4.9609375000000000e-01 -1.3460009995469591e-08 -4.5457682062988169e-09
65 5.0390625000000000e-01 -4.5027945816400461e-09 -4.4356056605465710e-09
66 5.1171875000000000e-01 4.4518060349219013e-09 -4.3253862713754643e-09
67 5.1953125000000000e-01 1.3398334886005614e-08 -4.2152805690420792e-09
68 5.2734375000000000e-01 2.2331221316562733e-08 -4.1054022403841373e-09
69 5.3515625000000000e-01 3.1245406262314646e-08 -3.9957228636922082e-09
70 5.4296875000000000e-01 4.0135319068212993e-08 -3.8863277040945832e-09
71 5.5078125000000000e-01 4.8995616452884860e-08 -3.7773304484289838e-09
72 5.5859375000000000e-01 5.7821011978376191e-08 -3.6687026749859797e-09
73 5.6640625000000000e-01 6.6606162363314070e-08 -3.5606149140221532e-09
74 5.7421875000000000e-01 7.5345838013163302e-08 -3.4530671655375045e-09
75 5.8203125000000000e-01 8.4034638803132111e-08 -3.3462015380791854e-09
76 5.8984375000000000e-01 9.2667505668941885e-08 -3.2399327665189048e-09
77 5.9765625000000000e-01 1.0123903848580085e-07 -3.1344598028226756e-09
78 6.0546875000000000e-01 1.0974423503284925e-07 -3.0298110686999280e-09
79 6.1328125000000000e-01 1.1817786571555189e-07 -2.9260434075695230e-09
80 6.2109375000000000e-01 1.2653481462621130e-07 -2.8231852411408909e-09
81 6.2890625000000000e-01 1.3481036376106204e-07 -2.7214070996706141e-09
82 6.3671875000000000e-01 1.4299911299531232e-07 -2.6206521397398319e-09
83 6.4453125000000000e-01 1.5109640116861556e-07 -2.5210056264768355e-09
84 6.5234375000000000e-01 1.5909731132524030e-07 -2.4225244033004856e-09
85 6.6015625000000000e-01 1.6699689808774565e-07 -2.3253363679032191e-09
86 6.6796875000000000e-01 1.7479050029578502e-07 -2.2294557311397512e-09
87 6.7578125000000000e-01 1.8247342836730240e-07 -2.1349109147195122e-09
88 6.8359375000000000e-01 1.9004099272024177e-07 -2.0418013946255087e-09
89 6.9140625000000000e-01 1.9748864588109427e-07 -1.9501555925671710e-09
90 6.9921875000000000e-01 2.0481198248489818e-07 -1.8600445628180751e-09
91 7.0703125000000000e-01 2.1200654032327293e-07 -1.7715251487970818e-09
92 7.1484375000000000e-01 2.1906794245296624e-07 -1.6846399830683367e-09
93 7.2265625000000000e-01 2.2599203930440126e-07 -1.5994459090507007e-09
94 7.3046875000000000e-01 2.3277453919945401e-07 -1.5159855593083194e-09
95 7.3828125000000000e-01 2.3941143467709480e-07 -1.4343157772600534e-09
96 7.4609375000000000e-01 2.4589871827629395e-07 -1.3544934063247638e-09
97 7.5390625000000000e-01 2.5223246780115005e-07 -1.2765610790665960e-09
98 7.6171875000000000e-01 2.5840884632089001e-07 -1.2005614280496957e-09
99 7.6953125000000000e-01 2.6442418743499729e-07 -1.1265512966929236e-09
100 7.7734375000000000e-01 2.7027481053210067e-07 -1.0545662121330679e-09
101 7.8515625000000000e-01 2.7595724816364964e-07 -9.8464170150691643e-10
102 7.9296875000000000e-01 2.8146804709194839e-07 -9.1682750280597247e-10
103 8.0078125000000000e-01 2.8680389618784830e-07 -8.5116624859438161e-10
104 8.0859375000000000e-01 2.9196156958732900e-07 -7.8770767686364707e-10
105 8.1640625000000000e-01 2.9693794090235315e-07 -7.2648020932319923e-10
106 8.2421875000000000e-01 3.0173005427513999e-07 -6.6751937310982612e-10
107 8.3203125000000000e-01 3.0633501779675498e-07 -6.1085358993295813e-10
108 8.3984375000000000e-01 3.1075003903424658e-07 -5.5653259778409847e-10
109 8.4765625000000000e-01 3.1497247476863777e-07 -5.0457416023164114e-10
110 8.5546875000000000e-01 3.1899975994065244e-07 -4.5501380441237416e-10
111 8.6328125000000000e-01 3.2282947870498901e-07 -4.0790126831780071e-10
112 8.7109375000000000e-01 3.2645933600861099e-07 -3.6323655194792082e-10
113 8.7890625000000000e-01 3.2988712916903751e-07 -3.2105518243952247e-10
114 8.8671875000000000e-01 3.3311080827047590e-07 -2.8138913421571488e-10
115 8.9453125000000000e-01 3.3612842642583018e-07 -2.4425972355857084e-10
116 9.0234375000000000e-01 3.3893815043484210e-07 -2.0968826675016317e-10
117 9.1015625000000000e-01 3.4153831052208261e-07 -1.7769430371572525e-10
118 9.1796875000000000e-01 3.4392732395360781e-07 -1.4829915073732991e-10
119 9.2578125000000000e-01 3.4610376431487566e-07 -1.2151790684811203e-10
120 9.3359375000000000e-01 3.4806631354911133e-07 -9.7369223794885329e-11
121 9.4140625000000000e-01 3.4981378593812451e-07 -7.5868200610784697e-11
122 9.4921875000000000e-01 3.5134513698409364e-07 -5.7025495436846541e-11
123 9.5703125000000000e-01 3.5265944386964065e-07 -4.0853098681736810e-11
124 9.6484375000000000e-01 3.5375590590192019e-07 -2.7361890531096833e-11
125 9.7265625000000000e-01 3.5463387315637362e-07 -1.6558976412284210e-11
126 9.8046875000000000e-01 3.5529281117163691e-07 -8.4509066411442291e-12
127 9.8828125000000000e-01 3.5573232065599925e-07 -3.0429270214682447e-12
128 9.9609375000000000e-01 2.2246380603288540e-07 -3.3813923883130315e-13
