# P x psi_num psi_exact psi_err v_num v_exact v_err
1 1.5625000000000000e-02 1.4122892216465326e+95 7.3531575544477701e-01 1.4122892216465326e+95 6.5060765808691394e+92 3.6765787772238850e-01 6.5060765808691394e+92
2 4.6875000000000000e-02 5.8084145368101973e+94 7.3177714287720363e-01 5.8084145368101973e+94 2.6757967993172692e+92 3.6588857143860182e-01 2.6757967993172692e+92
3 7.8125000000000000e-02 2.3888647533608252e+94 7.2473399651548509e-01 2.3888647533608252e+94 1.1004925045441204e+92 3.6236699825774255e-01 1.1004925045441204e+92
4 1.0937500000000000e-01 9.8248407955118389e+93 7.1425414570926005e-01 9.8248407955118389e+93 4.5260677225819261e+91 3.5712707285463002e-01 4.5260677225819261e+91
5 1.4062500000000000e-01 4.0407267310278396e+93 7.0043851715066185e-01 4.0407267310278396e+93 1.8614655660816043e+91 3.5021925857533093e-01 1.8614655660816043e+91
6 1.7187500000000000e-01 1.6618561923467830e+93 6.8342016289510044e-01 1.6618561923467830e+93 7.6557715573261112e+90 3.4171008144755022e-01 7.6557715573261112e+90
7 2.0312500000000000e-01 6.8348249903515017e+92 6.6336297899723562e-01 6.8348249903515017e+92 3.1486393949974111e+90 3.3168148949861781e-01 3.1486393949974111e+90
8 2.3437500000000000e-01 2.8110033144766181e+92 6.4046012710237610e-01 2.8110033144766181e+92 1.2949615810095818e+90 3.2023006355118805e-01 1.2949615810095818e+90
9 2.6562500000000000e-01 1.1560997750670200e+92 6.1493217419424140e-01 1.1560997750670200e+92 5.3258734517157842e+89 3.0746608709712070e-01 5.3258734517157842e+89
10 2.9687500000000000e-01 4.7547673921124780e+91 5.8702496841433560e-01 4.7547673921124780e+91 2.1904069154643431e+89 2.9351248420716780e-01 2.1904069154643431e+89
11 3.2812500000000000e-01 1.9555243792620841e+91 5.5700727140994966e-01 1.9555243792620841e+91 9.0086302240575657e+88 2.7850363570497483e-01 9.0086302240575657e+88
12 3.5937500000000000e-01 8.0426134013740016e+90 5.2516817001257832e-01 8.0426134013740016e+90 3.7050384508818240e+88 2.6258408500628916e-01 3.7050384508818240e+88
13 3.9062500000000000e-01 3.3077383592492475e+90 4.9181429217370137e-01 3.3077383592492475e+90 1.5237954623532544e+88 2.4590714608685069e-01 1.5237954623532544e+88
14 4.2187500000000000e-01 1.3603952099378504e+90 4.5726685396999162e-01 1.3603952099378504e+90 6.2670133570687182e+87 2.2863342698499581e-01 6.2670133570687182e+87
15 4.5312500000000000e-01 5.5949855145260425e+89 4.2185856611690137e-01 5.5949855145260425e+89 2.5774751848574081e+87 2.1092928305845068e-01 2.5774751848574081e+87
16 4.8437500000000000e-01 2.3010836862197861e+89 3.8593042978259523e-01 2.3010836862197861e+89 1.0600538793370547e+87 1.9296521489129762e-01 1.0600538793370547e+87
17 5.1562500000000000e-01 9.4637518783302125e+88 3.4982845256028949e-01 9.4637518783302125e+88 4.3597227479155295e+86 1.7491422628014475e-01 4.3597227479155295e+86
18 5.4687500000000000e-01 3.8920589362396787e+88 3.1390031622598330e-01 3.8920589362396787e+88 1.7929778906217830e+86 1.5695015811299165e-01 1.7929778906217830e+86
19 5.7812500000000000e-01 1.6003226398829235e+88 2.7849202837289311e-01 1.6003226398829235e+88 7.3723012878324822e+85 1.3924601418644655e-01 7.3723012878324822e+85
20 6.0937500000000000e-01 6.5722698969400266e+87 2.4394459016918330e-01 6.5722698969400266e+87 3.0276865789500057e+85 1.2197229508459165e-01 3.0276865789500057e+85
21 6.4062500000000000e-01 2.6799654809579103e+87 2.1059071233030643e-01 2.6799654809579103e+87 1.2345955976280751e+85 1.0529535616515322e-01 1.2345955976280751e+85
22 6.7187500000000000e-01 1.0461496394197521e+87 1.7875161093293498e-01 1.0461496394197521e+87 4.8193594690118517e+84 8.9375805466467492e-02 4.8193594690118517e+84
23 7.0312500000000000e-01 2.9395600298473104e+86 1.4873391392854909e-01 2.9395600298473104e+86 1.3541841601592302e+84 7.4366956964274547e-02 1.3541841601592302e+84
24 7.3437500000000000e-01 -2.1051187900402498e+86 1.2082670814864331e-01 -2.1051187900402498e+86 -9.6977855453493095e+83 6.0413354074321655e-02 -9.6977855453493095e+83
25 7.6562500000000000e-01 -8.9238435345706482e+86 9.5298755240508737e-02 -8.9238435345706482e+86 -4.1110023666171470e+84 4.7649377620254368e-02 -4.1110023666171470e+84
26 7.9687500000000000e-01 -2.3262958692685870e+87 7.2395903345649035e-02 -2.3262958692685870e+87 -1.0716691088732122e+85 3.6197951672824517e-02 -1.0716691088732122e+85
27 8.2812500000000000e-01 -5.7206467157312819e+87 5.2338719447784267e-02 -5.7206467157312819e+87 -2.6353656950758447e+85 2.6169359723892133e-02 -2.6353656950758447e+85
28 8.5937500000000000e-01 -1.3935958229995478e+88 3.5320365192222820e-02 -1.3935958229995478e+88 -6.4199640416161854e+85 1.7660182596111410e-02 -6.4199640416161854e+85
29 8.9062500000000000e-01 -3.3895519984237976e+88 2.1504736633624604e-02 -3.3895519984237976e+88 -1.5614858759032597e+86 1.0752368316812302e-02 -1.5614858759032597e+86
30 9.2187500000000000e-01 -8.2419853690892870e+88 1.1024885827399611e-02 -8.2419853690892870e+88 -3.7968863580924132e+86 5.5124429136998053e-03 -3.7968863580924132e+86
31 9.5312500000000000e-01 -2.0040187166364491e+89 3.9817394656810352e-03 -2.0040187166364491e+89 -9.2320369253008362e+86 1.9908697328405176e-03 -9.2320369253008362e+86
32 9.8437500000000000e-01 -4.8726856129110890e+89 4.4312689810770416e-04 -4.8726856129110890e+89 -2.2447302078719033e+87 2.2156344905385208e-04 -2.2447302078719033e+87
