# P x_center tau_Psi tau_V
1 1.9531250000000000e-03 -6.2784757989981927e+01 -1.1226575225009583e-09
2 5.8593750000000000e-03 -4.6735522118979134e-08 -1.1225438356632367e-09
3 9.7656250000000000e-03 -4.6721879698452540e-08 -1.1224301488255151e-09
4 1.3671875000000000e-02 -4.6701416067662649e-08 -1.1222027751500718e-09
5 1.7578125000000000e-02 -4.6674131226609461e-08 -1.1219754014746286e-09
6 2.1484375000000000e-02 -4.6639570427942090e-08 -1.1215206541237421e-09
7 2.5390625000000000e-02 -4.6598643166362308e-08 -1.1210659067728557e-09
8 2.9296875000000000e-02 -4.6550212573492900e-08 -1.1203837857465260e-09
9 3.3203125000000000e-02 -4.6495415517711081e-08 -1.1197016647201963e-09
10 3.7109375000000000e-02 -4.6433569877990521e-08 -1.1187921700184233e-09
11 4.1015625000000000e-02 -4.6365357775357552e-08 -1.1181100489920937e-09
12 4.4921875000000000e-02 -4.6289642341434956e-08 -1.1170868674525991e-09
13 4.8828125000000000e-02 -4.6208015191950835e-08 -1.1161773727508262e-09
14 5.2734375000000000e-02 -4.6118429963826202e-08 -1.1149268175358884e-09
15 5.6640625000000000e-02 -4.6023160393815488e-08 -1.1139036359963939e-09
16 6.0546875000000000e-02 -4.5920387492515147e-08 -1.1126530807814561e-09
17 6.4453125000000000e-02 -4.5811248128302395e-08 -1.1111751518910751e-09
18 6.8359375000000000e-02 -4.5695287553826347e-08 -1.1098109098384157e-09
19 7.2265625000000000e-02 -4.5572733142762445e-08 -1.1082192941103131e-09
20 7.6171875000000000e-02 -4.5443357521435246e-08 -1.1067413652199320e-09
21 8.0078125000000000e-02 -4.5307160689844750e-08 -1.1050360626541078e-09
22 8.3984375000000000e-02 -4.5164597395341843e-08 -1.1033307600882836e-09
23 8.7890625000000000e-02 -4.5015212890575640e-08 -1.1015117706847377e-09
24 9.1796875000000000e-02 -4.4859234549221583e-08 -1.0994654076057486e-09
25 9.5703125000000000e-02 -4.4697117118630558e-08 -1.0975327313644812e-09
26 9.9609375000000000e-02 -4.4527723730425350e-08 -1.0952589946100488e-09
27 1.0351562500000000e-01 -4.4352191252983175e-08 -1.0933263183687814e-09
28 1.0742187500000000e-01 -4.4170064938953146e-08 -1.0909388947766274e-09
29 1.1132812500000000e-01 -4.3981344788335264e-08 -1.0886651580221951e-09
30 1.1523437500000000e-01 -4.3786258174804971e-08 -1.0861640475923195e-09
31 1.1914062500000000e-01 -4.3584805098362267e-08 -1.0837766240001656e-09
32 1.2304687500000000e-01 -4.3376985559007153e-08 -1.0812755135702901e-09
33 1.2695312500000000e-01 -4.3162799556739628e-08 -1.0786607163026929e-09
34 1.3085937500000000e-01 -4.2942019717884250e-08 -1.0759322321973741e-09
35 1.3476562500000000e-01 -4.2715328163467348e-08 -1.0732037480920553e-09
36 1.3867187500000000e-01 -4.2482042772462592e-08 -1.0701342034735717e-09
37 1.4257812500000000e-01 -4.2242618292220868e-08 -1.0672920325305313e-09
38 1.4648437500000000e-01 -4.1997282096417621e-08 -1.0643361747497693e-09
39 1.5039062500000000e-01 -4.1745579437701963e-08 -1.0612666301312856e-09
40 1.5429687500000000e-01 -4.1487737689749338e-08 -1.0579697118373588e-09
41 1.5820312500000000e-01 -4.1223756852559745e-08 -1.0546727935434319e-09
42 1.6210937500000000e-01 -4.0953636926133186e-08 -1.0514895620872267e-09
43 1.6601562500000000e-01 -4.0678060031495988e-08 -1.0480789569555782e-09
44 1.6992187500000000e-01 -4.0395661926595494e-08 -1.0444409781484865e-09
45 1.7382812500000000e-01 -4.0108261600835249e-08 -1.0411440598545596e-09
46 1.7773437500000000e-01 -3.9814494812162593e-08 -1.0373923942097463e-09
47 1.8164062500000000e-01 -3.9514816307928413e-08 -1.0335270417272113e-09
48 1.8554687500000000e-01 -3.9209453461808152e-08 -1.0300027497578412e-09
49 1.8945312500000000e-01 -3.8898861021152698e-08 -1.0261373972753063e-09
50 1.9335937500000000e-01 -3.8581902117584832e-08 -1.0221583579550497e-09
51 1.9726562500000000e-01 -3.8259486245806329e-08 -1.0181793186347932e-09
52 2.0117187500000000e-01 -3.7931613405817188e-08 -1.0143139661522582e-09
53 2.0507812500000000e-01 -3.7598283597617410e-08 -1.0102212399942800e-09
54 2.0898437500000000e-01 -3.7259042073856108e-08 -1.0057874533231370e-09
55 2.1289062500000000e-01 -3.6915025702910498e-08 -1.0018084140028805e-09
56 2.1679687500000000e-01 -3.6564870242727920e-08 -9.9726094049401581e-10
57 2.2070312500000000e-01 -3.6209485188010149e-08 -9.9305452749831602e-10
58 2.2460937500000000e-01 -3.5849552659783512e-08 -9.8862074082717299e-10
59 2.2851562500000000e-01 -3.5483481042319909e-08 -9.8407326731830835e-10
60 2.3242187500000000e-01 -3.5112861951347440e-08 -9.7952579380944371e-10
61 2.3632812500000000e-01 -3.4736785892164335e-08 -9.7497832030057907e-10
62 2.4023437500000000e-01 -3.4355707612121478e-08 -9.7008978627854958e-10
63 2.4414062500000000e-01 -3.3969399737543426e-08 -9.6554231276968494e-10
64 2.4804687500000000e-01 -3.3578771763131954e-08 -9.6065377874765545e-10
65 2.5195312500000000e-01 -3.3182686820509844e-08 -9.5587893156334758e-10
66 2.5585937500000000e-01 -3.2782281778054312e-08 -9.5099039754131809e-10
67 2.5976562500000000e-01 -3.2376647141063586e-08 -9.4598817668156698e-10
68 2.6367187500000000e-01 -3.1966465030563995e-08 -9.4087226898409426e-10
69 2.6757812500000000e-01 -3.1551735446555540e-08 -9.3587004812434316e-10
70 2.7148437500000000e-01 -3.1132458389038220e-08 -9.3064045358914882e-10
71 2.7539062500000000e-01 -3.0708633858012035e-08 -9.2541085905395448e-10
72 2.7929687500000000e-01 -3.0280034479801543e-08 -9.2018126451876014e-10
73 2.8320312500000000e-01 -2.9847115001757629e-08 -9.1472429630812258e-10
74 2.8710937500000000e-01 -2.9409875423880294e-08 -9.0938101493520662e-10
75 2.9101562500000000e-01 -2.8968543119844981e-08 -9.0403773356229067e-10
76 2.9492187500000000e-01 -2.8522890715976246e-08 -8.9846707851393148e-10
77 2.9882812500000000e-01 -2.8073372959624976e-08 -8.9301011030329391e-10
78 3.0273437500000000e-01 -2.7619762477115728e-08 -8.8732576841721311e-10
79 3.0664062500000000e-01 -2.7162059268448502e-08 -8.8175511336885393e-10
80 3.1054687500000000e-01 -2.6700490707298741e-08 -8.7607077148277313e-10
81 3.1445312500000000e-01 -2.6235056793666445e-08 -8.7027274275897071e-10
82 3.1835937500000000e-01 -2.5765757527551614e-08 -8.6470208771061152e-10
83 3.2226562500000000e-01 -2.5292365535278805e-08 -8.5867668531136587e-10
84 3.2617187500000000e-01 -2.4816245058900677e-08 -8.5299234342528507e-10
85 3.3007812500000000e-01 -2.4335577109013684e-08 -8.4685325418831781e-10
86 3.3398437500000000e-01 -2.3852180675021373e-08 -8.4094153862679377e-10
87 3.3789062500000000e-01 -2.3364918888546526e-08 -8.3502982306526974e-10
88 3.4179687500000000e-01 -2.2874701244290918e-08 -8.2911810750374570e-10
89 3.4570312500000000e-01 -2.2381072994903661e-08 -8.2297901826677844e-10
90 3.4960937500000000e-01 -2.1883579393033870e-08 -8.1672624219208956e-10
91 3.5351562500000000e-01 -2.1383812054409645e-08 -8.1070083979284391e-10
92 3.5742187500000000e-01 -2.0880406736978330e-08 -8.0444806371815503e-10
93 3.6132812500000000e-01 -2.0374500309117138e-08 -7.9819528764346614e-10
94 3.6523437500000000e-01 -1.9865183276124299e-08 -7.9194251156877726e-10
95 3.6914062500000000e-01 -1.9354047253727913e-08 -7.8580342233181000e-10
96 3.7304687500000000e-01 -1.8839045878848992e-08 -7.7932327258167788e-10
97 3.7695312500000000e-01 -1.8321998140891083e-08 -7.7284312283154577e-10
98 3.8085937500000000e-01 -1.7802221918827854e-08 -7.6647665991913527e-10
99 3.8476562500000000e-01 -1.7279717212659307e-08 -7.6011019700672477e-10
100 3.8867187500000000e-01 -1.6755166143411770e-08 -7.5363004725659266e-10
101 3.9257812500000000e-01 -1.6228113963734359e-08 -7.4726358434418216e-10
102 3.9648437500000000e-01 -1.5698560673627071e-08 -7.4066974775632843e-10
103 4.0039062500000000e-01 -1.5166733646765351e-08 -7.3407591116847470e-10
104 4.0429687500000000e-01 -1.4633315004175529e-08 -7.2759576141834259e-10
105 4.0820312500000000e-01 -1.4097395251155831e-08 -7.2111561166821048e-10
106 4.1210937500000000e-01 -1.3560111256083474e-08 -7.1440808824263513e-10
107 4.1601562500000000e-01 -1.3020326150581241e-08 -7.0781425165478140e-10
108 4.1992187500000000e-01 -1.2478949429350905e-08 -7.0110672822920606e-10
109 4.2382812500000000e-01 -1.1935753718717024e-08 -6.9439920480363071e-10
110 4.2773437500000000e-01 -1.1390966392355040e-08 -6.8769168137805536e-10
111 4.3164062500000000e-01 -1.0845042197615840e-08 -6.8087047111475840e-10
112 4.3554687500000000e-01 -1.0297071639797650e-08 -6.7427663452690467e-10
113 4.3945312500000000e-01 -9.7479642136022449e-09 -6.6745542426360771e-10
114 4.4335937500000000e-01 -9.1977199190296233e-09 -6.6074790083803236e-10
115 4.4726562500000000e-01 -8.6461113824043423e-09 -6.5392669057473540e-10
116 4.5117187500000000e-01 -8.0931386037264019e-09 -6.4710548031143844e-10
117 4.5507812500000000e-01 -7.5394837040221319e-09 -6.4039795688586310e-10
118 4.5898437500000000e-01 -6.9849193096160889e-09 -6.3346305978484452e-10
119 4.6289062500000000e-01 -6.4292180468328297e-09 -6.2664184952154756e-10
120 4.6679687500000000e-01 -5.8727209761855192e-09 -6.1976379583938979e-10
121 4.7070312500000000e-01 -5.3157691581873223e-09 -6.1294258557609282e-10
122 4.7460937500000000e-01 -4.7576804718119092e-09 -6.0606453189393505e-10
123 4.7851562500000000e-01 -4.1995917854364961e-09 -5.9918647821177728e-10
124 4.8242187500000000e-01 -3.6407072911970317e-09 -5.9236526794848032e-10
125 4.8632812500000000e-01 -3.0813680496066809e-09 -5.8543037084746175e-10
126 4.9023437500000000e-01 -2.5221424948540516e-09 -5.7860916058416478e-10
127 4.9414062500000000e-01 -1.9622348190750927e-09 -5.7161742006428540e-10
128 4.9804687500000000e-01 -1.4024408301338553e-09 -5.6479620980098844e-10
129 5.0195312500000000e-01 -8.4276052803033963e-10 -5.5791815611883067e-10
130 5.0585937500000000e-01 -2.8296653908910230e-10 -5.5098325901781209e-10
131 5.0976562500000000e-01 2.7682744985213503e-10 -5.4416204875451513e-10
132 5.1367187500000000e-01 8.3628037828020751e-10 -5.3722715165349655e-10
133 5.1757812500000000e-01 1.3953922461951151e-09 -5.3034909797133878e-10
134 5.2148437500000000e-01 1.9542767404345796e-09 -5.2347104428918101e-10
135 5.2539062500000000e-01 2.5124791136477143e-09 -5.1659299060702324e-10
136 5.2929687500000000e-01 3.0702267395099625e-09 -5.0982862376258709e-10
137 5.3320312500000000e-01 3.6272922443458810e-09 -5.0295057008042932e-10
138 5.3710937500000000e-01 4.1840166886686347e-09 -4.9601567297941074e-10
139 5.4101562500000000e-01 4.7394905777764507e-09 -4.8925130613497458e-10
140 5.4492187500000000e-01 5.2941686590202153e-09 -4.8243009587167762e-10
141 5.4882812500000000e-01 5.8479372455622070e-09 -4.7566572902724147e-10
142 5.5273437500000000e-01 6.4010237110778689e-09 -4.6873083192622289e-10
143 5.5664062500000000e-01 6.9525185608654283e-09 -4.6196646508178674e-10
144 5.6054687500000000e-01 7.5027628554380499e-09 -4.5520209823735058e-10
145 5.6445312500000000e-01 8.0518702816334553e-09 -4.4843773139291443e-10
146 5.6835937500000000e-01 8.5996134657762013e-09 -4.4178705138619989e-10
147 5.7226562500000000e-01 9.1458787210285664e-09 -4.3496584112290293e-10
148 5.7617187500000000e-01 9.6905523605528288e-09 -4.2831516111618839e-10
149 5.8007812500000000e-01 1.0233634384348989e-08 -4.2160763769061305e-10
150 5.8398437500000000e-01 1.0775124792417046e-08 -4.1490011426503770e-10
151 5.8789062500000000e-01 1.1314568837406114e-08 -4.0830627767718397e-10
152 5.9179687500000000e-01 1.1852307579829358e-08 -4.0165559767046943e-10
153 5.9570312500000000e-01 1.2387886272335891e-08 -3.9511860450147651e-10
154 5.9960937500000000e-01 1.2921532288601156e-08 -3.8863845475134440e-10
155 6.0351562500000000e-01 1.3453359315462876e-08 -3.8204461816349067e-10
156 6.0742187500000000e-01 1.3982798918732442e-08 -3.7545078157563694e-10
157 6.1132812500000000e-01 1.4509737411572132e-08 -3.6902747524436563e-10
158 6.1523437500000000e-01 1.5034629541332833e-08 -3.6254732549423352e-10
159 6.1914062500000000e-01 1.5556906873825938e-08 -3.5612401916296221e-10
160 6.2304687500000000e-01 1.6076683095889166e-08 -3.4970071283169091e-10
161 6.2695312500000000e-01 1.6594071894360241e-08 -3.4339109333814122e-10
162 6.3085937500000000e-01 1.7108618521888275e-08 -3.3702463042573072e-10
163 6.3476562500000000e-01 1.7620322978473268e-08 -3.3071501093218103e-10
164 6.3867187500000000e-01 1.8129298950952943e-08 -3.2446223485749215e-10
165 6.4257812500000000e-01 1.8635432752489578e-08 -3.1820945878280327e-10
166 6.4648437500000000e-01 1.9138497009407729e-08 -3.1204194783640560e-10
167 6.5039062500000000e-01 1.9638662251963979e-08 -3.0587443689000793e-10
168 6.5429687500000000e-01 2.0135530576226301e-08 -2.9976376936247107e-10
169 6.5820312500000000e-01 2.0629272512451280e-08 -2.9368152354436461e-10
170 6.6210937500000000e-01 2.1119717530382331e-08 -2.8765612114511896e-10
171 6.6601562500000000e-01 2.1606808786600595e-08 -2.8168756216473412e-10
172 6.6992187500000000e-01 2.2090603124524932e-08 -2.7569058147491887e-10
173 6.7382812500000000e-01 2.2570759483642178e-08 -2.6980728762282524e-10
174 6.7773437500000000e-01 2.3047391550790053e-08 -2.6395241548016202e-10
175 6.8164062500000000e-01 2.3520385639130836e-08 -2.5812596504692920e-10
176 6.8554687500000000e-01 2.3989741748664528e-08 -2.5235635803255718e-10
177 6.8945312500000000e-01 2.4455175662296824e-08 -2.4661517272761557e-10
178 6.9335937500000000e-01 2.4916801066865446e-08 -2.4095925255096518e-10
179 6.9726562500000000e-01 2.5374504275532672e-08 -2.3533175408374518e-10
180 7.0117187500000000e-01 2.5828228444879642e-08 -2.2973267732595559e-10
181 7.0507812500000000e-01 2.6277973574906355e-08 -2.2419044398702681e-10
182 7.0898437500000000e-01 2.6723512291937368e-08 -2.1870505406695884e-10
183 7.1289062500000000e-01 2.7164901439391542e-08 -2.1327650756575167e-10
184 7.1679687500000000e-01 2.7601970487012295e-08 -2.0787638277397491e-10
185 7.2070312500000000e-01 2.8034776278218487e-08 -2.0256152311048936e-10
186 7.2460937500000000e-01 2.8463148282753536e-08 -1.9727508515643422e-10
187 7.2851562500000000e-01 2.8886972813779721e-08 -1.9213075574953109e-10
188 7.3242187500000000e-01 2.9306477244972484e-08 -1.8692958292376716e-10
189 7.3632812500000000e-01 2.9721206828980939e-08 -1.8181367522629444e-10
190 7.4023437500000000e-01 3.0131388939480530e-08 -1.7678303265711293e-10
191 7.4414062500000000e-01 3.0536853046214674e-08 -1.7178081179736182e-10
192 7.4804687500000000e-01 3.0937599149183370e-08 -1.6683543435647152e-10
193 7.5195312500000000e-01 3.1333399874711176e-08 -1.6200374375330284e-10
194 7.5585937500000000e-01 3.1724482596473536e-08 -1.5717205315013416e-10
195 7.5976562500000000e-01 3.2110477832247852e-08 -1.5241141682054149e-10
196 7.6367187500000000e-01 3.2491527690581279e-08 -1.4772183476452483e-10
197 7.6757812500000000e-01 3.2867461641217233e-08 -1.4311751783679938e-10
198 7.7148437500000000e-01 3.3238336527574575e-08 -1.3855583347321954e-10
199 7.7539062500000000e-01 3.3604010241106153e-08 -1.3405099252850050e-10
200 7.7929687500000000e-01 3.3964425938393106e-08 -1.2961720585735748e-10
201 7.8320312500000000e-01 3.4319640462854295e-08 -1.2522605175036006e-10
202 7.8710937500000000e-01 3.4669454862523708e-08 -1.2093437362636905e-10
203 7.9101562500000000e-01 3.5013925980820204e-08 -1.1668532806652365e-10
204 7.9492187500000000e-01 3.5352854865777772e-08 -1.1254996934439987e-10
205 7.9882812500000000e-01 3.5686355204234133e-08 -1.0842882147699129e-10
206 8.0273437500000000e-01 3.6014284887642134e-08 -1.0439293873787392e-10
207 8.0664062500000000e-01 3.6336643916001776e-08 -1.0044232112704776e-10
208 8.1054687500000000e-01 3.6653403867603629e-08 -9.6534336080367211e-11
209 8.1445312500000000e-01 3.6964451055609970e-08 -9.2711616161977872e-11
210 8.1835937500000000e-01 3.7269728636601940e-08 -8.8945739662449341e-11
211 8.2226562500000000e-01 3.7569265032288968e-08 -8.5250917436496820e-11
212 8.2617187500000000e-01 3.7862918134123902e-08 -8.1641360338835511e-11
213 8.3007812500000000e-01 3.8150758996380318e-08 -7.8102857514750212e-11
214 8.3398437500000000e-01 3.8432688143075211e-08 -7.4628303536883323e-11
215 8.3789062500000000e-01 3.8708620309080288e-08 -7.1239014687307645e-11
216 8.4179687500000000e-01 3.8978569705250266e-08 -6.7920780111307977e-11
217 8.4570312500000000e-01 3.9242479488166282e-08 -6.4666494381526718e-11
218 8.4960937500000000e-01 3.9500321236118907e-08 -6.1497473780036671e-11
219 8.5351562500000000e-01 3.9752023894834565e-08 -5.8399507452122634e-11
220 8.5742187500000000e-01 3.9997587464313256e-08 -5.5372595397784607e-11
221 8.6132812500000000e-01 4.0236940890281403e-08 -5.2430948471737793e-11
222 8.6523437500000000e-01 4.0470069961884292e-08 -4.9567461246624589e-11
223 8.6914062500000000e-01 4.0696960468267207e-08 -4.6775028295087395e-11
224 8.7304687500000000e-01 4.0917555566011288e-08 -4.4053649617126212e-11
225 8.7695312500000000e-01 4.1131755779133528e-08 -4.1424641494813841e-11
226 8.8085937500000000e-01 4.1339674794471648e-08 -3.8859582218719879e-11
227 8.8476562500000000e-01 4.1541142081769067e-08 -3.6386893498274731e-11
228 8.8867187500000000e-01 4.1736207379017287e-08 -3.3985259051405592e-11
229 8.9257812500000000e-01 4.1924806737370091e-08 -3.1668889732827665e-11
230 8.9648437500000000e-01 4.2106933051400119e-08 -2.9427127401504549e-11
231 9.0039062500000000e-01 4.2282550793970586e-08 -2.7263524771115044e-11
232 9.0429687500000000e-01 4.2451631543372059e-08 -2.5178081841659150e-11
233 9.0820312500000000e-01 4.2614146877895109e-08 -2.3181456754173269e-11
234 9.1210937500000000e-01 4.2770075481257663e-08 -2.1262991367620998e-11
235 9.1601562500000000e-01 4.2919396037177648e-08 -1.9426238395681139e-11
236 9.1992187500000000e-01 4.3062073018518277e-08 -1.7669421481514291e-11
237 9.2382812500000000e-01 4.3198109977993226e-08 -1.5996093338799255e-11
238 9.2773437500000000e-01 4.3327467835752032e-08 -1.4404477610696631e-11
239 9.3164062500000000e-01 4.3450125275512619e-08 -1.2896350654045818e-11
240 9.3554687500000000e-01 4.3566085849988667e-08 -1.1466383398328617e-11
241 9.3945312500000000e-01 4.3675303373902352e-08 -1.0125233984581428e-11
242 9.4335937500000000e-01 4.3777774294539995e-08 -8.8640206286072498e-12
243 9.4726562500000000e-01 4.3873489730117399e-08 -7.6871842225045839e-12
244 9.5117187500000000e-01 4.3962421258925133e-08 -6.5920602310143295e-12
245 9.5507812500000000e-01 4.4044575986390555e-08 -5.5804250109758868e-12
246 9.5898437500000000e-01 4.4119912168127939e-08 -4.6536108300188062e-12
247 9.6289062500000000e-01 4.4188447567705680e-08 -3.8102854205135372e-12
248 9.6679687500000000e-01 4.4250156427949605e-08 -3.0508928716699302e-12
249 9.7070312500000000e-01 4.4305026758451049e-08 -2.3760993173027600e-12
250 9.7460937500000000e-01 4.4353066552815790e-08 -1.7847945343874017e-12
251 9.7851562500000000e-01 4.4394246057066766e-08 -1.2780887459484802e-12
252 9.8242187500000000e-01 4.4428577261612645e-08 -8.5575990738107066e-13
253 9.8632812500000000e-01 4.4456049619334692e-08 -5.1764148523147924e-13
254 9.9023437500000000e-01 4.4476655025604828e-08 -2.6417756870955600e-13
255 9.9414062500000000e-01 4.4490393980023413e-08 -9.5104479846952472e-14
256 9.9804687500000000e-01 2.7810593172111764e-08 -1.0567935415650709e-14
