# P x_center tau_phi tau_mu
1 9.7656250000000000e-04 -1.8119812011718750e-05 3.4342519938945770e-09
2 2.9296875000000000e-03 3.6046003515366465e-08 6.2315375544130802e-06
3 4.8828125000000000e-03 3.5964148992206901e-08 6.2175095081329346e-06
4 6.8359375000000000e-03 3.5884113458450884e-08 6.2035396695137024e-06
5 8.7890625000000000e-03 3.5804077924694866e-08 6.1896862462162971e-06
6 1.0742187500000000e-02 3.5723132896237075e-08 6.1758328229188919e-06
7 1.2695312500000000e-02 3.5644916351884604e-08 6.1623286455869675e-06
8 1.4648437500000000e-02 3.5565790312830359e-08 6.1487662605941296e-06
9 1.6601562500000000e-02 3.5487573768477887e-08 6.1351456679403782e-06
10 1.8554687500000000e-02 3.5410266718827188e-08 6.1217579059302807e-06
11 2.0507812500000000e-02 3.5335688153281808e-08 6.1085447669029236e-06
12 2.2460937500000000e-02 3.5257471608929336e-08 6.0953316278755665e-06
13 2.4414062500000000e-02 3.5181074053980410e-08 6.0821184888482094e-06
14 2.6367187500000000e-02 3.5106495488435030e-08 6.0691381804645061e-06
15 2.8320312500000000e-02 3.5032826417591423e-08 6.0564489103853703e-06
16 3.0273437500000000e-02 3.4956428862642497e-08 6.0434686020016670e-06
17 3.2226562500000000e-02 3.4882759791798890e-08 6.0306629166007042e-06
18 3.4179687500000000e-02 3.4810909710358828e-08 6.0182064771652222e-06
19 3.6132812500000000e-02 3.4739059628918767e-08 6.0055754147469997e-06
20 3.8085937500000000e-02 3.4666300052776933e-08 5.9930607676506042e-06
21 4.0039062500000000e-02 3.4594449971336871e-08 5.9807789511978626e-06
22 4.1992187500000000e-02 3.4524418879300356e-08 5.9684389270842075e-06
23 4.3945312500000000e-02 3.4452568797860295e-08 5.9562153182923794e-06
24 4.5898437500000000e-02 3.4383447200525552e-08 5.9441663324832916e-06
25 4.7851562500000000e-02 3.4313416108489037e-08 5.9321755543351173e-06
26 4.9804687500000000e-02 3.4245204005856067e-08 5.9203011915087700e-06
27 5.1757812500000000e-02 3.4175172913819551e-08 5.9084268286824226e-06
28 5.3710937500000000e-02 3.4108779800590128e-08 5.8966688811779022e-06
29 5.5664062500000000e-02 3.4041477192658931e-08 5.8850855566561222e-06
30 5.7617187500000000e-02 3.3975084079429507e-08 5.8736186474561691e-06
31 5.9570312500000000e-02 3.3906871976796538e-08 5.8619771152734756e-06
32 6.1523437500000000e-02 3.3842297852970660e-08 5.8506848290562630e-06
33 6.3476562500000000e-02 3.3776814234443009e-08 5.8392761275172234e-06
34 6.5429687500000000e-02 3.3712240110617131e-08 5.8281584642827511e-06
35 6.7382812500000000e-02 3.3649484976194799e-08 5.8172736316919327e-06
36 6.9335937500000000e-02 3.3584001357667148e-08 5.8058649301528931e-06
37 7.1289062500000000e-02 3.3521246223244816e-08 5.7951547205448151e-06
38 7.3242187500000000e-02 3.3458491088822484e-08 5.7843280956149101e-06
39 7.5195312500000000e-02 3.3395735954400152e-08 5.7735596783459187e-06
40 7.7148437500000000e-02 3.3334799809381366e-08 5.7628494687378407e-06
41 7.9101562500000000e-02 3.3272954169660807e-08 5.7523720897734165e-06
42 8.1054687500000000e-02 3.3212018024642020e-08 5.7417200878262520e-06
43 8.3007812500000000e-02 3.3152900869026780e-08 5.7314173318445683e-06
44 8.4960937500000000e-02 3.3093783713411540e-08 5.7211145758628845e-06
45 8.6914062500000000e-02 3.3033757063094527e-08 5.7108700275421143e-06
46 8.8867187500000000e-02 3.2973730412777513e-08 5.7007418945431709e-06
47 9.0820312500000000e-02 3.2917341741267592e-08 5.6906137615442276e-06
48 9.2773437500000000e-02 3.2859134080354124e-08 5.6806602515280247e-06
49 9.4726562500000000e-02 3.2801835914142430e-08 5.6708813644945621e-06
50 9.6679687500000000e-02 3.2744537747930735e-08 5.6610442698001862e-06
51 9.8632812500000000e-02 3.2689058571122587e-08 5.6512653827667236e-06
52 1.0058593750000000e-01 3.2632669899612665e-08 5.6416611187160015e-06
53 1.0253906250000000e-01 3.2578100217506289e-08 5.6321732699871063e-06
54 1.0449218750000000e-01 3.2524440030101687e-08 5.6227436289191246e-06
55 1.0644531250000000e-01 3.2468960853293538e-08 5.6134304031729698e-06
56 1.0839843750000000e-01 3.2416210160590708e-08 5.6041171774268150e-06
57 1.1035156250000000e-01 3.2362549973186105e-08 5.5948039516806602e-06
58 1.1230468750000000e-01 3.2310708775185049e-08 5.5858981795608997e-06
59 1.1425781250000000e-01 3.2257958082482219e-08 5.5767595767974854e-06
60 1.1621093750000000e-01 3.2205207389779389e-08 5.5677373893558979e-06
61 1.1816406250000000e-01 3.2155185181181878e-08 5.5590644478797913e-06
62 1.2011718750000000e-01 3.2103343983180821e-08 5.5501586757600307e-06
63 1.2207031250000000e-01 3.2054231269285083e-08 5.5416603572666645e-06
64 1.2402343750000000e-01 3.2004209060687572e-08 5.5329292081296444e-06
65 1.2597656250000000e-01 3.1956915336195379e-08 5.5245473049581051e-06
66 1.2792968750000000e-01 3.1906893127597868e-08 5.5159325711429119e-06
67 1.2988281250000000e-01 3.1858689908403903e-08 5.5077252909541130e-06
68 1.3183593750000000e-01 3.1811396183911711e-08 5.4995180107653141e-06
69 1.3378906250000000e-01 3.1762283470015973e-08 5.4911361075937748e-06
70 1.3574218750000000e-01 3.1716808734927326e-08 5.4832780733704567e-06
71 1.3769531250000000e-01 3.1670424505136907e-08 5.4749543778598309e-06
72 1.3964843750000000e-01 3.1624949770048261e-08 5.4672709666192532e-06
73 1.4160156250000000e-01 3.1579475034959614e-08 5.4592965170741081e-06
74 1.4355468750000000e-01 3.1534909794572741e-08 5.4516131058335304e-06
75 1.4550781250000000e-01 3.1489435059484094e-08 5.4439879022538662e-06
76 1.4746093750000000e-01 3.1445779313798994e-08 5.4361880756914616e-06
77 1.4941406250000000e-01 3.1403942557517439e-08 5.4289121180772781e-06
78 1.5136718750000000e-01 3.1358467822428793e-08 5.4212869144976139e-06
79 1.5332031250000000e-01 3.1316631066147238e-08 5.4140691645443439e-06
80 1.5527343750000000e-01 3.1274794309865683e-08 5.4069096222519875e-06
81 1.5722656250000000e-01 3.1232957553584129e-08 5.3995172493159771e-06
82 1.5917968750000000e-01 3.1192030292004347e-08 5.3925905376672745e-06
83 1.6113281250000000e-01 3.1152922019828111e-08 5.3855474106967449e-06
84 1.6308593750000000e-01 3.1111994758248329e-08 5.3785624913871288e-06
85 1.6503906250000000e-01 3.1071976991370320e-08 5.3716939873993397e-06
86 1.6699218750000000e-01 3.1031959224492311e-08 5.3649418987333775e-06
87 1.6894531250000000e-01 3.0993760447017848e-08 5.3583644330501556e-06
88 1.7089843750000000e-01 3.0956471164245158e-08 5.3516123443841934e-06
89 1.7285156250000000e-01 3.0918272386770695e-08 5.3451512940227985e-06
90 1.7480468750000000e-01 3.0880983103998005e-08 5.3387484513223171e-06
91 1.7675781250000000e-01 3.0843693821225315e-08 5.3322291933000088e-06
92 1.7871093750000000e-01 3.0808223527856171e-08 5.3262338042259216e-06
93 1.8066406250000000e-01 3.0772753234487027e-08 5.3198309615254402e-06
94 1.8261718750000000e-01 3.0735463951714337e-08 5.3138355724513531e-06
95 1.8457031250000000e-01 3.0703631637152284e-08 5.3077237680554390e-06
96 1.8652343750000000e-01 3.0668161343783140e-08 5.3018447943031788e-06
97 1.8847656250000000e-01 3.0633600545115769e-08 5.2958494052290916e-06
98 1.9042968750000000e-01 3.0600858735851943e-08 5.2902032621204853e-06
99 1.9238281250000000e-01 3.0566297937184572e-08 5.2843242883682251e-06
100 1.9433593750000000e-01 3.0535375117324293e-08 5.2788527682423592e-06
101 1.9628906250000000e-01 3.0502633308060467e-08 5.2732648327946663e-06
102 1.9824218750000000e-01 3.0470800993498415e-08 5.2676186896860600e-06
103 2.0019531250000000e-01 3.0439878173638135e-08 5.2624964155256748e-06
104 2.0214843750000000e-01 3.0409864848479629e-08 5.2570248953998089e-06
105 2.0410156250000000e-01 3.0378942028619349e-08 5.2517862059175968e-06
106 2.0605468750000000e-01 3.0348928703460842e-08 5.2467803470790386e-06
107 2.0800781250000000e-01 3.0319824873004109e-08 5.2415998652577400e-06
108 2.0996093750000000e-01 3.0289811547845602e-08 5.2365357987582684e-06
109 2.1191406250000000e-01 3.0264345696195960e-08 5.2318791858851910e-06
110 2.1386718750000000e-01 3.0235241865739226e-08 5.2268151193857193e-06
111 2.1582031250000000e-01 3.0206138035282493e-08 5.2222167141735554e-06
112 2.1777343750000000e-01 3.0178853194229305e-08 5.2175601013004780e-06
113 2.1972656250000000e-01 3.0153387342579663e-08 5.2129034884274006e-06
114 2.2167968750000000e-01 3.0127011996228248e-08 5.2084797061979771e-06
115 2.2363281250000000e-01 3.0101546144578606e-08 5.2039395086467266e-06
116 2.2558593750000000e-01 3.0076989787630737e-08 5.1996903494000435e-06
117 2.2753906250000000e-01 3.0051523935981095e-08 5.1953247748315334e-06
118 2.2949218750000000e-01 3.0026967579033226e-08 5.1911338232457638e-06
119 2.3144531250000000e-01 3.0003320716787130e-08 5.1871174946427345e-06
120 2.3339843750000000e-01 2.9980583349242806e-08 5.1829847507178783e-06
121 2.3535156250000000e-01 2.9957845981698483e-08 5.1790266297757626e-06
122 2.3730468750000000e-01 2.9934199119452387e-08 5.1751849241554737e-06
123 2.3925781250000000e-01 2.9913280741311610e-08 5.1714596338570118e-06
124 2.4121093750000000e-01 2.9891452868469059e-08 5.1676179282367229e-06
125 2.4316406250000000e-01 2.9869624995626509e-08 5.1641254685819149e-06
126 2.4511718750000000e-01 2.9850525606889278e-08 5.1604583859443665e-06
127 2.4707031250000000e-01 2.9829607228748500e-08 5.1569659262895584e-06
128 2.4902343750000000e-01 2.9809598345309496e-08 5.1535898819565773e-06
129 2.5097656250000000e-01 2.9790498956572264e-08 5.1502720452845097e-06
130 2.5292968750000000e-01 2.9773218557238579e-08 5.1470706239342690e-06
131 2.5488281250000000e-01 2.9754119168501347e-08 5.1438109949231148e-06
132 2.5683593750000000e-01 2.9735929274465889e-08 5.1407841965556145e-06
133 2.5878906250000000e-01 2.9717739380430430e-08 5.1376409828662872e-06
134 2.6074218750000000e-01 2.9701368475798517e-08 5.1349634304642677e-06
135 2.6269531250000000e-01 2.9684088076464832e-08 5.1318202167749405e-06
136 2.6464843750000000e-01 2.9669536161236465e-08 5.1293172873556614e-06
137 2.6660156250000000e-01 2.9653165256604552e-08 5.1264069043099880e-06
138 2.6855468750000000e-01 2.9638613341376185e-08 5.1239039748907089e-06
139 2.7050781250000000e-01 2.9624061426147819e-08 5.1214010454714298e-06
140 2.7246093750000000e-01 2.9608600016217679e-08 5.1188399083912373e-06
141 2.7441406250000000e-01 2.9596776585094631e-08 5.1165116019546986e-06
142 2.7636718750000000e-01 2.9582224669866264e-08 5.1142997108399868e-06
143 2.7832031250000000e-01 2.9570401238743216e-08 5.1119131967425346e-06
144 2.8027343750000000e-01 2.9557668312918395e-08 5.1098759286105633e-06
145 2.8222656250000000e-01 2.9544935387093574e-08 5.1077222451567650e-06
146 2.8417968750000000e-01 2.9534021450672299e-08 5.1057431846857071e-06
147 2.8613281250000000e-01 2.9524017008952796e-08 5.1038223318755627e-06
148 2.8808593750000000e-01 2.9512193577829748e-08 5.1019596867263317e-06
149 2.9003906250000000e-01 2.9501279641408473e-08 5.1002134568989277e-06
150 2.9199218750000000e-01 2.9491275199688971e-08 5.0984672270715237e-06
151 2.9394531250000000e-01 2.9483999242074788e-08 5.0970120355486870e-06
152 2.9589843750000000e-01 2.9472175810951740e-08 5.0953822210431099e-06
153 2.9785156250000000e-01 2.9463990358635783e-08 5.0940434448421001e-06
154 2.9980468750000000e-01 2.9456714401021600e-08 5.0925882533192635e-06
155 3.0175781250000000e-01 2.9449438443407416e-08 5.0913076847791672e-06
156 3.0371093750000000e-01 2.9443071980495006e-08 5.0900853238999844e-06
157 3.0566406250000000e-01 2.9436705517582595e-08 5.0890375860035419e-06
158 3.0761718750000000e-01 2.9430339054670185e-08 5.0879898481070995e-06
159 3.0957031250000000e-01 2.9425791581161320e-08 5.0868547987192869e-06
160 3.1152343750000000e-01 2.9419425118248910e-08 5.0860689952969551e-06
161 3.1347656250000000e-01 2.9413968150038272e-08 5.0852831918746233e-06
162 3.1542968750000000e-01 2.9409420676529408e-08 5.0844100769609213e-06
163 3.1738281250000000e-01 2.9407601687125862e-08 5.0838280003517866e-06
164 3.1933593750000000e-01 2.9403054213616997e-08 5.0831004045903683e-06
165 3.2128906250000000e-01 2.9400325729511678e-08 5.0826929509639740e-06
166 3.2324218750000000e-01 2.9396687750704587e-08 5.0821981858462095e-06
167 3.2519531250000000e-01 2.9394868761301041e-08 5.0818489398807287e-06
168 3.2714843750000000e-01 2.9393959266599268e-08 5.0815870054066181e-06
169 3.2910156250000000e-01 2.9392140277195722e-08 5.0813250709325075e-06
170 3.3105468750000000e-01 2.9392140277195722e-08 5.0812668632715940e-06
171 3.3300781250000000e-01 2.9390321287792176e-08 5.0811213441193104e-06
172 3.3496093750000000e-01 2.9392140277195722e-08 5.0812959671020508e-06
173 3.3691406250000000e-01 2.9391230782493949e-08 5.0812959671020508e-06
174 3.3886718750000000e-01 2.9392140277195722e-08 5.0814414862543344e-06
175 3.4082031250000000e-01 2.9395778256002814e-08 5.0817616283893585e-06
176 3.4277343750000000e-01 2.9396687750704587e-08 5.0821399781852961e-06
177 3.4472656250000000e-01 2.9398506740108132e-08 5.0824601203203201e-06
178 3.4667968750000000e-01 2.9401235224213451e-08 5.0829548854380846e-06
179 3.4863281250000000e-01 2.9404873203020543e-08 5.0835951697081327e-06
180 3.5058593750000000e-01 2.9409420676529408e-08 5.0842354539781809e-06
181 3.5253906250000000e-01 2.9413058655336499e-08 5.0848757382482290e-06
182 3.5449218750000000e-01 2.9419425118248910e-08 5.0858361646533012e-06
183 3.5644531250000000e-01 2.9422153602354228e-08 5.0864764489233494e-06
184 3.5839843750000000e-01 2.9426701075863093e-08 5.0876406021416187e-06
185 3.6035156250000000e-01 2.9433067538775504e-08 5.0885137170553207e-06
186 3.6230468750000000e-01 2.9442162485793233e-08 5.0896778702735901e-06
187 3.6425781250000000e-01 2.9447619454003870e-08 5.0910166464745998e-06
188 3.6621093750000000e-01 2.9455804906319827e-08 5.0921225920319557e-06
189 3.6816406250000000e-01 2.9463080863934010e-08 5.0935195758938789e-06
190 3.7011718750000000e-01 2.9471266316249967e-08 5.0949165597558022e-06
191 3.7207031250000000e-01 2.9479451768565923e-08 5.0965463742613792e-06
192 3.7402343750000000e-01 2.9489456210285425e-08 5.0979433581233025e-06
193 3.7597656250000000e-01 2.9499460652004927e-08 5.0997477956116199e-06
194 3.7792968750000000e-01 2.9507646104320884e-08 5.1013194024562836e-06
195 3.7988281250000000e-01 2.9519469535443932e-08 5.1032984629273415e-06
196 3.8183593750000000e-01 2.9528564482461661e-08 5.1051029004156590e-06
197 3.8378906250000000e-01 2.9540387913584709e-08 5.1070237532258034e-06
198 3.8574218750000000e-01 2.9553120839409530e-08 5.1092356443405151e-06
199 3.8769531250000000e-01 2.9565853765234351e-08 5.1112729124724865e-06
200 3.8964843750000000e-01 2.9579496185760945e-08 5.1135430112481117e-06
201 3.9160156250000000e-01 2.9592229111585766e-08 5.1156966947019100e-06
202 3.9355468750000000e-01 2.9604962037410587e-08 5.1180250011384487e-06
203 3.9550781250000000e-01 2.9619513952638954e-08 5.1205861382186413e-06
204 3.9746093750000000e-01 2.9633156373165548e-08 5.1229726523160934e-06
205 3.9941406250000000e-01 2.9647708288393915e-08 5.1256502047181129e-06
206 4.0136718750000000e-01 2.9664079193025827e-08 5.1282113417983055e-06
207 4.0332031250000000e-01 2.9680450097657740e-08 5.1310635171830654e-06
208 4.0527343750000000e-01 2.9695911507587880e-08 5.1337410695850849e-06
209 4.0722656250000000e-01 2.9713191906921566e-08 5.1368842832744122e-06
210 4.0917968750000000e-01 2.9730472306255251e-08 5.1397364586591721e-06
211 4.1113281250000000e-01 2.9747752705588937e-08 5.1427632570266724e-06
212 4.1308593750000000e-01 2.9765033104922622e-08 5.1460810936987400e-06
213 4.1503906250000000e-01 2.9784132493659854e-08 5.1492243073880672e-06
214 4.1699218750000000e-01 2.9803231882397085e-08 5.1523675210773945e-06
215 4.1894531250000000e-01 2.9823240765836090e-08 5.1559181883931160e-06
216 4.2089843750000000e-01 2.9842340154573321e-08 5.1592942327260971e-06
217 4.2285156250000000e-01 2.9865077522117645e-08 5.1628449000418186e-06
218 4.2480468750000000e-01 2.9885086405556649e-08 5.1664537750184536e-06
219 4.2675781250000000e-01 2.9906004783697426e-08 5.1700626499950886e-06
220 4.2871093750000000e-01 2.9928742151241750e-08 5.1739625632762909e-06
221 4.3066406250000000e-01 2.9950570024084300e-08 5.1777460612356663e-06
222 4.3261718750000000e-01 2.9973307391628623e-08 5.1817623898386955e-06
223 4.3457031250000000e-01 2.9996044759172946e-08 5.1856623031198978e-06
224 4.3652343750000000e-01 3.0020601116120815e-08 5.1897950470447540e-06
225 4.3847656250000000e-01 3.0044247978366911e-08 5.1939859986305237e-06
226 4.4042968750000000e-01 3.0068804335314780e-08 5.1981769502162933e-06
227 4.4238281250000000e-01 3.0093360692262650e-08 5.2026007324457169e-06
228 4.4433593750000000e-01 3.0118826543912292e-08 5.2067916840314865e-06
229 4.4628906250000000e-01 3.0145201890263706e-08 5.2114482969045639e-06
230 4.4824218750000000e-01 3.0171577236615121e-08 5.2160467021167278e-06
231 4.5019531250000000e-01 3.0197952582966536e-08 5.2205286920070648e-06
232 4.5214843750000000e-01 3.0225237424019724e-08 5.2253599278628826e-06
233 4.5410156250000000e-01 3.0252522265072912e-08 5.2300747483968735e-06
234 4.5605468750000000e-01 3.0282535590231419e-08 5.2349641919136047e-06
235 4.5800781250000000e-01 3.0309820431284606e-08 5.2400282584130764e-06
236 4.5996093750000000e-01 3.0338924261741340e-08 5.2449177019298077e-06
237 4.6191406250000000e-01 3.0369847081601620e-08 5.2501563914120197e-06
238 4.6386718750000000e-01 3.0398041417356580e-08 5.2552204579114914e-06
239 4.6582031250000000e-01 3.0429873731918633e-08 5.2605755627155304e-06
240 4.6777343750000000e-01 3.0459887057077140e-08 5.2659306675195694e-06
241 4.6972656250000000e-01 3.0490809876937419e-08 5.2714603953063488e-06
242 4.7167968750000000e-01 3.0523551686201245e-08 5.2769319154322147e-06
243 4.7363281250000000e-01 3.0555384000763297e-08 5.2825198508799076e-06
244 4.7558593750000000e-01 3.0589035304728895e-08 5.2882242016494274e-06
245 4.7753906250000000e-01 3.0620867619290948e-08 5.2939867600798607e-06
246 4.7949218750000000e-01 3.0654518923256546e-08 5.2999239414930344e-06
247 4.8144531250000000e-01 3.0690898711327463e-08 5.3056864999234676e-06
248 4.8339843750000000e-01 3.0725459509994835e-08 5.3118565119802952e-06
249 4.8535156250000000e-01 3.0760929803363979e-08 5.3178519010543823e-06
250 4.8730468750000000e-01 3.0797309591434896e-08 5.3239637054502964e-06
251 4.8925781250000000e-01 3.0832779884804040e-08 5.3302501328289509e-06
252 4.9121093750000000e-01 3.0869159672874957e-08 5.3365947678685188e-06
253 4.9316406250000000e-01 3.0905539460945874e-08 5.3430558182299137e-06
254 4.9511718750000000e-01 3.0943738238420337e-08 5.3494586609303951e-06
255 4.9707031250000000e-01 3.0981027521193027e-08 5.3560361266136169e-06
256 4.9902343750000000e-01 3.1021045288071036e-08 5.3627882152795792e-06
257 5.0097656250000000e-01 3.1058334570843726e-08 5.3694238886237144e-06
258 5.0292968750000000e-01 3.1099261832423508e-08 5.3763506002724171e-06
259 5.0488281250000000e-01 3.1139279599301517e-08 5.3832773119211197e-06
260 5.0683593750000000e-01 3.1179297366179526e-08 5.3902040235698223e-06
261 5.0878906250000000e-01 3.1219315133057535e-08 5.3973053582012653e-06
262 5.1074218750000000e-01 3.1261151889339089e-08 5.4042902775108814e-06
263 5.1269531250000000e-01 3.1303898140322417e-08 5.4117408581078053e-06
264 5.1464843750000000e-01 3.1344825401902199e-08 5.4189586080610752e-06
265 5.1660156250000000e-01 3.1387571652885526e-08 5.4262345656752586e-06
266 5.1855468750000000e-01 3.1431227398570627e-08 5.4338597692549229e-06
267 5.2050781250000000e-01 3.1475792638957500e-08 5.4413685575127602e-06
268 5.2246093750000000e-01 3.1518538889940828e-08 5.4490519687533379e-06
269 5.2441406250000000e-01 3.1564013625029474e-08 5.4568517953157425e-06
270 5.2636718750000000e-01 3.1609488360118121e-08 5.4646516218781471e-06
271 5.2832031250000000e-01 3.1654053600504994e-08 5.4723350331187248e-06
272 5.3027343750000000e-01 3.1700437830295414e-08 5.4805423133075237e-06
273 5.3222656250000000e-01 3.1745912565384060e-08 5.4885167628526688e-06
274 5.3417968750000000e-01 3.1795934773981571e-08 5.4967240430414677e-06
275 5.3613281250000000e-01 3.1842319003771991e-08 5.5047567002475262e-06
276 5.3808593750000000e-01 3.1890522222965956e-08 5.5132550187408924e-06
277 5.4003906250000000e-01 3.1939634936861694e-08 5.5216369219124317e-06
278 5.4199218750000000e-01 3.1988747650757432e-08 5.5299606174230576e-06
279 5.4394531250000000e-01 3.2038769859354943e-08 5.5386917665600777e-06
280 5.4589843750000000e-01 3.2086973078548908e-08 5.5471900850534439e-06
281 5.4785156250000000e-01 3.2139723771251738e-08 5.5561540648341179e-06
282 5.4980468750000000e-01 3.2188836485147476e-08 5.5648852139711380e-06
283 5.5175781250000000e-01 3.2239768188446760e-08 5.5736745707690716e-06
284 5.5371093750000000e-01 3.2292518881149590e-08 5.5828713811933994e-06
285 5.5566406250000000e-01 3.2344360079150647e-08 5.5918353609740734e-06
286 5.5761718750000000e-01 3.2399839255958796e-08 5.6010321713984013e-06
287 5.5957031250000000e-01 3.2451680453959852e-08 5.6102871894836426e-06
288 5.6152343750000000e-01 3.2507159630768001e-08 5.6196586228907108e-06
289 5.6347656250000000e-01 3.2560819818172604e-08 5.6289136409759521e-06
290 5.6542968750000000e-01 3.2616298994980752e-08 5.6387507356703281e-06
291 5.6738281250000000e-01 3.2669959182385355e-08 5.6480057537555695e-06
292 5.6933593750000000e-01 3.2727257348597050e-08 5.6579010561108589e-06
293 5.7128906250000000e-01 3.2782736525405198e-08 5.6675053201615810e-06
294 5.7324218750000000e-01 3.2839125196915120e-08 5.6774588301777840e-06
295 5.7519531250000000e-01 3.2898242352530360e-08 5.6871795095503330e-06
296 5.7714843750000000e-01 3.2955540518742055e-08 5.6974822655320168e-06
297 5.7910156250000000e-01 3.3014657674357295e-08 5.7073775678873062e-06
298 5.8105468750000000e-01 3.3073774829972535e-08 5.7176221162080765e-06
299 5.8300781250000000e-01 3.3132891985587776e-08 5.7279830798506737e-06
300 5.8496093750000000e-01 3.3190190151799470e-08 5.7382276281714439e-06
301 5.8691406250000000e-01 3.3252945286221802e-08 5.7488214224576950e-06
302 5.8886718750000000e-01 3.3313881431240588e-08 5.7593570090830326e-06
303 5.9082031250000000e-01 3.3374817576259375e-08 5.7700090110301971e-06
304 5.9277343750000000e-01 3.3437572710681707e-08 5.7806610129773617e-06
305 5.9472656250000000e-01 3.3500327845104039e-08 5.7916622608900070e-06
306 5.9667968750000000e-01 3.3562173484824598e-08 5.8023724704980850e-06
307 5.9863281250000000e-01 3.3626747608650476e-08 5.8133155107498169e-06
308 6.0058593750000000e-01 3.3690412237774581e-08 5.8244913816452026e-06
309 6.0253906250000000e-01 3.3756805351004004e-08 5.8356672525405884e-06
310 6.0449218750000000e-01 3.3821379474829882e-08 5.8469595387578011e-06
311 6.0644531250000000e-01 3.3885044103953987e-08 5.8581936173141003e-06
312 6.0839843750000000e-01 3.3952346711885184e-08 5.8696023188531399e-06
313 6.1035156250000000e-01 3.4017830330412835e-08 5.8811274357140064e-06
314 6.1230468750000000e-01 3.4085132938344032e-08 5.8928853832185268e-06
315 6.1425781250000000e-01 3.4152435546275228e-08 5.9044105000793934e-06
316 6.1621093750000000e-01 3.4220647648908198e-08 5.9162848629057407e-06
317 6.1816406250000000e-01 3.4291588235646486e-08 5.9283920563757420e-06
318 6.2011718750000000e-01 3.4358890843577683e-08 5.9399753808975220e-06
319 6.2207031250000000e-01 3.4430740925017744e-08 5.9523154050111771e-06
320 6.2402343750000000e-01 3.4499862522352487e-08 5.9643061831593513e-06
321 6.2597656250000000e-01 3.4571712603792548e-08 5.9766462072730064e-06
322 6.2792968750000000e-01 3.4642653190530837e-08 5.9889862313866615e-06
323 6.2988281250000000e-01 3.4714503271970898e-08 6.0013844631612301e-06
324 6.3183593750000000e-01 3.4786353353410959e-08 6.0138991102576256e-06
325 6.3378906250000000e-01 3.4858203434851021e-08 6.0264719650149345e-06
326 6.3574218750000000e-01 3.4931872505694628e-08 6.0392776504158974e-06
327 6.3769531250000000e-01 3.5006451071240008e-08 6.0520251281559467e-06
328 6.3964843750000000e-01 3.5081029636785388e-08 6.0648890212178230e-06
329 6.4160156250000000e-01 3.5158336686436087e-08 6.0779275372624397e-06
330 6.4355468750000000e-01 3.5231096262577921e-08 6.0908496379852295e-06
331 6.4550781250000000e-01 3.5308403312228620e-08 6.1041791923344135e-06
332 6.4746093750000000e-01 3.5385710361879319e-08 6.1174505390226841e-06
333 6.4941406250000000e-01 3.5462107916828245e-08 6.1307800933718681e-06
334 6.5136718750000000e-01 3.5540324461180717e-08 6.1441678553819656e-06
335 6.5332031250000000e-01 3.5617631510831416e-08 6.1577302403748035e-06
336 6.5527343750000000e-01 3.5698576539289206e-08 6.1714672483503819e-06
337 6.5722656250000000e-01 3.5777702578343451e-08 6.1850878410041332e-06
338 6.5917968750000000e-01 3.5856828617397696e-08 6.1988248489797115e-06
339 6.6113281250000000e-01 3.5938683140557259e-08 6.2129111029207706e-06
340 6.6308593750000000e-01 3.6018718674313277e-08 6.2268227338790894e-06
341 6.6503906250000000e-01 3.6099663702771068e-08 6.2409671954810619e-06
342 6.6699218750000000e-01 3.6182427720632404e-08 6.2550534494221210e-06
343 6.6894531250000000e-01 3.6266101233195513e-08 6.2694889493286610e-06
344 6.7089843750000000e-01 3.6347955756355077e-08 6.2838662415742874e-06
345 6.7285156250000000e-01 3.6430719774216413e-08 6.2981853261590004e-06
346 6.7480468750000000e-01 3.6516212276183069e-08 6.3129700720310211e-06
347 6.7675781250000000e-01 3.6600795283447951e-08 6.3275801949203014e-06
348 6.7871093750000000e-01 3.6687197280116379e-08 6.3424813561141491e-06
349 6.8066406250000000e-01 3.6772689782083035e-08 6.3572078943252563e-06
350 6.8261718750000000e-01 3.6858182284049690e-08 6.3722254708409309e-06
351 6.8457031250000000e-01 3.6945493775419891e-08 6.3873012550175190e-06
352 6.8652343750000000e-01 3.7033714761491865e-08 6.4024934545159340e-06
353 6.8847656250000000e-01 3.7121935747563839e-08 6.4178020693361759e-06
354 6.9042968750000000e-01 3.7211975723039359e-08 6.4329942688345909e-06
355 6.9238281250000000e-01 3.7300196709111333e-08 6.4485939219594002e-06
356 6.9433593750000000e-01 3.7392055673990399e-08 6.4641353674232960e-06
357 6.9628906250000000e-01 3.7482095649465919e-08 6.4798514358699322e-06
358 6.9824218750000000e-01 3.7573045119643211e-08 6.4954510889947414e-06
359 7.0019531250000000e-01 3.7664904084522277e-08 6.5113417804241180e-06
360 7.0214843750000000e-01 3.7754944059997797e-08 6.5271742641925812e-06
361 7.0410156250000000e-01 3.7848622014280409e-08 6.5435306169092655e-06
362 7.0605468750000000e-01 3.7941390473861247e-08 6.5594795159995556e-06
363 7.0800781250000000e-01 3.8037796912249178e-08 6.5758358687162399e-06
364 7.0996093750000000e-01 3.8130565371830016e-08 6.5921340137720108e-06
365 7.1191406250000000e-01 3.8225152820814401e-08 6.6086649894714355e-06
366 7.1386718750000000e-01 3.8321559259202331e-08 6.6251959651708603e-06
367 7.1582031250000000e-01 3.8418875192292035e-08 6.6417851485311985e-06
368 7.1777343750000000e-01 3.8516191125381738e-08 6.6586653701961040e-06
369 7.1972656250000000e-01 3.8612597563769668e-08 6.6754291765391827e-06
370 7.2167968750000000e-01 3.8710822991561145e-08 6.6924840211868286e-06
371 7.2363281250000000e-01 3.8809048419352621e-08 6.7094224505126476e-06
372 7.2558593750000000e-01 3.8910002331249416e-08 6.7267101258039474e-06
373 7.2753906250000000e-01 3.9008227759040892e-08 6.7439395934343338e-06
374 7.2949218750000000e-01 3.9111000660341233e-08 6.7612272687256336e-06
375 7.3144531250000000e-01 3.9211954572238028e-08 6.7788059823215008e-06
376 7.3339843750000000e-01 3.9311998989433050e-08 6.7961518652737141e-06
377 7.3535156250000000e-01 3.9414771890733391e-08 6.8140798248350620e-06
378 7.3730468750000000e-01 3.9517544792033732e-08 6.8318331614136696e-06
379 7.3925781250000000e-01 3.9619408198632300e-08 6.8495864979922771e-06
380 7.4121093750000000e-01 3.9727638068143278e-08 6.8677472881972790e-06
381 7.4316406250000000e-01 3.9829501474741846e-08 6.8858498707413673e-06
382 7.4511718750000000e-01 3.9936821849551052e-08 6.9039524532854557e-06
383 7.4707031250000000e-01 4.0044142224360257e-08 6.9223460741341114e-06
384 7.4902343750000000e-01 4.0146915125660598e-08 6.9406814873218536e-06
385 7.5097656250000000e-01 4.0255144995171577e-08 6.9592497311532497e-06
386 7.5292968750000000e-01 4.0363374864682555e-08 6.9778761826455593e-06
387 7.5488281250000000e-01 4.0471604734193534e-08 6.9966190494596958e-06
388 7.5683593750000000e-01 4.0580744098406285e-08 7.0154201239347458e-06
389 7.5878906250000000e-01 4.0688973967917264e-08 7.0344540290534496e-06
390 7.6074218750000000e-01 4.0799022826831788e-08 7.0535461418330669e-06
391 7.6269531250000000e-01 4.0910890675149858e-08 7.0726382546126842e-06
392 7.6464843750000000e-01 4.1021849028766155e-08 7.0917885750532150e-06
393 7.6660156250000000e-01 4.1134626371785998e-08 7.1112881414592266e-06
394 7.6855468750000000e-01 4.1247403714805841e-08 7.1306712925434113e-06
395 7.7050781250000000e-01 4.1359271563123912e-08 7.1504036895930767e-06
396 7.7246093750000000e-01 4.1476596379652619e-08 7.1700778789818287e-06
397 7.7441406250000000e-01 4.1590283217374235e-08 7.1899266913533211e-06
398 7.7636718750000000e-01 4.1704879549797624e-08 7.2096590884029865e-06
399 7.7832031250000000e-01 4.1820385376922786e-08 7.2299153544008732e-06
400 7.8027343750000000e-01 4.1936800698749721e-08 7.2498805820941925e-06
401 7.8222656250000000e-01 4.2055035009980202e-08 7.2702532634139061e-06
402 7.8417968750000000e-01 4.2171450331807137e-08 7.2906259447336197e-06
403 7.8613281250000000e-01 4.2289684643037617e-08 7.3110568337142467e-06
404 7.8808593750000000e-01 4.2408828448969871e-08 7.3316623456776142e-06
405 7.9003906250000000e-01 4.2527972254902124e-08 7.3523260653018951e-06
406 7.9199218750000000e-01 4.2648025555536151e-08 7.3731644079089165e-06
407 7.9394531250000000e-01 4.2769897845573723e-08 7.3942355811595917e-06
408 7.9589843750000000e-01 4.2892679630313069e-08 7.4151321314275265e-06
409 7.9785156250000000e-01 4.3014551920350641e-08 7.4363197200000286e-06
410 7.9980468750000000e-01 4.3136424210388213e-08 7.4575655162334442e-06
411 8.0175781250000000e-01 4.3261024984531105e-08 7.4789859354496002e-06
412 8.0371093750000000e-01 4.3386535253375769e-08 7.5006391853094101e-06
413 8.0566406250000000e-01 4.3508407543413341e-08 7.5218849815428257e-06
414 8.0761718750000000e-01 4.3635736801661551e-08 7.5438292697072029e-06
415 8.0957031250000000e-01 4.3763066059909761e-08 7.5655989348888397e-06
416 8.1152343750000000e-01 4.3888576328754425e-08 7.5875432230532169e-06
417 8.1347656250000000e-01 4.4017724576406181e-08 7.6097203418612480e-06
418 8.1542968750000000e-01 4.4145053834654391e-08 7.6318974606692791e-06
419 8.1738281250000000e-01 4.4275111577007920e-08 7.6540745794773102e-06
420 8.1933593750000000e-01 4.4404259824659675e-08 7.6766009442508221e-06
421 8.2128906250000000e-01 4.4536136556416750e-08 7.6989526860415936e-06
422 8.2324218750000000e-01 4.4665284804068506e-08 7.7217700891196728e-06
423 8.2519531250000000e-01 4.4795342546422035e-08 7.7444710768759251e-06
424 8.2714843750000000e-01 4.4929947762284428e-08 7.7674048952758312e-06
425 8.2910156250000000e-01 4.5060914999339730e-08 7.7903969213366508e-06
426 8.3105468750000000e-01 4.5194610720500350e-08 7.8135053627192974e-06
427 8.3300781250000000e-01 4.5331034925766289e-08 7.8369630500674248e-06
428 8.3496093750000000e-01 4.5464730646926910e-08 7.8600714914500713e-06
429 8.3691406250000000e-01 4.5602064346894622e-08 7.8835873864591122e-06
430 8.3886718750000000e-01 4.5735760068055242e-08 7.9073361121118069e-06
431 8.4082031250000000e-01 4.5874003262724727e-08 7.9308520071208477e-06
432 8.4277343750000000e-01 4.6014065446797758e-08 7.9549499787390232e-06
433 8.4472656250000000e-01 4.6153218136169016e-08 7.9787569120526314e-06
434 8.4667968750000000e-01 4.6292370825540274e-08 8.0028548836708069e-06
435 8.4863281250000000e-01 4.6429704525507987e-08 8.0271274782717228e-06
436 8.5058593750000000e-01 4.6572495193686336e-08 8.0515164881944656e-06
437 8.5253906250000000e-01 4.6714376367162913e-08 8.0759054981172085e-06
438 8.5449218750000000e-01 4.6856257540639490e-08 8.1003527157008648e-06
439 8.5644531250000000e-01 4.6999957703519613e-08 8.1253238022327423e-06
440 8.5839843750000000e-01 4.7142748371697962e-08 8.1500038504600525e-06
441 8.6035156250000000e-01 4.7287358029279858e-08 8.1748585216701031e-06
442 8.6230468750000000e-01 4.7433786676265299e-08 8.2000624388456345e-06
443 8.6425781250000000e-01 4.7576577344443649e-08 8.2252663560211658e-06
444 8.6621093750000000e-01 4.7723915486130863e-08 8.2505866885185242e-06
445 8.6816406250000000e-01 4.7873072617221624e-08 8.2760816439986229e-06
446 8.7011718750000000e-01 4.8019501264207065e-08 8.3016348071396351e-06
447 8.7207031250000000e-01 4.8166839405894279e-08 8.3271879702806473e-06
448 8.7402343750000000e-01 4.8317815526388586e-08 8.3532067947089672e-06
449 8.7597656250000000e-01 4.8466972657479346e-08 8.3792256191372871e-06
450 8.7792968750000000e-01 4.8617948777973652e-08 8.4051280282437801e-06
451 8.7988281250000000e-01 4.8768924898467958e-08 8.4313214756548405e-06
452 8.8183593750000000e-01 4.8921720008365810e-08 8.4578641690313816e-06
453 8.8378906250000000e-01 4.9074515118263662e-08 8.4841740317642689e-06
454 8.8574218750000000e-01 4.9230948206968606e-08 8.5108913481235504e-06
455 8.8769531250000000e-01 4.9385562306270003e-08 8.5376668721437454e-06
456 8.8964843750000000e-01 4.9540176405571401e-08 8.5643841885030270e-06
457 8.9160156250000000e-01 4.9696609494276345e-08 8.5913925431668758e-06
458 8.9355468750000000e-01 4.9853042582981288e-08 8.6186919361352921e-06
459 8.9550781250000000e-01 5.0009475671686232e-08 8.6457002907991409e-06
460 8.9746093750000000e-01 5.0169546739198267e-08 8.6732325144112110e-06
461 8.9941406250000000e-01 5.0327798817306757e-08 8.7008229456841946e-06
462 9.0136718750000000e-01 5.0487869884818792e-08 8.7284133769571781e-06
463 9.0332031250000000e-01 5.0649759941734374e-08 8.7561784312129021e-06
464 9.0527343750000000e-01 5.0809831009246409e-08 8.7840599007904530e-06
465 9.0722656250000000e-01 5.0971721066161990e-08 8.8122324086725712e-06
466 9.0917968750000000e-01 5.1131792133674026e-08 8.8402302935719490e-06
467 9.1113281250000000e-01 5.1300958148203790e-08 8.8688102550804615e-06
468 9.1308593750000000e-01 5.1464667194522917e-08 8.8970409706234932e-06
469 9.1503906250000000e-01 5.1632014219649136e-08 8.9257955551147461e-06
470 9.1699218750000000e-01 5.1793904276564717e-08 8.9543755166232586e-06
471 9.1894531250000000e-01 5.1963070291094482e-08 8.9833629317581654e-06
472 9.2089843750000000e-01 5.2128598326817155e-08 9.0124085545539856e-06
473 9.2285156250000000e-01 5.2299583330750465e-08 9.0414541773498058e-06
474 9.2480468750000000e-01 5.2468749345280230e-08 9.0708490461111069e-06
475 9.2675781250000000e-01 5.2637915359809995e-08 9.1001857072114944e-06
476 9.2871093750000000e-01 5.2810719353146851e-08 9.1296969912946224e-06
477 9.3066406250000000e-01 5.2983523346483707e-08 9.1594993136823177e-06
478 9.3261718750000000e-01 5.3154508350417018e-08 9.1892434284090996e-06
479 9.3457031250000000e-01 5.3330950322560966e-08 9.2191621661186218e-06
480 9.3652343750000000e-01 5.3501935326494277e-08 9.2495465651154518e-06
481 9.3847656250000000e-01 5.3678377298638225e-08 9.2796981334686279e-06
482 9.4042968750000000e-01 5.3854819270782173e-08 9.3099661171436310e-06
483 9.4238281250000000e-01 5.4031261242926121e-08 9.3406997621059418e-06
484 9.4433593750000000e-01 5.4205884225666523e-08 9.3712005764245987e-06
485 9.4628906250000000e-01 5.4385964176617563e-08 9.4021670520305634e-06
486 9.4824218750000000e-01 5.4564225138165057e-08 9.4330753199756145e-06
487 9.5019531250000000e-01 5.4746124078519642e-08 9.4642164185643196e-06
488 9.5214843750000000e-01 5.4924385040067136e-08 9.4954157248139381e-06
489 9.5410156250000000e-01 5.5106283980421722e-08 9.5268478617072105e-06
490 9.5605468750000000e-01 5.5290001910179853e-08 9.5585710369050503e-06
491 9.5800781250000000e-01 5.5471900850534439e-08 9.5900613814592361e-06
492 9.5996093750000000e-01 5.5657437769696116e-08 9.6220755949616432e-06
493 9.6191406250000000e-01 5.5841155699454248e-08 9.6538569778203964e-06
494 9.6386718750000000e-01 5.6028511608019471e-08 9.6862204372882843e-06
495 9.6582031250000000e-01 5.6214048527181149e-08 9.7183510661125183e-06
496 9.6777343750000000e-01 5.6403223425149918e-08 9.7507727332413197e-06
497 9.6972656250000000e-01 5.6592398323118687e-08 9.7834854386746883e-06
498 9.7167968750000000e-01 5.6777935242280364e-08 9.8159653134644032e-06
499 9.7363281250000000e-01 5.6972567108459771e-08 9.8490854725241661e-06
500 9.7558593750000000e-01 5.7163560995832086e-08 9.8820892162621021e-06
501 9.7753906250000000e-01 5.7354554883204401e-08 9.9152675829827785e-06
502 9.7949218750000000e-01 5.7547367759980261e-08 9.9485041573643684e-06
503 9.8144531250000000e-01 5.7740180636756122e-08 9.9820899777114391e-06
504 9.8339843750000000e-01 5.7934812502935529e-08 1.0015675798058510e-05
505 9.8535156250000000e-01 5.8129444369114935e-08 1.0049494449049234e-05
506 9.8730468750000000e-01 5.8325895224697888e-08 1.0083487723022699e-05
507 9.8925781250000000e-01 5.8524165069684386e-08 1.0117539204657078e-05
508 9.9121093750000000e-01 5.8720615925267339e-08 1.0151765309274197e-05
509 9.9316406250000000e-01 5.8918885770253837e-08 1.0186107829213142e-05
510 9.9511718750000000e-01 5.9118974604643881e-08 1.0220799595117569e-05
511 9.9707031250000000e-01 5.9320882428437471e-08 1.0255607776343822e-05
512 9.9902343750000000e-01 -4.5776367187500000e-05 8.4983184933662415e-09
