# P x_center tau_phi tau_mu
1 3.9062500000000000e-03 -2.8510391712188721e-04 2.2228414309211075e-07
2 1.1718750000000000e-02 2.2838114546175348e-06 9.8706055723596364e-05
3 1.9531250000000000e-02 2.2638528207608033e-06 9.7843450930668041e-05
4 2.7343750000000000e-02 2.2444473870564252e-06 9.7004733106587082e-05
5 3.5156250000000000e-02 2.2255894691625144e-06 9.6189691248582676e-05
6 4.2968750000000000e-02 2.2072749743529130e-06 9.5398154371650890e-05
7 5.0781250000000000e-02 2.1894993551541120e-06 9.4629882369190454e-05
8 5.8593750000000000e-02 2.1722580640926026e-06 9.3884729722049087e-05
9 6.6406250000000000e-02 2.1555476905632531e-06 9.3162507255328819e-05
10 7.4218750000000000e-02 2.1393630049715284e-06 9.2463007604237646e-05
11 8.2031250000000000e-02 2.1237010514596477e-06 9.1786099801538512e-05
12 8.9843750000000000e-02 2.1085572825541021e-06 9.1131591034354642e-05
13 9.7656250000000000e-02 2.0939285150234355e-06 9.0499339421512559e-05
14 1.0546875000000000e-01 2.0798111108888406e-06 8.9889181253965944e-05
15 1.1328125000000000e-01 2.0662016595451860e-06 8.9300956460647285e-05
16 1.2109375000000000e-01 2.0530956135189626e-06 8.8734552264213562e-05
17 1.2890625000000000e-01 2.0404916085681180e-06 8.8189794041682035e-05
18 1.3671875000000000e-01 2.0283860067138448e-06 8.7666587205603719e-05
19 1.4453125000000000e-01 2.0167753973510116e-06 8.7164771684911102e-05
20 1.5234375000000000e-01 2.0056565972481621e-06 8.6684231064282358e-05
21 1.6015625000000000e-01 1.9950280147895683e-06 8.6224874394247308e-05
22 1.6796875000000000e-01 1.9848862393700983e-06 8.5786552517674863e-05
23 1.7578125000000000e-01 1.9752294520003488e-06 8.5369174485094845e-05
24 1.8359375000000000e-01 1.9660546968225390e-06 8.4972642071079463e-05
25 1.9140625000000000e-01 1.9573601548472652e-06 8.4596867964137346e-05
26 1.9921875000000000e-01 1.9491435523377731e-06 8.4241728472989053e-05
27 2.0703125000000000e-01 1.9414023881836329e-06 8.3907169027952477e-05
28 2.1484375000000000e-01 1.9341350707691163e-06 8.3593087765621021e-05
29 2.2265625000000000e-01 1.9273404632258462e-06 8.3299415564397350e-05
30 2.3046875000000000e-01 1.9210162918170681e-06 8.3026083302684128e-05
31 2.3828125000000000e-01 1.9151609649270540e-06 8.2773029134841636e-05
32 2.4609375000000000e-01 1.9097731183137512e-06 8.2540169387357309e-05
33 2.5390625000000000e-01 1.9048522972298088e-06 8.2327474956400692e-05
34 2.6171875000000000e-01 1.9003955458174460e-06 8.2134865806438029e-05
35 2.6953125000000000e-01 1.8964035461976891e-06 8.1962323747575283e-05
36 2.7734375000000000e-01 1.8928742520074593e-06 8.1809786934172735e-05
37 2.8515625000000000e-01 1.8898065263783792e-06 8.1677211710484698e-05
38 2.9296875000000000e-01 1.8872012788051507e-06 8.1564605352468789e-05
39 3.0078125000000000e-01 1.8850557808036683e-06 8.1471887824591249e-05
40 3.0859375000000000e-01 1.8833711692423094e-06 8.1399073678767309e-05
41 3.1640625000000000e-01 1.8821463072526967e-06 8.1346122897230089e-05
42 3.2421875000000000e-01 1.8813807400874794e-06 8.1313039117958397e-05
43 3.3203125000000000e-01 1.8810746951203328e-06 8.1299811427015811e-05
44 3.3984375000000000e-01 1.8812272628565552e-06 8.1306416177540086e-05
45 3.4765625000000000e-01 1.8818400349118747e-06 8.1332887930329889e-05
46 3.5546875000000000e-01 1.8829116470442386e-06 8.1379217590438202e-05
47 3.6328125000000000e-01 1.8844432361220242e-06 8.1445410614833236e-05
48 3.7109375000000000e-01 1.8864348021452315e-06 8.1531474279472604e-05
49 3.7890625000000000e-01 1.8888870272348868e-06 8.1637463154038414e-05
50 3.8671875000000000e-01 1.8918003661383409e-06 8.1763384514488280e-05
51 3.9453125000000000e-01 1.8951755009766202e-06 8.1909252912737429e-05
52 4.0234375000000000e-01 1.8990137959917774e-06 8.2075137470383197e-05
53 4.1015625000000000e-01 1.9033147964364616e-06 8.2261034549446777e-05
54 4.1796875000000000e-01 1.9080812307947781e-06 8.2467031461419538e-05
55 4.2578125000000000e-01 1.9133133264404023e-06 8.2693168224068359e-05
56 4.3359375000000000e-01 1.9190124476153869e-06 8.2939481217181310e-05
57 4.4140625000000000e-01 1.9251804133091355e-06 8.3206054114270955e-05
58 4.4921875000000000e-01 1.9318181330163497e-06 8.3492937847040594e-05
59 4.5703125000000000e-01 1.9389271983527578e-06 8.3800201537087560e-05
60 4.6484375000000000e-01 1.9465103378024651e-06 8.4127932495903224e-05
61 4.7265625000000000e-01 1.9545682334864978e-06 8.4476192569127306e-05
62 4.8046875000000000e-01 1.9631036138889613e-06 8.4845087258145213e-05
63 4.8828125000000000e-01 1.9721180706255836e-06 8.5234692960511893e-05
64 4.9609375000000000e-01 1.9816138774331193e-06 8.5645104263676330e-05
65 5.0390625000000000e-01 1.9915937627956737e-06 8.6076430307002738e-05
66 5.1171875000000000e-01 2.0020595457026502e-06 8.6528769315918908e-05
67 5.1953125000000000e-01 2.0130144093855051e-06 8.7002234067767859e-05
68 5.2734375000000000e-01 2.0244606275809929e-06 8.7496937339892611e-05
69 5.3515625000000000e-01 2.0364009287732188e-06 8.8013006461551413e-05
70 5.4296875000000000e-01 2.0488389509409899e-06 8.8550568762002513e-05
71 5.5078125000000000e-01 2.0617769678210607e-06 8.9109744294546545e-05
72 5.5859375000000000e-01 2.0752181626448873e-06 8.9690664026420563e-05
73 5.6640625000000000e-01 2.0891659460176015e-06 9.0293506218586117e-05
74 5.7421875000000000e-01 2.1036241832916858e-06 9.0918380010407418e-05
75 5.8203125000000000e-01 2.1185953755775699e-06 9.1565441834973171e-05
76 5.8984375000000000e-01 2.1340845250961138e-06 9.2234873591223732e-05
77 5.9765625000000000e-01 2.1500945877050981e-06 9.2926813522353768e-05
78 6.0546875000000000e-01 2.1666294287570054e-06 9.3641454441240057e-05
79 6.1328125000000000e-01 2.1836931409779936e-06 9.4378949142992496e-05
80 6.2109375000000000e-01 2.2012902718415717e-06 9.5139479526551440e-05
81 6.2890625000000000e-01 2.2194242319528712e-06 9.5923249318730086e-05
82 6.3671875000000000e-01 2.2381004782801028e-06 9.6730433142511174e-05
83 6.4453125000000000e-01 2.2573235582967754e-06 9.7561231086729094e-05
84 6.5234375000000000e-01 2.2770968826080207e-06 9.8415854154154658e-05
85 6.6015625000000000e-01 2.2974270450504264e-06 9.9294509709579870e-05
86 6.6796875000000000e-01 2.3183174562291242e-06 1.0019739784183912e-04
87 6.7578125000000000e-01 2.3397740278596757e-06 1.0112473682966083e-04
88 6.8359375000000000e-01 2.3618019895366160e-06 1.0207678496954031e-04
89 6.9140625000000000e-01 2.3844061161071295e-06 1.0305375326424837e-04
90 6.9921875000000000e-01 2.4075930014078040e-06 1.0405587454442866e-04
91 7.0703125000000000e-01 2.4313674202858238e-06 1.0508339983061887e-04
92 7.1484375000000000e-01 2.4557352844567504e-06 1.0613658014335670e-04
93 7.2265625000000000e-01 2.4807031877571717e-06 1.0721569196903147e-04
94 7.3046875000000000e-01 2.5062763597816229e-06 1.0832094994839281e-04
95 7.3828125000000000e-01 2.5324616217403673e-06 1.0945267058559693e-04
96 7.4609375000000000e-01 2.5592648853489663e-06 1.1061111217713915e-04
97 7.5390625000000000e-01 2.5866934265650343e-06 1.1179656576132402e-04
98 7.6171875000000000e-01 2.6147527023567818e-06 1.1300930418656208e-04
99 7.6953125000000000e-01 2.6434513529238757e-06 1.1424962940509431e-04
100 7.7734375000000000e-01 2.6727948352345265e-06 1.1551786155905575e-04
101 7.8515625000000000e-01 2.7027906526200240e-06 1.1681428441079333e-04
102 7.9296875000000000e-01 2.7334469905326841e-06 1.1813923993031494e-04
103 8.0078125000000000e-01 2.7647706701827701e-06 1.1949303006986156e-04
104 8.0859375000000000e-01 2.7967682854068698e-06 1.2087599679944105e-04
105 8.1640625000000000e-01 2.8294500680203782e-06 1.2228846753714606e-04
106 8.2421875000000000e-01 2.8628214749915060e-06 1.2373080608085729e-04
107 8.3203125000000000e-01 2.8968929655093234e-06 1.2520334348664619e-04
108 8.3984375000000000e-01 2.9316709060367430e-06 1.2670645810430869e-04
109 8.4765625000000000e-01 2.9671646188944578e-06 1.2824050281778909e-04
110 8.5546875000000000e-01 3.0033831990294857e-06 1.2980584506294690e-04
111 8.6328125000000000e-01 3.0403348318941426e-06 1.3140290320734493e-04
112 8.7109375000000000e-01 3.0780286124354461e-06 1.3303202649694867e-04
113 8.7890625000000000e-01 3.1164740903477650e-06 1.3469362238538451e-04
114 8.8671875000000000e-01 3.1556805879517924e-06 1.3638811651617289e-04
115 8.9453125000000000e-01 3.1956574275682215e-06 1.3811590906698257e-04
116 9.0234375000000000e-01 3.2364141588914208e-06 1.3987741112941876e-04
117 9.1015625000000000e-01 3.2779612411104608e-06 1.4167307745083235e-04
118 9.1796875000000000e-01 3.3203091334144119e-06 1.4350332276080735e-04
119 9.2578125000000000e-01 3.3634660212555900e-06 1.4536860908265226e-04
120 9.3359375000000000e-01 3.4074450923071709e-06 1.4726939116371796e-04
121 9.4140625000000000e-01 3.4522568057582248e-06 1.4920611283741891e-04
122 9.4921875000000000e-01 3.4979102565557696e-06 1.5117927614483051e-04
123 9.5703125000000000e-01 3.5444186323729809e-06 1.5318933947128244e-04
124 9.6484375000000000e-01 3.5917919376515783e-06 1.5523680849582888e-04
125 9.7265625000000000e-01 3.6400419958226848e-06 1.5732217434560880e-04
126 9.8046875000000000e-01 3.6891810850647744e-06 1.5944596088957042e-04
127 9.8828125000000000e-01 3.7392210288089700e-06 1.6160866653081030e-04
128 9.9609375000000000e-01 -7.0694088935852051e-04 5.5151758715510368e-07
