# P x phi_num phi_exact phi_err mu_num mu_exact mu_err
1 1.9531250000000000e-03 5.0880915615229727e-01 1.2265563913654753e+00 -7.1774723521317807e-01 -1.7432310192334062e+04 -3.6796691740964258e+00 -1.7428630523159965e+04
2 5.8593750000000000e-03 -6.3394984473693045e-02 1.2210340400961792e+00 -1.2844290245698722e+00 -4.1722098849819020e+04 -3.6631021202885377e+00 -4.1718435747698728e+04
3 9.7656250000000000e-03 9.2562016397005481e-03 1.2155862152093666e+00 -1.2063300135696660e+00 -1.0596052999154757e+04 -3.6467586456280996e+00 -1.0592406240509130e+04
4 1.3671875000000000e-02 2.7101003824562275e-01 1.2102125841945028e+00 -9.3920254594888009e-01 1.7314875355529053e+04 -3.6306377525835085e+00 1.7318505993281637e+04
5 1.7578125000000000e-02 3.1482820385154575e-01 1.2049128190695118e+00 -8.9008461521796600e-01 1.8331675673343325e+04 -3.6147384572085350e+00 1.8335290411800532e+04
6 2.1484375000000000e-02 4.1351013658763362e-02 1.1996865963607546e+00 -1.1583355827019912e+00 -4.0351338365517627e+03 -3.5990597890822640e+00 -4.0315347767626804e+03
7 2.5390625000000000e-02 -1.2319421558257164e-01 1.1945335970832902e+00 -1.3177278126658618e+00 -1.3492780512118656e+04 -3.5836007912498706e+00 -1.3489196911327406e+04
8 2.9296875000000000e-02 -4.5996219376429927e-02 1.1894535067214023e+00 -1.2354497260978321e+00 2.1208805563138321e+03 -3.5683605201642070e+00 2.1244489168339965e+03
9 3.3203125000000000e-02 1.1745207222159109e-02 1.1844460152094050e+00 -1.1727008079872459e+00 7.0462399168900311e+03 -3.5533380456282151e+00 7.0497932549356592e+03
10 3.7109375000000000e-02 -9.2656633654699273e-03 1.1795108169127169e+00 -1.1887764802781868e+00 -4.4590400054886568e+03 -3.5385324507381508e+00 -4.4555014730379189e+03
11 4.1015625000000000e-02 1.0762718159516996e-02 1.1746476106092065e+00 -1.1638848924496896e+00 1.1152348560677315e+03 -3.5239428318276196e+00 1.1187587988995590e+03
12 4.4921875000000000e-02 -1.5795226790945320e-03 1.1698560994708080e+00 -1.1714356221499025e+00 -1.2520922390961715e+02 -3.5095682984124243e+00 -1.2169965561120473e+02
13 4.8828125000000000e-02 2.9025995293681600e-03 1.1651359910454027e+00 -1.1622333915160346e+00 4.2325803015556556e+00 -3.4954079731362082e+00 7.7279882746918638e+00
14 5.2734375000000000e-02 -2.2813595084983773e-03 1.1604869972389695e+00 -1.1627683567474678e+00 1.9607291506046937e-01 -3.4814609917169088e+00 3.6775339067773780e+00
15 5.6640625000000000e-02 1.6112184060471913e-03 1.1559088342980024e+00 -1.1542976158919551e+00 -3.0972381852668231e-02 -3.4677265028940072e+00 3.4367541210413388e+00
16 6.0546875000000000e-02 -1.2970382517776421e-03 1.1514012227921895e+00 -1.1526982610439671e+00 1.4221237386343091e-02 -3.4542036683765684e+00 3.4684249057629115e+00
17 6.4453125000000000e-02 7.5115596043192278e-04 1.1469638875973587e+00 -1.1462127316369268e+00 8.4097970087626331e-03 -3.4408916627920760e+00 3.4493014598008385e+00
18 6.8359375000000000e-02 -2.0149117705991759e-03 1.1425965578786859e+00 -1.1446114696492851e+00 2.8986526695408729e-02 -3.4277896736360578e+00 3.4567762003314666e+00
19 7.2265625000000000e-02 2.2474613488195909e-03 1.1382989670741632e+00 -1.1360515057253435e+00 -3.1676251613512563e-02 -3.4148969012224897e+00 3.3832206496089769e+00
20 7.6171875000000000e-02 -4.0520380016337027e-04 1.1340708528783303e+00 -1.1344760566784937e+00 -3.3651206141024521e-03 -3.4022125586349912e+00 3.3988474380208888e+00
21 8.0078125000000000e-02 -2.2191737243753987e-04 1.1299119572262641e+00 -1.1301338745987017e+00 8.5580750667824963e-03 -3.3897358716787922e+00 3.3982939467455746e+00
22 8.3984375000000000e-02 -4.5866899884964370e-04 1.1258220262778276e+00 -1.1262806952766773e+00 5.2367527545548898e-03 -3.3774660788334829e+00 3.3827028315880376e+00
23 8.7890625000000000e-02 8.1221260917203842e-04 1.1218008104021762e+00 -1.1209885977930041e+00 -9.5469597254817483e-03 -3.3654024312065287e+00 3.3558554714810471e+00
24 9.1796875000000000e-02 -5.9768911236360788e-04 1.1178480641625228e+00 -1.1184457532748864e+00 7.3428219645184662e-03 -3.3535441924875684e+00 3.3608870144520870e+00
25 9.5703125000000000e-02 4.9844165404381842e-04 1.1139635463011559e+00 -1.1134651046471120e+00 -5.0328928763453606e-03 -3.3418906389034677e+00 3.3368577460271225e+00
26 9.9609375000000000e-02 -4.0699623644882180e-04 1.1101470197247145e+00 -1.1105540159611633e+00 3.3555469296800049e-03 -3.3304410591741433e+00 3.3337966061038236e+00
27 1.0351562500000000e-01 3.2653353837219416e-04 1.1063982514897184e+00 -1.1060717179513462e+00 -1.9970590099855873e-03 -3.3191947544691551e+00 3.3171976954591695e+00
28 1.0742187500000000e-01 -1.5081824214134359e-04 1.1027170127883485e+00 -1.1028678310304898e+00 4.5274966078099471e-04 -3.3081510383650459e+00 3.3086037880258270e+00
29 1.1132812500000000e-01 1.4381236482176164e-04 1.0991030789344829e+00 -1.0989592665696610e+00 -5.0815315365694644e-04 -3.2973092368034487e+00 3.2968010836497919e+00
30 1.1523437500000000e-01 -2.6982303528094308e-04 1.0955562293499819e+00 -1.0958260523852628e+00 3.1647545445390142e-03 -3.2866686880499456e+00 3.2898334425944844e+00
31 1.1914062500000000e-01 5.1545842021135171e-04 1.0920762475512262e+00 -1.0915607891310148e+00 -6.0757594681024388e-03 -3.2762287426536787e+00 3.2701529831855765e+00
32 1.2304687500000000e-01 -5.7537628537740026e-04 1.0886629211359025e+00 -1.0892382974212798e+00 7.2340619795691740e-03 -3.2659887634077074e+00 3.2732228253872764e+00
33 1.2695312500000000e-01 5.4077325369553087e-04 1.0853160417700398e+00 -1.0847752685163443e+00 -6.3964608086070178e-03 -3.2559481253101197e+00 3.2495516645015128e+00
34 1.3085937500000000e-01 -3.7572423148542373e-04 1.0820354051752945e+00 -1.0824111294067800e+00 4.3530434981720713e-03 -3.2461062155258835e+00 3.2504592590240557e+00
35 1.3476562500000000e-01 3.1739430505113196e-04 1.0788208111164810e+00 -1.0785034168114298e+00 -2.8704304504681218e-03 -3.2364624333494429e+00 3.2335920028989746e+00
36 1.3867187500000000e-01 -2.9871351214989328e-04 1.0756720633893502e+00 -1.0759707769015001e+00 2.9014099171857368e-03 -3.2270161901680505e+00 3.2299176000852361e+00
37 1.4257812500000000e-01 3.9347251581669883e-04 1.0725889698086153e+00 -1.0721954972927985e+00 -3.6297603432038001e-03 -3.2177669094258459e+00 3.2141371490826423e+00
38 1.4648437500000000e-01 -4.1783643345998740e-04 1.0695713421962210e+00 -1.0699891786296809e+00 4.2031606200244407e-03 -3.2087140265886629e+00 3.2129171872086872e+00
39 1.5039062500000000e-01 4.7459345868273284e-04 1.0666189963698576e+00 -1.0661444029111748e+00 -4.5292054860258633e-03 -3.1998569891095725e+00 3.1953277836235467e+00
40 1.5429687500000000e-01 -4.4545988894108219e-04 1.0637317521317196e+00 -1.0641772120206607e+00 4.5894637004018270e-03 -3.1911952563951589e+00 3.1957847200955607e+00
41 1.5820312500000000e-01 4.5183528093203278e-04 1.0609094332575073e+00 -1.0604575979765754e+00 -4.3573385024620681e-03 -3.1827282997725219e+00 3.1783709612700597e+00
42 1.6210937500000000e-01 -3.8775759883085488e-04 1.0581518674856714e+00 -1.0585396250845023e+00 4.0077725380385154e-03 -3.1744556024570141e+00 3.1784633749950526e+00
43 1.6601562500000000e-01 3.8965558946640324e-04 1.0554588865068977e+00 -1.0550692309174312e+00 -3.7443965238718622e-03 -3.1663766595206928e+00 3.1626322629968211e+00
44 1.6992187500000000e-01 -3.4823029675408652e-04 1.0528303259538359e+00 -1.0531785562505900e+00 3.6544299208992426e-03 -3.1584909778615078e+00 3.1621454077824072e+00
45 1.7382812500000000e-01 3.7960046240025579e-04 1.0502660253910656e+00 -1.0498864249286655e+00 -3.7101405180099117e-03 -3.1507980761731966e+00 3.1470879356551866e+00
46 1.7773437500000000e-01 -3.5775488690445532e-04 1.0477658283053053e+00 -1.0481235831922098e+00 3.8122612835702089e-03 -3.1432974849159159e+00 3.1471097461994861e+00
47 1.8164062500000000e-01 3.9297258412815048e-04 1.0453295820958590e+00 -1.0449366095117310e+00 -3.8829771541741189e-03 -3.1359887462875768e+00 3.1321057691334029e+00
48 1.8554687500000000e-01 -3.6589351529729019e-04 1.0429571380653022e+00 -1.0433230315805995e+00 3.9101516611278180e-03 -3.1288714141959066e+00 3.1327815658570346e+00
49 1.8945312500000000e-01 3.9476543412632456e-04 1.0406483514104068e+00 -1.0402535859762805e+00 -3.9087002222186664e-03 -3.1219450542312206e+00 3.1180363540090021e+00
50 1.9335937500000000e-01 -3.6460364317559738e-04 1.0384030812133012e+00 -1.0387676848564769e+00 3.8951075988773870e-03 -3.1152092436399035e+00 3.1191043512387808e+00
51 1.9726562500000000e-01 3.9274153621589840e-04 1.0362211904328713e+00 -1.0358284488966554e+00 -3.8827269333965644e-03 -3.1086635712986137e+00 3.1047808443652172e+00
52 2.0117187500000000e-01 -3.6266227056588939e-04 1.0341025458963953e+00 -1.0344652081669612e+00 3.8703130477378837e-03 -3.1023076376891856e+00 3.1061779507369236e+00
53 2.0507812500000000e-01 3.8937573842211357e-04 1.0320470182914145e+00 -1.0316576425529924e+00 -3.8450672459519079e-03 -3.0961410548742436e+00 3.0922959876282916e+00
54 2.0898437500000000e-01 -3.5666777479520382e-04 1.0300544821578432e+00 -1.0304111499326385e+00 3.8009991139315610e-03 -3.0901634464735297e+00 3.0939644455874613e+00
55 2.1289062500000000e-01 3.8024028011684341e-04 1.0281248158803076e+00 -1.0277445756001908e+00 -3.7416043054780629e-03 -3.0843744476409229e+00 3.0806328433354451e+00
56 2.1679687500000000e-01 -3.4512123422380110e-04 1.0262579016807265e+00 -1.0266030229149503e+00 3.6709367750260074e-03 -3.0787737050421793e+00 3.0824446418172053e+00
57 2.2070312500000000e-01 3.6653205333543398e-04 1.0244536256111205e+00 -1.0240870935577850e+00 -3.5905502310537157e-03 -3.0733608768333616e+00 3.0697703266023080e+00
58 2.2460937500000000e-01 -3.2978919217649410e-04 1.0227118775466575e+00 -1.0230416667388340e+00 3.5029528086113165e-03 -3.0681356326399722e+00 3.0716385854485835e+00
59 2.2851562500000000e-01 3.4983462820756196e-04 1.0210325511789311e+00 -1.0206827165507235e+00 -3.4116598564232622e-03 -3.0630976535367935e+00 3.0596859936803704e+00
60 2.3242187500000000e-01 -3.1243321925695144e-04 1.0194155440094737e+00 -1.0197279772287307e+00 3.3194066009015338e-03 -3.0582466320284212e+00 3.0615660386293229e+00
61 2.3632812500000000e-01 3.3196291763070047e-04 1.0178607573434970e+00 -1.0175287944258664e+00 -3.2266603620749058e-03 -3.0535822720304910e+00 3.0503556116684161e+00
62 2.4023437500000000e-01 -2.9429507151149603e-04 1.0163680962838717e+00 -1.0166623913553832e+00 3.1326327846934623e-03 -3.0491042888516153e+00 3.0522369216363088e+00
63 2.4414062500000000e-01 3.1335257467360789e-04 1.0149374697253337e+00 -1.0146241171506600e+00 -3.0364948729495007e-03 -3.0448124091760009e+00 3.0417759143030514e+00
64 2.4804687500000000e-01 -2.7542246517174541e-04 1.0135687903489228e+00 -1.0138442128140945e+00 2.9389134902988254e-03 -3.0407063710467686e+00 3.0436452845370674e+00
65 2.5195312500000000e-01 2.9425162335908471e-04 1.0122619746166550e+00 -1.0119677229932960e+00 -2.8414880406100289e-03 -3.0367859238499650e+00 3.0339444358093548e+00
66 2.5585937500000000e-01 -2.5649326773550179e-04 1.0110169427664220e+00 -1.0112734360341575e+00 2.7458916342014664e-03 -3.0330508282992659e+00 3.0357967199334674e+00
67 2.5976562500000000e-01 2.7553852458727973e-04 1.0098336188071235e+00 -1.0095580802825364e+00 -2.6527237230428886e-03 -3.0295008564213708e+00 3.0268481326983281e+00
68 2.6367187500000000e-01 -2.3820534584644324e-04 1.0087119305140297e+00 -1.0089501358598763e+00 2.5619718089609431e-03 -3.0261357915420892e+00 3.0286977633510501e+00
69 2.6757812500000000e-01 2.5752668714998643e-04 1.0076518094243723e+00 -1.0073942827372222e+00 -2.4730249886429252e-03 -3.0229554282731170e+00 3.0204824032844741e+00
70 2.7148437500000000e-01 -2.2051826465731630e-04 1.0066531908331655e+00 -1.0068737090978228e+00 2.3851925397171281e-03 -3.0199595724994968e+00 3.0223447650392137e+00
71 2.7539062500000000e-01 2.3996029494298686e-04 1.0057160137892578e+00 -1.0054760534943148e+00 -2.2975772325781480e-03 -3.0171480413677734e+00 3.0148504641351952e+00
72 2.7929687500000000e-01 -2.0311830591246736e-04 1.0048402210916108e+00 -1.0050433393975233e+00 2.2097779967312956e-03 -3.0145206632748325e+00 3.0167304412715636e+00
73 2.8320312500000000e-01 2.2261535478987690e-04 1.0040257592858082e+00 -1.0038031439310182e+00 -2.1217204182626386e-03 -3.0120772778574247e+00 3.0099555574391621e+00
74 2.8710937500000000e-01 -1.8595758630300235e-04 1.0032725786607943e+00 -1.0034585362470974e+00 2.0338501936804252e-03 -3.0098177359823830e+00 3.0118515861760633e+00
75 2.9101562500000000e-01 2.0559964087384859e-04 1.0025806332458376e+00 -1.0023750336049637e+00 -1.9465418521863807e-03 -3.0077418997375127e+00 3.0057953578853263e+00
76 2.9492187500000000e-01 -1.6920903452284874e-04 1.0019498808077267e+00 -1.0021190898422496e+00 1.8603268116445686e-03 -3.0058496424231800e+00 3.0077099692348246e+00
77 2.9882812500000000e-01 1.8907564477367632e-04 1.0013802828481928e+00 -1.0011912072034190e+00 -1.7755312997757627e-03 -3.0041408485445782e+00 3.0023653172448026e+00
78 3.0273437500000000e-01 -1.5300304090747177e-04 1.0008718046015579e+00 -1.0010248076424653e+00 1.6925913604366838e-03 -3.0026154138046737e+00 3.0043080051651105e+00
79 3.0664062500000000e-01 1.7314954469599254e-04 1.0004244150326151e+00 -1.0002512654879192e+00 -1.6116606678918625e-03 -3.0012732450978454e+00 2.9996615844299535e+00
80 3.1054687500000000e-01 -1.3742910765331676e-04 1.0000380868347336e+00 -1.0001755159423869e+00 1.5329447294566269e-03 -3.0001142605042008e+00 3.0016472052336574e+00
81 3.1445312500000000e-01 1.5789974254640235e-04 9.9971279642819133e-01 -9.9955489668564490e-01 -1.4563968739998304e-03 -2.9991383892845738e+00 2.9976819924105738e+00
82 3.1835937500000000e-01 -1.2256622296462284e-04 9.9944852395873629e-01 -9.9957109018170087e-01 1.3821116070868041e-03 -2.9983455718762091e+00 2.9997276834832958e+00
83 3.2226562500000000e-01 1.4341880294987518e-04 9.9924525329637548e-01 -9.9910183449342560e-01 -1.3100101973309614e-03 -2.9977357598891263e+00 2.9964257496917952e+00
84 3.2617187500000000e-01 -1.0852353857125822e-04 9.9910297203438869e-01 -9.9921149557295996e-01 1.2401967840423547e-03 -2.9973089161031661e+00 2.9985491128872086e+00
85 3.3007812500000000e-01 1.2982322260246418e-04 9.9902167148857302e-01 -9.9889184826597055e-01 -1.1726236992071592e-03 -2.9970650144657189e+00 2.9958923907665116e+00
86 3.3398437500000000e-01 -9.5411057018158463e-05 9.9900134669671137e-01 -9.9909675775372953e-01 1.1074374474685663e-03 -2.9970040400901343e+00 2.9981114775376030e+00
87 3.3789062500000000e-01 1.1720497324057988e-04 9.9904199641827074e-01 -9.9892479144503021e-01 -1.0446227850538310e-03 -2.9971259892548123e+00 2.9960813664697583e+00
88 3.4179687500000000e-01 -8.3294284223505279e-05 9.9914362313432614e-01 -9.9922691741854963e-01 9.8432043212475320e-04 -2.9974308694029785e+00 2.9984151898351032e+00
89 3.4570312500000000e-01 1.0559639922522881e-04 9.9930623304771127e-01 -9.9920063664848602e-01 -9.2646083885759736e-04 -2.9979186991431339e+00 2.9969922383042764e+00
90 3.4960937500000000e-01 -7.2168897333027196e-05 9.9952983608339818e-01 -9.9960200498073126e-01 8.7110138696556223e-04 -2.9985895082501948e+00 2.9994606096371603e+00
91 3.5351562500000000e-01 9.4959587700733019e-05 9.9981444588910251e-01 -9.9971948630140173e-01 -8.1809520145432113e-04 -2.9994433376673078e+00 2.9986252424658533e+00
92 3.5742187500000000e-01 -6.1974122605927391e-05 1.0001600798361165e+00 -1.0002220539587225e+00 7.6745557017859575e-04 -3.0004802395083496e+00 3.0012476950785283e+00
93 3.6132812500000000e-01 8.5226068358100661e-05 1.0005667590203695e+00 -1.0004815329520114e+00 -7.1903092826564128e-04 -3.0017002770611088e+00 3.0009812461328429e+00
94 3.6523437500000000e-01 -5.2647798402175318e-05 1.0010345082637155e+00 -1.0010871560621177e+00 6.7285756518873697e-04 -3.0031035247911468e+00 3.0037763823563357e+00
95 3.6914062500000000e-01 7.6348293860529858e-05 1.0015633561154476e+00 -1.0014870078215869e+00 -6.2881453236313112e-04 -3.0046900683463429e+00 3.0040612538139797e+00
96 3.7304687500000000e-01 -4.4157983776691211e-05 1.0021533348540410e+00 -1.0021974928378177e+00 5.8695924087978114e-04 -3.0064600045621228e+00 3.0070469638030026e+00
97 3.7695312500000000e-01 6.8305070208852787e-05 1.0028044804891239e+00 -1.0027361754189150e+00 -5.4717371285570749e-04 -3.0084134414673716e+00 3.0078662677545158e+00
98 3.8085937500000000e-01 -3.6486672254334769e-05 1.0035168327636739e+00 -1.0035533194359283e+00 5.0950247026441573e-04 -3.0105504982910216e+00 3.0110600007612862e+00
99 3.8476562500000000e-01 6.1074728332088235e-05 1.0042904351564441e+00 -1.0042293604281121e+00 -4.7380676325581273e-04 -3.0128713054693321e+00 3.0123974987060764e+00
100 3.8867187500000000e-01 -2.9604481926224455e-05 1.0051253348846181e+00 -1.0051549393665442e+00 4.4011181423806052e-04 -3.0153760046538540e+00 3.0158161164680921e+00
101 3.9257812500000000e-01 5.4619383665366119e-05 1.0060215829066899e+00 -1.0059669635230244e+00 -4.0826566460965539e-04 -3.0180647487200698e+00 3.0176564830554602e+00
102 3.9648437500000000e-01 -2.3466442394913155e-05 1.0069792339255765e+00 -1.0070027003679713e+00 3.7828740670806387e-04 -3.0209377017767296e+00 3.0213159891834378e+00
103 4.0039062500000000e-01 4.8889253485407820e-05 1.0079983463919542e+00 -1.0079494571384688e+00 -3.5002309344534454e-04 -3.0239950391758628e+00 3.0236450160824173e+00
104 4.0429687500000000e-01 -1.8019929303876512e-05 1.0090789825078283e+00 -1.0090970024371322e+00 3.2349186673999648e-04 -3.0272369475234848e+00 3.0275604393902249e+00
105 4.0820312500000000e-01 4.3830234037280514e-05 1.0102212082303281e+00 -1.0101773779962908e+00 -2.9853964430863803e-04 -3.0306636246909844e+00 3.0303650850466757e+00
106 4.1210937500000000e-01 -1.3210124038071393e-05 1.0114250932757340e+00 -1.0114383033997720e+00 2.7518569852587522e-04 -3.0342752798272024e+00 3.0345504655257280e+00
107 4.1601562500000000e-01 3.9387343532907518e-05 1.0126907111237315e+00 -1.0126513237801986e+00 -2.5327598041511207e-04 -3.0380721333711946e+00 3.0378188573907794e+00
108 4.1992187500000000e-01 -8.9822799923247522e-06 1.0140181390218965e+00 -1.0140271213018888e+00 2.3283072740782403e-04 -3.0420544170656898e+00 3.0422872477930976e+00
109 4.2382812500000000e-01 3.5506437359741531e-05 1.0154074579904107e+00 -1.0153719515530508e+00 -2.1369672570893303e-04 -3.0462223739712320e+00 3.0460086772455228e+00
110 4.2773437500000000e-01 -5.2829688019326060e-06 1.0168587528270050e+00 -1.0168640357958070e+00 1.9589521566731774e-04 -3.0505762584810148e+00 3.0507721536966819e+00
111 4.3164062500000000e-01 3.2134735136132362e-05 1.0183721121121376e+00 -1.0183399773770014e+00 -1.7927269573679813e-04 -3.0551163363364129e+00 3.0549370636406761e+00
112 4.3554687500000000e-01 -2.0596936959389399e-06 1.0199476282143984e+00 -1.0199496879080945e+00 1.6384954244071074e-04 -3.0598428846431953e+00 3.0600067341856358e+00
113 4.3945312500000000e-01 2.9219618673295295e-05 1.0215853972961482e+00 -1.0215561776774749e+00 -1.4946992846978120e-04 -3.0647561918884447e+00 3.0646067219599749e+00
114 4.4335937500000000e-01 7.4076163171214211e-07 1.0232855193193873e+00 -1.0232847785577555e+00 1.3615180134300816e-04 -3.0698565579581620e+00 3.0699927097595050e+00
115 4.4726562500000000e-01 2.6706972987809806e-05 1.0250480980518564e+00 -1.0250213910788686e+00 -1.2373604858780375e-04 -3.0751442941555691e+00 3.0750205581069814e+00
116 4.5117187500000000e-01 3.1736782161159736e-06 1.0268732410733716e+00 -1.0268700673951556e+00 1.1223781353995367e-04 -3.0806197232201149e+00 3.0807319610336550e+00
117 4.5507812500000000e-01 2.4540272500535068e-05 1.0287610597823886e+00 -1.0287365195098881e+00 -1.0149456030504280e-04 -3.0862831793471659e+00 3.0861816847868608e+00
118 4.5898437500000000e-01 5.2969360806286565e-06 1.0307116694028036e+00 -1.0307063724667229e+00 9.1518575422842960e-05 -3.0921350082084107e+00 3.0922265267838336e+00
119 4.6289062500000000e-01 2.2660299178283713e-05 1.0327251889909848e+00 -1.0327025286918066e+00 -8.2143730344242077e-05 -3.0981755669729543e+00 3.0980934232426098e+00
120 4.6679687500000000e-01 7.1711605995880602e-06 1.0348017414430402e+00 -1.0347945702824406e+00 7.3379259888779608e-05 -3.1044052243291205e+00 3.1044786035890093e+00
121 4.7070312500000000e-01 2.1005065758244244e-05 1.0369414535023174e+00 -1.0369204484365591e+00 -6.5055205863422209e-05 -3.1108243605069523e+00 3.1107593053010887e+00
122 4.7460937500000000e-01 8.8597477917883500e-06 1.0391444557671412e+00 -1.0391355960193494e+00 5.7177631178285139e-05 -3.1174333673014236e+00 3.1174905449326018e+00
123 4.7851562500000000e-01 1.9509846671119122e-05 1.0414108826987827e+00 -1.0413913728521116e+00 -4.9572696841341445e-05 -3.1242326480963483e+00 3.1241830753995070e+00
124 4.8242187500000000e-01 1.0428773418359803e-05 1.0437408726296673e+00 -1.0437304438562489e+00 4.2243399413967404e-05 -3.1312226178890019e+00 3.1312648612884160e+00
125 4.8632812500000000e-01 1.8107321536881364e-05 1.0461345677718177e+00 -1.0461164604502808e+00 -3.5012174058718091e-05 -3.1384037033154533e+00 3.1383686911413946e+00
126 4.9023437500000000e-01 1.1946812374990641e-05 1.0485921142255341e+00 -1.0485801674131592e+00 2.7879220423551982e-05 -3.1457763426766023e+00 3.1458042218970257e+00
127 4.9414062500000000e-01 1.6727778301100591e-05 1.0511136619883115e+00 -1.0510969342100103e+00 -2.0663531871826927e-05 -3.1533409859649346e+00 3.1533203224330628e+00
128 4.9804687500000000e-01 1.3484719981110945e-05 1.0536993649639941e+00 -1.0536858802440130e+00 1.3362893931633969e-05 -3.1610980948919822e+00 3.1611114577859141e+00
129 5.0195312500000000e-01 1.5299348975710129e-05 1.0563493809721698e+00 -1.0563340816231941e+00 -5.7932513818558715e-06 -3.1690481429165094e+00 3.1690423496651277e+00
130 5.0585937500000000e-01 1.5115373885100018e-05 1.0590638717578020e+00 -1.0590487563839168e+00 -2.0495379144101009e-06 -3.1771916152734061e+00 3.1771895657354916e+00
131 5.0976562500000000e-01 1.3748293267004691e-05 1.0618430030011035e+00 -1.0618292547078365e+00 1.0352098683131279e-05 -3.1855290090033104e+00 3.1855393611019935e+00
132 5.1367187500000000e-01 1.6913367953798760e-05 1.0646869443276461e+00 -1.0646700309596924e+00 -1.9119958725586683e-05 -3.1940608329829381e+00 3.1940417130242125e+00
133 5.1757812500000000e-01 1.1999317943035928e-05 1.0675958693187162e+00 -1.0675838700007731e+00 2.8541813638335000e-05 -3.2027876079561484e+00 3.2028161497697867e+00
134 5.2148437500000000e-01 1.8954691284361285e-05 1.0705699555219079e+00 -1.0705510008306236e+00 -3.8624044019485853e-05 -3.2117098665657240e+00 3.2116712425217044e+00
135 5.2539062500000000e-01 9.9758913376887385e-06 1.0736093844619607e+00 -1.0735994085706231e+00 4.9556938830333873e-05 -3.2208281533858822e+00 3.2208777103247126e+00
136 5.2929687500000000e-01 2.1316419602308571e-05 1.0767143416518388e+00 -1.0766930252322364e+00 -6.1347211807758148e-05 -3.2301430249555163e+00 3.2300816777437085e+00
137 5.3320312500000000e-01 7.6005572135290011e-06 1.0798850166040530e+00 -1.0798774160468394e+00 7.4186263933971478e-05 -3.2396550498121588e+00 3.2397292360760930e+00
138 5.3710937500000000e-01 2.4076377920755492e-05 1.0831216028422286e+00 -1.0830975264643079e+00 -8.8080612382897942e-05 -3.2493648085266855e+00 3.2492767279143027e+00
139 5.4101562500000000e-01 4.7953124224525502e-06 1.0864242979129173e+00 -1.0864195026004948e+00 1.0322230710913547e-04 -3.2592728937387516e+00 3.2593761160458610e+00
140 5.4492187500000000e-01 2.7312717551202906e-05 1.0897933033976541e+00 -1.0897659906801029e+00 -1.1961722732237027e-04 -3.2693799101929626e+00 3.2692602929656402e+00
141 5.4882812500000000e-01 1.4820618470393768e-06 1.0932288249252611e+00 -1.0932273428634141e+00 1.3745778752794597e-04 -3.2796864747757830e+00 3.2798239325633110e+00
142 5.5273437500000000e-01 3.1103458565654853e-05 1.0967310721843981e+00 -1.0966999687258325e+00 -1.5674902110203521e-04 -3.2901932165531944e+00 3.2900364675320923e+00
143 5.5664062500000000e-01 -2.4169542118745597e-06 1.1003002589363609e+00 -1.1003026758905727e+00 1.7768361450251133e-04 -3.3009007768090823e+00 3.3010784604235850e+00
144 5.6054687500000000e-01 3.5526113037277867e-05 1.1039366030281283e+00 -1.1039010769150910e+00 -2.0026557795096100e-04 -3.3118098090843850e+00 3.3116095435064339e+00
145 5.6445312500000000e-01 -6.9788362428950715e-06 1.1076403264056598e+00 -1.1076473052419027e+00 2.2468759426883412e-04 -3.3229209792169794e+00 3.3231456668112482e+00
146 5.6835937500000000e-01 4.0657414970605066e-05 1.1114116551274396e+00 -1.1113709977124691e+00 -2.5095218633664883e-04 -3.3342349653823184e+00 3.3339840131959817e+00
147 5.7226562500000000e-01 -1.2279847148659677e-05 1.1152508193782764e+00 -1.1152630992254251e+00 2.7925167286913134e-04 -3.3457524581348292e+00 3.3460317098076984e+00
148 5.7617187500000000e-01 4.6573349839056286e-05 1.1191580534833523e+00 -1.1191114801335131e+00 -3.0958713814110419e-04 -3.3574741604500566e+00 3.3571645733119158e+00
149 5.8007812500000000e-01 -1.8395848986982559e-05 1.1231335959225237e+00 -1.1231519917715107e+00 3.4215152516880716e-04 -3.3694007877675709e+00 3.3697429392927396e+00
150 5.8398437500000000e-01 5.3350213769477037e-05 1.1271776893448793e+00 -1.1271243391311099e+00 -3.7694649654047157e-04 -3.3815330680346376e+00 3.3811561215380972e+00
151 5.8789062500000000e-01 -2.5404074739093203e-05 1.1312905805835485e+00 -1.1313159846582876e+00 4.1416840364887064e-04 -3.3938717417506457e+00 3.3942859101542946e+00
152 5.9179687500000000e-01 6.1066908223781448e-05 1.1354725206707670e+00 -1.1354114537625433e+00 -4.5382202941857982e-04 -3.4064175620123009e+00 3.4059637399828824e+00
153 5.9570312500000000e-01 -3.3385419672729341e-05 1.1397237648531999e+00 -1.1397571502728727e+00 4.9610844979075346e-04 -3.4191712945595998e+00 3.4196674030093903e+00
154 5.9960937500000000e-01 6.9806504881897576e-05 1.1440445726075203e+00 -1.1439747661026385e+00 -5.4103502187013812e-04 -3.4321337178225608e+00 3.4315926828006909e+00
155 6.0351562500000000e-01 -4.2424679680448729e-05 1.1484352076562456e+00 -1.1484776323359260e+00 5.8880574803895584e-04 -3.4453056229687369e+00 3.4458944287167759e+00
156 6.0742187500000000e-01 7.9654997621506651e-05 1.1528959379838353e+00 -1.1528162829862139e+00 -6.3942875519739728e-04 -3.4586878139515056e+00 3.4580483851963084e+00
157 6.1132812500000000e-01 -5.2608136413192735e-05 1.1574270358530461e+00 -1.1574796439894592e+00 6.9311025706369339e-04 -3.4722811075591382e+00 3.4729742178162017e+00
158 6.1523437500000000e-01 9.0698127699526468e-05 1.1620287778215519e+00 -1.1619380796938523e+00 -7.4985859762694387e-04 -3.4860863334646557e+00 3.4853364748670286e+00
159 6.1914062500000000e-01 -6.4019478016357262e-05 1.1667014447588209e+00 -1.1667654642368372e+00 8.0987869000921902e-04 -3.5001043342764628e+00 3.5009142129664719e+00
160 6.2304687500000000e-01 1.0301536008463109e-04 1.1714453218632606e+00 -1.1713423065031758e+00 -8.7316846123532154e-04 -3.5143359655897815e+00 3.5134627971285459e+00
161 6.2695312500000000e-01 -7.6730445119690502e-05 1.1762606986796234e+00 -1.1763374291247430e+00 9.3991257819052518e-04 -3.5287820960388698e+00 3.5297220086170604e+00
162 6.3085937500000000e-01 1.1666704591188561e-04 1.1811478691166810e+00 -1.1810312020707692e+00 -1.0100764849483089e-03 -3.5434436073500430e+00 3.5424335308650949e+00
163 6.3476562500000000e-01 -9.0787439389603013e-05 1.1861071314651621e+00 -1.1861979189045517e+00 1.0838118849884433e-03 -3.5583213943954863e+00 3.5594052062804749e+00
164 6.3867187500000000e-01 1.3168706440293848e-04 1.1911387884159579e+00 -1.1910071013515549e+00 -1.1610622223349246e-03 -3.5734163652478736e+00 3.5722553030255386e+00
165 6.4257812500000000e-01 -1.0621832074686333e-04 1.1962431470785992e+00 -1.1963493653993460e+00 1.2419853577990555e-03 -3.5887294412357980e+00 3.5899714265935971e+00
166 6.4648437500000000e-01 1.4810870323840342e-04 1.2014205189999991e+00 -1.2012724102967607e+00 -1.3265587511724012e-03 -3.6042615569999974e+00 3.6029349982488248e+00
167 6.5039062500000000e-01 -1.2307408408938157e-04 1.2066712201834688e+00 -1.2067942942675582e+00 1.4149917101143681e-03 -3.6200136605504065e+00 3.6214286522605210e+00
168 6.5429687500000000e-01 1.6600876862358604e-04 1.2119955711080055e+00 -1.2118295623393820e+00 -1.5072982393821383e-03 -3.6359867133240167e+00 3.6344794150846345e+00
169 6.5820312500000000e-01 -1.4145544091835504e-04 1.2173938967478528e+00 -1.2175353521887711e+00 1.6036800736966244e-03 -3.6521816902435584e+00 3.6537853703172551e+00
170 6.6210937500000000e-01 1.8549820452513465e-04 1.2228665265923355e+00 -1.2226810283878105e+00 -1.7040764016127551e-03 -3.6685995797770063e+00 3.6668955033753936e+00
171 6.6601562500000000e-01 -1.6146021125934337e-04 1.2284137946659701e+00 -1.2285752548772295e+00 1.8085613010286694e-03 -3.6852413839979103e+00 3.6870499452989391e+00
172 6.6992187500000000e-01 2.0663683263692063e-04 1.2340360395488525e+00 -1.2338294027162156e+00 -1.9169348485065787e-03 -3.7021081186465574e+00 3.7001911837980508e+00
173 6.7382812500000000e-01 -1.8309245705802119e-04 1.2397336043973231e+00 -1.2399166968543811e+00 2.0291824964595940e-03 -3.7192008131919692e+00 3.7212299956884287e+00
174 6.7773437500000000e-01 2.2936820462352204e-04 1.2455068369649109e+00 -1.2452774687602874e+00 -2.1450944089622687e-03 -3.7365205108947328e+00 3.7343754164857703e+00
175 6.8164062500000000e-01 -2.0624102513921392e-04 1.2513560896235605e+00 -1.2515623306486996e+00 2.2647112417777176e-03 -3.7540682688706815e+00 3.7563329801124592e+00
176 6.8554687500000000e-01 2.5353774841048481e-04 1.2572817193851373e+00 -1.2570281816367268e+00 -2.3878924079261503e-03 -3.7718451581554122e+00 3.7694572657474859e+00
177 6.8945312500000000e-01 -2.3072162674933760e-04 1.2632840879232194e+00 -1.2635148095499689e+00 2.5147301045563945e-03 -3.7898522637696583e+00 3.7923669938742148e+00
178 6.9335937500000000e-01 2.7895043153306143e-04 1.2693635615951722e+00 -1.2690846111636391e+00 -2.6450969125485428e-03 -3.8080906847855163e+00 3.8054455878729678e+00
179 6.9726562500000000e-01 -2.5635086818207053e-04 1.2755205114645076e+00 -1.2757768623326897e+00 2.7790304645425824e-03 -3.8265615343935231e+00 3.8293405648580658e+00
180 7.0117187500000000e-01 3.0544961667705573e-04 1.2817553133235351e+00 -1.2814498637068581e+00 -2.9162165870724732e-03 -3.8452659399706053e+00 3.8423497233835326e+00
181 7.0507812500000000e-01 -2.8299361000199325e-04 1.2880683477162957e+00 -1.2883513413262977e+00 3.0563615154695170e-03 -3.8642050431488872e+00 3.8672614046643567e+00
182 7.0898437500000000e-01 3.3290045120679763e-04 1.2944599999617896e+00 -1.2941270995105829e+00 -3.1987695945203585e-03 -3.8833799998853689e+00 3.8801812302908485e+00
183 7.1289062500000000e-01 -3.1049611860113862e-04 1.3009306601774946e+00 -1.3012411562960957e+00 3.3428645888925398e-03 -3.9027919805324838e+00 3.9061348451213762e+00
184 7.1679687500000000e-01 3.6112159222335803e-04 1.3074807233031769e+00 -1.3071196017109534e+00 -3.4877945004972233e-03 -3.9224421699095307e+00 3.9189543754090335e+00
185 7.2070312500000000e-01 -3.3863711449530904e-04 1.3141105891249962e+00 -1.3144492262394916e+00 3.6329058894885207e-03 -3.9423317673749887e+00 3.9459646732644771e+00
186 7.2460937500000000e-01 3.8983911070824748e-04 1.3208206622999066e+00 -1.3204308231891984e+00 -3.7774880291846988e-03 -3.9624619868997195e+00 3.9586844988705350e+00
187 7.2851562500000000e-01 -3.6712574769739119e-04 1.3276113523803565e+00 -1.3279784781280539e+00 3.9216290368764267e-03 -3.9828340571410696e+00 3.9867556861779461e+00
188 7.3242187500000000e-01 4.1887020699091942e-04 1.3344830738392839e+00 -1.3340642036322929e+00 -4.0660132458475665e-03 -4.0034492215178519e+00 3.9993832082720044e+00
189 7.3632812500000000e-01 -3.9603636386654800e-04 1.3414362460954150e+00 -1.3418322824592817e+00 4.2120843230805107e-03 -4.0243087382862450e+00 4.0285208226093259e+00
190 7.4023437500000000e-01 4.4857981902873741e-04 1.3484712935388632e+00 -1.3480227137198344e+00 -4.3609987369481375e-03 -4.0454138806165894e+00 4.0410528818796410e+00
191 7.4414062500000000e-01 -4.2588117806560509e-04 1.3555886455570327e+00 -1.3560145267350983e+00 4.5137236584574499e-03 -4.0667659366710982e+00 4.0712796603295560e+00
192 7.4804687500000000e-01 4.7938369348503405e-04 1.3627887365608256e+00 -1.3623093528673405e+00 -4.6702938108734524e-03 -4.0883662096824764e+00 4.0836959158716031e+00
193 7.5195312500000000e-01 -4.5672004067364927e-04 1.3700720060111562e+00 -1.3705287260518297e+00 4.8296842000042240e-03 -4.1102160180334684e+00 4.1150457022334725e+00
194 7.5585937500000000e-01 5.1075903488421136e-04 1.3774388984457746e+00 -1.3769281394108903e+00 -4.9891590265196146e-03 -4.1323166953373240e+00 4.1273275363108048e+00
195 7.5976562500000000e-01 -4.8739916699169002e-04 1.3848898635063989e+00 -1.3853772626733905e+00 5.1460642909301000e-03 -4.1546695905191964e+00 4.1598156548101262e+00
196 7.6367187500000000e-01 5.4125972263213739e-04 1.3924253559661586e+00 -1.3918840962435264e+00 -5.2993470908752997e-03 -4.1772760678984753e+00 4.1719767208076002e+00
197 7.6757812500000000e-01 -5.1680914722720462e-04 1.4000458357573526e+00 -1.4005626449045798e+00 5.4503734714729584e-03 -4.2001375072720579e+00 4.2055878807435310e+00
198 7.7148437500000000e-01 5.7048824451585739e-04 1.4077517679995215e+00 -1.4071812797550056e+00 -5.6004784517138893e-03 -4.2232553039985650e+00 4.2176548255468509e+00
199 7.7539062500000000e-01 -5.4487939691705300e-04 1.4155436230278362e+00 -1.4160885024247534e+00 5.7488558227356788e-03 -4.2466308690835088e+00 4.2523797249062447e+00
200 7.7929687500000000e-01 5.9772420173118113e-04 1.4234218764218043e+00 -1.4228241522200731e+00 -5.8909836705072580e-03 -4.2702656292654133e+00 4.2643746455949056e+00
201 7.8320312500000000e-01 -5.6954612942984053e-04 1.4313870090342988e+00 -1.4319565551637288e+00 6.0209916748235935e-03 -4.2941610271028967e+00 4.3001820187777202e+00
202 7.8710937500000000e-01 6.1994699883800310e-04 1.4394395070209061e+00 -1.4388195600220681e+00 -6.1347270038635566e-03 -4.3183185210627180e+00 4.3121837940588543e+00
203 7.9101562500000000e-01 -5.8787514230284460e-04 1.4475798618695985e+00 -1.4481677370119013e+00 6.2296094641832236e-03 -4.3427395856087951e+00 4.3489691950729785e+00
204 7.9492187500000000e-01 6.3452955434152060e-04 1.4558085704307333e+00 -1.4551740408763918e+00 -6.2990281755091436e-03 -4.3674257112922001e+00 4.3611266831166908e+00
205 7.9882812500000000e-01 -5.9696378773626277e-04 1.4641261349473775e+00 -1.4647230987351139e+00 6.3372853069738888e-03 -4.3923784048421322e+00 4.3987156901491060e+00
206 8.0273437500000000e-01 6.3954086737655412e-04 1.4725330630859637e+00 -1.4718935222185872e+00 -6.3544003886221150e-03 -4.4175991892578912e+00 4.4112447888692694e+00
207 8.0664062500000000e-01 -5.9935455650748383e-04 1.4810298679672740e+00 -1.4816292225237815e+00 6.3715602223653302e-03 -4.4430896039018215e+00 4.4494611641241866e+00
208 8.1054687500000000e-01 6.4235909023912954e-04 1.4896170681977594e+00 -1.4889747091075203e+00 -6.3908130905958645e-03 -4.4688512045932782e+00 4.4624603915026819e+00
209 8.1445312500000000e-01 -6.0070134543891926e-04 1.4982951879011943e+00 -1.4988958892466333e+00 6.3899606634384518e-03 -4.4948855637035834e+00 4.5012755243670215e+00
210 8.1835937500000000e-01 6.3888760997614846e-04 1.5070647567506643e+00 -1.5064258691406882e+00 -6.3416563871477177e-03 -4.5211942702519927e+00 4.5148526138648446e+00
211 8.2226562500000000e-01 -5.8645752381236260e-04 1.5159263100008966e+00 -1.5165127675247090e+00 6.2211181934598864e-03 -4.5477789300026901e+00 4.5540000481961496e+00
212 8.2617187500000000e-01 6.1622554801249918e-04 1.5248803885209301e+00 -1.5242641629729177e+00 -6.0482949612188971e-03 -4.5746411655627899e+00 4.5685928706015710e+00
213 8.3007812500000000e-01 -5.6981150492424210e-04 1.5339275388271252e+00 -1.5344973503320494e+00 5.9517038566328229e-03 -4.6017826164813753e+00 4.6077343203380083e+00
214 8.3398437500000000e-01 6.3210904559915634e-04 1.5430683131165239e+00 -1.5424362040709247e+00 -6.0954893874413489e-03 -4.6292049393495720e+00 4.6231094499621310e+00
215 8.3789062500000000e-01 -6.3403602027790776e-04 1.5523032693005505e+00 -1.5529373053208284e+00 6.5256524115729683e-03 -4.6569098079016520e+00 4.6634354603132246e+00
216 8.4179687500000000e-01 7.3399837512500758e-04 1.5616329710390653e+00 -1.5608989726639402e+00 -7.0985602248055911e-03 -4.6848989131171956e+00 4.6778003528923904e+00
217 8.4570312500000000e-01 -7.2833864968628733e-04 1.5710579877747686e+00 -1.5717863264244549e+00 7.4785233607098864e-03 -4.7131739633243059e+00 4.7206524866850161e+00
218 8.4960937500000000e-01 7.7099698489164472e-04 1.5805788947679551e+00 -1.5798078977830634e+00 -7.3766731282735370e-03 -4.7417366843038655e+00 4.7343600111755917e+00
219 8.5351562500000000e-01 -6.8198813090138534e-04 1.5901962731316261e+00 -1.5908782612625276e+00 6.8360477258226637e-03 -4.7705888193948782e+00 4.7774248671207005e+00
220 8.5742187500000000e-01 6.3666088624718062e-04 1.5999107098669594e+00 -1.5992740489807122e+00 -5.8868232309282386e-03 -4.7997321296008781e+00 4.7938453063699500e+00
221 8.6132812500000000e-01 -4.8477785703474811e-04 1.6097227978991338e+00 -1.6102075757561685e+00 4.6823013479814343e-03 -4.8291683936974010e+00 4.8338506950453821e+00
222 8.6523437500000000e-01 5.1095377267397306e-04 1.6196331361135219e+00 -1.6191221823408479e+00 -4.6295355613452062e-03 -4.8588994083405659e+00 4.8542698727792208e+00
223 8.6914062500000000e-01 -6.1157019680312705e-04 1.6296423293922413e+00 -1.6302538995890443e+00 7.0743799459839843e-03 -4.8889269881767241e+00 4.8960013681227084e+00
224 8.7304687500000000e-01 8.7930441132360281e-04 1.6397509886510757e+00 -1.6388716842397522e+00 -1.0442145125799818e-02 -4.9192529659532269e+00 4.9088108208274273e+00
225 8.7695312500000000e-01 -9.3970634634688900e-04 1.6499597308767604e+00 -1.6508994372231074e+00 1.1814899293681857e-02 -4.9498791926302808e+00 4.9616940919239623e+00
226 8.8085937500000000e-01 8.3541198516040181e-04 1.6602691791646413e+00 -1.6594337671794810e+00 -9.8888260990720699e-03 -4.9808075374939236e+00 4.9709187113948516e+00
227 8.8476562500000000e-01 -4.3264517078936898e-04 1.6706799627567059e+00 -1.6711126079274954e+00 5.0719898631260106e-03 -5.0120398882701176e+00 5.0171118781332433e+00
228 8.8867187500000000e-01 2.2017642184149870e-04 1.6811927170799894e+00 -1.6809725406581479e+00 -6.8433827663900906e-04 -5.0435781512399682e+00 5.0428938129633289e+00
229 8.9257812500000000e-01 -2.3505113346093440e-04 1.6918080837853584e+00 -1.6920431349188194e+00 5.9435836290963606e-04 -5.0754242513560754e+00 5.0760186097189850e+00
230 8.9648437500000000e-01 5.2152660550062199e-04 1.7025267107866737e+00 -1.7020051841811732e+00 -3.1449743425565335e-03 -5.1075801323600212e+00 5.1044351580174645e+00
231 9.0039062500000000e-01 -6.5858308765696016e-04 1.7133492523003362e+00 -1.7140078353879931e+00 5.4006913992684646e-03 -5.1400477569010086e+00 5.1454484483002769e+00
232 9.0429687500000000e-01 8.0748819759606026e-04 1.7242763688852185e+00 -1.7234688806876224e+00 -8.1870563665567605e-03 -5.1728291066556551e+00 5.1646420502890980e+00
233 9.0820312500000000e-01 -9.7495139959077274e-04 1.7353087274829813e+00 -1.7362836788825720e+00 1.1992675216303608e-02 -5.2059261824489438e+00 5.2179188576652473e+00
234 9.1210937500000000e-01 1.3258218130947951e-03 1.7464470014587794e+00 -1.7451211796456847e+00 -1.5609192818818323e-02 -5.2393410043763380e+00 5.2237318115575198e+00
235 9.1601562500000000e-01 -7.4344666220246759e-04 1.7576918706423637e+00 -1.7584353173045661e+00 8.4713693119578756e-03 -5.2730756119270907e+00 5.2815469812390488e+00
236 9.1992187500000000e-01 -3.8617681058521528e-04 1.7690440213695724e+00 -1.7694301981801577e+00 1.4349541810704579e-02 -5.3071320641087176e+00 5.3214816059194225e+00
237 9.2382812500000000e-01 -6.5098173400843814e-04 1.7805041465242231e+00 -1.7811551282582314e+00 -5.8001334208525046e-03 -5.3415124395726696e+00 5.3357123061518168e+00
238 9.2773437500000000e-01 3.6939842957087634e-03 1.7920729455804030e+00 -1.7883789612846943e+00 -5.2119760447098554e-02 -5.3762188367412094e+00 5.3240990762941109e+00
239 9.3164062500000000e-01 -3.3156632360077276e-03 1.8037511246451619e+00 -1.8070667878811695e+00 4.7745294146085596e-02 -5.4112533739354856e+00 5.4589986680815707e+00
240 9.3554687500000000e-01 1.2247227115861894e-03 1.8155393965016087e+00 -1.8143146737900224e+00 1.4023034187605055e-02 -5.4466181895048260e+00 5.4606412236924307e+00
241 9.3945312500000000e-01 -2.1231036566263452e-03 1.8274384806524175e+00 -1.8295615843090438e+00 2.3304706011217716e-02 -5.4823154419572528e+00 5.5056201479684708e+00
242 9.4335937500000000e-01 2.6402466636327813e-03 1.8394491033637430e+00 -1.8368088567001102e+00 -5.0981222874856166e-02 -5.5183473100912295e+00 5.4673660872163730e+00
243 9.4726562500000000e-01 -3.7620005580181349e-03 1.8515719977095475e+00 -1.8553339982675656e+00 3.2345800294023019e-01 -5.5547159931286423e+00 5.8781739960688721e+00
244 9.5117187500000000e-01 4.7974343673494353e-03 1.8638079036163453e+00 -1.8590104692489959e+00 6.9826351664211348e+00 -5.5914237108490354e+00 1.2574058877270170e+01
245 9.5507812500000000e-01 -2.6004302500679814e-03 1.8761575679083635e+00 -1.8787579981584315e+00 -2.0656815396115874e+02 -5.6284727037250910e+00 -2.0093968125743365e+02
246 9.5898437500000000e-01 1.7770470004102607e-02 1.8886217443531259e+00 -1.8708512743490233e+00 1.8398953548237521e+03 -5.6658652330593782e+00 1.8455612200568114e+03
247 9.6289062500000000e-01 -1.5390999982502046e-02 1.9012011937074587e+00 -1.9165921936899608e+00 -7.3564456325195542e+03 -5.7036035811223762e+00 -7.3507420289384318e+03
248 9.6679687500000000e-01 1.9530960605797430e-02 1.9138966837639235e+00 -1.8943657231581261e+00 1.1624763123302757e+04 -5.7416900512917710e+00 1.1630504813354049e+04
249 9.7070312500000000e-01 -7.5906583239042397e-02 1.9267089893976814e+00 -2.0026155726367239e+00 3.4989932592714745e+03 -5.7801269681930441e+00 3.5047733862396676e+03
250 9.7460937500000000e-01 -2.0363480053048702e-01 1.9396388926137855e+00 -2.1432736931442724e+00 -2.2260150915145252e+04 -5.8189166778413561e+00 -2.2254331998467409e+04
251 9.7851562500000000e-01 6.8341712101628926e-02 1.9526871825949135e+00 -1.8843454704932845e+00 -6.6571024837165596e+03 -5.8580615477847404e+00 -6.6512444221687747e+03
252 9.8242187500000000e-01 5.2023787512651820e-01 1.9658546557495338e+00 -1.4456167806230156e+00 3.0243258432765841e+04 -5.8975639672486011e+00 3.0249155996733090e+04
253 9.8632812500000000e-01 4.4739118642725206e-01 1.9791421157605151e+00 -1.5317509293332630e+00 2.8565773808342685e+04 -5.9374263472815452e+00 2.8571711234689967e+04
254 9.9023437500000000e-01 1.3822291764362726e-02 1.9925503736341807e+00 -1.9787280818698181e+00 -1.7481158600930310e+04 -5.9776511209025420e+00 -1.7475180949809408e+04
255 9.9414062500000000e-01 -1.0740961205437893e-01 2.0060802477498072e+00 -2.1134898598041860e+00 -6.8832356855307793e+04 -6.0182407432494216e+00 -6.8826338614564549e+04
256 9.9804687500000000e-01 8.3774672453820265e-01 2.0197325639095762e+00 -1.1819858393713736e+00 -2.8759524795100853e+04 -6.0591976917287287e+00 -2.8753465597409126e+04
