# P x phi_num phi_exact phi_err mu_num mu_exact mu_err
1 3.1250000000000000e-02 7.8139241293880457e-01 1.1869407053149628e+00 -4.0554829237615819e-01 -7.2100966674517068e+01 -3.5608221159448883e+00 -6.8540144558572180e+01
2 9.3750000000000000e-02 4.2189708309517515e-01 1.1158972916003198e+00 -6.9400020850514466e-01 -1.6695587248682699e+01 -3.3476918748009594e+00 -1.3347895373881739e+01
3 1.5625000000000000e-01 1.3087287556011115e-01 1.0623124878832220e+00 -9.3143961232311079e-01 -5.5852783196537821e+01 -3.1869374636496657e+00 -5.2665845732888158e+01
4 2.1875000000000000e-01 7.5633740684301204e-02 1.0253479408520039e+00 -9.4971420016770269e-01 -4.6655838266975707e+01 -3.0760438225560116e+00 -4.3579794444419697e+01
5 2.8125000000000000e-01 1.8948617927780795e-01 1.0044253270218684e+00 -8.1493914774406040e-01 8.6270799838762962e+00 -3.0132759810656049e+00 1.1640355964941900e+01
6 3.4375000000000000e-01 2.6849292160020077e-01 9.9921730465828540e-01 -7.3072438305808463e-01 -1.6980454962801929e+01 -2.9976519139748561e+00 -1.3982803048827073e+01
7 4.0625000000000000e-01 4.2793543961994340e-01 1.0096423923991364e+00 -5.8170695277919304e-01 1.3896903098878571e+01 -3.0289271771974091e+00 1.6925830276075981e+01
8 4.6875000000000000e-01 5.3677295848921702e-01 1.0358636944498241e+00 -4.9909073596060705e-01 6.9810050377912788e+01 -3.1075910833494724e+00 7.2917641461262264e+01
9 5.3125000000000000e-01 3.9782833840580312e-01 1.0782914524065750e+00 -6.8046311400077186e-01 1.6862734076858032e-01 -3.2348743572197249e+00 3.4035016979883053e+00
10 5.9375000000000000e-01 2.8382254563625470e-01 1.1375894636321149e+00 -8.5376691799586024e-01 -1.0722691280252668e+01 -3.4127683908963444e+00 -7.3099228893563239e+00
11 6.5625000000000000e-01 2.1194944215957584e-01 1.2146854666014890e+00 -1.0027360244419132e+00 3.3888499313632366e+01 -3.6440563998044668e+00 3.7532555713436835e+01
12 7.1875000000000000e-01 3.0060096759136984e-02 1.3107856557004569e+00 -1.2807255589413200e+00 -2.0431956908986677e+01 -3.9323569671013709e+00 -1.6499599941885307e+01
13 7.8125000000000000e-01 -3.3775591657548509e-02 1.4273935525656403e+00 -1.4611691442231889e+00 -5.6872089944716649e+01 -4.2821806576969212e+00 -5.2589909287019729e+01
14 8.4375000000000000e-01 1.4099752840796820e-01 1.5663335292152596e+00 -1.4253360008072913e+00 -6.6879781169140387e+01 -4.6990005876457790e+00 -6.2180780581494609e+01
15 9.0625000000000000e-01 5.8137091803175989e-01 1.7297793509981980e+00 -1.1484084329664381e+00 -6.5675429525267077e+01 -5.1893380529945938e+00 -6.0486091472272484e+01
16 9.6875000000000000e-01 1.2609044869291768e+00 1.9202881859259890e+00 -6.5938369899681226e-01 -1.0269517800679236e+02 -5.7608645577779676e+00 -9.6934313449014397e+01
