# P x_center tau_U tau_V tau_Psi
1 9.7656250000000000e-04 1.7123572836594313e-06 -3.2873009869760494e-16 1.7123572833307012e-06
2 2.9296875000000000e-03 -1.3483131160174633e-08 -2.9490299091605721e-15 -1.3483134109204542e-08
3 4.8828125000000000e-03 -1.3483136371283955e-08 -8.1462614431870861e-15 -1.3483144517545398e-08
4 6.8359375000000000e-03 -1.3483144184478491e-08 -1.5931700403370996e-14 -1.3483160116178894e-08
5 8.7890625000000000e-03 -1.3483154481797044e-08 -2.6145752229922437e-14 -1.3483180627549274e-08
6 1.0742187500000000e-02 -1.3483167249361827e-08 -3.9079850466805510e-14 -1.3483206329212294e-08
7 1.2695312500000000e-02 -1.3483182348394962e-08 -5.4289905904170155e-14 -1.3483236638300866e-08
8 1.4648437500000000e-02 -1.3483199889918751e-08 -7.1942451995710144e-14 -1.3483271832370747e-08
9 1.6601562500000000e-02 -1.3483220540067009e-08 -9.2148511043887993e-14 -1.3483312688578053e-08
10 1.8554687500000000e-02 -1.3483242744527502e-08 -1.1435297153639112e-13 -1.3483357097499038e-08
11 2.0507812500000000e-02 -1.3483267391478648e-08 -1.3944401189291966e-13 -1.3483406835490541e-08
12 2.2460937500000000e-02 -1.3483294036831239e-08 -1.6608936448392342e-13 -1.3483460126195723e-08
13 2.4414062500000000e-02 -1.3483325123075929e-08 -1.9628743075372768e-13 -1.3483521410506683e-08
14 2.6367187500000000e-02 -1.3483355765231408e-08 -2.2826185386293218e-13 -1.3483584027085271e-08
15 2.8320312500000000e-02 -1.3483390404189777e-08 -2.6201263381153694e-13 -1.3483652416823588e-08
16 3.0273437500000000e-02 -1.3483427263594194e-08 -2.9753977059954195e-13 -1.3483724803364794e-08
17 3.2226562500000000e-02 -1.3483463234820192e-08 -3.3573144264664734e-13 -1.3483798966262839e-08
18 3.4179687500000000e-02 -1.3483505867384338e-08 -3.7658764995285310e-13 -1.3483882455034291e-08
19 3.6132812500000000e-02 -1.3483547611770064e-08 -4.1922021409845911e-13 -1.3483966831984162e-08
20 3.8085937500000000e-02 -1.3483593797047888e-08 -4.6362913508346537e-13 -1.3484057426182972e-08
21 4.0039062500000000e-02 -1.3483639094147293e-08 -5.0981441290787188e-13 -1.3484148908560201e-08
22 4.1992187500000000e-02 -1.3483687943960376e-08 -5.5955240441107890e-13 -1.3484247496364787e-08
23 4.3945312500000000e-02 -1.3483737681951879e-08 -6.1017857433398603e-13 -1.3484347860526213e-08
24 4.5898437500000000e-02 -1.3483790084478642e-08 -6.6258110109629342e-13 -1.3484452665579738e-08
25 4.7851562500000000e-02 -1.3483845151540663e-08 -7.1764816311770119e-13 -1.3484562799703781e-08
26 4.9804687500000000e-02 -1.3483903771316363e-08 -7.7449158197850920e-13 -1.3484678262898342e-08
27 5.1757812500000000e-02 -1.3483962391092064e-08 -8.3311135767871747e-13 -1.3484795502449742e-08
28 5.3710937500000000e-02 -1.3484022787224603e-08 -8.9528384705772623e-13 -1.3484918071071661e-08
29 5.5664062500000000e-02 -1.3484083183357143e-08 -9.5390362275793450e-13 -1.3485037086979901e-08
30 5.7617187500000000e-02 -1.3484147132203361e-08 -1.0196288258157438e-12 -1.3485166761029177e-08
31 5.9570312500000000e-02 -1.3484211081049580e-08 -1.0835776720341528e-12 -1.3485294658721614e-08
32 6.1523437500000000e-02 -1.3484280358966316e-08 -1.1510792319313623e-12 -1.3485431438198248e-08
33 6.3476562500000000e-02 -1.3484349636883053e-08 -1.2203571486679721e-12 -1.3485569994031721e-08
34 6.5429687500000000e-02 -1.3484417138442950e-08 -1.2896350654045818e-12 -1.3485706773508355e-08
35 6.7382812500000000e-02 -1.3484488192716526e-08 -1.3642420526593924e-12 -1.3485852434769185e-08
36 6.9335937500000000e-02 -1.3484569905131139e-08 -1.4388490399142029e-12 -1.3486008754171053e-08
37 7.1289062500000000e-02 -1.3484637406691036e-08 -1.5134560271690134e-12 -1.3486150862718205e-08
38 7.3242187500000000e-02 -1.3484722671819327e-08 -1.5916157281026244e-12 -1.3486314287547430e-08
39 7.5195312500000000e-02 -1.3484797278806582e-08 -1.6697754290362354e-12 -1.3486467054235618e-08
40 7.7148437500000000e-02 -1.3484878991221194e-08 -1.7514878436486470e-12 -1.3486630479064843e-08
41 7.9101562500000000e-02 -1.3484953598208449e-08 -1.8332002582610585e-12 -1.3486786798466710e-08
42 8.1054687500000000e-02 -1.3485045968764098e-08 -1.9149126728734700e-12 -1.3486960881436971e-08
43 8.3007812500000000e-02 -1.3485124128465031e-08 -2.0001778011646820e-12 -1.3487124306266196e-08
44 8.4960937500000000e-02 -1.3485220051734359e-08 -2.0889956431346945e-12 -1.3487309047377494e-08
45 8.6914062500000000e-02 -1.3485301764148971e-08 -2.1707080577471061e-12 -1.3487472472206719e-08
46 8.8867187500000000e-02 -1.3485390581990941e-08 -2.2666313270747196e-12 -1.3487657213318016e-08
47 9.0820312500000000e-02 -1.3485493610687627e-08 -2.3590018827235326e-12 -1.3487852612570350e-08
48 9.2773437500000000e-02 -1.3485575323102239e-08 -2.4442670110147446e-12 -1.3488019590113254e-08
49 9.4726562500000000e-02 -1.3485674799085245e-08 -2.5437429940211587e-12 -1.3488218542079267e-08
50 9.6679687500000000e-02 -1.3485781380495609e-08 -2.6361135496699717e-12 -1.3488417494045279e-08
51 9.8632812500000000e-02 -1.3485852434769185e-08 -2.7284841053187847e-12 -1.3488580918874504e-08
52 1.0058593750000000e-01 -1.3485966121606907e-08 -2.8350655156827997e-12 -1.3488801187122590e-08
53 1.0253906250000000e-01 -1.3486044281307841e-08 -2.9203306439740118e-12 -1.3488964611951815e-08
54 1.0449218750000000e-01 -1.3486165073572920e-08 -3.0269120543380268e-12 -1.3489191985627258e-08
55 1.0644531250000000e-01 -1.3486243233273854e-08 -3.1263880373444408e-12 -1.3489369621311198e-08
56 1.0839843750000000e-01 -1.3486356920111575e-08 -3.2187585929932538e-12 -1.3489575678704568e-08
57 1.1035156250000000e-01 -1.3486456396094582e-08 -3.3324454307148699e-12 -1.3489788841525296e-08
58 1.1230468750000000e-01 -1.3486562977504946e-08 -3.4248159863636829e-12 -1.3489987793491309e-08
59 1.1425781250000000e-01 -1.3486669558915310e-08 -3.5385028240852989e-12 -1.3490208061739395e-08
60 1.1621093750000000e-01 -1.3486769034898316e-08 -3.6450842344493140e-12 -1.3490414119132765e-08
61 1.1816406250000000e-01 -1.3486875616308680e-08 -3.7516656448133290e-12 -1.3490627281953493e-08
62 1.2011718750000000e-01 -1.3486982197719044e-08 -3.8582470551773440e-12 -1.3490840444774221e-08
63 1.2207031250000000e-01 -1.3487095884556766e-08 -3.9648284655413590e-12 -1.3491060713022307e-08
64 1.2402343750000000e-01 -1.3487202465967130e-08 -4.0785153032629751e-12 -1.3491280981270393e-08
65 1.2597656250000000e-01 -1.3487323258232209e-08 -4.1850967136269901e-12 -1.3491508354945836e-08
66 1.2792968750000000e-01 -1.3487429839642573e-08 -4.2987835513486061e-12 -1.3491728623193922e-08
67 1.2988281250000000e-01 -1.3487536421052937e-08 -4.4053649617126212e-12 -1.3491941786014650e-08
68 1.3183593750000000e-01 -1.3487650107890659e-08 -4.5332626541494392e-12 -1.3492183370544808e-08
69 1.3378906250000000e-01 -1.3487778005583095e-08 -4.6398440645134542e-12 -1.3492417849647609e-08
70 1.3574218750000000e-01 -1.3487898797848175e-08 -4.7606363295926712e-12 -1.3492659434177767e-08
71 1.3769531250000000e-01 -1.3488005379258539e-08 -4.8743231673142873e-12 -1.3492879702425853e-08
72 1.3964843750000000e-01 -1.3488090644386830e-08 -4.9880100050359033e-12 -1.3493078654391866e-08
73 1.4160156250000000e-01 -1.3488218542079267e-08 -5.0874859880423173e-12 -1.3493306028067309e-08
74 1.4355468750000000e-01 -1.3488332228916988e-08 -5.2295945351943374e-12 -1.3493561823452183e-08
75 1.4550781250000000e-01 -1.3488445915754710e-08 -5.3432813729159534e-12 -1.3493789197127626e-08
76 1.4746093750000000e-01 -1.3488602235156577e-08 -5.4711790653527714e-12 -1.3494073414221930e-08
77 1.4941406250000000e-01 -1.3488701711139583e-08 -5.5848659030743875e-12 -1.3494286577042658e-08
78 1.5136718750000000e-01 -1.3488815397977305e-08 -5.6985527407960035e-12 -1.3494513950718101e-08
79 1.5332031250000000e-01 -1.3488957506524457e-08 -5.8264504332328215e-12 -1.3494783956957690e-08
80 1.5527343750000000e-01 -1.3489056982507464e-08 -5.9401372709544376e-12 -1.3494997119778418e-08
81 1.5722656250000000e-01 -1.3489199091054616e-08 -6.0680349633912556e-12 -1.3495267126018007e-08
82 1.5917968750000000e-01 -1.3489312777892337e-08 -6.1959326558280736e-12 -1.3495508710548165e-08
83 1.6113281250000000e-01 -1.3489454886439489e-08 -6.3238303482648917e-12 -1.3495778716787754e-08
84 1.6308593750000000e-01 -1.3489568573277211e-08 -6.4375171859865077e-12 -1.3496006090463197e-08
85 1.6503906250000000e-01 -1.3489653838405502e-08 -6.5512040237081237e-12 -1.3496205042429210e-08
86 1.6699218750000000e-01 -1.3489795946952654e-08 -6.6791017161449417e-12 -1.3496475048668799e-08
87 1.6894531250000000e-01 -1.3489923844645091e-08 -6.7927885538665578e-12 -1.3496716633198957e-08
88 1.7089843750000000e-01 -1.3490065953192243e-08 -6.9491079557337798e-12 -1.3497015061147977e-08
89 1.7285156250000000e-01 -1.3490193850884680e-08 -7.0770056481705979e-12 -1.3497270856532850e-08
90 1.7480468750000000e-01 -1.3490293326867686e-08 -7.1906924858922139e-12 -1.3497484019353578e-08
91 1.7675781250000000e-01 -1.3490449646269553e-08 -7.3043793236138299e-12 -1.3497754025593167e-08
92 1.7871093750000000e-01 -1.3490577543961990e-08 -7.4464878707658499e-12 -1.3498024031832756e-08
93 1.8066406250000000e-01 -1.3490705441654427e-08 -7.5743855632026680e-12 -1.3498279827217630e-08
94 1.8261718750000000e-01 -1.3490847550201579e-08 -7.7022832556394860e-12 -1.3498549833457218e-08
95 1.8457031250000000e-01 -1.3490975447894016e-08 -7.8301809480763040e-12 -1.3498805628842092e-08
96 1.8652343750000000e-01 -1.3491103345586453e-08 -7.9580786405131221e-12 -1.3499061424226966e-08
97 1.8847656250000000e-01 -1.3491231243278889e-08 -8.1001871876651421e-12 -1.3499331430466555e-08
98 1.9042968750000000e-01 -1.3491359140971326e-08 -8.1996631706715561e-12 -1.3499558804141998e-08
99 1.9238281250000000e-01 -1.3491458616954333e-08 -8.3417717178235762e-12 -1.3499800388672156e-08
100 1.9433593750000000e-01 -1.3491614936356200e-08 -8.4696694102603942e-12 -1.3500084605766460e-08
101 1.9628906250000000e-01 -1.3491728623193922e-08 -8.6117779574124143e-12 -1.3500340401151334e-08
102 1.9824218750000000e-01 -1.3491856520886358e-08 -8.7396756498492323e-12 -1.3500596196536208e-08
103 2.0019531250000000e-01 -1.3491984418578795e-08 -8.8533624875708483e-12 -1.3500837781066366e-08
104 2.0214843750000000e-01 -1.3492112316271232e-08 -8.9812601800076663e-12 -1.3501093576451240e-08
105 2.0410156250000000e-01 -1.3492268635673099e-08 -9.1233687271596864e-12 -1.3501392004400259e-08
106 2.0605468750000000e-01 -1.3492410744220251e-08 -9.2654772743117064e-12 -1.3501676221494563e-08
107 2.0800781250000000e-01 -1.3492481798493827e-08 -9.3791641120333225e-12 -1.3501860962605861e-08
108 2.0996093750000000e-01 -1.3492638117895694e-08 -9.4928509497549385e-12 -1.3502130968845449e-08
109 2.1191406250000000e-01 -1.3492766015588131e-08 -9.6349594969069585e-12 -1.3502400975085038e-08
110 2.1386718750000000e-01 -1.3492893913280568e-08 -9.7628571893437766e-12 -1.3502656770469912e-08
111 2.1582031250000000e-01 -1.3493036021827720e-08 -9.8907548817805946e-12 -1.3502926776709501e-08
112 2.1777343750000000e-01 -1.3493149708665442e-08 -1.0032863428932615e-11 -1.3503182572094374e-08
113 2.1972656250000000e-01 -1.3493263395503163e-08 -1.0174971976084635e-11 -1.3503438367479248e-08
114 2.2167968750000000e-01 -1.3493405504050315e-08 -1.0288658813806251e-11 -1.3503694162864122e-08
115 2.2363281250000000e-01 -1.3493490769178607e-08 -1.0430767360958271e-11 -1.3503921536539565e-08
116 2.2558593750000000e-01 -1.3493661299435189e-08 -1.0544454198679887e-11 -1.3504205753633869e-08
117 2.2753906250000000e-01 -1.3493803407982341e-08 -1.0686562745831907e-11 -1.3504489970728173e-08
118 2.2949218750000000e-01 -1.3493917094820063e-08 -1.0800249583553523e-11 -1.3504717344403616e-08
119 2.3144531250000000e-01 -1.3494059203367215e-08 -1.0942358130705543e-11 -1.3505001561497920e-08
120 2.3339843750000000e-01 -1.3494172890204936e-08 -1.1027623258996755e-11 -1.3505200513463933e-08
121 2.3535156250000000e-01 -1.3494314998752088e-08 -1.1198153515579179e-11 -1.3505513152267667e-08
122 2.3730468750000000e-01 -1.3494428685589810e-08 -1.1311840353300795e-11 -1.3505740525943111e-08
123 2.3925781250000000e-01 -1.3494570794136962e-08 -1.1453948900452815e-11 -1.3506024743037415e-08
124 2.4121093750000000e-01 -1.3494769746102975e-08 -1.1567635738174431e-11 -1.3506337381841149e-08
125 2.4316406250000000e-01 -1.3494826589521836e-08 -1.1709744285326451e-11 -1.3506536333807162e-08
126 2.4511718750000000e-01 -1.3494997119778418e-08 -1.1823431123048067e-11 -1.3506820550901466e-08
127 2.4707031250000000e-01 -1.3495053963197279e-08 -1.1965539670200087e-11 -1.3507019502867479e-08
128 2.4902343750000000e-01 -1.3495224493453861e-08 -1.2079226507921703e-11 -1.3507303719961783e-08
129 2.5097656250000000e-01 -1.3495309758582152e-08 -1.2192913345643319e-11 -1.3507502671927796e-08
130 2.5292968750000000e-01 -1.3495423445419874e-08 -1.2306600183364935e-11 -1.3507730045603239e-08
131 2.5488281250000000e-01 -1.3495565553967026e-08 -1.2420287021086551e-11 -1.3507985840988113e-08
132 2.5683593750000000e-01 -1.3495707662514178e-08 -1.2590817277668975e-11 -1.3508298479791847e-08
133 2.5878906250000000e-01 -1.3495849771061330e-08 -1.2704504115390591e-11 -1.3508554275176721e-08
134 2.6074218750000000e-01 -1.3495963457899052e-08 -1.2818190953112207e-11 -1.3508781648852164e-08
135 2.6269531250000000e-01 -1.3496077144736773e-08 -1.2960299500264227e-11 -1.3509037444237038e-08
136 2.6464843750000000e-01 -1.3496247674993356e-08 -1.3073986337985843e-11 -1.3509321661331342e-08
137 2.6660156250000000e-01 -1.3496276096702786e-08 -1.3187673175707459e-11 -1.3509463769878494e-08
138 2.6855468750000000e-01 -1.3496475048668799e-08 -1.3358203432289883e-11 -1.3509833252101089e-08
139 2.7050781250000000e-01 -1.3496617157215951e-08 -1.3471890270011500e-11 -1.3510089047485963e-08
140 2.7246093750000000e-01 -1.3496702422344242e-08 -1.3557155398302712e-11 -1.3510259577742545e-08
141 2.7441406250000000e-01 -1.3496844530891394e-08 -1.3699263945454732e-11 -1.3510543794836849e-08
142 2.7636718750000000e-01 -1.3496929796019685e-08 -1.3812950783176348e-11 -1.3510742746802862e-08
143 2.7832031250000000e-01 -1.3497043482857407e-08 -1.3955059330328368e-11 -1.3510998542187735e-08
144 2.8027343750000000e-01 -1.3497128747985698e-08 -1.4040324458619580e-11 -1.3511169072444318e-08
145 2.8222656250000000e-01 -1.3497214013113989e-08 -1.4125589586910792e-11 -1.3511339602700900e-08
146 2.8417968750000000e-01 -1.3497441386789433e-08 -1.4296119843493216e-11 -1.3511737506632926e-08
147 2.8613281250000000e-01 -1.3497526651917724e-08 -1.4409806681214832e-11 -1.3511936458598939e-08
148 2.8808593750000000e-01 -1.3497725603883737e-08 -1.4551915228366852e-11 -1.3512277519112104e-08
149 2.9003906250000000e-01 -1.3497810869012028e-08 -1.4694023775518872e-11 -1.3512504892787547e-08
150 2.9199218750000000e-01 -1.3497896134140319e-08 -1.4779288903810084e-11 -1.3512675423044129e-08
151 2.9394531250000000e-01 -1.3498009820978041e-08 -1.4892975741531700e-11 -1.3512902796719573e-08
152 2.9589843750000000e-01 -1.3498123507815762e-08 -1.4978240869822912e-11 -1.3513101748685585e-08
153 2.9785156250000000e-01 -1.3498208772944054e-08 -1.5091927707544528e-11 -1.3513300700651598e-08
154 2.9980468750000000e-01 -1.3498294038072345e-08 -1.5205614545266144e-11 -1.3513499652617611e-08
155 3.0175781250000000e-01 -1.3498492990038358e-08 -1.5319301382987760e-11 -1.3513812291421345e-08
156 3.0371093750000000e-01 -1.3498606676876079e-08 -1.5461409930139780e-11 -1.3514068086806219e-08
157 3.0566406250000000e-01 -1.3498663520294940e-08 -1.5546675058430992e-11 -1.3514210195353371e-08
158 3.0761718750000000e-01 -1.3498834050551523e-08 -1.5688783605583012e-11 -1.3514522834157106e-08
159 3.0957031250000000e-01 -1.3498890893970383e-08 -1.5802470443304628e-11 -1.3514693364413688e-08
160 3.1152343750000000e-01 -1.3498976159098675e-08 -1.5859313862165436e-11 -1.3514835472960840e-08
161 3.1347656250000000e-01 -1.3499061424226966e-08 -1.6001422409317456e-11 -1.3515062846636283e-08
162 3.1542968750000000e-01 -1.3499231954483548e-08 -1.6115109247039072e-11 -1.3515347063730587e-08
163 3.1738281250000000e-01 -1.3499317219611839e-08 -1.6228796084760688e-11 -1.3515546015696600e-08
164 3.1933593750000000e-01 -1.3499459328158991e-08 -1.6314061213051900e-11 -1.3515773389372043e-08
165 3.2128906250000000e-01 -1.3499544593287283e-08 -1.6456169760203920e-11 -1.3516000763047487e-08
166 3.2324218750000000e-01 -1.3499629858415574e-08 -1.6513013179064728e-11 -1.3516142871594639e-08
167 3.2519531250000000e-01 -1.3499743545253295e-08 -1.6626700016786344e-11 -1.3516370245270082e-08
168 3.2714843750000000e-01 -1.3499828810381587e-08 -1.6740386854507960e-11 -1.3516569197236095e-08
169 3.2910156250000000e-01 -1.3499970918928739e-08 -1.6825651982799172e-11 -1.3516796570911538e-08
170 3.3105468750000000e-01 -1.3500056184057030e-08 -1.6939338820520788e-11 -1.3516995522877551e-08
171 3.3300781250000000e-01 -1.3500169870894752e-08 -1.7053025658242404e-11 -1.3517222896552994e-08
172 3.3496093750000000e-01 -1.3500283557732473e-08 -1.7166712495964020e-11 -1.3517450270228437e-08
173 3.3691406250000000e-01 -1.3500340401151334e-08 -1.7223555914824829e-11 -1.3517563957066159e-08
174 3.3886718750000000e-01 -1.3500539353117347e-08 -1.7365664461976849e-11 -1.3517905017579324e-08
175 3.4082031250000000e-01 -1.3500567774826777e-08 -1.7422507880837657e-11 -1.3517990282707615e-08
176 3.4277343750000000e-01 -1.3500681461664499e-08 -1.7536194718559273e-11 -1.3518217656383058e-08
177 3.4472656250000000e-01 -1.3500823570211651e-08 -1.7649881556280889e-11 -1.3518473451767932e-08
178 3.4667968750000000e-01 -1.3500795148502220e-08 -1.7706724975141697e-11 -1.3518501873477362e-08
179 3.4863281250000000e-01 -1.3500965678758803e-08 -1.7820411812863313e-11 -1.3518786090571666e-08
180 3.5058593750000000e-01 -1.3501022522177664e-08 -1.7934098650584929e-11 -1.3518956620828249e-08
181 3.5253906250000000e-01 -1.3501079365596524e-08 -1.7962520360015333e-11 -1.3519041885956540e-08
182 3.5449218750000000e-01 -1.3501221474143676e-08 -1.8104628907167353e-11 -1.3519326103050844e-08
183 3.5644531250000000e-01 -1.3501278317562537e-08 -1.8189894035458565e-11 -1.3519468211597996e-08
184 3.5839843750000000e-01 -1.3501363582690828e-08 -1.8275159163749777e-11 -1.3519638741854578e-08
185 3.6035156250000000e-01 -1.3501477269528550e-08 -1.8360424292040989e-11 -1.3519837693820591e-08
186 3.6230468750000000e-01 -1.3501590956366272e-08 -1.8417267710901797e-11 -1.3520008224077174e-08
187 3.6425781250000000e-01 -1.3501676221494563e-08 -1.8530954548623413e-11 -1.3520207176043186e-08
188 3.6621093750000000e-01 -1.3501733064913424e-08 -1.8616219676914625e-11 -1.3520349284590338e-08
189 3.6816406250000000e-01 -1.3501846751751145e-08 -1.8701484805205837e-11 -1.3520548236556351e-08
190 3.7011718750000000e-01 -1.3501875173460576e-08 -1.8815171642927453e-11 -1.3520690345103503e-08
191 3.7207031250000000e-01 -1.3501988860298297e-08 -1.8815171642927453e-11 -1.3520804031941225e-08
192 3.7402343750000000e-01 -1.3502102547136019e-08 -1.8957280190079473e-11 -1.3521059827326098e-08
193 3.7597656250000000e-01 -1.3502102547136019e-08 -1.9014123608940281e-11 -1.3521116670744959e-08
194 3.7792968750000000e-01 -1.3502187812264310e-08 -1.9099388737231493e-11 -1.3521287201001542e-08
195 3.7988281250000000e-01 -1.3502301499102032e-08 -1.9184653865522705e-11 -1.3521486152967555e-08
196 3.8183593750000000e-01 -1.3502472029358614e-08 -1.9269918993813917e-11 -1.3521741948352428e-08
197 3.8378906250000000e-01 -1.3502500451068045e-08 -1.9326762412674725e-11 -1.3521827213480719e-08
198 3.8574218750000000e-01 -1.3502528872777475e-08 -1.9383605831535533e-11 -1.3521912478609011e-08
199 3.8769531250000000e-01 -1.3502614137905766e-08 -1.9497292669257149e-11 -1.3522111430575023e-08
200 3.8964843750000000e-01 -1.3502614137905766e-08 -1.9525714378687553e-11 -1.3522139852284454e-08
201 3.9160156250000000e-01 -1.3502642559615197e-08 -1.9610979506978765e-11 -1.3522253539122175e-08
202 3.9355468750000000e-01 -1.3502869933290640e-08 -1.9667822925839573e-11 -1.3522537756216479e-08
203 3.9550781250000000e-01 -1.3502926776709501e-08 -1.9724666344700381e-11 -1.3522651443054201e-08
204 3.9746093750000000e-01 -1.3502983620128362e-08 -1.9781509763561189e-11 -1.3522765129891923e-08
205 3.9941406250000000e-01 -1.3503040463547222e-08 -1.9838353182421997e-11 -1.3522878816729644e-08
206 4.0136718750000000e-01 -1.3503154150384944e-08 -1.9952040020143613e-11 -1.3523106190405088e-08
207 4.0332031250000000e-01 -1.3503097306966083e-08 -2.0008883439004421e-11 -1.3523106190405088e-08
208 4.0527343750000000e-01 -1.3503324680641526e-08 -2.0122570276726037e-11 -1.3523447250918252e-08
209 4.0722656250000000e-01 -1.3503210993803805e-08 -2.0122570276726037e-11 -1.3523333564080531e-08
210 4.0917968750000000e-01 -1.3503324680641526e-08 -2.0179413695586845e-11 -1.3523504094337113e-08
211 4.1113281250000000e-01 -1.3503324680641526e-08 -2.0236257114447653e-11 -1.3523560937755974e-08
212 4.1308593750000000e-01 -1.3503438367479248e-08 -2.0293100533308461e-11 -1.3523731468012556e-08
213 4.1503906250000000e-01 -1.3503438367479248e-08 -2.0349943952169269e-11 -1.3523788311431417e-08
214 4.1699218750000000e-01 -1.3503495210898109e-08 -2.0463630789890885e-11 -1.3523958841688000e-08
215 4.1894531250000000e-01 -1.3503665741154691e-08 -2.0463630789890885e-11 -1.3524129371944582e-08
216 4.2089843750000000e-01 -1.3503608897735830e-08 -2.0577317627612501e-11 -1.3524186215363443e-08
217 4.2285156250000000e-01 -1.3503722584573552e-08 -2.0634161046473309e-11 -1.3524356745620025e-08
218 4.2480468750000000e-01 -1.3503779427992413e-08 -2.0634161046473309e-11 -1.3524413589038886e-08
219 4.2675781250000000e-01 -1.3503779427992413e-08 -2.0747847884194925e-11 -1.3524527275876608e-08
220 4.2871093750000000e-01 -1.3503893114830134e-08 -2.0691004465334117e-11 -1.3524584119295469e-08
221 4.3066406250000000e-01 -1.3503949958248995e-08 -2.0804691303055733e-11 -1.3524754649552051e-08
222 4.3261718750000000e-01 -1.3503893114830134e-08 -2.0804691303055733e-11 -1.3524697806133190e-08
223 4.3457031250000000e-01 -1.3503949958248995e-08 -2.0861534721916541e-11 -1.3524811492970912e-08
224 4.3652343750000000e-01 -1.3504006801667856e-08 -2.0918378140777349e-11 -1.3524925179808633e-08
225 4.3847656250000000e-01 -1.3504063645086717e-08 -2.0918378140777349e-11 -1.3524982023227494e-08
226 4.4042968750000000e-01 -1.3504120488505578e-08 -2.0975221559638157e-11 -1.3525095710065216e-08
227 4.4238281250000000e-01 -1.3504120488505578e-08 -2.1032064978498966e-11 -1.3525152553484077e-08
228 4.4433593750000000e-01 -1.3504234175343299e-08 -2.1088908397359774e-11 -1.3525323083740659e-08
229 4.4628906250000000e-01 -1.3504234175343299e-08 -2.1088908397359774e-11 -1.3525323083740659e-08
230 4.4824218750000000e-01 -1.3504177331924438e-08 -2.1145751816220582e-11 -1.3525323083740659e-08
231 4.5019531250000000e-01 -1.3504347862181021e-08 -2.1145751816220582e-11 -1.3525493613997241e-08
232 4.5214843750000000e-01 -1.3504347862181021e-08 -2.1202595235081390e-11 -1.3525550457416102e-08
233 4.5410156250000000e-01 -1.3504347862181021e-08 -2.1259438653942198e-11 -1.3525607300834963e-08
234 4.5605468750000000e-01 -1.3504347862181021e-08 -2.1202595235081390e-11 -1.3525550457416102e-08
235 4.5800781250000000e-01 -1.3504404705599882e-08 -2.1373125491663814e-11 -1.3525777831091546e-08
236 4.5996093750000000e-01 -1.3504404705599882e-08 -2.1316282072803006e-11 -1.3525720987672685e-08
237 4.6191406250000000e-01 -1.3504461549018743e-08 -2.1373125491663814e-11 -1.3525834674510406e-08
238 4.6386718750000000e-01 -1.3504518392437603e-08 -2.1373125491663814e-11 -1.3525891517929267e-08
239 4.6582031250000000e-01 -1.3504575235856464e-08 -2.1373125491663814e-11 -1.3525948361348128e-08
240 4.6777343750000000e-01 -1.3504575235856464e-08 -2.1429968910524622e-11 -1.3526005204766989e-08
241 4.6972656250000000e-01 -1.3504575235856464e-08 -2.1429968910524622e-11 -1.3526005204766989e-08
242 4.7167968750000000e-01 -1.3504575235856464e-08 -2.1373125491663814e-11 -1.3525948361348128e-08
243 4.7363281250000000e-01 -1.3504575235856464e-08 -2.1486812329385430e-11 -1.3526062048185850e-08
244 4.7558593750000000e-01 -1.3504632079275325e-08 -2.1543655748246238e-11 -1.3526175735023571e-08
245 4.7753906250000000e-01 -1.3504575235856464e-08 -2.1486812329385430e-11 -1.3526062048185850e-08
246 4.7949218750000000e-01 -1.3504575235856464e-08 -2.1486812329385430e-11 -1.3526062048185850e-08
247 4.8144531250000000e-01 -1.3504632079275325e-08 -2.1543655748246238e-11 -1.3526175735023571e-08
248 4.8339843750000000e-01 -1.3504518392437603e-08 -2.1600499167107046e-11 -1.3526118891604710e-08
249 4.8535156250000000e-01 -1.3504688922694186e-08 -2.1543655748246238e-11 -1.3526232578442432e-08
250 4.8730468750000000e-01 -1.3504688922694186e-08 -2.1543655748246238e-11 -1.3526232578442432e-08
251 4.8925781250000000e-01 -1.3504745766113047e-08 -2.1600499167107046e-11 -1.3526346265280154e-08
252 4.9121093750000000e-01 -1.3504802609531907e-08 -2.1543655748246238e-11 -1.3526346265280154e-08
253 4.9316406250000000e-01 -1.3504688922694186e-08 -2.1543655748246238e-11 -1.3526232578442432e-08
254 4.9511718750000000e-01 -1.3504745766113047e-08 -2.1600499167107046e-11 -1.3526346265280154e-08
255 4.9707031250000000e-01 -1.3504688922694186e-08 -2.1600499167107046e-11 -1.3526289421861293e-08
256 4.9902343750000000e-01 -1.3504688922694186e-08 -2.1657342585967854e-11 -1.3526346265280154e-08
257 5.0097656250000000e-01 -1.3504688922694186e-08 -2.1657342585967854e-11 -1.3526346265280154e-08
258 5.0292968750000000e-01 -1.3504688922694186e-08 -2.1600499167107046e-11 -1.3526289421861293e-08
259 5.0488281250000000e-01 -1.3504745766113047e-08 -2.1600499167107046e-11 -1.3526346265280154e-08
260 5.0683593750000000e-01 -1.3504688922694186e-08 -2.1543655748246238e-11 -1.3526232578442432e-08
261 5.0878906250000000e-01 -1.3504802609531907e-08 -2.1543655748246238e-11 -1.3526346265280154e-08
262 5.1074218750000000e-01 -1.3504802609531907e-08 -2.1600499167107046e-11 -1.3526403108699014e-08
263 5.1269531250000000e-01 -1.3504688922694186e-08 -2.1543655748246238e-11 -1.3526232578442432e-08
264 5.1464843750000000e-01 -1.3504688922694186e-08 -2.1543655748246238e-11 -1.3526232578442432e-08
265 5.1660156250000000e-01 -1.3504518392437603e-08 -2.1600499167107046e-11 -1.3526118891604710e-08
266 5.1855468750000000e-01 -1.3504632079275325e-08 -2.1543655748246238e-11 -1.3526175735023571e-08
267 5.2050781250000000e-01 -1.3504575235856464e-08 -2.1486812329385430e-11 -1.3526062048185850e-08
268 5.2246093750000000e-01 -1.3504575235856464e-08 -2.1486812329385430e-11 -1.3526062048185850e-08
269 5.2441406250000000e-01 -1.3504632079275325e-08 -2.1543655748246238e-11 -1.3526175735023571e-08
270 5.2636718750000000e-01 -1.3504575235856464e-08 -2.1486812329385430e-11 -1.3526062048185850e-08
271 5.2832031250000000e-01 -1.3504575235856464e-08 -2.1373125491663814e-11 -1.3525948361348128e-08
272 5.3027343750000000e-01 -1.3504575235856464e-08 -2.1429968910524622e-11 -1.3526005204766989e-08
273 5.3222656250000000e-01 -1.3504575235856464e-08 -2.1429968910524622e-11 -1.3526005204766989e-08
274 5.3417968750000000e-01 -1.3504575235856464e-08 -2.1373125491663814e-11 -1.3525948361348128e-08
275 5.3613281250000000e-01 -1.3504518392437603e-08 -2.1373125491663814e-11 -1.3525891517929267e-08
276 5.3808593750000000e-01 -1.3504461549018743e-08 -2.1373125491663814e-11 -1.3525834674510406e-08
277 5.4003906250000000e-01 -1.3504404705599882e-08 -2.1316282072803006e-11 -1.3525720987672685e-08
278 5.4199218750000000e-01 -1.3504404705599882e-08 -2.1373125491663814e-11 -1.3525777831091546e-08
279 5.4394531250000000e-01 -1.3504347862181021e-08 -2.1202595235081390e-11 -1.3525550457416102e-08
280 5.4589843750000000e-01 -1.3504404705599882e-08 -2.1259438653942198e-11 -1.3525664144253824e-08
281 5.4785156250000000e-01 -1.3504347862181021e-08 -2.1202595235081390e-11 -1.3525550457416102e-08
282 5.4980468750000000e-01 -1.3504404705599882e-08 -2.1145751816220582e-11 -1.3525550457416102e-08
283 5.5175781250000000e-01 -1.3504177331924438e-08 -2.1145751816220582e-11 -1.3525323083740659e-08
284 5.5371093750000000e-01 -1.3504234175343299e-08 -2.1088908397359774e-11 -1.3525323083740659e-08
285 5.5566406250000000e-01 -1.3504234175343299e-08 -2.1088908397359774e-11 -1.3525323083740659e-08
286 5.5761718750000000e-01 -1.3504120488505578e-08 -2.1032064978498966e-11 -1.3525152553484077e-08
287 5.5957031250000000e-01 -1.3504120488505578e-08 -2.0975221559638157e-11 -1.3525095710065216e-08
288 5.6152343750000000e-01 -1.3504063645086717e-08 -2.0918378140777349e-11 -1.3524982023227494e-08
289 5.6347656250000000e-01 -1.3504006801667856e-08 -2.0918378140777349e-11 -1.3524925179808633e-08
290 5.6542968750000000e-01 -1.3503949958248995e-08 -2.0861534721916541e-11 -1.3524811492970912e-08
291 5.6738281250000000e-01 -1.3503949958248995e-08 -2.0804691303055733e-11 -1.3524754649552051e-08
292 5.6933593750000000e-01 -1.3503949958248995e-08 -2.0804691303055733e-11 -1.3524754649552051e-08
293 5.7128906250000000e-01 -1.3503893114830134e-08 -2.0691004465334117e-11 -1.3524584119295469e-08
294 5.7324218750000000e-01 -1.3503779427992413e-08 -2.0747847884194925e-11 -1.3524527275876608e-08
295 5.7519531250000000e-01 -1.3503779427992413e-08 -2.0634161046473309e-11 -1.3524413589038886e-08
296 5.7714843750000000e-01 -1.3503722584573552e-08 -2.0634161046473309e-11 -1.3524356745620025e-08
297 5.7910156250000000e-01 -1.3503608897735830e-08 -2.0577317627612501e-11 -1.3524186215363443e-08
298 5.8105468750000000e-01 -1.3503665741154691e-08 -2.0463630789890885e-11 -1.3524129371944582e-08
299 5.8300781250000000e-01 -1.3503495210898109e-08 -2.0463630789890885e-11 -1.3523958841688000e-08
300 5.8496093750000000e-01 -1.3503438367479248e-08 -2.0349943952169269e-11 -1.3523788311431417e-08
301 5.8691406250000000e-01 -1.3503438367479248e-08 -2.0293100533308461e-11 -1.3523731468012556e-08
302 5.8886718750000000e-01 -1.3503324680641526e-08 -2.0236257114447653e-11 -1.3523560937755974e-08
303 5.9082031250000000e-01 -1.3503381524060387e-08 -2.0179413695586845e-11 -1.3523560937755974e-08
304 5.9277343750000000e-01 -1.3503210993803805e-08 -2.0122570276726037e-11 -1.3523333564080531e-08
305 5.9472656250000000e-01 -1.3503267837222666e-08 -2.0122570276726037e-11 -1.3523390407499392e-08
306 5.9667968750000000e-01 -1.3503097306966083e-08 -2.0008883439004421e-11 -1.3523106190405088e-08
307 5.9863281250000000e-01 -1.3503154150384944e-08 -1.9952040020143613e-11 -1.3523106190405088e-08
308 6.0058593750000000e-01 -1.3503040463547222e-08 -1.9838353182421997e-11 -1.3522878816729644e-08
309 6.0253906250000000e-01 -1.3502983620128362e-08 -1.9781509763561189e-11 -1.3522765129891923e-08
310 6.0449218750000000e-01 -1.3502869933290640e-08 -1.9724666344700381e-11 -1.3522594599635340e-08
311 6.0644531250000000e-01 -1.3502869933290640e-08 -1.9667822925839573e-11 -1.3522537756216479e-08
312 6.0839843750000000e-01 -1.3502642559615197e-08 -1.9610979506978765e-11 -1.3522253539122175e-08
313 6.1035156250000000e-01 -1.3502642559615197e-08 -1.9525714378687553e-11 -1.3522168273993884e-08
314 6.1230468750000000e-01 -1.3502642559615197e-08 -1.9497292669257149e-11 -1.3522139852284454e-08
315 6.1425781250000000e-01 -1.3502557294486905e-08 -1.9383605831535533e-11 -1.3521940900318441e-08
316 6.1621093750000000e-01 -1.3502415185939753e-08 -1.9326762412674725e-11 -1.3521741948352428e-08
317 6.1816406250000000e-01 -1.3502415185939753e-08 -1.9269918993813917e-11 -1.3521685104933567e-08
318 6.2011718750000000e-01 -1.3502301499102032e-08 -1.9184653865522705e-11 -1.3521486152967555e-08
319 6.2207031250000000e-01 -1.3502216233973741e-08 -1.9099388737231493e-11 -1.3521315622710972e-08
320 6.2402343750000000e-01 -1.3502159390554880e-08 -1.9014123608940281e-11 -1.3521173514163820e-08
321 6.2597656250000000e-01 -1.3502102547136019e-08 -1.8957280190079473e-11 -1.3521059827326098e-08
322 6.2792968750000000e-01 -1.3501960438588867e-08 -1.8815171642927453e-11 -1.3520775610231794e-08
323 6.2988281250000000e-01 -1.3501903595170006e-08 -1.8815171642927453e-11 -1.3520718766812934e-08
324 6.3183593750000000e-01 -1.3501818330041715e-08 -1.8701484805205837e-11 -1.3520519814846921e-08
325 6.3378906250000000e-01 -1.3501704643203993e-08 -1.8616219676914625e-11 -1.3520320862880908e-08
326 6.3574218750000000e-01 -1.3501676221494563e-08 -1.8530954548623413e-11 -1.3520207176043186e-08
327 6.3769531250000000e-01 -1.3501590956366272e-08 -1.8417267710901797e-11 -1.3520008224077174e-08
328 6.3964843750000000e-01 -1.3501505691237980e-08 -1.8360424292040989e-11 -1.3519866115530021e-08
329 6.4160156250000000e-01 -1.3501363582690828e-08 -1.8275159163749777e-11 -1.3519638741854578e-08
330 6.4355468750000000e-01 -1.3501249895853107e-08 -1.8189894035458565e-11 -1.3519439789888565e-08
331 6.4550781250000000e-01 -1.3501221474143676e-08 -1.8104628907167353e-11 -1.3519326103050844e-08
332 6.4746093750000000e-01 -1.3501050943887094e-08 -1.7962520360015333e-11 -1.3519013464247109e-08
333 6.4941406250000000e-01 -1.3501022522177664e-08 -1.7934098650584929e-11 -1.3518956620828249e-08
334 6.5136718750000000e-01 -1.3500965678758803e-08 -1.7820411812863313e-11 -1.3518786090571666e-08
335 6.5332031250000000e-01 -1.3500795148502220e-08 -1.7706724975141697e-11 -1.3518501873477362e-08
336 6.5527343750000000e-01 -1.3500823570211651e-08 -1.7649881556280889e-11 -1.3518473451767932e-08
337 6.5722656250000000e-01 -1.3500681461664499e-08 -1.7536194718559273e-11 -1.3518217656383058e-08
338 6.5917968750000000e-01 -1.3500567774826777e-08 -1.7422507880837657e-11 -1.3517990282707615e-08
339 6.6113281250000000e-01 -1.3500539353117347e-08 -1.7365664461976849e-11 -1.3517905017579324e-08
340 6.6308593750000000e-01 -1.3500340401151334e-08 -1.7223555914824829e-11 -1.3517563957066159e-08
341 6.6503906250000000e-01 -1.3500283557732473e-08 -1.7166712495964020e-11 -1.3517450270228437e-08
342 6.6699218750000000e-01 -1.3500169870894752e-08 -1.7053025658242404e-11 -1.3517222896552994e-08
343 6.6894531250000000e-01 -1.3500056184057030e-08 -1.6939338820520788e-11 -1.3516995522877551e-08
344 6.7089843750000000e-01 -1.3499970918928739e-08 -1.6825651982799172e-11 -1.3516796570911538e-08
345 6.7285156250000000e-01 -1.3499828810381587e-08 -1.6740386854507960e-11 -1.3516569197236095e-08
346 6.7480468750000000e-01 -1.3499743545253295e-08 -1.6626700016786344e-11 -1.3516370245270082e-08
347 6.7675781250000000e-01 -1.3499629858415574e-08 -1.6513013179064728e-11 -1.3516142871594639e-08
348 6.7871093750000000e-01 -1.3499544593287283e-08 -1.6456169760203920e-11 -1.3516000763047487e-08
349 6.8066406250000000e-01 -1.3499459328158991e-08 -1.6314061213051900e-11 -1.3515773389372043e-08
350 6.8261718750000000e-01 -1.3499317219611839e-08 -1.6228796084760688e-11 -1.3515546015696600e-08
351 6.8457031250000000e-01 -1.3499231954483548e-08 -1.6115109247039072e-11 -1.3515347063730587e-08
352 6.8652343750000000e-01 -1.3499061424226966e-08 -1.6001422409317456e-11 -1.3515062846636283e-08
353 6.8847656250000000e-01 -1.3498976159098675e-08 -1.5859313862165436e-11 -1.3514835472960840e-08
354 6.9042968750000000e-01 -1.3498890893970383e-08 -1.5802470443304628e-11 -1.3514693364413688e-08
355 6.9238281250000000e-01 -1.3498834050551523e-08 -1.5688783605583012e-11 -1.3514522834157106e-08
356 6.9433593750000000e-01 -1.3498635098585510e-08 -1.5546675058430992e-11 -1.3514181773643941e-08
357 6.9628906250000000e-01 -1.3498606676876079e-08 -1.5461409930139780e-11 -1.3514068086806219e-08
358 6.9824218750000000e-01 -1.3498492990038358e-08 -1.5319301382987760e-11 -1.3513812291421345e-08
359 7.0019531250000000e-01 -1.3498265616362914e-08 -1.5205614545266144e-11 -1.3513471230908181e-08
360 7.0214843750000000e-01 -1.3498180351234623e-08 -1.5091927707544528e-11 -1.3513272278942168e-08
361 7.0410156250000000e-01 -1.3498095086106332e-08 -1.4978240869822912e-11 -1.3513073326976155e-08
362 7.0605468750000000e-01 -1.3497952977559180e-08 -1.4892975741531700e-11 -1.3512845953300712e-08
363 7.0800781250000000e-01 -1.3497896134140319e-08 -1.4779288903810084e-11 -1.3512675423044129e-08
364 7.0996093750000000e-01 -1.3497782447302598e-08 -1.4694023775518872e-11 -1.3512476471078116e-08
365 7.1191406250000000e-01 -1.3497725603883737e-08 -1.4551915228366852e-11 -1.3512277519112104e-08
366 7.1386718750000000e-01 -1.3497526651917724e-08 -1.4409806681214832e-11 -1.3511936458598939e-08
367 7.1582031250000000e-01 -1.3497498230208294e-08 -1.4296119843493216e-11 -1.3511794350051787e-08
368 7.1777343750000000e-01 -1.3497214013113989e-08 -1.4125589586910792e-11 -1.3511339602700900e-08
369 7.1972656250000000e-01 -1.3497128747985698e-08 -1.4040324458619580e-11 -1.3511169072444318e-08
370 7.2167968750000000e-01 -1.3497043482857407e-08 -1.3955059330328368e-11 -1.3510998542187735e-08
371 7.2363281250000000e-01 -1.3496929796019685e-08 -1.3812950783176348e-11 -1.3510742746802862e-08
372 7.2558593750000000e-01 -1.3496844530891394e-08 -1.3699263945454732e-11 -1.3510543794836849e-08
373 7.2753906250000000e-01 -1.3496702422344242e-08 -1.3557155398302712e-11 -1.3510259577742545e-08
374 7.2949218750000000e-01 -1.3496617157215951e-08 -1.3471890270011500e-11 -1.3510089047485963e-08
375 7.3144531250000000e-01 -1.3496475048668799e-08 -1.3358203432289883e-11 -1.3509833252101089e-08
376 7.3339843750000000e-01 -1.3496276096702786e-08 -1.3187673175707459e-11 -1.3509463769878494e-08
377 7.3535156250000000e-01 -1.3496247674993356e-08 -1.3073986337985843e-11 -1.3509321661331342e-08
378 7.3730468750000000e-01 -1.3496077144736773e-08 -1.2960299500264227e-11 -1.3509037444237038e-08
379 7.3925781250000000e-01 -1.3495963457899052e-08 -1.2818190953112207e-11 -1.3508781648852164e-08
380 7.4121093750000000e-01 -1.3495849771061330e-08 -1.2704504115390591e-11 -1.3508554275176721e-08
381 7.4316406250000000e-01 -1.3495707662514178e-08 -1.2590817277668975e-11 -1.3508298479791847e-08
382 7.4511718750000000e-01 -1.3495565553967026e-08 -1.2420287021086551e-11 -1.3507985840988113e-08
383 7.4707031250000000e-01 -1.3495423445419874e-08 -1.2306600183364935e-11 -1.3507730045603239e-08
384 7.4902343750000000e-01 -1.3495309758582152e-08 -1.2192913345643319e-11 -1.3507502671927796e-08
385 7.5097656250000000e-01 -1.3495224493453861e-08 -1.2079226507921703e-11 -1.3507303719961783e-08
386 7.5292968750000000e-01 -1.3495053963197279e-08 -1.1965539670200087e-11 -1.3507019502867479e-08
387 7.5488281250000000e-01 -1.3494997119778418e-08 -1.1823431123048067e-11 -1.3506820550901466e-08
388 7.5683593750000000e-01 -1.3494826589521836e-08 -1.1709744285326451e-11 -1.3506536333807162e-08
389 7.5878906250000000e-01 -1.3494769746102975e-08 -1.1567635738174431e-11 -1.3506337381841149e-08
390 7.6074218750000000e-01 -1.3494570794136962e-08 -1.1453948900452815e-11 -1.3506024743037415e-08
391 7.6269531250000000e-01 -1.3494428685589810e-08 -1.1311840353300795e-11 -1.3505740525943111e-08
392 7.6464843750000000e-01 -1.3494314998752088e-08 -1.1198153515579179e-11 -1.3505513152267667e-08
393 7.6660156250000000e-01 -1.3494172890204936e-08 -1.1027623258996755e-11 -1.3505200513463933e-08
394 7.6855468750000000e-01 -1.3494059203367215e-08 -1.0942358130705543e-11 -1.3505001561497920e-08
395 7.7050781250000000e-01 -1.3493917094820063e-08 -1.0800249583553523e-11 -1.3504717344403616e-08
396 7.7246093750000000e-01 -1.3493803407982341e-08 -1.0686562745831907e-11 -1.3504489970728173e-08
397 7.7441406250000000e-01 -1.3493661299435189e-08 -1.0544454198679887e-11 -1.3504205753633869e-08
398 7.7636718750000000e-01 -1.3493490769178607e-08 -1.0430767360958271e-11 -1.3503921536539565e-08
399 7.7832031250000000e-01 -1.3493405504050315e-08 -1.0288658813806251e-11 -1.3503694162864122e-08
400 7.8027343750000000e-01 -1.3493291817212594e-08 -1.0174971976084635e-11 -1.3503466789188678e-08
401 7.8222656250000000e-01 -1.3493121286956011e-08 -1.0032863428932615e-11 -1.3503154150384944e-08
402 7.8417968750000000e-01 -1.3493007600118290e-08 -9.8907548817805946e-12 -1.3502898355000070e-08
403 7.8613281250000000e-01 -1.3492893913280568e-08 -9.7628571893437766e-12 -1.3502656770469912e-08
404 7.8808593750000000e-01 -1.3492766015588131e-08 -9.6349594969069585e-12 -1.3502400975085038e-08
405 7.9003906250000000e-01 -1.3492623907040979e-08 -9.4928509497549385e-12 -1.3502116757990734e-08
406 7.9199218750000000e-01 -1.3492481798493827e-08 -9.3791641120333225e-12 -1.3501860962605861e-08
407 7.9394531250000000e-01 -1.3492410744220251e-08 -9.2654772743117064e-12 -1.3501676221494563e-08
408 7.9589843750000000e-01 -1.3492268635673099e-08 -9.1233687271596864e-12 -1.3501392004400259e-08
409 7.9785156250000000e-01 -1.3492112316271232e-08 -8.9812601800076663e-12 -1.3501093576451240e-08
410 7.9980468750000000e-01 -1.3491984418578795e-08 -8.8533624875708483e-12 -1.3500837781066366e-08
411 8.0175781250000000e-01 -1.3491856520886358e-08 -8.7396756498492323e-12 -1.3500596196536208e-08
412 8.0371093750000000e-01 -1.3491728623193922e-08 -8.6117779574124143e-12 -1.3500340401151334e-08
413 8.0566406250000000e-01 -1.3491614936356200e-08 -8.4696694102603942e-12 -1.3500084605766460e-08
414 8.0761718750000000e-01 -1.3491458616954333e-08 -8.3417717178235762e-12 -1.3499800388672156e-08
415 8.0957031250000000e-01 -1.3491344930116611e-08 -8.1996631706715561e-12 -1.3499544593287283e-08
416 8.1152343750000000e-01 -1.3491231243278889e-08 -8.1001871876651421e-12 -1.3499331430466555e-08
417 8.1347656250000000e-01 -1.3491074923877022e-08 -7.9580786405131221e-12 -1.3499033002517535e-08
418 8.1542968750000000e-01 -1.3490975447894016e-08 -7.8301809480763040e-12 -1.3498805628842092e-08
419 8.1738281250000000e-01 -1.3490847550201579e-08 -7.7022832556394860e-12 -1.3498549833457218e-08
420 8.1933593750000000e-01 -1.3490719652509142e-08 -7.5743855632026680e-12 -1.3498294038072345e-08
421 8.2128906250000000e-01 -1.3490577543961990e-08 -7.4464878707658499e-12 -1.3498024031832756e-08
422 8.2324218750000000e-01 -1.3490435435414838e-08 -7.3043793236138299e-12 -1.3497739814738452e-08
423 8.2519531250000000e-01 -1.3490293326867686e-08 -7.1906924858922139e-12 -1.3497484019353578e-08
424 8.2714843750000000e-01 -1.3490193850884680e-08 -7.0770056481705979e-12 -1.3497270856532850e-08
425 8.2910156250000000e-01 -1.3490065953192243e-08 -6.9491079557337798e-12 -1.3497015061147977e-08
426 8.3105468750000000e-01 -1.3489923844645091e-08 -6.7927885538665578e-12 -1.3496716633198957e-08
427 8.3300781250000000e-01 -1.3489795946952654e-08 -6.6791017161449417e-12 -1.3496475048668799e-08
428 8.3496093750000000e-01 -1.3489653838405502e-08 -6.5512040237081237e-12 -1.3496205042429210e-08
429 8.3691406250000000e-01 -1.3489568573277211e-08 -6.4375171859865077e-12 -1.3496006090463197e-08
430 8.3886718750000000e-01 -1.3489454886439489e-08 -6.3238303482648917e-12 -1.3495778716787754e-08
431 8.4082031250000000e-01 -1.3489312777892337e-08 -6.1959326558280736e-12 -1.3495508710548165e-08
432 8.4277343750000000e-01 -1.3489199091054616e-08 -6.0680349633912556e-12 -1.3495267126018007e-08
433 8.4472656250000000e-01 -1.3489071193362179e-08 -5.9401372709544376e-12 -1.3495011330633133e-08
434 8.4667968750000000e-01 -1.3488957506524457e-08 -5.8264504332328215e-12 -1.3494783956957690e-08
435 8.4863281250000000e-01 -1.3488815397977305e-08 -5.6985527407960035e-12 -1.3494513950718101e-08
436 8.5058593750000000e-01 -1.3488701711139583e-08 -5.5848659030743875e-12 -1.3494286577042658e-08
437 8.5253906250000000e-01 -1.3488602235156577e-08 -5.4711790653527714e-12 -1.3494073414221930e-08
438 8.5449218750000000e-01 -1.3488445915754710e-08 -5.3432813729159534e-12 -1.3493789197127626e-08
439 8.5644531250000000e-01 -1.3488332228916988e-08 -5.2295945351943374e-12 -1.3493561823452183e-08
440 8.5839843750000000e-01 -1.3488218542079267e-08 -5.0874859880423173e-12 -1.3493306028067309e-08
441 8.6035156250000000e-01 -1.3488104855241545e-08 -4.9880100050359033e-12 -1.3493092865246581e-08
442 8.6230468750000000e-01 -1.3488005379258539e-08 -4.8743231673142873e-12 -1.3492879702425853e-08
443 8.6425781250000000e-01 -1.3487898797848175e-08 -4.7606363295926712e-12 -1.3492659434177767e-08
444 8.6621093750000000e-01 -1.3487778005583095e-08 -4.6398440645134542e-12 -1.3492417849647609e-08
445 8.6816406250000000e-01 -1.3487657213318016e-08 -4.5332626541494392e-12 -1.3492190475972166e-08
446 8.7011718750000000e-01 -1.3487536421052937e-08 -4.4053649617126212e-12 -1.3491941786014650e-08
447 8.7207031250000000e-01 -1.3487429839642573e-08 -4.2987835513486061e-12 -1.3491728623193922e-08
448 8.7402343750000000e-01 -1.3487323258232209e-08 -4.1850967136269901e-12 -1.3491508354945836e-08
449 8.7597656250000000e-01 -1.3487202465967130e-08 -4.0785153032629751e-12 -1.3491280981270393e-08
450 8.7792968750000000e-01 -1.3487095884556766e-08 -3.9648284655413590e-12 -1.3491060713022307e-08
451 8.7988281250000000e-01 -1.3486982197719044e-08 -3.8582470551773440e-12 -1.3490840444774221e-08
452 8.8183593750000000e-01 -1.3486875616308680e-08 -3.7516656448133290e-12 -1.3490627281953493e-08
453 8.8378906250000000e-01 -1.3486769034898316e-08 -3.6450842344493140e-12 -1.3490414119132765e-08
454 8.8574218750000000e-01 -1.3486669558915310e-08 -3.5385028240852989e-12 -1.3490208061739395e-08
455 8.8769531250000000e-01 -1.3486570082932303e-08 -3.4248159863636829e-12 -1.3489994898918667e-08
456 8.8964843750000000e-01 -1.3486449290667224e-08 -3.3324454307148699e-12 -1.3489781736097939e-08
457 8.9160156250000000e-01 -1.3486356920111575e-08 -3.2187585929932538e-12 -1.3489575678704568e-08
458 8.9355468750000000e-01 -1.3486243233273854e-08 -3.1263880373444408e-12 -1.3489369621311198e-08
459 8.9550781250000000e-01 -1.3486157968145562e-08 -3.0269120543380268e-12 -1.3489184880199900e-08
460 8.9746093750000000e-01 -1.3486044281307841e-08 -2.9203306439740118e-12 -1.3488964611951815e-08
461 8.9941406250000000e-01 -1.3485966121606907e-08 -2.8350655156827997e-12 -1.3488801187122590e-08
462 9.0136718750000000e-01 -1.3485852434769185e-08 -2.7284841053187847e-12 -1.3488580918874504e-08
463 9.0332031250000000e-01 -1.3485781380495609e-08 -2.6361135496699717e-12 -1.3488417494045279e-08
464 9.0527343750000000e-01 -1.3485667693657888e-08 -2.5437429940211587e-12 -1.3488211436651909e-08
465 9.0722656250000000e-01 -1.3485568217674881e-08 -2.4442670110147446e-12 -1.3488012484685896e-08
466 9.0917968750000000e-01 -1.3485486505260269e-08 -2.3590018827235326e-12 -1.3487845507142993e-08
467 9.1113281250000000e-01 -1.3485387029277263e-08 -2.2666313270747196e-12 -1.3487653660604337e-08
468 9.1308593750000000e-01 -1.3485301764148971e-08 -2.1707080577471061e-12 -1.3487472472206719e-08
469 9.1503906250000000e-01 -1.3485220051734359e-08 -2.0889956431346945e-12 -1.3487309047377494e-08
470 9.1699218750000000e-01 -1.3485124128465031e-08 -2.0001778011646820e-12 -1.3487124306266196e-08
471 9.1894531250000000e-01 -1.3485045968764098e-08 -1.9149126728734700e-12 -1.3486960881436971e-08
472 9.2089843750000000e-01 -1.3484953598208449e-08 -1.8332002582610585e-12 -1.3486786798466710e-08
473 9.2285156250000000e-01 -1.3484878991221194e-08 -1.7514878436486470e-12 -1.3486630479064843e-08
474 9.2480468750000000e-01 -1.3484797278806582e-08 -1.6697754290362354e-12 -1.3486467054235618e-08
475 9.2675781250000000e-01 -1.3484722671819327e-08 -1.5916157281026244e-12 -1.3486314287547430e-08
476 9.2871093750000000e-01 -1.3484637406691036e-08 -1.5134560271690134e-12 -1.3486150862718205e-08
477 9.3066406250000000e-01 -1.3484569905131139e-08 -1.4388490399142029e-12 -1.3486008754171053e-08
478 9.3261718750000000e-01 -1.3484488192716526e-08 -1.3642420526593924e-12 -1.3485852434769185e-08
479 9.3457031250000000e-01 -1.3484417138442950e-08 -1.2896350654045818e-12 -1.3485706773508355e-08
480 9.3652343750000000e-01 -1.3484349636883053e-08 -1.2203571486679721e-12 -1.3485569994031721e-08
481 9.3847656250000000e-01 -1.3484280358966316e-08 -1.1510792319313623e-12 -1.3485431438198248e-08
482 9.4042968750000000e-01 -1.3484212857406419e-08 -1.0835776720341528e-12 -1.3485296435078453e-08
483 9.4238281250000000e-01 -1.3484147132203361e-08 -1.0196288258157438e-12 -1.3485166761029177e-08
484 9.4433593750000000e-01 -1.3484083183357143e-08 -9.5390362275793450e-13 -1.3485037086979901e-08
485 9.4628906250000000e-01 -1.3484022787224603e-08 -8.9528384705772623e-13 -1.3484918071071661e-08
486 9.4824218750000000e-01 -1.3483962391092064e-08 -8.3311135767871747e-13 -1.3484795502449742e-08
487 9.5019531250000000e-01 -1.3483903771316363e-08 -7.7449158197850920e-13 -1.3484678262898342e-08
488 9.5214843750000000e-01 -1.3483845151540663e-08 -7.1764816311770119e-13 -1.3484562799703781e-08
489 9.5410156250000000e-01 -1.3483790084478642e-08 -6.6258110109629342e-13 -1.3484452665579738e-08
490 9.5605468750000000e-01 -1.3483737681951879e-08 -6.1017857433398603e-13 -1.3484347860526213e-08
491 9.5800781250000000e-01 -1.3483687943960376e-08 -5.5955240441107890e-13 -1.3484247496364787e-08
492 9.5996093750000000e-01 -1.3483639094147293e-08 -5.0981441290787188e-13 -1.3484148908560201e-08
493 9.6191406250000000e-01 -1.3483593797047888e-08 -4.6362913508346537e-13 -1.3484057426182972e-08
494 9.6386718750000000e-01 -1.3483547611770064e-08 -4.1922021409845911e-13 -1.3483966831984162e-08
495 9.6582031250000000e-01 -1.3483505867384338e-08 -3.7658764995285310e-13 -1.3483882455034291e-08
496 9.6777343750000000e-01 -1.3483463234820192e-08 -3.3573144264664734e-13 -1.3483798966262839e-08
497 9.6972656250000000e-01 -1.3483426819504984e-08 -2.9753977059954195e-13 -1.3483724359275584e-08
498 9.7167968750000000e-01 -1.3483390404189777e-08 -2.6201263381153694e-13 -1.3483652416823588e-08
499 9.7363281250000000e-01 -1.3483356209320618e-08 -2.2826185386293218e-13 -1.3483584471174481e-08
500 9.7558593750000000e-01 -1.3483324678986719e-08 -1.9628743075372768e-13 -1.3483520966417473e-08
501 9.7753906250000000e-01 -1.3483294036831239e-08 -1.6608936448392342e-13 -1.3483460126195723e-08
502 9.7949218750000000e-01 -1.3483267391478648e-08 -1.3944401189291966e-13 -1.3483406835490541e-08
503 9.8144531250000000e-01 -1.3483242744527502e-08 -1.1435297153639112e-13 -1.3483357097499038e-08
504 9.8339843750000000e-01 -1.3483220540067009e-08 -9.2148511043887993e-14 -1.3483312688578053e-08
505 9.8535156250000000e-01 -1.3483200111963356e-08 -7.1942451995710144e-14 -1.3483272054415352e-08
506 9.8730468750000000e-01 -1.3483182348394962e-08 -5.4289905904170155e-14 -1.3483236638300866e-08
507 9.8925781250000000e-01 -1.3483167249361827e-08 -3.9079850466805510e-14 -1.3483206329212294e-08
508 9.9121093750000000e-01 -1.3483154481797044e-08 -2.6145752229922437e-14 -1.3483180627549274e-08
509 9.9316406250000000e-01 -1.3483144212234066e-08 -1.5931700403370996e-14 -1.3483160143934469e-08
510 9.9511718750000000e-01 -1.3483136371283955e-08 -8.1462614431870861e-15 -1.3483144517545398e-08
511 9.9707031250000000e-01 -1.3483131160174633e-08 -2.9490299091605721e-15 -1.3483134109204542e-08
512 9.9902343750000000e-01 1.7123572836592145e-06 -3.2873009869760494e-16 1.7123572833304844e-06
