# P x_center tau_U tau_V tau_Psi
1 3.9062500000000000e-03 2.6750526054780330e-05 -3.3445121672137645e-13 2.6750525720329113e-05
2 1.1718750000000000e-02 -8.6292316914260425e-07 -2.9630187192708490e-12 -8.6292613216132352e-07
3 1.9531250000000000e-02 -8.6292830708822876e-07 -8.1010198549336110e-12 -8.6293640810808370e-07
4 2.7343750000000000e-02 -8.6293583190233392e-07 -1.5625944982389228e-11 -8.6295145784731631e-07
5 3.5156250000000000e-02 -8.6294562362532190e-07 -2.5417445925768334e-11 -8.6297104107124767e-07
6 4.2968750000000000e-02 -8.6295756251963951e-07 -3.7356562287982342e-11 -8.6299491908192749e-07
7 5.0781250000000000e-02 -8.6297153334413679e-07 -5.1327830874470237e-11 -8.6302286117501126e-07
8 5.8593750000000000e-02 -8.6298742152379759e-07 -6.7215122356856227e-11 -8.6305463664615445e-07
9 6.6406250000000000e-02 -8.6300511359382881e-07 -8.4907192388072872e-11 -8.6309002078621688e-07
10 7.4218750000000000e-02 -8.6302449897601718e-07 -1.0429435093328721e-10 -8.6312879332695047e-07
11 8.2031250000000000e-02 -8.6304547153304156e-07 -1.2526424342240716e-10 -8.6317073577646397e-07
12 8.9843750000000000e-02 -8.6306791935442106e-07 -1.4771295298032783e-10 -8.6321563230740139e-07
13 9.7656250000000000e-02 -8.6309174029963742e-07 -1.7153567455352459e-10 -8.6326327597419095e-07
14 1.0546875000000000e-01 -8.6311683666906447e-07 -1.9662849126689252e-10 -8.6331346516033136e-07
15 1.1328125000000000e-01 -8.6314310010493500e-07 -2.2289370349426463e-10 -8.6336599380842927e-07
16 1.2109375000000000e-01 -8.6317043290762285e-07 -2.5023005889579508e-10 -8.6342066296651865e-07
17 1.2890625000000000e-01 -8.6319874625928605e-07 -2.7853985784531687e-10 -8.6347728611713137e-07
18 1.3671875000000000e-01 -8.6322794068394160e-07 -3.0773250614402059e-10 -8.6353567319008562e-07
19 1.4453125000000000e-01 -8.6325791670560648e-07 -3.3771030416573922e-10 -8.6359562700977222e-07
20 1.5234375000000000e-01 -8.6328858373008188e-07 -3.6838443406850274e-10 -8.6365696816415038e-07
21 1.6015625000000000e-01 -8.6331987247945108e-07 -3.9966607801034115e-10 -8.6371953855746142e-07
22 1.6796875000000000e-01 -8.6335167637230370e-07 -4.3146997086296324e-10 -8.6378314634316666e-07
23 1.7578125000000000e-01 -8.6338391369622514e-07 -4.6370729478439898e-10 -8.6384762099100953e-07
24 1.8359375000000000e-01 -8.6341650273880077e-07 -4.9629633736003598e-10 -8.6391279907616081e-07
25 1.9140625000000000e-01 -8.6344936534032968e-07 -5.2915893888894061e-10 -8.6397852427921862e-07
26 1.9921875000000000e-01 -8.6348242334111092e-07 -5.6220628152914287e-10 -8.6404462962264006e-07
27 2.0703125000000000e-01 -8.6351558437058884e-07 -5.9537796914810315e-10 -8.6411096233973694e-07
28 2.1484375000000000e-01 -8.6354879869077195e-07 -6.2859584204488783e-10 -8.6417739453281683e-07
29 2.2265625000000000e-01 -8.6358198103653194e-07 -6.6177818780488451e-10 -8.6424375922433683e-07
30 2.3046875000000000e-01 -8.6361504259002686e-07 -6.9483974129980197e-10 -8.6430988233132666e-07
31 2.3828125000000000e-01 -8.6364796203497463e-07 -7.2774497539285221e-10 -8.6437570701036748e-07
32 2.4609375000000000e-01 -8.6368061147368280e-07 -7.6041573038310162e-10 -8.6444102720406590e-07
33 2.5390625000000000e-01 -8.6371299090615139e-07 -7.9276674114225898e-10 -8.6450575764729365e-07
34 2.6171875000000000e-01 -8.6374496532926059e-07 -8.2475537510617869e-10 -8.6456972070436677e-07
35 2.6953125000000000e-01 -8.6377652763758306e-07 -8.5632478885599994e-10 -8.6463285242643906e-07
36 2.7734375000000000e-01 -8.6380758546056313e-07 -8.8738261183607392e-10 -8.6469496807239921e-07
37 2.8515625000000000e-01 -8.6383811748191874e-07 -9.1791463319168543e-10 -8.6475603211511043e-07
38 2.9296875000000000e-01 -8.6386803133109424e-07 -9.4782848236718564e-10 -8.6481585981346143e-07
39 3.0078125000000000e-01 -8.6389731279723492e-07 -9.7710284308050177e-10 -8.6487441564031542e-07
40 3.0859375000000000e-01 -8.6392586950978512e-07 -1.0056595556307002e-09 -8.6493152906541582e-07
41 3.1640625000000000e-01 -8.6395367304703541e-07 -1.0334701983083505e-09 -8.6498714324534376e-07
42 3.2421875000000000e-01 -8.6398068077642165e-07 -1.0604779276945919e-09 -8.6504115870411624e-07
43 3.3203125000000000e-01 -8.6400683585452498e-07 -1.0866330057979212e-09 -8.6509346886032290e-07
44 3.3984375000000000e-01 -8.6403210275420861e-07 -1.1119070109089080e-09 -8.6514400976511752e-07
45 3.4765625000000000e-01 -8.6405643884290839e-07 -1.1362288887539762e-09 -8.6519266773166237e-07
46 3.5546875000000000e-01 -8.6407979438263283e-07 -1.1595844284784107e-09 -8.6523937881111124e-07
47 3.6328125000000000e-01 -8.6410214805709984e-07 -1.1819381029454235e-09 -8.6528408616004526e-07
48 3.7109375000000000e-01 -8.6412345012831793e-07 -1.2032401741635113e-09 -8.6532669030248144e-07
49 3.7890625000000000e-01 -8.6414367928000502e-07 -1.2234693258506013e-09 -8.6536714860585562e-07
50 3.8671875000000000e-01 -8.6416278577416961e-07 -1.2425687145878328e-09 -8.6540535448875744e-07
51 3.9453125000000000e-01 -8.6418074829452962e-07 -1.2605454458025633e-09 -8.6544129374033218e-07
52 4.0234375000000000e-01 -8.6419754552480299e-07 -1.2773426760759321e-09 -8.6547488820087892e-07
53 4.1015625000000000e-01 -8.6421314904328028e-07 -1.2929604054079391e-09 -8.6550610944868822e-07
54 4.1796875000000000e-01 -8.6422754463910678e-07 -1.3073560012344387e-09 -8.6553490064034122e-07
55 4.2578125000000000e-01 -8.6424070389057306e-07 -1.3205152527007158e-09 -8.6556121914327377e-07
56 4.3359375000000000e-01 -8.6425258416511497e-07 -1.3323813163879095e-09 -8.6558496548150288e-07
57 4.4140625000000000e-01 -8.6426321388444194e-07 -1.3430110357148806e-09 -8.6560622492015682e-07
58 4.4921875000000000e-01 -8.6427255041598983e-07 -1.3523475672627683e-09 -8.6562489798325259e-07
59 4.5703125000000000e-01 -8.6428057954890392e-07 -1.3603624893221422e-09 -8.6564094203822606e-07
60 4.6484375000000000e-01 -8.6428724443976535e-07 -1.3670558018930024e-09 -8.6565430024165835e-07
61 4.7265625000000000e-01 -8.6429265877541184e-07 -1.3724275049753487e-09 -8.6566508628038719e-07
62 4.8046875000000000e-01 -8.6429666623644152e-07 -1.3764775985691813e-09 -8.6567314383501071e-07
63 4.8828125000000000e-01 -8.6429936629883741e-07 -1.3791634501103545e-09 -8.6567852974894777e-07
64 4.9609375000000000e-01 -8.6430070211918064e-07 -1.3805134813082987e-09 -8.6568121560048894e-07
65 5.0390625000000000e-01 -8.6430070211918064e-07 -1.3805134813082987e-09 -8.6568121560048894e-07
66 5.1171875000000000e-01 -8.6429936629883741e-07 -1.3791634501103545e-09 -8.6567852974894777e-07
67 5.1953125000000000e-01 -8.6429666623644152e-07 -1.3764775985691813e-09 -8.6567314383501071e-07
68 5.2734375000000000e-01 -8.6429264456455712e-07 -1.3724275049753487e-09 -8.6566507206953247e-07
69 5.3515625000000000e-01 -8.6428724443976535e-07 -1.3670558018930024e-09 -8.6565430024165835e-07
70 5.4296875000000000e-01 -8.6428057954890392e-07 -1.3603624893221422e-09 -8.6564094203822606e-07
71 5.5078125000000000e-01 -8.6427255041598983e-07 -1.3523475672627683e-09 -8.6562489798325259e-07
72 5.5859375000000000e-01 -8.6426321388444194e-07 -1.3430110357148806e-09 -8.6560622492015682e-07
73 5.6640625000000000e-01 -8.6425258416511497e-07 -1.3323813163879095e-09 -8.6558496548150288e-07
74 5.7421875000000000e-01 -8.6424070389057306e-07 -1.3205152527007158e-09 -8.6556121914327377e-07
75 5.8203125000000000e-01 -8.6422754463910678e-07 -1.3073560012344387e-09 -8.6553490064034122e-07
76 5.8984375000000000e-01 -8.6421316325413500e-07 -1.2929604054079391e-09 -8.6550612365954294e-07
77 5.9765625000000000e-01 -8.6419754552480299e-07 -1.2773426760759321e-09 -8.6547488820087892e-07
78 6.0546875000000000e-01 -8.6418073408367491e-07 -1.2605454458025633e-09 -8.6544127952947747e-07
79 6.1328125000000000e-01 -8.6416277866874225e-07 -1.2425687145878328e-09 -8.6540534738333008e-07
80 6.2109375000000000e-01 -8.6414367928000502e-07 -1.2234693258506013e-09 -8.6536714860585562e-07
81 6.2890625000000000e-01 -8.6412345723374528e-07 -1.2032401741635113e-09 -8.6532669740790880e-07
82 6.3671875000000000e-01 -8.6410214805709984e-07 -1.1819381029454235e-09 -8.6528408616004526e-07
83 6.4453125000000000e-01 -8.6407979438263283e-07 -1.1595844284784107e-09 -8.6523937881111124e-07
84 6.5234375000000000e-01 -8.6405643884290839e-07 -1.1362288887539762e-09 -8.6519266773166237e-07
85 6.6015625000000000e-01 -8.6403210275420861e-07 -1.1119070109089080e-09 -8.6514400976511752e-07
86 6.6796875000000000e-01 -8.6400683585452498e-07 -1.0866330057979212e-09 -8.6509346886032290e-07
87 6.7578125000000000e-01 -8.6398068077642165e-07 -1.0604779276945919e-09 -8.6504115870411624e-07
88 6.8359375000000000e-01 -8.6395367304703541e-07 -1.0334701983083505e-09 -8.6498714324534376e-07
89 6.9140625000000000e-01 -8.6392586950978512e-07 -1.0056595556307002e-09 -8.6493152906541582e-07
90 6.9921875000000000e-01 -8.6389731279723492e-07 -9.7710284308050177e-10 -8.6487441564031542e-07
91 7.0703125000000000e-01 -8.6386803133109424e-07 -9.4782848236718564e-10 -8.6481585981346143e-07
92 7.1484375000000000e-01 -8.6383811748191874e-07 -9.1791463319168543e-10 -8.6475603211511043e-07
93 7.2265625000000000e-01 -8.6380758546056313e-07 -8.8738261183607392e-10 -8.6469496807239921e-07
94 7.3046875000000000e-01 -8.6377652763758306e-07 -8.5632478885599994e-10 -8.6463285242643906e-07
95 7.3828125000000000e-01 -8.6374495822383324e-07 -8.2475537510617869e-10 -8.6456971359893942e-07
96 7.4609375000000000e-01 -8.6371299090615139e-07 -7.9276674114225898e-10 -8.6450575764729365e-07
97 7.5390625000000000e-01 -8.6368061147368280e-07 -7.6041573038310162e-10 -8.6444102720406590e-07
98 7.6171875000000000e-01 -8.6364796203497463e-07 -7.2774497539285221e-10 -8.6437570701036748e-07
99 7.6953125000000000e-01 -8.6361504259002686e-07 -6.9483974129980197e-10 -8.6430988233132666e-07
100 7.7734375000000000e-01 -8.6358198103653194e-07 -6.6177818780488451e-10 -8.6424375922433683e-07
101 7.8515625000000000e-01 -8.6354879869077195e-07 -6.2859584204488783e-10 -8.6417739453281683e-07
102 7.9296875000000000e-01 -8.6351559147601620e-07 -5.9537796914810315e-10 -8.6411096944516430e-07
103 8.0078125000000000e-01 -8.6348241978839724e-07 -5.6220628152914287e-10 -8.6404462606992638e-07
104 8.0859375000000000e-01 -8.6344936534032968e-07 -5.2915893888894061e-10 -8.6397852427921862e-07
105 8.1640625000000000e-01 -8.6341650273880077e-07 -4.9629633736003598e-10 -8.6391279907616081e-07
106 8.2421875000000000e-01 -8.6338391369622514e-07 -4.6370729478439898e-10 -8.6384762099100953e-07
107 8.3203125000000000e-01 -8.6335167637230370e-07 -4.3146997086296324e-10 -8.6378314634316666e-07
108 8.3984375000000000e-01 -8.6331987247945108e-07 -3.9966607801034115e-10 -8.6371953855746142e-07
109 8.4765625000000000e-01 -8.6328858373008188e-07 -3.6838443406850274e-10 -8.6365696816415038e-07
110 8.5546875000000000e-01 -8.6325791670560648e-07 -3.3771030416573922e-10 -8.6359562700977222e-07
111 8.6328125000000000e-01 -8.6322793890758476e-07 -3.0773250614402059e-10 -8.6353567141372878e-07
112 8.7109375000000000e-01 -8.6319874625928605e-07 -2.7853985784531687e-10 -8.6347728611713137e-07
113 8.7890625000000000e-01 -8.6317043290762285e-07 -2.5023005889579508e-10 -8.6342066296651865e-07
114 8.8671875000000000e-01 -8.6314310010493500e-07 -2.2289370349426463e-10 -8.6336599380842927e-07
115 8.9453125000000000e-01 -8.6311683666906447e-07 -1.9662849126689252e-10 -8.6331346516033136e-07
116 9.0234375000000000e-01 -8.6309174029963742e-07 -1.7153567455352459e-10 -8.6326327597419095e-07
117 9.1015625000000000e-01 -8.6306792024259948e-07 -1.4771295298032783e-10 -8.6321563319557981e-07
118 9.1796875000000000e-01 -8.6304547153304156e-07 -1.2526424342240716e-10 -8.6317073577646397e-07
119 9.2578125000000000e-01 -8.6302449897601718e-07 -1.0429435093328721e-10 -8.6312879332695047e-07
120 9.3359375000000000e-01 -8.6300511359382881e-07 -8.4907192388072872e-11 -8.6309002078621688e-07
121 9.4140625000000000e-01 -8.6298742152379759e-07 -6.7215122356856227e-11 -8.6305463664615445e-07
122 9.4921875000000000e-01 -8.6297153245595837e-07 -5.1327830874470237e-11 -8.6302286028683284e-07
123 9.5703125000000000e-01 -8.6295756251963951e-07 -3.7356562287982342e-11 -8.6299491908192749e-07
124 9.6484375000000000e-01 -8.6294562362532190e-07 -2.5417445925768334e-11 -8.6297104107124767e-07
125 9.7265625000000000e-01 -8.6293583190233392e-07 -1.5625944982389228e-11 -8.6295145784731631e-07
126 9.8046875000000000e-01 -8.6292830708822876e-07 -8.1010198549336110e-12 -8.6293640810808370e-07
127 9.8828125000000000e-01 -8.6292316914260425e-07 -2.9630187192708490e-12 -8.6292613216132352e-07
128 9.9609375000000000e-01 2.6750526054780330e-05 -3.3445121672137645e-13 2.6750525720329113e-05
