# P x u_num u_exact u_err v_num v_exact v_err psi_num psi_exact psi_err
1 7.8125000000000000e-03 4.6145634874091740e-05 5.4367343766622214e-05 -8.2217088925304731e-06 5.3095473073119184e-05 5.4367343766622214e-05 -1.2718706935030299e-06 9.9241107947210924e-05 1.0873468753324443e-04 -9.4935795860335030e-06
2 2.3437500000000000e-02 4.6881643244639650e-04 4.7401622649769040e-04 -5.1997940512939038e-06 4.7304939194611859e-04 4.7401622649769040e-04 -9.6683455157181445e-07 9.4186582439251504e-04 9.4803245299538081e-04 -6.1666286028657724e-06
3 3.9062500000000000e-02 1.2726322688655157e-03 1.2749140427881882e-03 -2.2817739226725035e-06 1.2742301024625707e-03 1.2749140427881882e-03 -6.8394032561752173e-07 2.5468623713280863e-03 2.5498280855763764e-03 -2.9657142482900252e-06
4 5.4687500000000000e-02 2.4187595642442957e-03 2.4182293833634244e-03 5.3018088087136706e-07 2.4178074356924375e-03 2.4182293833634244e-03 -4.2194767098683791e-07 4.8365669999367328e-03 4.8364587667268488e-03 1.0823320988409546e-07
5 7.0312500000000000e-02 3.8696595299877313e-03 3.8664252192578651e-03 3.2343107298662792e-06 3.8662455630960164e-03 3.8664252192578651e-03 -1.7965616184870484e-07 7.7359050930837477e-03 7.7328504385157301e-03 3.0546545680175743e-06
6 8.5937500000000000e-02 5.5890881615836196e-03 5.5832589018151319e-03 5.8292597684877004e-06 5.5833029949738985e-03 5.5832589018151319e-03 4.4093158766550511e-08 1.1172391156557517e-02 1.1166517803630264e-02 5.8733529272533835e-06
7 1.0156250000000000e-01 7.5420962278936118e-03 7.5337821626880038e-03 8.3140652056079914e-06 7.5340325792203188e-03 7.5337821626880038e-03 2.5041653231496624e-07 1.5076128807113931e-02 1.5067564325376008e-02 8.5644817379229576e-06
8 1.1718750000000000e-01 9.6950292571589668e-03 9.6843411138384135e-03 1.0688143320553359e-05 9.6847815003057464e-03 9.6843411138384135e-03 4.4038646733295106e-07 1.9379810757464713e-02 1.9368682227676827e-02 1.1128529787886310e-05
9 1.3281250000000000e-01 1.2015527519912781e-02 1.2002576247537455e-02 1.2951272375326048e-05 1.2003191278468838e-02 1.2002576247537455e-02 6.1503093138313980e-07 2.4018718798381619e-02 2.4005152495074910e-02 1.3566303306709188e-05
10 1.4843750000000000e-01 1.4472526009011813e-02 1.4457422436365374e-02 1.5103572646439634e-05 1.4458197769105492e-02 1.4457422436365374e-02 7.7533274011817865e-07 2.8930723778117305e-02 2.8914844872730747e-02 1.5878905386557812e-05
11 1.6406250000000000e-01 1.7036254417022029e-02 1.7019108933211572e-02 1.7145483810456635e-05 1.7020031162348761e-02 1.7019108933211572e-02 9.2222913718881250e-07 3.4056285579370793e-02 3.4038217866423144e-02 1.8067712947648917e-05
12 1.7968750000000000e-01 1.9678237111224402e-02 1.9659159371274614e-02 1.9077739949788231e-05 1.9660215982824299e-02 1.9659159371274614e-02 1.0566115496851713e-06 3.9338453094048702e-02 3.9318318742549228e-02 2.0134351499473402e-05
13 1.9531250000000000e-01 2.2371293106519603e-02 2.2350391764062210e-02 2.0901342457392558e-05 2.2351571089574841e-02 2.2350391764062210e-02 1.1793255126311963e-06 4.4722864196094447e-02 4.4700783528124420e-02 2.2080667970027223e-05
14 2.1093750000000000e-01 2.5089536036537775e-02 2.5066918505391240e-02 2.2617531146535558e-05 2.5068209676135898e-02 2.5066918505391240e-02 1.2911707446584819e-06 5.0157745712673674e-02 5.0133837010782480e-02 2.3908701891194040e-05
15 2.2656250000000000e-01 2.7808374123267688e-02 2.7784146369387728e-02 2.4227753879960123e-05 2.7785539270751787e-02 2.7784146369387728e-02 1.3929013640591459e-06 5.5593913394019479e-02 5.5568292738775456e-02 2.5620655244022739e-05
16 2.4218750000000000e-01 3.0504510145538885e-02 3.0478776510486864e-02 2.5733635052021392e-05 3.0480261736709952e-02 3.0478776510486864e-02 1.4852262230878599e-06 6.0984771882248837e-02 6.0957553020973727e-02 2.7218861275109252e-05
17 2.5781250000000000e-01 3.3155941406674785e-02 3.3128804463432984e-02 2.7136943241801159e-05 3.3130373272795562e-02 3.3128804463432984e-02 1.5688093625773614e-06 6.6286314679470354e-02 6.6257608926865968e-02 2.8705752604385459e-05
18 2.7343750000000000e-01 3.5741959701681487e-02 3.5713520143279588e-02 2.8439558401899268e-05 3.5715164413823310e-02 3.5713520143279588e-02 1.6442705437214045e-06 7.1457124115504797e-02 7.1427040286559176e-02 3.0083828945620672e-05
19 2.8906250000000000e-01 3.8243151284283190e-02 3.8213507845389336e-02 2.9643438893854623e-05 3.8215220031257061e-02 3.8213507845389336e-02 1.7121858677249246e-06 7.6458371315540258e-02 7.6427015690778671e-02 3.1355624761586487e-05
20 3.0468750000000000e-01 4.0641396834155713e-02 4.0610646245434034e-02 3.0750588721678573e-05 4.0612419333884188e-02 4.0610646245434034e-02 1.7730884501535038e-06 8.1253816168039894e-02 8.1221292490868069e-02 3.2523677171825138e-05
21 3.2031250000000000e-01 4.2919871424679831e-02 4.2888108399394650e-02 3.1763025285180824e-05 4.2889935868533173e-02 4.2888108399394650e-02 1.8274691385225528e-06 8.5809807293212997e-02 8.5776216798789301e-02 3.3590494423696438e-05
22 3.3593750000000000e-01 4.5063044491534150e-02 4.5030361743561308e-02 3.2682747972842541e-05 4.5032237520818266e-02 4.5030361743561308e-02 1.8757772569585884e-06 9.0095282012352423e-02 9.0060723487122615e-02 3.4558525229808068e-05
23 3.5156250000000000e-01 4.7056679802426268e-02 4.7023168094533288e-02 3.3511707892980303e-05 4.7025086515899664e-02 4.7023168094533288e-02 1.9184213663758776e-06 9.4081766318325932e-02 9.4046336189066576e-02 3.5430129259356180e-05
24 3.6718750000000000e-01 4.8887835428268342e-02 4.8853583649219025e-02 3.4251779049317144e-05 4.8855539419229099e-02 4.8853583649219025e-02 1.9557700100744646e-06 9.7743374847497441e-02 9.7707167298438050e-02 3.6207549059391608e-05
25 3.8281250000000000e-01 5.0544863716041617e-02 5.0509958984836109e-02 3.4904731205508133e-05 5.0511947137295260e-02 5.0509958984836109e-02 1.9881524591508493e-06 1.0105681085333687e-01 1.0101991796967222e-01 3.6892883664652043e-05
26 3.9843750000000000e-01 5.2017411263636917e-02 5.1981939058911297e-02 3.5472204725620071e-05 5.1983954918319926e-02 5.1981939058911297e-02 2.0158594086286397e-06 1.0400136618195685e-01 1.0396387811782259e-01 3.7488064134255650e-05
27 4.1406250000000000e-01 5.3296418896877688e-02 5.3260463209280497e-02 3.5955687597191699e-05 5.3262502352919627e-02 5.3260463209280497e-02 2.0391436391306583e-06 1.0655892124979732e-01 1.0652092641856099e-01 3.7994831236329296e-05
28 4.2968750000000000e-01 5.4374121648947726e-02 5.4337765154088759e-02 3.6356494858967581e-05 5.4339823374707281e-02 5.4337765154088759e-02 2.0582206185226770e-06 1.0871394502365500e-01 1.0867553030817752e-01 3.8414715477483319e-05
29 4.4531250000000000e-01 5.5244048742403781e-02 5.5207372991790307e-02 3.6675750613474056e-05 5.5209446260830637e-02 5.5207372991790307e-02 2.0732690403299503e-06 1.1045349500323443e-01 1.1041474598358061e-01 3.8749019653810945e-05
30 4.6093750000000000e-01 5.5901023573937933e-02 5.5864109201148510e-02 3.6914372789423333e-05 5.5866193632433413e-02 5.5864109201148510e-02 2.0844312849030433e-06 1.1176721720637134e-01 1.1172821840229702e-01 3.8998804074319438e-05
31 4.7656250000000000e-01 5.6341163702022419e-02 5.6304090641235913e-02 3.7073060786506351e-05 5.6306182455034839e-02 5.6304090641235913e-02 2.0918137989267560e-06 1.1264734615705727e-01 1.1260818128247183e-01 3.9164874585440046e-05
32 4.9218750000000000e-01 5.6561880837553348e-02 5.6524728551434186e-02 3.7152286119161715e-05 5.6526824038813456e-02 5.6524728551434186e-02 2.0954873792694562e-06 1.1308870487636680e-01 1.1304945710286837e-01 3.9247773498424232e-05
33 5.0781250000000000e-01 5.6561880837553334e-02 5.6524728551434186e-02 3.7152286119147837e-05 5.6526824038813456e-02 5.6524728551434186e-02 2.0954873792694562e-06 1.1308870487636680e-01 1.1304945710286837e-01 3.9247773498424232e-05
34 5.2343750000000000e-01 5.6341163702022370e-02 5.6304090641235913e-02 3.7073060786457779e-05 5.6306182455034839e-02 5.6304090641235913e-02 2.0918137989267560e-06 1.1264734615705721e-01 1.1260818128247183e-01 3.9164874585384535e-05
35 5.3906250000000000e-01 5.5901023573937877e-02 5.5864109201148510e-02 3.6914372789367822e-05 5.5866193632433413e-02 5.5864109201148510e-02 2.0844312849030433e-06 1.1176721720637128e-01 1.1172821840229702e-01 3.8998804074263926e-05
36 5.5468750000000000e-01 5.5244048742403767e-02 5.5207372991790307e-02 3.6675750613460179e-05 5.5209446260830637e-02 5.5207372991790307e-02 2.0732690403299503e-06 1.1045349500323440e-01 1.1041474598358061e-01 3.8749019653783190e-05
37 5.7031250000000000e-01 5.4374121648947726e-02 5.4337765154088759e-02 3.6356494858967581e-05 5.4339823374707281e-02 5.4337765154088759e-02 2.0582206185226770e-06 1.0871394502365500e-01 1.0867553030817752e-01 3.8414715477483319e-05
38 5.8593750000000000e-01 5.3296418896877744e-02 5.3260463209280497e-02 3.5955687597247210e-05 5.3262502352919627e-02 5.3260463209280497e-02 2.0391436391306583e-06 1.0655892124979738e-01 1.0652092641856099e-01 3.7994831236384807e-05
39 6.0156250000000000e-01 5.2017411263637021e-02 5.1981939058911297e-02 3.5472204725724155e-05 5.1983954918319926e-02 5.1981939058911297e-02 2.0158594086286397e-06 1.0400136618195695e-01 1.0396387811782259e-01 3.7488064134352794e-05
40 6.1718750000000000e-01 5.0544863716041749e-02 5.0509958984836109e-02 3.4904731205639972e-05 5.0511947137295260e-02 5.0509958984836109e-02 1.9881524591508493e-06 1.0105681085333701e-01 1.0101991796967222e-01 3.6892883664790821e-05
41 6.3281250000000000e-01 4.8887835428268446e-02 4.8853583649219025e-02 3.4251779049421227e-05 4.8855539419229099e-02 4.8853583649219025e-02 1.9557700100744646e-06 9.7743374847497538e-02 9.7707167298438050e-02 3.6207549059488753e-05
42 6.4843750000000000e-01 4.7056679802426317e-02 4.7023168094533288e-02 3.3511707893028875e-05 4.7025086515899664e-02 4.7023168094533288e-02 1.9184213663758776e-06 9.4081766318325988e-02 9.4046336189066576e-02 3.5430129259411691e-05
43 6.6406250000000000e-01 4.5063044491534178e-02 4.5030361743561308e-02 3.2682747972870296e-05 4.5032237520818266e-02 4.5030361743561308e-02 1.8757772569585884e-06 9.0095282012352451e-02 9.0060723487122615e-02 3.4558525229835824e-05
44 6.7968750000000000e-01 4.2919871424679845e-02 4.2888108399394650e-02 3.1763025285194701e-05 4.2889935868533173e-02 4.2888108399394650e-02 1.8274691385225528e-06 8.5809807293213025e-02 8.5776216798789301e-02 3.3590494423724193e-05
45 6.9531250000000000e-01 4.0641396834155699e-02 4.0610646245434034e-02 3.0750588721664696e-05 4.0612419333884188e-02 4.0610646245434034e-02 1.7730884501535038e-06 8.1253816168039894e-02 8.1221292490868069e-02 3.2523677171825138e-05
46 7.1093750000000000e-01 3.8243151284283183e-02 3.8213507845389336e-02 2.9643438893847684e-05 3.8215220031257061e-02 3.8213507845389336e-02 1.7121858677249246e-06 7.6458371315540244e-02 7.6427015690778671e-02 3.1355624761572609e-05
47 7.2656250000000000e-01 3.5741959701681460e-02 3.5713520143279588e-02 2.8439558401871512e-05 3.5715164413823310e-02 3.5713520143279588e-02 1.6442705437214045e-06 7.1457124115504769e-02 7.1427040286559176e-02 3.0083828945592916e-05
48 7.4218750000000000e-01 3.3155941406674758e-02 3.3128804463432984e-02 2.7136943241773404e-05 3.3130373272795562e-02 3.3128804463432984e-02 1.5688093625773614e-06 6.6286314679470326e-02 6.6257608926865968e-02 2.8705752604357704e-05
49 7.5781250000000000e-01 3.0504510145538885e-02 3.0478776510486864e-02 2.5733635052021392e-05 3.0480261736709952e-02 3.0478776510486864e-02 1.4852262230878599e-06 6.0984771882248837e-02 6.0957553020973727e-02 2.7218861275109252e-05
50 7.7343750000000000e-01 2.7808374123267705e-02 2.7784146369387728e-02 2.4227753879977471e-05 2.7785539270751787e-02 2.7784146369387728e-02 1.3929013640591459e-06 5.5593913394019492e-02 5.5568292738775456e-02 2.5620655244036616e-05
51 7.8906250000000000e-01 2.5089536036537779e-02 2.5066918505391240e-02 2.2617531146539027e-05 2.5068209676135898e-02 2.5066918505391240e-02 1.2911707446584819e-06 5.0157745712673674e-02 5.0133837010782480e-02 2.3908701891194040e-05
52 8.0468750000000000e-01 2.2371293106519589e-02 2.2350391764062210e-02 2.0901342457378680e-05 2.2351571089574841e-02 2.2350391764062210e-02 1.1793255126311963e-06 4.4722864196094433e-02 4.4700783528124420e-02 2.2080667970013346e-05
53 8.2031250000000000e-01 1.9678237111224406e-02 1.9659159371274614e-02 1.9077739949791700e-05 1.9660215982824299e-02 1.9659159371274614e-02 1.0566115496851713e-06 3.9338453094048709e-02 3.9318318742549228e-02 2.0134351499480341e-05
54 8.3593750000000000e-01 1.7036254417022025e-02 1.7019108933211572e-02 1.7145483810453166e-05 1.7020031162348761e-02 1.7019108933211572e-02 9.2222913718881250e-07 3.4056285579370786e-02 3.4038217866423144e-02 1.8067712947641978e-05
55 8.5156250000000000e-01 1.4472526009011810e-02 1.4457422436365374e-02 1.5103572646436164e-05 1.4458197769105492e-02 1.4457422436365374e-02 7.7533274011817865e-07 2.8930723778117302e-02 2.8914844872730747e-02 1.5878905386554343e-05
56 8.6718750000000000e-01 1.2015527519912778e-02 1.2002576247537455e-02 1.2951272375322578e-05 1.2003191278468838e-02 1.2002576247537455e-02 6.1503093138313980e-07 2.4018718798381616e-02 2.4005152495074910e-02 1.3566303306705718e-05
57 8.8281250000000000e-01 9.6950292571589634e-03 9.6843411138384135e-03 1.0688143320549889e-05 9.6847815003057464e-03 9.6843411138384135e-03 4.4038646733295106e-07 1.9379810757464710e-02 1.9368682227676827e-02 1.1128529787882840e-05
58 8.9843750000000000e-01 7.5420962278936023e-03 7.5337821626880038e-03 8.3140652055984504e-06 7.5340325792203188e-03 7.5337821626880038e-03 2.5041653231496624e-07 1.5076128807113922e-02 1.5067564325376008e-02 8.5644817379142840e-06
59 9.1406250000000000e-01 5.5890881615836144e-03 5.5832589018151319e-03 5.8292597684824962e-06 5.5833029949738985e-03 5.5832589018151319e-03 4.4093158766550511e-08 1.1172391156557514e-02 1.1166517803630264e-02 5.8733529272499141e-06
60 9.2968750000000000e-01 3.8696595299877292e-03 3.8664252192578651e-03 3.2343107298641108e-06 3.8662455630960164e-03 3.8664252192578651e-03 -1.7965616184870484e-07 7.7359050930837451e-03 7.7328504385157301e-03 3.0546545680149723e-06
61 9.4531250000000000e-01 2.4187595642442940e-03 2.4182293833634244e-03 5.3018088086963233e-07 2.4178074356924375e-03 2.4182293833634244e-03 -4.2194767098683791e-07 4.8365669999367311e-03 4.8364587667268488e-03 1.0823320988236074e-07
62 9.6093750000000000e-01 1.2726322688655129e-03 1.2749140427881882e-03 -2.2817739226753224e-06 1.2742301024625707e-03 1.2749140427881882e-03 -6.8394032561752173e-07 2.5468623713280833e-03 2.5498280855763764e-03 -2.9657142482930610e-06
63 9.7656250000000000e-01 4.6881643244639395e-04 4.7401622649769040e-04 -5.1997940512964517e-06 4.7304939194611859e-04 4.7401622649769040e-04 -9.6683455157181445e-07 9.4186582439251254e-04 9.4803245299538081e-04 -6.1666286028682661e-06
64 9.9218750000000000e-01 4.6145634874089857e-05 5.4367343766622214e-05 -8.2217088925323569e-06 5.3095473073118560e-05 5.4367343766622214e-05 -1.2718706935036534e-06 9.9241107947208417e-05 1.0873468753324443e-04 -9.4935795860360102e-06
