# P x u_num u_exact u_err v_num v_exact v_err psi_num psi_exact psi_err
1 1.5625000000000000e-02 1.8727235829104835e-04 2.1405814362673303e-04 -2.6785785335684675e-05 2.0959421510568019e-04 2.1405814362673303e-04 -4.4639285210528389e-06 3.9686657339672854e-04 4.2811628725346605e-04 -3.1249713856737514e-05
2 4.6875000000000000e-02 1.8027022483196201e-03 1.8061459238890556e-03 -3.4436755694355718e-06 1.8039449403463976e-03 1.8061459238890556e-03 -2.2009835426580696e-06 3.6066471886660179e-03 3.6122918477781113e-03 -5.6446591120934246e-06
3 7.8125000000000000e-02 4.7116619419725076e-03 4.6934769335138429e-03 1.8185008458664748e-05 4.6932142107778928e-03 4.6934769335138429e-03 -2.6272273595008555e-07 9.4048761527504004e-03 9.3869538670276857e-03 1.7922285722714662e-05
4 1.0937500000000000e-01 8.6241669723126132e-03 8.5861099832500697e-03 3.8056989062543525e-05 8.5874979108179050e-03 8.5861099832500697e-03 1.3879275678353037e-06 1.7211664883130518e-02 1.7172219966500139e-02 3.9444916630378829e-05
5 1.4062500000000000e-01 1.3270967704916739e-02 1.3214813968793213e-02 5.6153736123526476e-05 1.3217599243075846e-02 1.3214813968793213e-02 2.7852742826330046e-06 2.6488566947992585e-02 2.6429627937586426e-02 5.8939010406159481e-05
6 1.7187500000000000e-01 1.8403547149992462e-02 1.8331067870785252e-02 7.2479279207209729e-05 1.8335028621784974e-02 1.8331067870785252e-02 3.9607509997215129e-06 3.6738575771777436e-02 3.6662135741570505e-02 7.6440030206931242e-05
7 2.0312500000000000e-01 2.3794118064405585e-02 2.3707060754814664e-02 8.7057309590920368e-05 2.3712003618666846e-02 2.3707060754814664e-02 4.9428638521815949e-06 4.7506121683072430e-02 4.7414121509629328e-02 9.2000173443101962e-05
8 2.3437500000000000e-01 2.9235619480532896e-02 2.9135691771416439e-02 9.9927709116456181e-05 2.9141448953476305e-02 2.9135691771416439e-02 5.7571820598657786e-06 5.8377068434009201e-02 5.8271383542832879e-02 1.0568489117632196e-04
9 2.6562500000000000e-01 3.4541712817485970e-02 3.4430570156072059e-02 1.1114266141391133e-04 3.4436996521952978e-02 3.4430570156072059e-02 6.4263658809196600e-06 6.8978709339438948e-02 6.8861140312144117e-02 1.1756902729483099e-04
10 2.9687500000000000e-01 3.9546777742543233e-02 3.9426015229209500e-02 1.2076251333373311e-04 3.9432985453484108e-02 3.9426015229209500e-02 6.9702242746078058e-06 7.8979763196027342e-02 7.8852030458419001e-02 1.2773273760834092e-04
11 3.2812500000000000e-01 4.4105907955673741e-02 4.3977056396203265e-02 1.2885155947047616e-04 4.3984462190278628e-02 4.3977056396203265e-02 7.4057940753630147e-06 8.8090370145952362e-02 8.7954112792406530e-02 1.3625735354583224e-04
12 3.5937500000000000e-01 4.8094907067786748e-02 4.7959433147374331e-02 1.3547392041241696e-04 4.7967180579670782e-02 4.7959433147374331e-02 7.7474322964510289e-06 9.6062087647457522e-02 9.5918866294748661e-02 1.4322135270886105e-04
13 3.9062500000000000e-01 5.1410284734537619e-02 5.1269595057990197e-02 1.4068967654742165e-04 5.1277601971311301e-02 5.1269595057990197e-02 8.0069133211041477e-06 1.0268788670584891e-01 1.0253919011598039e-01 1.4869658986851886e-04
14 4.2187500000000000e-01 5.3969253193066100e-02 5.3824701788264852e-02 1.4455140480124778e-04 5.3832895311516298e-02 5.3824701788264852e-02 8.1935232514457335e-06 1.0780214850458239e-01 1.0764940357652970e-01 1.5274492805268658e-04
15 4.5312500000000000e-01 5.5709724330130779e-02 5.5562623083358791e-02 1.4710124677198844e-04 5.5570937227819785e-02 5.5562623083358791e-02 8.3141444609940995e-06 1.1128066155795056e-01 1.1112524616671758e-01 1.5541539123298254e-04
16 4.8437500000000000e-01 5.6590307387757194e-02 5.6441938773379011e-02 1.4836861437818316e-04 5.6450312097839191e-02 5.6441938773379011e-02 8.3733244601799650e-06 1.1304061948559638e-01 1.1288387754675802e-01 1.5674193883835619e-04
17 5.1562500000000000e-01 5.6590307387757215e-02 5.6441938773379011e-02 1.4836861437820398e-04 5.6450312097839191e-02 5.6441938773379011e-02 8.3733244601799650e-06 1.1304061948559641e-01 1.1288387754675802e-01 1.5674193883838394e-04
18 5.4687500000000000e-01 5.5709724330130814e-02 5.5562623083358791e-02 1.4710124677202313e-04 5.5570937227819785e-02 5.5562623083358791e-02 8.3141444609940995e-06 1.1128066155795061e-01 1.1112524616671758e-01 1.5541539123302417e-04
19 5.7812500000000000e-01 5.3969253193066100e-02 5.3824701788264852e-02 1.4455140480124778e-04 5.3832895311516298e-02 5.3824701788264852e-02 8.1935232514457335e-06 1.0780214850458239e-01 1.0764940357652970e-01 1.5274492805268658e-04
20 6.0937500000000000e-01 5.1410284734537591e-02 5.1269595057990197e-02 1.4068967654739389e-04 5.1277601971311301e-02 5.1269595057990197e-02 8.0069133211041477e-06 1.0268788670584889e-01 1.0253919011598039e-01 1.4869658986849110e-04
21 6.4062500000000000e-01 4.8094907067786741e-02 4.7959433147374331e-02 1.3547392041241002e-04 4.7967180579670782e-02 4.7959433147374331e-02 7.7474322964510289e-06 9.6062087647457522e-02 9.5918866294748661e-02 1.4322135270886105e-04
22 6.7187500000000000e-01 4.4105907955673748e-02 4.3977056396203265e-02 1.2885155947048310e-04 4.3984462190278628e-02 4.3977056396203265e-02 7.4057940753630147e-06 8.8090370145952376e-02 8.7954112792406530e-02 1.3625735354584612e-04
23 7.0312500000000000e-01 3.9546777742543254e-02 3.9426015229209500e-02 1.2076251333375393e-04 3.9432985453484108e-02 3.9426015229209500e-02 6.9702242746078058e-06 7.8979763196027369e-02 7.8852030458419001e-02 1.2773273760836867e-04
24 7.3437500000000000e-01 3.4541712817485970e-02 3.4430570156072059e-02 1.1114266141391133e-04 3.4436996521952978e-02 3.4430570156072059e-02 6.4263658809196600e-06 6.8978709339438948e-02 6.8861140312144117e-02 1.1756902729483099e-04
25 7.6562500000000000e-01 2.9235619480532889e-02 2.9135691771416439e-02 9.9927709116449243e-05 2.9141448953476305e-02 2.9135691771416439e-02 5.7571820598657786e-06 5.8377068434009194e-02 5.8271383542832879e-02 1.0568489117631502e-04
26 7.9687500000000000e-01 2.3794118064405588e-02 2.3707060754814664e-02 8.7057309590923837e-05 2.3712003618666846e-02 2.3707060754814664e-02 4.9428638521815949e-06 4.7506121683072430e-02 4.7414121509629328e-02 9.2000173443101962e-05
27 8.2812500000000000e-01 1.8403547149992469e-02 1.8331067870785252e-02 7.2479279207216668e-05 1.8335028621784974e-02 1.8331067870785252e-02 3.9607509997215129e-06 3.6738575771777443e-02 3.6662135741570505e-02 7.6440030206938181e-05
28 8.5937500000000000e-01 1.3270967704916746e-02 1.3214813968793213e-02 5.6153736123533415e-05 1.3217599243075846e-02 1.3214813968793213e-02 2.7852742826330046e-06 2.6488566947992592e-02 2.6429627937586426e-02 5.8939010406166420e-05
29 8.9062500000000000e-01 8.6241669723126097e-03 8.5861099832500697e-03 3.8056989062540056e-05 8.5874979108179050e-03 8.5861099832500697e-03 1.3879275678353037e-06 1.7211664883130515e-02 1.7172219966500139e-02 3.9444916630375360e-05
30 9.2187500000000000e-01 4.7116619419724894e-03 4.6934769335138429e-03 1.8185008458646533e-05 4.6932142107778928e-03 4.6934769335138429e-03 -2.6272273595008555e-07 9.4048761527503813e-03 9.3869538670276857e-03 1.7922285722695580e-05
31 9.5312500000000000e-01 1.8027022483195938e-03 1.8061459238890556e-03 -3.4436755694618095e-06 1.8039449403463976e-03 1.8061459238890556e-03 -2.2009835426580696e-06 3.6066471886659914e-03 3.6122918477781113e-03 -5.6446591121198791e-06
32 9.8437500000000000e-01 1.8727235829102331e-04 2.1405814362673303e-04 -2.6785785335709721e-05 2.0959421510567742e-04 2.1405814362673303e-04 -4.4639285210556036e-06 3.9686657339670073e-04 4.2811628725346605e-04 -3.1249713856765324e-05
