# P x_center tau_U tau_V tau_Psi
1 3.1250000000000000e-02 1.3254350693648678e-03 -1.0367211228379247e-08 1.3254247021536394e-03
2 9.3750000000000000e-02 -4.4189679945061400e-04 -8.1653924954849799e-08 -4.4197845337556885e-04
3 1.5625000000000000e-01 -4.4201175574842821e-04 -1.9661022321315613e-07 -4.4220836597164137e-04
4 2.1875000000000000e-01 -4.4214552621646419e-04 -3.3038069169322171e-07 -4.4247590690815741e-04
5 2.8125000000000000e-01 -4.4227739800639654e-04 -4.6225248073739067e-07 -4.4273965048713393e-04
6 3.4375000000000000e-01 -4.4239080084285121e-04 -5.7565531719205865e-07 -4.4296645616004326e-04
7 4.0625000000000000e-01 -4.4247330701452370e-04 -6.5816148797637197e-07 -4.4313146850250007e-04
8 4.6875000000000000e-01 -4.4251663138439312e-04 -7.0148585962215293e-07 -4.4321811724401527e-04
9 5.3125000000000000e-01 -4.4251663138439312e-04 -7.0148585962215293e-07 -4.4321811724401527e-04
10 5.9375000000000000e-01 -4.4247330701630005e-04 -6.5816148797637197e-07 -4.4313146850427643e-04
11 6.5625000000000000e-01 -4.4239080084285121e-04 -5.7565531719205865e-07 -4.4296645616004326e-04
12 7.1875000000000000e-01 -4.4227739800550836e-04 -4.6225248073739067e-07 -4.4273965048624575e-04
13 7.8125000000000000e-01 -4.4214552621735237e-04 -3.3038069169322171e-07 -4.4247590690904559e-04
14 8.4375000000000000e-01 -4.4201175574842821e-04 -1.9661022321315613e-07 -4.4220836597164137e-04
15 9.0625000000000000e-01 -4.4189679945061400e-04 -8.1653924954849799e-08 -4.4197845337556885e-04
16 9.6875000000000000e-01 1.3254350693648748e-03 -1.0367211228379247e-08 1.3254247021536464e-03
