# P x_center tau_U tau_V tau_Psi
1 1.9531250000000000e-03 6.7954966125778615e-06 -1.0493342306183706e-14 6.7954966020845192e-06
2 5.8593750000000000e-03 -1.0786511948912558e-07 -9.3730578853978841e-14 -1.0786521321970444e-07
3 9.7656250000000000e-03 -1.0786528401030004e-07 -2.5826563110342704e-13 -1.0786554227593115e-07
4 1.3671875000000000e-02 -1.0786552795405413e-07 -5.0215387403795830e-13 -1.0786603010792817e-07
5 1.7578125000000000e-02 -1.0786584914157515e-07 -8.2345241736447861e-13 -1.0786667259399252e-07
6 2.1484375000000000e-02 -1.0786624637937337e-07 -1.2204681709704346e-12 -1.0786746684754434e-07
7 2.5390625000000000e-02 -1.0786671733598041e-07 -1.6910917111090384e-12 -1.0786840842769152e-07
8 2.9296875000000000e-02 -1.0786725890277182e-07 -2.2333246363359649e-12 -1.0786949222740816e-07
9 3.3203125000000000e-02 -1.0786787063565839e-07 -2.8457236567192012e-12 -1.0787071635931511e-07
10 3.7109375000000000e-02 -1.0786855142441709e-07 -3.5260683262094972e-12 -1.0787207749274330e-07
11 4.1015625000000000e-02 -1.0786929793837885e-07 -4.2721381987576024e-12 -1.0787357007657761e-07
12 4.4921875000000000e-02 -1.0787010928936525e-07 -5.0848214527832170e-12 -1.0787519411081803e-07
13 4.8828125000000000e-02 -1.0787098325693023e-07 -5.9570126609287399e-12 -1.0787694026959116e-07
14 5.2734375000000000e-02 -1.0787191673244934e-07 -6.8904881800335716e-12 -1.0787880722062937e-07
15 5.6640625000000000e-02 -1.0787291060410098e-07 -7.8852480100977118e-12 -1.0788079585211108e-07
16 6.0546875000000000e-02 -1.0787395954281465e-07 -8.9350749021832598e-12 -1.0788289461771683e-07
17 6.4453125000000000e-02 -1.0787506532494717e-07 -1.0039968856290216e-11 -1.0788510529380346e-07
18 6.8359375000000000e-02 -1.0787622706232014e-07 -1.1199929872418579e-11 -1.0788742699219256e-07
19 7.2265625000000000e-02 -1.0787743676132777e-07 -1.2413181593728950e-11 -1.0788984994292150e-07
20 7.6171875000000000e-02 -1.0787870152739742e-07 -1.3676171306542528e-11 -1.0789237769870397e-07
21 8.0078125000000000e-02 -1.0788001070238806e-07 -1.4987122654019913e-11 -1.0789499782504208e-07
22 8.3984375000000000e-02 -1.0788137139172704e-07 -1.6344259279321705e-11 -1.0789771565100637e-07
23 8.7890625000000000e-02 -1.0788277648998701e-07 -1.7749357539287303e-11 -1.0790052584752630e-07
24 9.1796875000000000e-02 -1.0788422244445428e-07 -1.9195312006559107e-11 -1.0790341775646084e-07
25 9.5703125000000000e-02 -1.0788571458419938e-07 -2.0683899037976516e-11 -1.0790639848323735e-07
26 9.9609375000000000e-02 -1.0788723869836758e-07 -2.2215118633539532e-11 -1.0790945381700112e-07
27 1.0351562500000000e-01 -1.0788880899781361e-07 -2.3778312652211753e-11 -1.0791258731046582e-07
28 1.0742187500000000e-01 -1.0789041482439643e-07 -2.5387691948708380e-11 -1.0791580251634514e-07
29 1.1132812500000000e-01 -1.0789205617811604e-07 -2.7032598381993012e-11 -1.0791908877649803e-07
30 1.1523437500000000e-01 -1.0789373305897243e-07 -2.8709479238386848e-11 -1.0792244253821082e-07
31 1.1914062500000000e-01 -1.0789543480882458e-07 -3.0411229090532288e-11 -1.0792584603791511e-07
32 1.2304687500000000e-01 -1.0789718629666822e-07 -3.2155611506823334e-11 -1.0792934190817505e-07
33 1.2695312500000000e-01 -1.0789894844265291e-07 -3.3924862918865983e-11 -1.0793287330557177e-07
34 1.3085937500000000e-01 -1.0790074966848806e-07 -3.5722536040339037e-11 -1.0793647220452840e-07
35 1.3476562500000000e-01 -1.0790257221060529e-07 -3.7548630871242494e-11 -1.0794012084147653e-07
36 1.3867187500000000e-01 -1.0790442672714562e-07 -3.9399594697897555e-11 -1.0794382632184352e-07
37 1.4257812500000000e-01 -1.0790630255996803e-07 -4.1268322092946619e-11 -1.0794757088206097e-07
38 1.4648437500000000e-01 -1.0790819260364515e-07 -4.3165471197426086e-11 -1.0795135807484257e-07
39 1.5039062500000000e-01 -1.0791012527988642e-07 -4.5091042011335958e-11 -1.0795521632189775e-07
40 1.5429687500000000e-01 -1.0791204374527297e-07 -4.7023718252603430e-11 -1.0795906746352557e-07
41 1.5820312500000000e-01 -1.0791401905407838e-07 -4.8977710775943706e-11 -1.0796299676485432e-07
42 1.6210937500000000e-01 -1.0791597304660172e-07 -5.0953019581356784e-11 -1.0796692606618308e-07
43 1.6601562500000000e-01 -1.0791796256626185e-07 -5.2935433814127464e-11 -1.0797089800007598e-07
44 1.6992187500000000e-01 -1.0791996629677669e-07 -5.4939164328970946e-11 -1.0797490546110566e-07
45 1.7382812500000000e-01 -1.0792197713271889e-07 -5.6957105698529631e-11 -1.0797893423841742e-07
46 1.7773437500000000e-01 -1.0792401639037053e-07 -5.8989257922803517e-11 -1.0798300564829333e-07
47 1.8164062500000000e-01 -1.0792604854259480e-07 -6.1021410147077404e-11 -1.0798706995274188e-07
48 1.8554687500000000e-01 -1.0792808780024643e-07 -6.3060667798708891e-11 -1.0799114846804514e-07
49 1.8945312500000000e-01 -1.0793015547960749e-07 -6.5121241732413182e-11 -1.0799527672133991e-07
50 1.9335937500000000e-01 -1.0793220184268648e-07 -6.7188921093475074e-11 -1.0799939076377996e-07
51 1.9726562500000000e-01 -1.0793426952204754e-07 -6.9249495027179364e-11 -1.0800351901707472e-07
52 2.0117187500000000e-01 -1.0793635141226332e-07 -7.1317174388241256e-11 -1.0800766858665156e-07
53 2.0507812500000000e-01 -1.0793839066991495e-07 -7.3384853749303147e-11 -1.0801177552366426e-07
54 2.0898437500000000e-01 -1.0794049387641280e-07 -7.5466743965080241e-11 -1.0801596062037788e-07
55 2.1289062500000000e-01 -1.0794256155577386e-07 -7.7548634180857334e-11 -1.0802011018995472e-07
56 2.1679687500000000e-01 -1.0794465765684436e-07 -7.9623418969276827e-11 -1.0802428107581363e-07
57 2.2070312500000000e-01 -1.0794671823077806e-07 -8.1698203757696319e-11 -1.0802841643453576e-07
58 2.2460937500000000e-01 -1.0794879301556648e-07 -8.3772988546115812e-11 -1.0803256600411260e-07
59 2.2851562500000000e-01 -1.0795083937864547e-07 -8.5833562479820102e-11 -1.0803667294112529e-07
60 2.3242187500000000e-01 -1.0795291416343389e-07 -8.7894136413524393e-11 -1.0804080829984741e-07
61 2.3632812500000000e-01 -1.0795497473736759e-07 -8.9954710347228684e-11 -1.0804492944771482e-07
62 2.4023437500000000e-01 -1.0795703531130130e-07 -9.2001073426217772e-11 -1.0804903638472751e-07
63 2.4414062500000000e-01 -1.0795905325267086e-07 -9.4033225650491659e-11 -1.0805308647832135e-07
64 2.4804687500000000e-01 -1.0796109961574984e-07 -9.6079588729480747e-11 -1.0805717920447933e-07
65 2.5195312500000000e-01 -1.0796310334626469e-07 -9.8083319244324230e-11 -1.0806118666550901e-07
66 2.5585937500000000e-01 -1.0796510707677953e-07 -1.0010126061388291e-10 -1.0806520833739341e-07
67 2.5976562500000000e-01 -1.0796712501814909e-07 -1.0210499112872640e-10 -1.0806923000927782e-07
68 2.6367187500000000e-01 -1.0796912874866393e-07 -1.0410872164356988e-10 -1.0807323747030750e-07
69 2.6757812500000000e-01 -1.0797107563575992e-07 -1.0605560873955255e-10 -1.0807713124449947e-07
70 2.7148437500000000e-01 -1.0797305094456533e-07 -1.0803091754496563e-10 -1.0808108186211030e-07
71 2.7539062500000000e-01 -1.0797499783166131e-07 -1.0997780464094831e-10 -1.0808497563630226e-07
72 2.7929687500000000e-01 -1.0797693050790258e-07 -1.1189627002750058e-10 -1.0808882677793008e-07
73 2.8320312500000000e-01 -1.0797882055157970e-07 -1.1381473541405285e-10 -1.0809263528699375e-07
74 2.8710937500000000e-01 -1.0798072480611154e-07 -1.1569056823645951e-10 -1.0809641537434800e-07
75 2.9101562500000000e-01 -1.0798258642807923e-07 -1.1756640105886618e-10 -1.0810015282913810e-07
76 2.9492187500000000e-01 -1.0798443383919221e-07 -1.1941381217184244e-10 -1.0810384765136405e-07
77 2.9882812500000000e-01 -1.0798626703945047e-07 -1.2124701243010350e-10 -1.0810751405188057e-07
78 3.0273437500000000e-01 -1.0798807181799930e-07 -1.2303758012421895e-10 -1.0811110939812352e-07
79 3.0664062500000000e-01 -1.0798986238569341e-07 -1.2482814781833440e-10 -1.0811469053351175e-07
80 3.1054687500000000e-01 -1.0799162453167810e-07 -1.2659029380301945e-10 -1.0811821482548112e-07
81 3.1445312500000000e-01 -1.0799337246680807e-07 -1.2832401807827409e-10 -1.0812169648488634e-07
82 3.1835937500000000e-01 -1.0799507776937389e-07 -1.3004353149881354e-10 -1.0812512130087271e-07
83 3.2226562500000000e-01 -1.0799678307193972e-07 -1.3173462320992257e-10 -1.0812851769514964e-07
84 3.2617187500000000e-01 -1.0799843153108668e-07 -1.3338308235688601e-10 -1.0813181461344357e-07
85 3.3007812500000000e-01 -1.0800006577937893e-07 -1.3503154150384944e-10 -1.0813509732088278e-07
86 3.3398437500000000e-01 -1.0800167160596175e-07 -1.3663736808666727e-10 -1.0813830897404841e-07
87 3.3789062500000000e-01 -1.0800324901083513e-07 -1.3821477296005469e-10 -1.0814146378379519e-07
88 3.4179687500000000e-01 -1.0800479799399909e-07 -1.3974954526929650e-10 -1.0814454753926839e-07
89 3.4570312500000000e-01 -1.0800631855545362e-07 -1.4128431757853832e-10 -1.0814760287303216e-07
90 3.4960937500000000e-01 -1.0800779648434400e-07 -1.4276224646891933e-10 -1.0815055873081292e-07
91 3.5351562500000000e-01 -1.0800927441323438e-07 -1.4425438621401554e-10 -1.0815352879944840e-07
92 3.5742187500000000e-01 -1.0801070970956062e-07 -1.4568968254025094e-10 -1.0815639939210087e-07
93 3.6132812500000000e-01 -1.0801208816246799e-07 -1.4705392459291033e-10 -1.0815914208706090e-07
94 3.6523437500000000e-01 -1.0801345240452065e-07 -1.4843237750028493e-10 -1.0816188478202093e-07
95 3.6914062500000000e-01 -1.0801480243571859e-07 -1.4976819784351392e-10 -1.0816457063356211e-07
96 3.7304687500000000e-01 -1.0801606720178825e-07 -1.5106138562259730e-10 -1.0816712858741084e-07
97 3.7695312500000000e-01 -1.0801736038956733e-07 -1.5231194083753508e-10 -1.0816967233040486e-07
98 3.8085937500000000e-01 -1.0801861094478227e-07 -1.5354828519775765e-10 -1.0817215922998002e-07
99 3.8476562500000000e-01 -1.0801976202401420e-07 -1.5475620784854982e-10 -1.0817451823186275e-07
100 3.8867187500000000e-01 -1.0802094152495556e-07 -1.5592149793519638e-10 -1.0817686302289076e-07
101 3.9257812500000000e-01 -1.0802202154991392e-07 -1.5700152289355174e-10 -1.0817902307280747e-07
102 3.9648437500000000e-01 -1.0802312999658170e-07 -1.5813839127076790e-10 -1.0818126838785247e-07
103 4.0039062500000000e-01 -1.0802418159983063e-07 -1.5916157281026244e-10 -1.0818334317264089e-07
104 4.0429687500000000e-01 -1.0802517635966069e-07 -1.6018475434975699e-10 -1.0818536111401045e-07
105 4.0820312500000000e-01 -1.0802619954120019e-07 -1.6115109247039072e-10 -1.0818735063367058e-07
106 4.1210937500000000e-01 -1.0802713745761139e-07 -1.6208900888159405e-10 -1.0818922646649298e-07
107 4.1601562500000000e-01 -1.0802799010889430e-07 -1.6299850358336698e-10 -1.0819098861247767e-07
108 4.1992187500000000e-01 -1.0802889960359607e-07 -1.6385115486627910e-10 -1.0819275075846235e-07
109 4.2382812500000000e-01 -1.0802966698975069e-07 -1.6464696273033042e-10 -1.0819431395248102e-07
110 4.2773437500000000e-01 -1.0803046279761475e-07 -1.6547119230381213e-10 -1.0819593398991856e-07
111 4.3164062500000000e-01 -1.0803120176205994e-07 -1.6623857845843304e-10 -1.0819744034051837e-07
112 4.3554687500000000e-01 -1.0803188388308627e-07 -1.6689227777533233e-10 -1.0819877616086160e-07
113 4.3945312500000000e-01 -1.0803262284753146e-07 -1.6757439880166203e-10 -1.0820019724633312e-07
114 4.4335937500000000e-01 -1.0803321970342949e-07 -1.6819967640913092e-10 -1.0820141937983863e-07
115 4.4726562500000000e-01 -1.0803387340274639e-07 -1.6876811059773900e-10 -1.0820264151334413e-07
116 4.5117187500000000e-01 -1.0803435657180671e-07 -1.6930812307691667e-10 -1.0820366469488363e-07
117 4.5507812500000000e-01 -1.0803486816257646e-07 -1.6981971384666394e-10 -1.0820468787642312e-07
118 4.5898437500000000e-01 -1.0803526606650848e-07 -1.7030288290698081e-10 -1.0820556894941546e-07
119 4.6289062500000000e-01 -1.0803572081385937e-07 -1.7070078683900647e-10 -1.0820642160069838e-07
120 4.6679687500000000e-01 -1.0803606187437254e-07 -1.7107026906160172e-10 -1.0820713214343414e-07
121 4.7070312500000000e-01 -1.0803637451317627e-07 -1.7143975128419697e-10 -1.0820781426446047e-07
122 4.7460937500000000e-01 -1.0803674399539887e-07 -1.7169554666907061e-10 -1.0820843954206794e-07
123 4.7851562500000000e-01 -1.0803694294736488e-07 -1.7195134205394424e-10 -1.0820889428941882e-07
124 4.8242187500000000e-01 -1.0803719874274975e-07 -1.7215029401995707e-10 -1.0820934903676971e-07
125 4.8632812500000000e-01 -1.0803731242958747e-07 -1.7234924598596990e-10 -1.0820966167557344e-07
126 4.9023437500000000e-01 -1.0803745453813463e-07 -1.7249135453312192e-10 -1.0820994589266775e-07
127 4.9414062500000000e-01 -1.0803753980326292e-07 -1.7254819795198273e-10 -1.0821008800121490e-07
128 4.9804687500000000e-01 -1.0803762506839121e-07 -1.7257661966141313e-10 -1.0821020168805262e-07
129 5.0195312500000000e-01 -1.0803762506839121e-07 -1.7257661966141313e-10 -1.0821020168805262e-07
130 5.0585937500000000e-01 -1.0803753980326292e-07 -1.7254819795198273e-10 -1.0821008800121490e-07
131 5.0976562500000000e-01 -1.0803745453813463e-07 -1.7249135453312192e-10 -1.0820994589266775e-07
132 5.1367187500000000e-01 -1.0803731242958747e-07 -1.7234924598596990e-10 -1.0820966167557344e-07
133 5.1757812500000000e-01 -1.0803719874274975e-07 -1.7215029401995707e-10 -1.0820934903676971e-07
134 5.2148437500000000e-01 -1.0803694294736488e-07 -1.7195134205394424e-10 -1.0820889428941882e-07
135 5.2539062500000000e-01 -1.0803674399539887e-07 -1.7169554666907061e-10 -1.0820843954206794e-07
136 5.2929687500000000e-01 -1.0803637451317627e-07 -1.7143975128419697e-10 -1.0820781426446047e-07
137 5.3320312500000000e-01 -1.0803606187437254e-07 -1.7107026906160172e-10 -1.0820713214343414e-07
138 5.3710937500000000e-01 -1.0803572081385937e-07 -1.7070078683900647e-10 -1.0820642160069838e-07
139 5.4101562500000000e-01 -1.0803526606650848e-07 -1.7030288290698081e-10 -1.0820556894941546e-07
140 5.4492187500000000e-01 -1.0803486816257646e-07 -1.6981971384666394e-10 -1.0820468787642312e-07
141 5.4882812500000000e-01 -1.0803435657180671e-07 -1.6930812307691667e-10 -1.0820366469488363e-07
142 5.5273437500000000e-01 -1.0803387340274639e-07 -1.6876811059773900e-10 -1.0820264151334413e-07
143 5.5664062500000000e-01 -1.0803321970342949e-07 -1.6819967640913092e-10 -1.0820141937983863e-07
144 5.6054687500000000e-01 -1.0803262284753146e-07 -1.6757439880166203e-10 -1.0820019724633312e-07
145 5.6445312500000000e-01 -1.0803188388308627e-07 -1.6689227777533233e-10 -1.0819877616086160e-07
146 5.6835937500000000e-01 -1.0803120176205994e-07 -1.6623857845843304e-10 -1.0819744034051837e-07
147 5.7226562500000000e-01 -1.0803046279761475e-07 -1.6547119230381213e-10 -1.0819593398991856e-07
148 5.7617187500000000e-01 -1.0802966698975069e-07 -1.6464696273033042e-10 -1.0819431395248102e-07
149 5.8007812500000000e-01 -1.0802889960359607e-07 -1.6385115486627910e-10 -1.0819275075846235e-07
150 5.8398437500000000e-01 -1.0802801853060373e-07 -1.6299850358336698e-10 -1.0819101703418710e-07
151 5.8789062500000000e-01 -1.0802713745761139e-07 -1.6208900888159405e-10 -1.0818922646649298e-07
152 5.9179687500000000e-01 -1.0802617111949075e-07 -1.6115109247039072e-10 -1.0818732221196115e-07
153 5.9570312500000000e-01 -1.0802517635966069e-07 -1.6018475434975699e-10 -1.0818536111401045e-07
154 5.9960937500000000e-01 -1.0802421002154006e-07 -1.5916157281026244e-10 -1.0818337159435032e-07
155 6.0351562500000000e-01 -1.0802312999658170e-07 -1.5813839127076790e-10 -1.0818126838785247e-07
156 6.0742187500000000e-01 -1.0802202154991392e-07 -1.5700152289355174e-10 -1.0817902307280747e-07
157 6.1132812500000000e-01 -1.0802094152495556e-07 -1.5592149793519638e-10 -1.0817686302289076e-07
158 6.1523437500000000e-01 -1.0801976202401420e-07 -1.5475620784854982e-10 -1.0817451823186275e-07
159 6.1914062500000000e-01 -1.0801859673392755e-07 -1.5354828519775765e-10 -1.0817214501912531e-07
160 6.2304687500000000e-01 -1.0801733196785790e-07 -1.5231194083753508e-10 -1.0816964390869543e-07
161 6.2695312500000000e-01 -1.0801609562349768e-07 -1.5106138562259730e-10 -1.0816715700912027e-07
162 6.3085937500000000e-01 -1.0801481664657331e-07 -1.4976819784351392e-10 -1.0816458484441682e-07
163 6.3476562500000000e-01 -1.0801345240452065e-07 -1.4843237750028493e-10 -1.0816188478202093e-07
164 6.3867187500000000e-01 -1.0801208816246799e-07 -1.4705392459291033e-10 -1.0815914208706090e-07
165 6.4257812500000000e-01 -1.0801070970956062e-07 -1.4568968254025094e-10 -1.0815639939210087e-07
166 6.4648437500000000e-01 -1.0800927441323438e-07 -1.4425438621401554e-10 -1.0815352879944840e-07
167 6.5039062500000000e-01 -1.0800779648434400e-07 -1.4276224646891933e-10 -1.0815055873081292e-07
168 6.5429687500000000e-01 -1.0800631855545362e-07 -1.4128431757853832e-10 -1.0814760287303216e-07
169 6.5820312500000000e-01 -1.0800478378314438e-07 -1.3974954526929650e-10 -1.0814453332841367e-07
170 6.6210937500000000e-01 -1.0800324901083513e-07 -1.3821477296005469e-10 -1.0814146378379519e-07
171 6.6601562500000000e-01 -1.0800165739510703e-07 -1.3663736808666727e-10 -1.0813829476319370e-07
172 6.6992187500000000e-01 -1.0800006577937893e-07 -1.3503154150384944e-10 -1.0813509732088278e-07
173 6.7382812500000000e-01 -1.0799843153108668e-07 -1.3338308235688601e-10 -1.0813181461344357e-07
174 6.7773437500000000e-01 -1.0799676886108500e-07 -1.3173462320992257e-10 -1.0812850348429492e-07
175 6.8164062500000000e-01 -1.0799507776937389e-07 -1.3004353149881354e-10 -1.0812512130087271e-07
176 6.8554687500000000e-01 -1.0799337246680807e-07 -1.2832401807827409e-10 -1.0812169648488634e-07
177 6.8945312500000000e-01 -1.0799162453167810e-07 -1.2659029380301945e-10 -1.0811821482548112e-07
178 6.9335937500000000e-01 -1.0798986238569341e-07 -1.2482814781833440e-10 -1.0811469053351175e-07
179 6.9726562500000000e-01 -1.0798807181799930e-07 -1.2303758012421895e-10 -1.0811110939812352e-07
180 7.0117187500000000e-01 -1.0798626703945047e-07 -1.2124701243010350e-10 -1.0810751405188057e-07
181 7.0507812500000000e-01 -1.0798443383919221e-07 -1.1941381217184244e-10 -1.0810384765136405e-07
182 7.0898437500000000e-01 -1.0798258642807923e-07 -1.1756640105886618e-10 -1.0810015282913810e-07
183 7.1289062500000000e-01 -1.0798072480611154e-07 -1.1569056823645951e-10 -1.0809641537434800e-07
184 7.1679687500000000e-01 -1.0797882055157970e-07 -1.1381473541405285e-10 -1.0809263528699375e-07
185 7.2070312500000000e-01 -1.0797693050790258e-07 -1.1189627002750058e-10 -1.0808882677793008e-07
186 7.2460937500000000e-01 -1.0797499783166131e-07 -1.0997780464094831e-10 -1.0808497563630226e-07
187 7.2851562500000000e-01 -1.0797305094456533e-07 -1.0803091754496563e-10 -1.0808108186211030e-07
188 7.3242187500000000e-01 -1.0797107563575992e-07 -1.0605560873955255e-10 -1.0807713124449947e-07
189 7.3632812500000000e-01 -1.0796912874866393e-07 -1.0410872164356988e-10 -1.0807323747030750e-07
190 7.4023437500000000e-01 -1.0796712501814909e-07 -1.0210499112872640e-10 -1.0806923000927782e-07
191 7.4414062500000000e-01 -1.0796510707677953e-07 -1.0010126061388291e-10 -1.0806520833739341e-07
192 7.4804687500000000e-01 -1.0796310334626469e-07 -9.8083319244324230e-11 -1.0806118666550901e-07
193 7.5195312500000000e-01 -1.0796109961574984e-07 -9.6079588729480747e-11 -1.0805717920447933e-07
194 7.5585937500000000e-01 -1.0795905325267086e-07 -9.4033225650491659e-11 -1.0805308647832135e-07
195 7.5976562500000000e-01 -1.0795703531130130e-07 -9.2001073426217772e-11 -1.0804903638472751e-07
196 7.6367187500000000e-01 -1.0795497473736759e-07 -8.9954710347228684e-11 -1.0804492944771482e-07
197 7.6757812500000000e-01 -1.0795291416343389e-07 -8.7894136413524393e-11 -1.0804080829984741e-07
198 7.7148437500000000e-01 -1.0795083937864547e-07 -8.5833562479820102e-11 -1.0803667294112529e-07
199 7.7539062500000000e-01 -1.0794879301556648e-07 -8.3772988546115812e-11 -1.0803256600411260e-07
200 7.7929687500000000e-01 -1.0794671823077806e-07 -8.1698203757696319e-11 -1.0802841643453576e-07
201 7.8320312500000000e-01 -1.0794465765684436e-07 -7.9623418969276827e-11 -1.0802428107581363e-07
202 7.8710937500000000e-01 -1.0794255445034651e-07 -7.7548634180857334e-11 -1.0802010308452736e-07
203 7.9101562500000000e-01 -1.0794049387641280e-07 -7.5466743965080241e-11 -1.0801596062037788e-07
204 7.9492187500000000e-01 -1.0793839777534231e-07 -7.3384853749303147e-11 -1.0801178262909161e-07
205 7.9882812500000000e-01 -1.0793635141226332e-07 -7.1317174388241256e-11 -1.0800766858665156e-07
206 8.0273437500000000e-01 -1.0793426952204754e-07 -6.9249495027179364e-11 -1.0800351901707472e-07
207 8.0664062500000000e-01 -1.0793220184268648e-07 -6.7188921093475074e-11 -1.0799939076377996e-07
208 8.1054687500000000e-01 -1.0793015547960749e-07 -6.5121241732413182e-11 -1.0799527672133991e-07
209 8.1445312500000000e-01 -1.0792808780024643e-07 -6.3060667798708891e-11 -1.0799114846804514e-07
210 8.1835937500000000e-01 -1.0792604854259480e-07 -6.1021410147077404e-11 -1.0798706995274188e-07
211 8.2226562500000000e-01 -1.0792402349579788e-07 -5.8989257922803517e-11 -1.0798301275372069e-07
212 8.2617187500000000e-01 -1.0792197713271889e-07 -5.6957105698529631e-11 -1.0797893423841742e-07
213 8.3007812500000000e-01 -1.0791995919134934e-07 -5.4939164328970946e-11 -1.0797489835567831e-07
214 8.3398437500000000e-01 -1.0791796256626185e-07 -5.2935433814127464e-11 -1.0797089800007598e-07
215 8.3789062500000000e-01 -1.0791596594117436e-07 -5.0953019581356784e-11 -1.0796691896075572e-07
216 8.4179687500000000e-01 -1.0791401905407838e-07 -4.8977710775943706e-11 -1.0796299676485432e-07
217 8.4570312500000000e-01 -1.0791205085070033e-07 -4.7023718252603430e-11 -1.0795907456895293e-07
218 8.4960937500000000e-01 -1.0791012527988642e-07 -4.5091042011335958e-11 -1.0795521632189775e-07
219 8.5351562500000000e-01 -1.0790819260364515e-07 -4.3165471197426086e-11 -1.0795135807484257e-07
220 8.5742187500000000e-01 -1.0790629545454067e-07 -4.1268322092946619e-11 -1.0794756377663361e-07
221 8.6132812500000000e-01 -1.0790442672714562e-07 -3.9399594697897555e-11 -1.0794382632184352e-07
222 8.6523437500000000e-01 -1.0790257221060529e-07 -3.7548630871242494e-11 -1.0794012084147653e-07
223 8.6914062500000000e-01 -1.0790074611577438e-07 -3.5722536040339037e-11 -1.0793646865181472e-07
224 8.7304687500000000e-01 -1.0789894844265291e-07 -3.3924862918865983e-11 -1.0793287330557177e-07
225 8.7695312500000000e-01 -1.0789718629666822e-07 -3.2155611506823334e-11 -1.0792934190817505e-07
226 8.8085937500000000e-01 -1.0789543125611090e-07 -3.0411229090532288e-11 -1.0792584248520143e-07
227 8.8476562500000000e-01 -1.0789372950625875e-07 -2.8709479238386848e-11 -1.0792243898549714e-07
228 8.8867187500000000e-01 -1.0789205617811604e-07 -2.7032598381993012e-11 -1.0791908877649803e-07
229 8.9257812500000000e-01 -1.0789041482439643e-07 -2.5387691948708380e-11 -1.0791580251634514e-07
230 8.9648437500000000e-01 -1.0788880899781361e-07 -2.3778312652211753e-11 -1.0791258731046582e-07
231 9.0039062500000000e-01 -1.0788723869836758e-07 -2.2215118633539532e-11 -1.0790945381700112e-07
232 9.0429687500000000e-01 -1.0788571458419938e-07 -2.0683899037976516e-11 -1.0790639848323735e-07
233 9.0820312500000000e-01 -1.0788422422081112e-07 -1.9195312006559107e-11 -1.0790341953281768e-07
234 9.1210937500000000e-01 -1.0788277471363017e-07 -1.7749357539287303e-11 -1.0790052407116946e-07
235 9.1601562500000000e-01 -1.0788137139172704e-07 -1.6344259279321705e-11 -1.0789771565100637e-07
236 9.1992187500000000e-01 -1.0788000892603122e-07 -1.4987122654019913e-11 -1.0789499604868524e-07
237 9.2382812500000000e-01 -1.0787870152739742e-07 -1.3676171306542528e-11 -1.0789237769870397e-07
238 9.2773437500000000e-01 -1.0787743676132777e-07 -1.2413181593728950e-11 -1.0788984994292150e-07
239 9.3164062500000000e-01 -1.0787622706232014e-07 -1.1199929872418579e-11 -1.0788742699219256e-07
240 9.3554687500000000e-01 -1.0787506710130401e-07 -1.0039968856290216e-11 -1.0788510707016030e-07
241 9.3945312500000000e-01 -1.0787395954281465e-07 -8.9350749021832598e-12 -1.0788289461771683e-07
242 9.4335937500000000e-01 -1.0787291060410098e-07 -7.8852480100977118e-12 -1.0788079585211108e-07
243 9.4726562500000000e-01 -1.0787191584427092e-07 -6.8904881800335716e-12 -1.0787880633245095e-07
244 9.5117187500000000e-01 -1.0787098325693023e-07 -5.9570126609287399e-12 -1.0787694026959116e-07
245 9.5507812500000000e-01 -1.0787010928936525e-07 -5.0848214527832170e-12 -1.0787519411081803e-07
246 9.5898437500000000e-01 -1.0786929793837885e-07 -4.2721381987576024e-12 -1.0787357007657761e-07
247 9.6289062500000000e-01 -1.0786855142441709e-07 -3.5260683262094972e-12 -1.0787207749274330e-07
248 9.6679687500000000e-01 -1.0786787063565839e-07 -2.8457236567192012e-12 -1.0787071635931511e-07
249 9.7070312500000000e-01 -1.0786725890277182e-07 -2.2333246363359649e-12 -1.0786949222740816e-07
250 9.7460937500000000e-01 -1.0786671733598041e-07 -1.6910917111090384e-12 -1.0786840842769152e-07
251 9.7851562500000000e-01 -1.0786624626835106e-07 -1.2204681709704346e-12 -1.0786746673652203e-07
252 9.8242187500000000e-01 -1.0786584914157515e-07 -8.2345241736447861e-13 -1.0786667259399252e-07
253 9.8632812500000000e-01 -1.0786552795405413e-07 -5.0215387403795830e-13 -1.0786603010792817e-07
254 9.9023437500000000e-01 -1.0786528401030004e-07 -2.5826563110342704e-13 -1.0786554227593115e-07
255 9.9414062500000000e-01 -1.0786511948912558e-07 -9.3730578853978841e-14 -1.0786521321970444e-07
256 9.9804687500000000e-01 6.7954966125782952e-06 -1.0493342306183706e-14 6.7954966020849529e-06
