# P x phi_num phi_exact phi_err mu_num mu_exact mu_err
1 3.9062500000000000e-03 1.5125623215443343e-05 1.5124680358372909e-05 9.4285707043353711e-10 -9.7572320645758004e-01 -9.7566276216557368e-01 -6.0444292006356370e-05
2 1.1718750000000000e-02 1.3400291342533137e-04 1.3399524775904381e-04 7.6656662875555261e-09 -9.2950775863955437e-01 -9.2944743298769750e-01 -6.0325651856873996e-05
3 1.9531250000000000e-02 3.6636186398100647e-04 3.6634755373235364e-04 1.4310248652835318e-08 -8.8391052632549905e-01 -8.8385031189046248e-01 -6.0214435036565206e-05
4 2.7343750000000000e-02 7.0666477061448680e-04 7.0664390677546262e-04 2.0863839024173360e-08 -8.3893704717200990e-01 -8.3887693656537166e-01 -6.0110606638241748e-05
5 3.5156250000000000e-02 1.1494632475534633e-03 1.1494359329904159e-03 2.7314563047367915e-08 -7.9459276950144364e-01 -7.9453275538632273e-01 -6.0014115120909928e-05
6 4.2968750000000000e-02 1.6893982275135576e-03 1.6893645760841433e-03 3.3651429414294914e-08 -7.5088305230261665e-01 -7.5082312740960910e-01 -5.9924893007545776e-05
7 5.0781250000000000e-02 2.3211999616887624e-03 2.3211600973684580e-03 3.9864320304418971e-08 -7.0781316523147986e-01 -7.0775332237391864e-01 -5.9842857561220875e-05
8 5.8593750000000000e-02 3.0396880197400607e-03 3.0396420757600588e-03 4.5943980001971613e-08 -6.6538828861182164e-01 -6.6532852070033499e-01 -5.9767911486652281e-05
9 6.6406250000000000e-02 3.8397712897825574e-03 3.8397194077805286e-03 5.1882002028748320e-08 -6.2361351343594729e-01 -6.2355381349233618e-01 -5.9699943611102313e-05
10 7.4218750000000000e-02 4.7164479783706574e-03 4.7163903075563363e-03 5.7670814321113262e-08 -5.8249384136536264e-01 -5.8243420253579603e-01 -5.9638829566610596e-05
11 8.2031250000000000e-02 5.6648056104821624e-03 5.6647423068188320e-03 6.3303663330391280e-08 -5.4203418473143472e-01 -5.4197460029898303e-01 -5.9584432451686986e-05
12 8.9843750000000000e-02 6.6800210295006393e-03 6.6799522549042516e-03 6.8774596387669029e-08 -5.0223936653610801e-01 -5.0217982993256105e-01 -5.9536603546961331e-05
13 9.7656250000000000e-02 7.7573603971965556e-03 7.7572863187537183e-03 7.4078442837376135e-08 -4.6311412045258105e-01 -4.6305462526958890e-01 -5.9495182992141959e-05
14 1.0546875000000000e-01 8.8921791937071476e-03 8.8920999829132374e-03 7.9210793910156063e-08 -4.2466309082592796e-01 -4.2460363082552061e-01 -5.9460000407351998e-05
15 1.1328125000000000e-01 1.0079922217515034e-02 1.0079838049533697e-02 8.4167981336327746e-08 -3.8689083267379909e-01 -3.8683140179820524e-01 -5.9430875593846633e-05
16 1.2109375000000000e-01 1.1316123585425849e-02 1.1316034638370874e-02 8.8947054974891637e-08 -3.4980181168708668e-01 -3.4974240406788704e-01 -5.9407619199647321e-05
17 1.2890625000000000e-01 1.2596406732544736e-02 1.2596313186785425e-02 9.3545759310628696e-08 -3.1340040423050652e-01 -3.1334101419720539e-01 -5.9390033301132128e-05
18 1.3671875000000000e-01 1.3916484412251885e-02 1.3916386449742895e-02 9.7962508990162567e-08 -2.7769089734348029e-01 -2.7763151943119474e-01 -5.9377912285552004e-05
19 1.4453125000000000e-01 1.5272158696177257e-02 1.5272056499813712e-02 1.0219636354530381e-07 -2.4267748874047568e-01 -2.4261811769728464e-01 -5.9371043191036588e-05
20 1.5234375000000000e-01 1.6659320974174500e-02 1.6659214727173192e-02 1.0624700130801301e-07 -2.0836428681186947e-01 -2.0830491760529979e-01 -5.9369206569681587e-05
21 1.6015625000000000e-01 1.8073951954294044e-02 1.8073841839601527e-02 1.1011469251698269e-07 -1.7475531062450644e-01 -1.7469593844745993e-01 -5.9372177046518315e-05
22 1.6796875000000000e-01 1.9512121662755719e-02 1.9512007862483801e-02 1.1380027191768005e-07 -1.4185448992230931e-01 -1.4179511019838006e-01 -5.9379723929248174e-05
23 1.7578125000000000e-01 2.0969989443920645e-02 2.0969872138809974e-02 1.1730511067023497e-07 -1.0966566512698250e-01 -1.0960627351507020e-01 -5.9391611912304465e-05
24 1.8359375000000000e-01 2.2443803960262684e-02 2.2443683329174909e-02 1.2063108777507492e-07 -7.8192587338557273e-02 -7.8133179736935454e-02 -5.9407601621819239e-05
25 1.9140625000000000e-01 2.3929903192339435e-02 2.3929779411778328e-02 1.2378056110651237e-07 -4.7438918336096043e-02 -4.7379490885776115e-02 -5.9427450319927966e-05
26 1.9921875000000000e-01 2.5424714438762902e-02 2.5424587682424865e-02 1.2675633803693742e-07 -1.7408230578203131e-02 -1.7348779665787573e-02 -5.9450912415558860e-05
27 2.0703125000000000e-01 2.6924754316169888e-02 2.6924624754524007e-02 1.2956164588059926e-07 1.1895992796357110e-02 1.1955470536439682e-02 -5.9477740082572103e-05
28 2.1484375000000000e-01 2.8426628759192080e-02 2.8426496559090155e-02 1.3220010192452336e-07 4.0470357968104054e-02 4.0529865651920044e-02 -5.9507683815990253e-05
29 2.2265625000000000e-01 2.9927033020426076e-02 2.9926898344742582e-02 1.3467568349412318e-07 6.8311560436086438e-02 6.8371100929272788e-02 -5.9540493186349686e-05
30 2.3046875000000000e-01 3.1422751670403280e-02 3.1422614677705442e-02 1.3699269783840062e-07 9.5416385017519173e-02 9.5475960934722076e-02 -5.9575917202903117e-05
31 2.3828125000000000e-01 3.2910658597559796e-02 3.2910519441807777e-02 1.3915575201861596e-07 1.2178170584731730e-01 1.2184131955209693e-01 -5.9613704779623578e-05
32 2.4609375000000000e-01 3.4387717008206316e-02 3.4387575838483508e-02 1.4116972280736606e-07 1.4740448637720771e-01 1.4746413998283128e-01 -5.9653605623571915e-05
33 2.5390625000000000e-01 3.5850979426498272e-02 3.5850836386771459e-02 1.4303972681317667e-07 1.7228177937541619e-01 1.7234147474596395e-01 -5.9695370547757642e-05
34 2.6171875000000000e-01 3.7297587694405721e-02 3.7297442923315320e-02 1.4477109040039737e-07 1.9641072692616035e-01 1.9647046567813867e-01 -5.9738751978316573e-05
35 2.6953125000000000e-01 3.8724772971684300e-02 3.8724626602363664e-02 1.4636932063605279e-07 2.1978856042892403e-01 2.1984834393360395e-01 -5.9783504679916666e-05
36 2.7734375000000000e-01 4.0129855735845543e-02 4.0129707895769973e-02 1.4784007557056000e-07 2.4241260059841077e-01 2.4247242998421328e-01 -5.9829385802512292e-05
37 2.8515625000000000e-01 4.1510245782128016e-02 4.1510096592992568e-02 1.4918913544825774e-07 2.6428025746324135e-01 2.6434013361942504e-01 -5.9876156183691354e-05
38 2.9296875000000000e-01 4.2863442223469009e-02 4.2863291801094723e-02 1.5042237428569694e-07 2.8538903036629021e-01 2.8544895394630243e-01 -5.9923580012222200e-05
39 3.0078125000000000e-01 4.4187033490476132e-02 4.4186881944744523e-02 1.5154573160952589e-07 3.0573650796385821e-01 3.0579647938951354e-01 -5.9971425655336308e-05
40 3.0859375000000000e-01 4.5478697331400086e-02 4.5478544766214983e-02 1.5256518510337047e-07 3.2532036822522059e-01 3.2538038769133143e-01 -6.0019466110838859e-05
41 3.1640625000000000e-01 4.6736200812107505e-02 4.6736047325383966e-02 1.5348672353920900e-07 3.4413837843237616e-01 3.4419844591163395e-01 -6.0067479257797096e-05
42 3.2421875000000000e-01 4.7957400316054638e-02 4.7957245999734291e-02 1.5431632034712539e-07 3.6218839517931106e-01 3.6224851042790390e-01 -6.0115248592840231e-05
43 3.3203125000000000e-01 4.9140241544261630e-02 4.9140086484353585e-02 1.5505990804548508e-07 3.7946836437187004e-01 3.7952852693522898e-01 -6.0162563358945320e-05
44 3.3984375000000000e-01 5.0282759515287490e-02 5.0282603791934388e-02 1.5572335310132246e-07 3.9597632122723325e-01 3.9603653044630166e-01 -6.0209219068407815e-05
45 3.4765625000000000e-01 5.1383078565205936e-02 5.1382922252774139e-02 1.5631243179686782e-07 4.1171039027354961e-01 4.1177064529141932e-01 -6.0255017869714766e-05
46 3.5546875000000000e-01 5.2439412347581968e-02 5.2439255514775136e-02 1.5683280683159717e-07 4.2666878534953412e-01 4.2672908511848440e-01 -6.0299768950278221e-05
47 3.6328125000000000e-01 5.3450063833448962e-02 5.3449906543444572e-02 1.5729000438918783e-07 4.4084980960468556e-01 4.4091015289300400e-01 -6.0343288318442934e-05
48 3.7109375000000000e-01 5.4413425311287240e-02 5.4413267621894537e-02 1.5768939270327520e-07 4.5425185549733915e-01 4.5431224089809019e-01 -6.0385400751039597e-05
49 3.7890625000000000e-01 5.5327978387003207e-02 5.5327820350841987e-02 1.5803616121995434e-07 4.6687340479635958e-01 4.6693383073446004e-01 -6.0425938100461263e-05
50 3.8671875000000000e-01 5.6192293983909375e-02 5.6192135648608775e-02 1.5833530059988776e-07 4.7871302857951059e-01 4.7877349332043528e-01 -6.0464740924692784e-05
51 3.9453125000000000e-01 5.7005032342705736e-02 5.7004873751121621e-02 1.5859158411513086e-07 4.8976938723369701e-01 4.8982988889194268e-01 -6.0501658245670775e-05
52 4.0234375000000000e-01 5.7764943021461700e-02 5.7764784211912154e-02 1.5880954954555770e-07 5.0004123045459892e-01 5.0010176700251385e-01 -6.0536547914935568e-05
53 4.1015625000000000e-01 5.8470864895599356e-02 5.8470705902116879e-02 1.5899348247694345e-07 5.0952739724630192e-01 5.0958796652328542e-01 -6.0569276983502007e-05
54 4.1796875000000000e-01 5.9121726157877801e-02 5.9121567010477161e-02 1.5914740063988075e-07 5.1822681592126230e-01 5.1828741564299852e-01 -6.0599721736220857e-05
55 4.2578125000000000e-01 5.9716544318378459e-02 5.9716385043339294e-02 1.5927503916463026e-07 5.2613850410006946e-01 5.2619913186799971e-01 -6.0627767930254706e-05
56 4.3359375000000000e-01 6.0254426204491736e-02 6.0254266824654408e-02 1.5937983732783323e-07 5.3326156871108754e-01 5.3332222202223989e-01 -6.0653311152347733e-05
57 4.4140625000000000e-01 6.0734567960904540e-02 6.0734408495978560e-02 1.5946492597923578e-07 5.3959520599037192e-01 5.3965588224727523e-01 -6.0676256903313686e-05
58 4.4921875000000000e-01 6.1156255049589055e-02 6.1156095516472685e-02 1.5953311637006973e-07 5.4513870148150545e-01 5.4519939800226658e-01 -6.0696520761127637e-05
59 4.5703125000000000e-01 6.1518862249793117e-02 6.1518702662902568e-02 1.5958689054962338e-07 5.4989143003570007e-01 5.4995214406397985e-01 -6.0714028279784671e-05
60 4.6484375000000000e-01 6.1821853658031133e-02 6.1821694029638927e-02 1.5962839220590164e-07 5.5385285581091259e-01 5.5391358452678574e-01 -6.0728715873148431e-05
61 4.7265625000000000e-01 6.2064782688076685e-02 6.2064623028657305e-02 1.5965941937978734e-07 5.5702253227245857e-01 5.5708327280265968e-01 -6.0740530201108811e-05
62 4.8046875000000000e-01 6.2247292070956167e-02 6.2247132389538183e-02 1.5968141798411439e-07 5.5940010219267644e-01 5.5946085162118231e-01 -6.0749428505868508e-05
63 4.8828125000000000e-01 6.2369113854943772e-02 6.2368954159466916e-02 1.5969547685623642e-07 5.6098529765090821e-01 5.6104605302953880e-01 -6.0755378630594770e-05
64 4.9609375000000000e-01 6.2430069405557821e-02 6.2429909703233727e-02 1.5970232409429075e-07 5.6177794003341230e-01 5.6183869839251954e-01 -6.0758359107238036e-05
65 5.0390625000000000e-01 6.2430069405558133e-02 6.2429909703233727e-02 1.5970232440654097e-07 5.6177794003338022e-01 5.6183869839251954e-01 -6.0758359139323481e-05
66 5.1171875000000000e-01 6.2369113854944702e-02 6.2368954159466930e-02 1.5969547777217041e-07 5.6098529765085914e-01 5.6104605302953880e-01 -6.0755378679666627e-05
67 5.1953125000000000e-01 6.2247292070957749e-02 6.2247132389538190e-02 1.5968141955924331e-07 5.5940010219288139e-01 5.5946085162118231e-01 -6.0749428300921338e-05
68 5.2734375000000000e-01 6.2064782688078961e-02 6.2064623028657291e-02 1.5965942166962233e-07 5.5702253227285814e-01 5.5708327280265968e-01 -6.0740529801539545e-05
69 5.3515625000000000e-01 6.1821853658034005e-02 6.1821694029638920e-02 1.5962839508554261e-07 5.5385285581150667e-01 5.5391358452678574e-01 -6.0728715279068091e-05
70 5.4296875000000000e-01 6.1518862249796538e-02 6.1518702662902575e-02 1.5958689396355918e-07 5.4989143003645613e-01 5.4995214406397985e-01 -6.0714027523722791e-05
71 5.5078125000000000e-01 6.1156255049592941e-02 6.1156095516472692e-02 1.5953312024891142e-07 5.4513870148241494e-01 5.4519939800226658e-01 -6.0696519851632935e-05
72 5.5859375000000000e-01 6.0734567960908779e-02 6.0734408495978567e-02 1.5946493021196106e-07 5.3959520599107691e-01 5.3965588224727523e-01 -6.0676256198322065e-05
73 5.6640625000000000e-01 6.0254426204496329e-02 6.0254266824654408e-02 1.5937984192138099e-07 5.3326156871156827e-01 5.3332222202223989e-01 -6.0653310671621163e-05
74 5.7421875000000000e-01 5.9716544318383302e-02 5.9716385043339294e-02 1.5927504400797821e-07 5.2613850410031737e-01 5.2619913186799971e-01 -6.0627767682341904e-05
75 5.8203125000000000e-01 5.9121726157882817e-02 5.9121567010477161e-02 1.5914740565670105e-07 5.1822681592127839e-01 5.1828741564299852e-01 -6.0599721720122623e-05
76 5.8984375000000000e-01 5.8470864895604657e-02 5.8470705902116872e-02 1.5899348778519728e-07 5.0952739724607776e-01 5.0958796652328542e-01 -6.0569277207656036e-05
77 5.9765625000000000e-01 5.7764943021467327e-02 5.7764784211912147e-02 1.5880955517993955e-07 5.0004123045425786e-01 5.0010176700251385e-01 -6.0536548255996081e-05
78 6.0546875000000000e-01 5.7005032342711738e-02 5.7004873751121621e-02 1.5859159011727408e-07 4.8976938723353669e-01 4.8982988889194268e-01 -6.0501658405986980e-05
79 6.1328125000000000e-01 5.6192293983915759e-02 5.6192135648608775e-02 1.5833530698367015e-07 4.7871302857949699e-01 4.7877349332043528e-01 -6.0464740938293016e-05
80 6.2109375000000000e-01 5.5327978387009903e-02 5.5327820350841987e-02 1.5803616791598696e-07 4.6687340479657646e-01 4.6693383073446004e-01 -6.0425937883579195e-05
81 6.2890625000000000e-01 5.4413425311294367e-02 5.4413267621894537e-02 1.5768939982951924e-07 4.5425185549778646e-01 4.5431224089809019e-01 -6.0385400303730741e-05
82 6.3671875000000000e-01 5.3450063833456414e-02 5.3449906543444579e-02 1.5729001183462099e-07 4.4084980960525089e-01 4.4091015289300400e-01 -6.0343287753117369e-05
83 6.4453125000000000e-01 5.2439412347589705e-02 5.2439255514775143e-02 1.5683281456152498e-07 4.2666878535032993e-01 4.2672908511848440e-01 -6.0299768154470357e-05
84 6.5234375000000000e-01 5.1383078565213861e-02 5.1382922252774139e-02 1.5631243972108466e-07 4.1171039027420875e-01 4.1177064529141932e-01 -6.0255017210575357e-05
85 6.6015625000000000e-01 5.0282759515295414e-02 5.0282603791934395e-02 1.5572336101860040e-07 3.9597632122774695e-01 3.9603653044630166e-01 -6.0209218554707622e-05
86 6.6796875000000000e-01 4.9140241544269471e-02 4.9140086484353585e-02 1.5505991588643520e-07 3.7946836437219955e-01 3.7952852693522898e-01 -6.0162563029431126e-05
87 6.7578125000000000e-01 4.7957400316062354e-02 4.7957245999734298e-02 1.5431632805623652e-07 3.6218839517945711e-01 3.6224851042790390e-01 -6.0115248446790392e-05
88 6.8359375000000000e-01 4.6736200812115124e-02 4.6736047325383973e-02 1.5348673115117561e-07 3.4413837843234624e-01 3.4419844591163401e-01 -6.0067479287773118e-05
89 6.9140625000000000e-01 4.5478697331407573e-02 4.5478544766214969e-02 1.5256519260431478e-07 3.2532036822510690e-01 3.2538038769133143e-01 -6.0019466224525697e-05
90 6.9921875000000000e-01 4.4187033490483509e-02 4.4186881944744509e-02 1.5154573899944790e-07 3.0573650796367247e-01 3.0579647938951354e-01 -5.9971425841076620e-05
91 7.0703125000000000e-01 4.2863442223476295e-02 4.2863291801094716e-02 1.5042238157847443e-07 2.8538903036625574e-01 2.8544895394630238e-01 -5.9923580046639113e-05
92 7.1484375000000000e-01 4.1510245782135226e-02 4.1510096592992575e-02 1.4918914265082961e-07 2.6428025746333450e-01 2.6434013361942504e-01 -5.9876156090543642e-05
93 7.2265625000000000e-01 4.0129855735852607e-02 4.0129707895769966e-02 1.4784008264129289e-07 2.4241260059863168e-01 2.4247242998421328e-01 -5.9829385581605665e-05
94 7.3046875000000000e-01 3.8724772971691253e-02 3.8724626602363671e-02 1.4636932758188559e-07 2.1978856042932071e-01 2.1984834393360395e-01 -5.9783504283233979e-05
95 7.3828125000000000e-01 3.7297587694412500e-02 3.7297442923315320e-02 1.4477109717969672e-07 1.9641072692650141e-01 1.9647046567813867e-01 -5.9738751637256060e-05
96 7.4609375000000000e-01 3.5850979426504830e-02 3.5850836386771459e-02 1.4303973337043141e-07 1.7228177937579403e-01 1.7234147474596395e-01 -5.9695370169920992e-05
97 7.5390625000000000e-01 3.4387717008212727e-02 3.4387575838483508e-02 1.4116972921890403e-07 1.4740448637744619e-01 1.4746413998283128e-01 -5.9653605385096009e-05
98 7.6171875000000000e-01 3.2910658597565971e-02 3.2910519441807770e-02 1.3915575820117043e-07 1.2178170584743153e-01 1.2184131955209693e-01 -5.9613704665395506e-05
99 7.6953125000000000e-01 3.1422751670409220e-02 3.1422614677705442e-02 1.3699270377809381e-07 9.5416385017509001e-02 9.5475960934722062e-02 -5.9575917213061658e-05
100 7.7734375000000000e-01 2.9927033020431797e-02 2.9926898344742586e-02 1.3467568921177175e-07 6.8311560435905624e-02 6.8371100929272802e-02 -5.9540493367177261e-05
101 7.8515625000000000e-01 2.8426628759197627e-02 2.8426496559090159e-02 1.3220010746869959e-07 4.0470357967819837e-02 4.0529865651920051e-02 -5.9507684100214286e-05
102 7.9296875000000000e-01 2.6924754316175289e-02 2.6924624754524003e-02 1.2956165128599761e-07 1.1895992796212340e-02 1.1955470536439680e-02 -5.9477740227339981e-05
103 8.0078125000000000e-01 2.5424714438768179e-02 2.5424587682424865e-02 1.2675634331396624e-07 -1.7408230578274824e-02 -1.7348779665787573e-02 -5.9450912487251512e-05
104 8.0859375000000000e-01 2.3929903192344611e-02 2.3929779411778328e-02 1.2378056628292722e-07 -4.7438918336067504e-02 -4.7379490885776122e-02 -5.9427450291381356e-05
105 8.1640625000000000e-01 2.2443803960267732e-02 2.2443683329174909e-02 1.2063109282312023e-07 -7.8192587338428085e-02 -7.8133179736935440e-02 -5.9407601492644790e-05
106 8.2421875000000000e-01 2.0969989443925550e-02 2.0969872138809974e-02 1.1730511557603296e-07 -1.0966566512676074e-01 -1.0960627351507020e-01 -5.9391611690537416e-05
107 8.3203125000000000e-01 1.9512121662760441e-02 1.9512007862483798e-02 1.1380027664306680e-07 -1.4185448992202510e-01 -1.4179511019838006e-01 -5.9379723645031079e-05
108 8.3984375000000000e-01 1.8073951954298558e-02 1.8073841839601524e-02 1.1011469703420262e-07 -1.7475531062424920e-01 -1.7469593844745993e-01 -5.9372176789279640e-05
109 8.4765625000000000e-01 1.6659320974178785e-02 1.6659214727173192e-02 1.0624700559278000e-07 -2.0836428681165459e-01 -2.0830491760529979e-01 -5.9369206354797921e-05
110 8.5546875000000000e-01 1.5272158696181299e-02 1.5272056499813716e-02 1.0219636758374007e-07 -2.4267748874031483e-01 -2.4261811769728464e-01 -5.9371043030193027e-05
111 8.6328125000000000e-01 1.3916484412255660e-02 1.3916386449742897e-02 9.7962512763186127e-08 -2.7769089734337349e-01 -2.7763151943119474e-01 -5.9377912178748549e-05
112 8.7109375000000000e-01 1.2596406732548226e-02 1.2596313186785427e-02 9.3545762799157606e-08 -3.1340040423046600e-01 -3.1334101419720539e-01 -5.9390033260608988e-05
113 8.7890625000000000e-01 1.1316123585429053e-02 1.1316034638370874e-02 8.8947058178925897e-08 -3.4980181168705826e-01 -3.4974240406788704e-01 -5.9407619171225612e-05
114 8.8671875000000000e-01 1.0079922217517948e-02 1.0079838049533697e-02 8.4167984250663186e-08 -3.8689083267379942e-01 -3.8683140179820524e-01 -5.9430875594179700e-05
115 8.9453125000000000e-01 8.8921791937097878e-03 8.8920999829132374e-03 7.9210796550405194e-08 -4.2466309082594561e-01 -4.2460363082552061e-01 -5.9460000425004544e-05
116 9.0234375000000000e-01 7.7573603971989712e-03 7.7572863187537191e-03 7.4078445252111214e-08 -4.6311412045260303e-01 -4.6305462526958890e-01 -5.9495183014124375e-05
117 9.1015625000000000e-01 6.6800210295028251e-03 6.6799522549042525e-03 6.8774598572553247e-08 -5.0223936653613444e-01 -5.0217982993256105e-01 -5.9536603573384639e-05
118 9.1796875000000000e-01 5.6648056104840793e-03 5.6647423068188311e-03 6.3303665248128083e-08 -5.4203418473146037e-01 -5.4197460029898303e-01 -5.9584432477333138e-05
119 9.2578125000000000e-01 4.7164479783723045e-03 4.7163903075563363e-03 5.7670815968233202e-08 -5.8249384136540172e-01 -5.8243420253579603e-01 -5.9638829605690447e-05
120 9.3359375000000000e-01 3.8397712897839391e-03 3.8397194077805295e-03 5.1882003409588207e-08 -6.2361351343603388e-01 -6.2355381349233618e-01 -5.9699943697699709e-05
121 9.4140625000000000e-01 3.0396880197412057e-03 3.0396420757600592e-03 4.5943981146455426e-08 -6.6538828861194210e-01 -6.6532852070033499e-01 -5.9767911607111479e-05
122 9.4921875000000000e-01 2.3211999616896493e-03 2.3211600973684580e-03 3.9864321191296348e-08 -7.0781316523163651e-01 -7.0775332237391864e-01 -5.9842857717873343e-05
123 9.5703125000000000e-01 1.6893982275142435e-03 1.6893645760841431e-03 3.3651430100378049e-08 -7.5088305230280927e-01 -7.5082312740960910e-01 -5.9924893200169471e-05
124 9.6484375000000000e-01 1.1494632475539256e-03 1.1494359329904159e-03 2.7314563509671722e-08 -7.9459276950167335e-01 -7.9453275538632273e-01 -6.0014115350615072e-05
125 9.7265625000000000e-01 7.0666477061476706e-04 7.0664390677546273e-04 2.0863839304331201e-08 -8.3893704717227280e-01 -8.3887693656537166e-01 -6.0110606901142560e-05
126 9.8046875000000000e-01 3.6636186398113679e-04 3.6634755373235364e-04 1.4310248783156419e-08 -8.8391052632579381e-01 -8.8385031189046248e-01 -6.0214435331329419e-05
127 9.8828125000000000e-01 1.3400291342535988e-04 1.3399524775904381e-04 7.6656663160700432e-09 -9.2950775863988078e-01 -9.2944743298769750e-01 -6.0325652183279566e-05
128 9.9609375000000000e-01 1.5125623215445577e-05 1.5124680358372909e-05 9.4285707266801003e-10 -9.7572320645794108e-01 -9.7566276216557368e-01 -6.0444292367400898e-05
