# P x_center tau_phi tau_mu
1 3.1250000000000000e-02 6.9510437443419670e-03 -2.2204460492503131e-16
2 9.3750000000000000e-02 -4.8786833726266465e-04 3.9023457024743302e-03
3 1.5625000000000000e-01 -4.8797410105638761e-04 3.9023457024745523e-03
4 2.1875000000000000e-01 -4.8809717454290080e-04 3.9023457024739347e-03
5 2.8125000000000000e-01 -4.8821850118052623e-04 3.9023457024767172e-03
6 3.4375000000000000e-01 -4.8832283573219115e-04 3.9023457024707220e-03
7 4.0625000000000000e-01 -4.8839874428452390e-04 3.9023457024771613e-03
8 4.6875000000000000e-01 -4.8843860421321494e-04 3.9023457024716102e-03
9 5.3125000000000000e-01 -4.8843860420966223e-04 3.9023457024743857e-03
10 5.9375000000000000e-01 -4.8839874428452390e-04 3.9023457024736086e-03
11 6.5625000000000000e-01 -4.8832283573219115e-04 3.9023457024724983e-03
12 7.1875000000000000e-01 -4.8821850118052623e-04 3.9023457024758290e-03
13 7.8125000000000000e-01 -4.8809717454201262e-04 3.9023457024748229e-03
14 8.4375000000000000e-01 -4.8797410105638761e-04 3.9023457024741082e-03
15 9.0625000000000000e-01 -4.8786833726355283e-04 3.9023457024740527e-03
16 9.6875000000000000e-01 6.9510437443437434e-03 1.1102230246251565e-16
