# P x_center tau_phi tau_mu
1 3.9062500000000000e-03 1.2028104092025316e-04 -2.2204460492503131e-16
2 1.1718750000000000e-02 -9.5272439556981503e-07 6.0974151601445037e-05
3 1.9531250000000000e-02 -9.5273005462637173e-07 6.0974151599890725e-05
4 2.7343750000000000e-02 -9.5273839717524567e-07 6.0974151601778104e-05
5 3.5156250000000000e-02 -9.5274916467324999e-07 6.0974151604997751e-05
6 4.2968750000000000e-02 -9.5276238365471499e-07 6.0974151595782899e-05
7 5.0781250000000000e-02 -9.5277776557267657e-07 6.0974151604553661e-05
8 5.8593750000000000e-02 -9.5279535239356505e-07 6.0974151598003345e-05
9 6.6406250000000000e-02 -9.5281485723575088e-07 6.0974151615544869e-05
10 7.4218750000000000e-02 -9.5283627565834195e-07 6.0974151599113569e-05
11 8.2031250000000000e-02 -9.5285940826528304e-07 6.0974151589676673e-05
12 8.9843750000000000e-02 -9.5288420176586897e-07 6.0974151612880334e-05
13 9.7656250000000000e-02 -9.5291050072887629e-07 6.0974151611936644e-05
14 1.0546875000000000e-01 -9.5293822077735513e-07 6.0974151589510139e-05
15 1.1328125000000000e-01 -9.5296721269733098e-07 6.0974151607828819e-05
16 1.2109375000000000e-01 -9.5299738589460503e-07 6.0974151575465818e-05
17 1.2890625000000000e-01 -9.5302864799862164e-07 6.0974151609660687e-05
18 1.3671875000000000e-01 -9.5306087644075888e-07 6.0974151595949433e-05
19 1.4453125000000000e-01 -9.5309397352139058e-07 6.0974151628589990e-05
20 1.5234375000000000e-01 -9.5312784509360426e-07 6.0974151598447435e-05
21 1.6015625000000000e-01 -9.5316237036513485e-07 6.0974151576770330e-05
22 1.6796875000000000e-01 -9.5319748893984979e-07 6.0974151559173295e-05
23 1.7578125000000000e-01 -9.5323308713091137e-07 6.0974151622247841e-05
24 1.8359375000000000e-01 -9.5326905480419555e-07 6.0974151553927491e-05
25 1.9140625000000000e-01 -9.5330534577442450e-07 6.0974151649267894e-05
26 1.9921875000000000e-01 -9.5334183924933313e-07 6.0974151516790531e-05
27 2.0703125000000000e-01 -9.5337845351650685e-07 6.0974151613256769e-05
28 2.1484375000000000e-01 -9.5341513173252679e-07 6.0974151652043451e-05
29 2.2265625000000000e-01 -9.5345175310512786e-07 6.0974151569470614e-05
30 2.3046875000000000e-01 -9.5348826789631858e-07 6.0974151610077021e-05
31 2.3828125000000000e-01 -9.5352459084097063e-07 6.0974151587622760e-05
32 2.4609375000000000e-01 -9.5356065799023781e-07 6.0974151595699633e-05
33 2.5390625000000000e-01 -9.5359637697356447e-07 6.0974151609771710e-05
34 2.6171875000000000e-01 -9.5363169805295911e-07 6.0974151544074262e-05
35 2.6953125000000000e-01 -9.5366655017414814e-07 6.0974151649378916e-05
36 2.7734375000000000e-01 -9.5370085517743064e-07 6.0974151490006401e-05
37 2.8515625000000000e-01 -9.5373454911396038e-07 6.0974151762704931e-05
38 2.9296875000000000e-01 -9.5376757514031851e-07 6.0974151568138346e-05
39 3.0078125000000000e-01 -9.5379989062394088e-07 6.0974151651016495e-05
40 3.0859375000000000e-01 -9.5383142451055392e-07 6.0974151444292968e-05
41 3.1640625000000000e-01 -9.5386214837844818e-07 6.0974151854353842e-05
42 3.2421875000000000e-01 -9.5389197696249539e-07 6.0974151509463059e-05
43 3.3203125000000000e-01 -9.5392082499756725e-07 6.0974151534609611e-05
44 3.3984375000000000e-01 -9.5394872090537319e-07 6.0974151629145101e-05
45 3.4765625000000000e-01 -9.5397560073706700e-07 6.0974151601722593e-05
46 3.5546875000000000e-01 -9.5400136501666566e-07 6.0974151597781301e-05
47 3.6328125000000000e-01 -9.5402604927130596e-07 6.0974151701309598e-05
48 3.7109375000000000e-01 -9.5404958244671434e-07 6.0974151650849961e-05
49 3.7890625000000000e-01 -9.5407190769947192e-07 6.0974151635417861e-05
50 3.8671875000000000e-01 -9.5409298239701457e-07 6.0974151498305318e-05
51 3.9453125000000000e-01 -9.5411284917190642e-07 6.0974151646964181e-05
52 4.0234375000000000e-01 -9.5413140854816447e-07 6.0974151631754125e-05
53 4.1015625000000000e-01 -9.5414860368236987e-07 6.0974151510295727e-05
54 4.1796875000000000e-01 -9.5416454826136032e-07 6.0974151676496113e-05
55 4.2578125000000000e-01 -9.5417902912231511e-07 6.0974151497195095e-05
56 4.3359375000000000e-01 -9.5419218837378139e-07 6.0974151584791692e-05
57 4.4140625000000000e-01 -9.5420389811806672e-07 6.0974151751880257e-05
58 4.4921875000000000e-01 -9.5421421519858995e-07 6.0974151522175113e-05
59 4.5703125000000000e-01 -9.5422304013936809e-07 6.0974151779413788e-05
60 4.6484375000000000e-01 -9.5423041557296528e-07 6.0974151470105653e-05
61 4.7265625000000000e-01 -9.5423635571023624e-07 6.0974151639414664e-05
62 4.8046875000000000e-01 -9.5424078949690738e-07 6.0974151679937805e-05
63 4.8828125000000000e-01 -9.5424380219810701e-07 6.0974151661619125e-05
64 4.9609375000000000e-01 -9.5424526591614267e-07 6.0974151536608012e-05
65 5.0390625000000000e-01 -9.5424529433785210e-07 6.0974151650294850e-05
66 5.1171875000000000e-01 -9.5424378798725229e-07 6.0974151491088868e-05
67 5.1953125000000000e-01 -9.5424080370776210e-07 6.0974151566250967e-05
68 5.2734375000000000e-01 -9.5423638413194567e-07 6.0974151866788340e-05
69 5.3515625000000000e-01 -9.5423042978382000e-07 6.0974151526949072e-05
70 5.4296875000000000e-01 -9.5422304013936809e-07 6.0974151665726950e-05
71 5.5078125000000000e-01 -9.5421418677688052e-07 6.0974151522175113e-05
72 5.5859375000000000e-01 -9.5420389811806672e-07 6.0974151695036838e-05
73 5.6640625000000000e-01 -9.5419218837378139e-07 6.0974151641635110e-05
74 5.7421875000000000e-01 -9.5417902912231511e-07 6.0974151497195095e-05
75 5.8203125000000000e-01 -9.5416453405050561e-07 6.0974151619652694e-05
76 5.8984375000000000e-01 -9.5414861789322458e-07 6.0974151567139145e-05
77 5.9765625000000000e-01 -9.5413139433730976e-07 6.0974151688597544e-05
78 6.0546875000000000e-01 -9.5411282075019699e-07 6.0974151590120762e-05
79 6.1328125000000000e-01 -9.5409298239701457e-07 6.0974151498305318e-05
80 6.2109375000000000e-01 -9.5407190769947192e-07 6.0974151635417861e-05
81 6.2890625000000000e-01 -9.5404958244671434e-07 6.0974151707693380e-05
82 6.3671875000000000e-01 -9.5402603506045125e-07 6.0974151644466179e-05
83 6.4453125000000000e-01 -9.5400136501666566e-07 6.0974151540937882e-05
84 6.5234375000000000e-01 -9.5397560073706700e-07 6.0974151715409430e-05
85 6.6015625000000000e-01 -9.5394871379994584e-07 6.0974151515458264e-05
86 6.6796875000000000e-01 -9.5392083210299461e-07 6.0974151648296449e-05
87 6.7578125000000000e-01 -9.5389196275164068e-07 6.0974151452619640e-05
88 6.8359375000000000e-01 -9.5386213416759347e-07 6.0974151683879096e-05
89 6.9140625000000000e-01 -9.5383143872140863e-07 6.0974151614823224e-05
90 6.9921875000000000e-01 -9.5379989772936824e-07 6.0974151707859914e-05
91 7.0703125000000000e-01 -9.5376759645660059e-07 6.0974151624926254e-05
92 7.1484375000000000e-01 -9.5373454200853303e-07 6.0974151535331256e-05
93 7.2265625000000000e-01 -9.5370085517743064e-07 6.0974151717380076e-05
94 7.3046875000000000e-01 -9.5366652885786607e-07 6.0974151478848659e-05
95 7.3828125000000000e-01 -9.5363169805295911e-07 6.0974151600917681e-05
96 7.4609375000000000e-01 -9.5359637697356447e-07 6.0974151609771710e-05
97 7.5390625000000000e-01 -9.5356065799023781e-07 6.0974151538856214e-05
98 7.6171875000000000e-01 -9.5352459794639799e-07 6.0974151701309598e-05
99 7.6953125000000000e-01 -9.5348826789631858e-07 6.0974151581641434e-05
100 7.7734375000000000e-01 -9.5345174599970051e-07 6.0974151569484492e-05
101 7.8515625000000000e-01 -9.5341511752167207e-07 6.0974151595206971e-05
102 7.9296875000000000e-01 -9.5337846772736157e-07 6.0974151698520163e-05
103 8.0078125000000000e-01 -9.5334182859119210e-07 6.0974151488368822e-05
104 8.0859375000000000e-01 -9.5330534222171082e-07 6.0974151649260955e-05
105 8.1640625000000000e-01 -9.5326905125148187e-07 6.0974151553941369e-05
106 8.2421875000000000e-01 -9.5323308357819769e-07 6.0974151593826131e-05
107 8.3203125000000000e-01 -9.5319748183442243e-07 6.0974151587595005e-05
108 8.3984375000000000e-01 -9.5316237391784853e-07 6.0974151605192040e-05
109 8.4765625000000000e-01 -9.5312784154089059e-07 6.0974151612658289e-05
110 8.5546875000000000e-01 -9.5309397352139058e-07 6.0974151585957426e-05
111 8.6328125000000000e-01 -9.5306087644075888e-07 6.0974151610160288e-05
112 8.7109375000000000e-01 -9.5302864444590796e-07 6.0974151595449833e-05
113 8.7890625000000000e-01 -9.5299738234189135e-07 6.0974151589676673e-05
114 8.8671875000000000e-01 -9.5296721269733098e-07 6.0974151607828819e-05
115 8.9453125000000000e-01 -9.5293821544828461e-07 6.0974151596615567e-05
116 9.0234375000000000e-01 -9.5291050605794680e-07 6.0974151604831217e-05
117 9.1015625000000000e-01 -9.5288421064765316e-07 6.0974151598669479e-05
118 9.1796875000000000e-01 -9.5285940826528304e-07 6.0974151610992955e-05
119 9.2578125000000000e-01 -9.5283627565834195e-07 6.0974151602666282e-05
120 9.3359375000000000e-01 -9.5281484213671774e-07 6.0974151601334015e-05
121 9.4140625000000000e-01 -9.5279535194947584e-07 6.0974151598003345e-05
122 9.4921875000000000e-01 -9.5277776601676578e-07 6.0974151604553661e-05
123 9.5703125000000000e-01 -9.5276238321062579e-07 6.0974151601111970e-05
124 9.6484375000000000e-01 -9.5274916489529460e-07 6.0974151603221394e-05
125 9.7265625000000000e-01 -9.5273839717524567e-07 6.0974151599113569e-05
126 9.8046875000000000e-01 -9.5273005462637173e-07 6.0974151601000948e-05
127 9.8828125000000000e-01 -9.5272439554205945e-07 6.0974151601334015e-05
128 9.9609375000000000e-01 1.2028104092025316e-04 -2.2204460492503131e-16
