# P x phi_num phi_exact phi_err mu_num mu_exact mu_err
1 1.5625000000000000e-02 2.3653328788280045e-04 2.3633438252441082e-04 1.9890535838963099e-07 -9.0737876732918010e-01 -9.0657124822989943e-01 -8.0751909928067356e-04
2 4.6875000000000000e-02 1.9957118862723518e-03 1.9941048466515475e-03 1.6070396208042910e-06 -7.3002714103621669e-01 -7.2920792115443689e-01 -8.1921988177979799e-04
3 7.8125000000000000e-02 5.1846226192760730e-03 5.1819097100495974e-03 2.7129092264755600e-06 -5.6295427481794724e-01 -5.6212159678712570e-01 -8.3267803082154312e-04
4 1.0937500000000000e-01 9.4831796363368803e-03 9.4796346768124783e-03 3.5449595244020637e-06 -4.0648004283359285e-01 -4.0563238942387220e-01 -8.4765340972065006e-04
5 1.4062500000000000e-01 1.4594164822284270e-02 1.4590030757884545e-02 4.1340643997245241e-06 -2.6090136784142182e-01 -2.6003754805373169e-01 -8.6381978769012324e-04
6 1.7187500000000000e-01 2.0243227220465461e-02 2.0238714271060589e-02 4.5129494048723462e-06 -1.2649224388158700e-01 -1.2561145635890969e-01 -8.8078752267731208e-04
7 2.0312500000000000e-01 2.6178882335642847e-02 2.6174166840985821e-02 4.7154946570260314e-06 -3.5037578912024908e-03 -2.6056327147608240e-03 -8.9812517644166688e-04
8 2.3437500000000000e-01 3.2172511357513291e-02 3.2167735399155913e-02 4.7759583573780962e-06 1.0783589011399747e-01 1.0875126981021055e-01 -9.1537969621308113e-04
9 2.6562500000000000e-01 3.8018360342749982e-02 3.8013632183916950e-02 4.7281588330325142e-06 2.0732136862102124e-01 2.0825346345435050e-01 -9.3209483332926113e-04
10 2.9687500000000000e-01 4.3533539389943171e-02 4.3528934740465465e-02 4.6046494777060576e-06 2.9477019822055439e-01 2.9571802576285555e-01 -9.4782754230116062e-04
11 3.2812500000000000e-01 4.8558021837857818e-02 4.8553585920848408e-02 4.4359170094099287e-06 3.7002273738758618e-01 3.7098489958777264e-01 -9.6216220018646714e-04
12 3.5937500000000000e-01 5.2954643513214397e-02 5.2950393883963158e-02 4.2496292512392286e-06 4.3294217049702555e-01 4.3391689308799924e-01 -9.7472259097369784e-04
13 3.9062500000000000e-01 5.6609102049930714e-02 5.6605032095557582e-02 4.0699543731315124e-06 4.8341449803029107e-01 4.8439967972928311e-01 -9.8518169899203256e-04
14 4.2187500000000000e-01 5.9429956297622905e-02 5.9426039328229908e-02 3.9169693929960725e-06 5.2134852884827643e-01 5.2234179828422256e-01 -9.9326943594613137e-04
15 4.5312500000000000e-01 6.1348625833302049e-02 6.1344819661428858e-02 3.8061718731913219e-06 5.4667587435241816e-01 5.4767465283226624e-01 -9.9877847984808366e-04
16 4.8437500000000000e-01 6.2319390586717406e-02 6.2315642481453548e-02 3.7481052638579926e-06 5.5935094433531707e-01 5.6035251275971332e-01 -1.0015684243962486e-03
17 5.1562500000000000e-01 6.2319390586717510e-02 6.2315642481453548e-02 3.7481052639620760e-06 5.5935094433531418e-01 5.6035251275971321e-01 -1.0015684243990242e-03
18 5.4687500000000000e-01 6.1348625833302389e-02 6.1344819661428851e-02 3.8061718735382666e-06 5.4667587435241671e-01 5.4767465283226613e-01 -9.9877847984941592e-04
19 5.7812500000000000e-01 5.9429956297623369e-02 5.9426039328229895e-02 3.9169693934748562e-06 5.2134852884828209e-01 5.2234179828422256e-01 -9.9326943594046924e-04
20 6.0937500000000000e-01 5.6609102049931317e-02 5.6605032095557575e-02 4.0699543737421351e-06 4.8341449803030195e-01 4.8439967972928311e-01 -9.8518169898115238e-04
21 6.4062500000000000e-01 5.2954643513215091e-02 5.2950393883963165e-02 4.2496292519261791e-06 4.3294217049704192e-01 4.3391689308799924e-01 -9.7472259095732205e-04
22 6.7187500000000000e-01 4.8558021837858567e-02 4.8553585920848394e-02 4.4359170101732071e-06 3.7002273738761143e-01 3.7098489958777264e-01 -9.6216220016120957e-04
23 7.0312500000000000e-01 4.3533539389943948e-02 4.3528934740465458e-02 4.6046494784901526e-06 2.9477019822057571e-01 2.9571802576285550e-01 -9.4782754227978883e-04
24 7.3437500000000000e-01 3.8018360342750745e-02 3.8013632183916957e-02 4.7281588337888536e-06 2.0732136862104511e-01 2.0825346345435050e-01 -9.3209483330539133e-04
25 7.6562500000000000e-01 3.2172511357514012e-02 3.2167735399155913e-02 4.7759583580997411e-06 1.0783589011401205e-01 1.0875126981021054e-01 -9.1537969619848170e-04
26 7.9687500000000000e-01 2.6178882335643472e-02 2.6174166840985825e-02 4.7154946576470624e-06 -3.5037578911937812e-03 -2.6056327147608188e-03 -8.9812517643296248e-04
27 8.2812500000000000e-01 2.0243227220465978e-02 2.0238714271060585e-02 4.5129494053927632e-06 -1.2649224388158392e-01 -1.2561145635890969e-01 -8.8078752267423122e-04
28 8.5937500000000000e-01 1.4594164822284659e-02 1.4590030757884544e-02 4.1340644001148369e-06 -2.6090136784142404e-01 -2.6003754805373169e-01 -8.6381978769234369e-04
29 8.9062500000000000e-01 9.4831796363371371e-03 9.4796346768124783e-03 3.5449595246588028e-06 -4.0648004283360128e-01 -4.0563238942387220e-01 -8.4765340972908776e-04
30 9.2187500000000000e-01 5.1846226192762144e-03 5.1819097100495965e-03 2.7129092266178073e-06 -5.6295427481795546e-01 -5.6212159678712570e-01 -8.3267803082975878e-04
31 9.5312500000000000e-01 1.9957118862723847e-03 1.9941048466515479e-03 1.6070396208368171e-06 -7.3002714103622246e-01 -7.2920792115443689e-01 -8.1921988178557115e-04
32 9.8437500000000000e-01 2.3653328788280324e-04 2.3633438252441082e-04 1.9890535839242282e-07 -9.0737876732918443e-01 -9.0657124822989943e-01 -8.0751909928500343e-04
