# P x phi_num phi_exact phi_err mu_num mu_exact mu_err
1 3.1250000000000000e-02 9.1790487471136626e-04 9.1556499513614027e-04 2.3398795752259871e-06 -8.1912419471490427e-01 -8.1662585967319223e-01 -2.4983350417120409e-03
2 9.3750000000000000e-02 7.2303444269328108e-03 7.2111461479557179e-03 1.9198278977092947e-05 -4.8532948194000269e-01 -4.8253323951254651e-01 -2.7962424274561859e-03
3 1.5625000000000000e-01 1.7390907622645939e-02 1.7363342389548550e-02 2.7565233097388842e-05 -1.9451830529105540e-01 -1.9141215269281692e-01 -3.1061525982384874e-03
4 2.1875000000000000e-01 2.9207011544247360e-02 2.9177084262272942e-02 2.9927281974418546e-05 5.1137586763852938e-02 5.4542331328354725e-02 -3.4047445645017868e-03
5 2.8125000000000000e-01 4.0851782846945607e-02 4.0823147218094144e-02 2.8635628851463035e-05 2.4983210642265685e-01 2.5350098800293375e-01 -3.6688815802768948e-03
6 3.4375000000000000e-01 5.0863895371708621e-02 5.0838151618584376e-02 2.5743753124245206e-05 4.0012028145670525e-01 4.0400043769249239e-01 -3.8801562357871355e-03
7 4.0625000000000000e-01 5.8147442380182573e-02 5.8124562734922759e-02 2.2879645259814285e-05 5.0091676441464927e-01 5.0494314566820964e-01 -4.0263812535603627e-03
8 4.6875000000000000e-01 6.1971854060262330e-02 6.1950690747895443e-02 2.1163312366886955e-05 5.5149654911046897e-01 5.5559742211087171e-01 -4.1008730004027383e-03
9 5.3125000000000000e-01 6.1971854060262302e-02 6.1950690747895443e-02 2.1163312366859199e-05 5.5149654911046819e-01 5.5559742211087182e-01 -4.1008730004036265e-03
10 5.9375000000000000e-01 5.8147442380182546e-02 5.8124562734922773e-02 2.2879645259772652e-05 5.0091676441464683e-01 5.0494314566820964e-01 -4.0263812535628052e-03
11 6.5625000000000000e-01 5.0863895371708538e-02 5.0838151618584376e-02 2.5743753124161939e-05 4.0012028145670175e-01 4.0400043769249239e-01 -3.8801562357906327e-03
12 7.1875000000000000e-01 4.0851782846945524e-02 4.0823147218094144e-02 2.8635628851379769e-05 2.4983210642265341e-01 2.5350098800293375e-01 -3.6688815802803365e-03
13 7.8125000000000000e-01 2.9207011544247295e-02 2.9177084262272938e-02 2.9927281974356096e-05 5.1137586763851516e-02 5.4542331328354725e-02 -3.4047445645032093e-03
14 8.4375000000000000e-01 1.7390907622645894e-02 1.7363342389548550e-02 2.7565233097343739e-05 -1.9451830529105557e-01 -1.9141215269281692e-01 -3.1061525982386540e-03
15 9.0625000000000000e-01 7.2303444269328021e-03 7.2111461479557187e-03 1.9198278977083406e-05 -4.8532948194000081e-01 -4.8253323951254651e-01 -2.7962424274542985e-03
16 9.6875000000000000e-01 9.1790487471136203e-04 9.1556499513614027e-04 2.3398795752217587e-06 -8.1912419471490105e-01 -8.1662585967319223e-01 -2.4983350417088213e-03
