# P x phi_num phi_exact phi_err mu_num mu_exact mu_err
1 1.9531250000000000e-03 3.7960734830569939e-06 3.7960127449622191e-06 6.0738094774826374e-11 -9.8732809329017779e-01 -9.8731253202005820e-01 -1.5561270119590631e-05
2 5.8593750000000000e-03 3.3897703358075745e-05 3.3897208580688682e-05 4.9477738706381899e-10 -9.6406681901191993e-01 -9.6405127906418109e-01 -1.5539947738840709e-05
3 9.7656250000000000e-03 9.3421352175821490e-05 9.3420414298332345e-05 9.3787748914493912e-10 -9.4095904564351085e-01 -9.4094352655322566e-01 -1.5519090285187609e-05
4 1.3671875000000000e-02 1.8166364317483209e-04 1.8166225375942767e-04 1.3894154044251286e-09 -9.1800547656061338e-01 -9.1798997786333036e-01 -1.5498697283011786e-05
5 1.7578125000000000e-02 2.9792678195839247e-04 2.9792493317581437e-04 1.8487825780922132e-09 -8.9520680955630394e-01 -8.9519133078828306e-01 -1.5478768020882328e-05
6 2.1484375000000000e-02 4.4151855649437267e-04 4.4151624110963771e-04 2.3153847349610332e-09 -8.7256373684107835e-01 -8.7254827753952191e-01 -1.5459301556441929e-05
7 2.5390625000000000e-02 6.1175233711556812e-04 6.1174954847334766e-04 2.7886422204618025e-09 -8.5007694504285725e-01 -8.5006150474613440e-01 -1.5440296722846192e-05
8 2.9296875000000000e-02 8.0794707651908517e-04 8.0794380852970032e-04 3.2679893848539324e-09 -8.2774711520698219e-01 -8.2773169345485764e-01 -1.5421752124544774e-05
9 3.3203125000000000e-02 1.0294273097667032e-03 1.0294235568917562e-03 3.7528749470029654e-09 -8.0557492279626786e-01 -8.0555951913007862e-01 -1.5403666189239829e-05
10 3.7109375000000000e-02 1.2755231542846469e-03 1.2755189115228817e-03 4.2427617651802363e-09 -7.8356103769088548e-01 -7.8354565165383405e-01 -1.5386037051423607e-05
11 4.1015625000000000e-02 1.5455703098635467e-03 1.5455655727367483e-03 4.7371267984652743e-09 -7.6170612418852590e-01 -7.6169075532581010e-01 -1.5368862715803289e-05
12 4.4921875000000000e-02 1.8389100586583482e-03 1.8389048231973323e-03 5.2354610158896614e-09 -7.4001084100429559e-01 -7.3999548886334299e-01 -1.5352140952606952e-05
13 4.8828125000000000e-02 2.1548892651882473e-03 2.1548835279189163e-03 5.7372693310596412e-09 -7.1847584127075648e-01 -7.1846050540141848e-01 -1.5335869337995689e-05
14 5.2734375000000000e-02 2.4928603763365183e-03 2.4928541342660875e-03 6.2420704308521757e-09 -6.9710177253793404e-01 -6.9708645249267165e-01 -1.5320045262390281e-05
15 5.6640625000000000e-02 2.8521814213505817e-03 2.8521746719537382e-03 6.7493968435028417e-09 -6.7588927677321919e-01 -6.7587397210738798e-01 -1.5304665831217257e-05
16 6.0546875000000000e-02 3.2322160118417745e-03 3.2322087530470664e-03 7.2587947081044490e-09 -6.5483899036163662e-01 -6.5482370063350204e-01 -1.5289728134582070e-05
17 6.4453125000000000e-02 3.6323333417852951e-03 3.6323255719615754e-03 7.7698237197464104e-09 -6.3395154410560017e-01 -6.3393626887659837e-01 -1.5275229001798785e-05
18 6.8359375000000000e-02 4.0519081875200870e-03 4.0518999054630729e-03 8.2820570141556304e-09 -6.1322756322500382e-01 -6.1321230205991129e-01 -1.5261165092539386e-05
19 7.2265625000000000e-02 4.4903209077486669e-03 4.4903121126676744e-03 8.7950809924894346e-09 -5.9266766735721621e-01 -5.9265241982432448e-01 -1.5247532891726756e-05
20 7.6171875000000000e-02 4.9469574435370917e-03 4.9469481350417968e-03 9.3084952948810362e-09 -5.7227247055709540e-01 -5.7225723622837166e-01 -1.5234328723745527e-05
21 8.0078125000000000e-02 5.4212093183147944e-03 5.4211994964021666e-03 9.8219126278345503e-09 -5.5204258129688810e-01 -5.5202735974823602e-01 -1.5221548652077921e-05
22 8.3984375000000000e-02 5.9124736378744561e-03 5.9124633029158120e-03 1.0334958644095393e-08 -5.3197860246651030e-01 -5.3196339327775055e-01 -1.5209188759746084e-05
23 8.7890625000000000e-02 6.4201530903718954e-03 6.4201422431000663e-03 1.0847271829025895e-08 -5.1208113137329103e-01 -5.1206593412839807e-01 -1.5197244892961592e-05
24 9.1796875000000000e-02 6.9436559463258284e-03 6.9436445878225724e-03 1.1358503256009289e-08 -4.9235075974207249e-01 -4.9233557402931072e-01 -1.5185712761767167e-05
25 9.5703125000000000e-02 7.4823960586179166e-03 7.4823841903012746e-03 1.1868316641960863e-08 -4.7278807371519393e-01 -4.7277289912727066e-01 -1.5174587923272309e-05
26 9.9609375000000000e-02 8.0357928624924455e-03 8.0357804861044234e-03 1.2376388022067308e-08 -4.5339365385257224e-01 -4.5337848998670965e-01 -1.5163865862588555e-05
27 1.0351562500000000e-01 8.6032713755562762e-03 8.6032584931505750e-03 1.2882405701214461e-08 -4.3416807513114009e-01 -4.3415292158970914e-01 -1.5153541430945605e-05
28 1.0742187500000000e-01 9.1842621977786375e-03 9.1842488117085900e-03 1.3386070047555210e-08 -4.1511190694621469e-01 -4.1509676333600021e-01 -1.5143610214485292e-05
29 1.1132812500000000e-01 9.7782015114909766e-03 9.7781876243976367e-03 1.3887093339853829e-08 -3.9622571311011623e-01 -3.9621057904296370e-01 -1.5134067152533515e-05
30 1.1523437500000000e-01 1.0384531081386849e-02 1.0384516696187184e-02 1.4385199665137294e-08 -3.7751005185280451e-01 -3.7749492694563019e-01 -1.5124907174313140e-05
31 1.1914062500000000e-01 1.1002698254521671e-02 1.1002683374397014e-02 1.4880124656752036e-08 -3.5896547582174998e-01 -3.5895035969667988e-01 -1.5116125070102626e-05
32 1.2304687500000000e-01 1.1632155960312633e-02 1.1632140588697203e-02 1.5371615430179175e-08 -3.4059253208192786e-01 -3.4057742436644267e-01 -1.5107715485185302e-05
33 1.2695312500000000e-01 1.2272362710538481e-02 1.2272346851108141e-02 1.5859430340173231e-08 -3.2239176211601261e-01 -3.2237666244289820e-01 -1.5099673114415957e-05
34 1.3085937500000000e-01 1.2922782599339357e-02 1.2922766256000525e-02 1.6343338831575904e-08 -3.0436370182404515e-01 -3.0434860983167572e-01 -1.5091992369431484e-05
35 1.3476562500000000e-01 1.3582885303216642e-02 1.3582868480095349e-02 1.6823121293599308e-08 -2.8650888152356585e-01 -2.8649379685605436e-01 -1.5084667511489069e-05
36 1.3867187500000000e-01 1.4252146081032721e-02 1.4252128782463914e-02 1.7298568806556336e-08 -2.6882782594984300e-01 -2.6881274825696261e-01 -1.5077692880394178e-05
37 1.4257812500000000e-01 1.4930045774010881e-02 1.4930028004527833e-02 1.7769483048185597e-08 -2.5132105425563650e-01 -2.5130598319297909e-01 -1.5071062657412426e-05
38 1.4648437500000000e-01 1.5616070805735075e-02 1.5616052570059021e-02 1.8235676054259575e-08 -2.3398908001115615e-01 -2.3397401524033171e-01 -1.5064770824441132e-05
39 1.5039062500000000e-01 1.6309713182149729e-02 1.6309694485179695e-02 1.8696970034703941e-08 -2.1683241120399543e-01 -2.1681735239289832e-01 -1.5058811097118374e-05
40 1.5429687500000000e-01 1.7010470491559567e-02 1.7010451338362379e-02 1.9153197187982141e-08 -1.9985155024028778e-01 -1.9983649706220641e-01 -1.5053178081370078e-05
41 1.5820312500000000e-01 1.7717845904629447e-02 1.7717826300429902e-02 1.9604199544970280e-08 -1.8304699394258439e-01 -1.8303194607743314e-01 -1.5047865151246453e-05
42 1.6210937500000000e-01 1.8431348174384146e-02 1.8431328124555404e-02 2.0049828741708353e-08 -1.6641923355173130e-01 -1.6640419068540538e-01 -1.5042866325920556e-05
43 1.6601562500000000e-01 1.9150491636208116e-02 1.9150471146262324e-02 2.0489945792151465e-08 -1.4996875472593199e-01 -1.4995371655059966e-01 -1.5038175332326986e-05
44 1.6992187500000000e-01 1.9874796207845383e-02 1.9874775283424399e-02 2.0924420984086423e-08 -1.3369603754108539e-01 -1.3368100375514225e-01 -1.5033785943141531e-05
45 1.7382812500000000e-01 2.0603787389399303e-02 2.0603766036265698e-02 2.1353133605045427e-08 -1.1760155648994441e-01 -1.1758652679880909e-01 -1.5029691135329259e-05
46 1.7773437500000000e-01 2.1336996263332349e-02 2.1336974487360560e-02 2.1775971789650406e-08 -1.0168578048405857e-01 -1.0167075459902584e-01 -1.5025885032729502e-05
47 1.8164062500000000e-01 2.2073959494465938e-02 2.2073937301633657e-02 2.2192832280221175e-08 -8.5949172851946962e-02 -8.5934150490867861e-02 -1.5022361079100599e-05
48 1.8554687500000000e-01 2.2814219329980213e-02 2.2814196726359950e-02 2.2603620263711433e-08 -7.0392191339819318e-02 -7.0377172227060122e-02 -1.5019112759195874e-05
49 1.8945312500000000e-01 2.3557323599413881e-02 2.3557300591164711e-02 2.3008249170480832e-08 -5.5015288111473000e-02 -5.5000271977977418e-02 -1.5016133495582284e-05
50 1.9335937500000000e-01 2.4302825714663859e-02 2.4302802308023522e-02 2.3406640337758633e-08 -3.9818909748191800e-02 -3.9803896331644120e-02 -1.5013416547679515e-05
51 1.9726562500000000e-01 2.5050284669985334e-02 2.5050260871262272e-02 2.3798723061685401e-08 -2.4803497248626627e-02 -2.4788486293734365e-02 -1.5010954892261813e-05
52 2.0117187500000000e-01 2.5799265041991336e-02 2.5799240857557127e-02 2.4184434208734951e-08 -9.9694860299252980e-03 -9.9544772875719799e-03 -1.5008742353318089e-05
53 2.0507812500000000e-01 2.6549336989652610e-02 2.6549312425934609e-02 2.4563718000608636e-08 4.6826940737534056e-03 4.6977008458695593e-03 -1.5006772116153699e-05
54 2.0898437500000000e-01 2.7300076254297423e-02 2.7300051317771488e-02 2.4936525934438070e-08 1.9152618810384998e-02 1.9167623847967021e-02 -1.5005037582022790e-05
55 2.1289062500000000e-01 2.8051064159611297e-02 2.8051038856794889e-02 2.5302816408084849e-08 3.3439869510433227e-02 3.3454873042447528e-02 -1.5003532014300214e-05
56 2.1679687500000000e-01 2.8801887611636871e-02 2.8801861949082207e-02 2.5662554664629411e-08 4.7544033086751369e-02 4.7559035335388480e-02 -1.5002248637110971e-05
57 2.2070312500000000e-01 2.9552139098773682e-02 2.9552113083061163e-02 2.6015712518284717e-08 6.1464702034299989e-02 6.1479703215217597e-02 -1.5001180917607881e-05
58 2.2460937500000000e-01 3.0301416691777938e-02 3.0301390329509782e-02 2.6362268156637780e-08 7.5201474430884513e-02 7.5216474752712897e-02 -1.5000321828384511e-05
59 2.2851562500000000e-01 3.1049324043762313e-02 3.1049297341556380e-02 2.6702205932482848e-08 8.8753953936408989e-02 8.8768953601002704e-02 -1.4999664593715045e-05
60 2.3242187500000000e-01 3.1795470390195750e-02 3.1795443354679598e-02 2.7035516152185135e-08 1.0212174979304060e-01 1.0213674899556566e-01 -1.4999202525053934e-05
61 2.3632812500000000e-01 3.2539470548903313e-02 3.2539443186708358e-02 2.7362194954250185e-08 1.1530447682536542e-01 1.1531947575423068e-01 -1.4998928865264660e-05
62 2.4023437500000000e-01 3.3280944920065815e-02 3.3280917237821908e-02 2.7682243906868020e-08 1.2830175544013400e-01 1.2831675427717704e-01 -1.4998837043034285e-05
63 2.4414062500000000e-01 3.4019519486219764e-02 3.4019491490549794e-02 2.7995669969749226e-08 1.4111321162772583e-01 1.4112821054693422e-01 -1.4998919208392136e-05
64 2.4804687500000000e-01 3.4754825812257091e-02 3.4754797509771868e-02 2.8302485223508089e-08 1.5373847695936071e-01 1.5375347612838214e-01 -1.4999169021423508e-05
65 2.5195312500000000e-01 3.5486501045424938e-02 3.5486472442718291e-02 2.8602706647617993e-08 1.6617718858811648e-01 1.6619218816875092e-01 -1.4999580634444953e-05
66 2.5585937500000000e-01 3.6214187915325595e-02 3.6214159018969509e-02 2.8896356085716945e-08 1.7842898925053466e-01 1.7844398939762102e-01 -1.5000147086358107e-05
67 2.5976562500000000e-01 3.6937534733915957e-02 3.6937505550456301e-02 2.9183459655801602e-08 1.9049352726519175e-01 1.9050852812692323e-01 -1.5000861731478965e-05
68 2.6367187500000000e-01 3.7656195395507699e-02 3.7656165931459734e-02 2.9464047965332973e-08 2.0237045653311725e-01 2.0238545825093859e-01 -1.5001717821344629e-05
69 2.6757812500000000e-01 3.8369829376766869e-02 3.8369799638611209e-02 2.9738155660208321e-08 2.1405943653780923e-01 2.1407443924629854e-01 -1.5002708489308958e-05
70 2.7148437500000000e-01 3.9078101736713750e-02 3.9078071730892380e-02 3.0005821369250008e-08 2.2556013234444156e-01 2.2557513617198469e-01 -1.5003827543130788e-05
71 2.7539062500000000e-01 3.9780683116722643e-02 3.9780652849635244e-02 3.0267087398894166e-08 2.3687221460091437e-01 2.3688721966932910e-01 -1.5005068414730705e-05
72 2.7929687500000000e-01 4.0477249740521692e-02 4.0477219218522091e-02 3.0521999601351713e-08 2.4799535953723550e-01 2.4801036596201398e-01 -1.5006424778474248e-05
73 2.8320312500000000e-01 4.1167483414192754e-02 4.1167452643585532e-02 3.0770607221952684e-08 2.5892924896584874e-01 2.5894425685607197e-01 -1.5007890223239784e-05
74 2.8710937500000000e-01 4.1851071526170860e-02 4.1851040513208468e-02 3.1012962392606980e-08 2.6967357028115657e-01 2.6968857973988603e-01 -1.5009458729453584e-05
75 2.9101562500000000e-01 4.2527707047244574e-02 4.2527675798124102e-02 3.1249120471810166e-08 2.8022801646216067e-01 2.8024302758418929e-01 -1.5011122028618651e-05
76 2.9492187500000000e-01 4.3197088530555379e-02 4.3197057051415938e-02 3.1479139440959703e-08 2.9059228606676030e-01 2.9060729894206527e-01 -1.5012875304976081e-05
77 2.9882812500000000e-01 4.3858920111597623e-02 4.3858888408517822e-02 3.1703079800271539e-08 3.0076608323622983e-01 3.0078109794894781e-01 -1.5014712717975609e-05
78 3.0273437500000000e-01 4.4512911508218379e-02 4.4512879587213880e-02 3.1921004499391170e-08 3.1074911769464497e-01 3.1076413432262107e-01 -1.5016627976094377e-05
79 3.0664062500000000e-01 4.5158778020617081e-02 4.5158745887638518e-02 3.2132978562693371e-08 3.2054110474820230e-01 3.2055612336321943e-01 -1.5018615017126091e-05
80 3.1054687500000000e-01 4.5796240531345657e-02 4.5796208192276477e-02 3.2339069179487812e-08 3.3014176528558892e-01 3.3015678595322762e-01 -1.5020667638698804e-05
81 3.1445312500000000e-01 4.6425025505308054e-02 4.6424992965962808e-02 3.2539345246052065e-08 3.3955082577813300e-01 3.3956584855748073e-01 -1.5022779347728665e-05
82 3.1835937500000000e-01 4.7044864989760175e-02 4.7044832255882851e-02 3.2733877323998239e-08 3.4876801827869330e-01 3.4878304322316406e-01 -1.5024944470753976e-05
83 3.2226562500000000e-01 4.7655496614309671e-02 4.7655463691572274e-02 3.2922737397411694e-08 3.5779308042203489e-01 3.5780810757981329e-01 -1.5027157778402245e-05
84 3.2617187500000000e-01 4.8256663590915835e-02 4.8256630484917011e-02 3.3105998824278782e-08 3.6662575542566611e-01 3.6664078483931439e-01 -1.5029413648282031e-05
85 3.3007812500000000e-01 4.8848114713889300e-02 4.8848081430153331e-02 3.3283735968725470e-08 3.7526579208943062e-01 3.7528082379590361e-01 -1.5031706472989903e-05
86 3.3398437500000000e-01 4.9429604359892104e-02 4.9429570903867820e-02 3.3456024284284069e-08 3.8371294479520657e-01 3.8372797882616744e-01 -1.5034030960869860e-05
87 3.3789062500000000e-01 5.0000892487937286e-02 5.0000858864997319e-02 3.3622939966948540e-08 3.9196697350962495e-01 3.9198200988904291e-01 -1.5036379417965318e-05
88 3.4179687500000000e-01 5.0561744639388784e-02 5.0561710854829030e-02 3.3784559753946564e-08 4.0002764377674610e-01 4.0004268252581704e-01 -1.5038749070939161e-05
89 3.4570312500000000e-01 5.1111931937961520e-02 5.1111897997000430e-02 3.3940961090273003e-08 4.0789472672626853e-01 4.0790976786012745e-01 -1.5041133858917366e-05
90 3.4960937500000000e-01 5.1651231089720639e-02 5.1651196997499309e-02 3.4092221330717098e-08 4.1556799906906483e-01 4.1558304259796186e-01 -1.5043528897029645e-05
91 3.5351562500000000e-01 5.2179424383081929e-02 5.2179390144663759e-02 3.4238418170073892e-08 4.2304724309853042e-01 4.2306228902765830e-01 -1.5045929127877056e-05
92 3.5742187500000000e-01 5.2696299688811524e-02 5.2696265309182172e-02 3.4379629351710683e-08 4.3033224669034098e-01 4.3034729501990532e-01 -1.5048329564337770e-05
93 3.6132812500000000e-01 5.3201650460025687e-02 5.3201615944093270e-02 3.4515932417766848e-08 4.3742280330320682e-01 4.3743785402774149e-01 -1.5050724534670934e-05
94 3.6523437500000000e-01 5.3695275732190677e-02 5.3695241084786051e-02 3.4647404625887113e-08 4.4431871197646905e-01 4.4433376508655587e-01 -1.5053110086815646e-05
95 3.6914062500000000e-01 5.4176980123122623e-02 5.4176945348999826e-02 3.4774122796565887e-08 4.5101977733258919e-01 4.5103483281408774e-01 -1.5055481498549295e-05
96 3.7304687500000000e-01 5.4646573832987363e-02 5.4646538936824231e-02 3.4896163132736024e-08 4.5752580957606548e-01 4.5754086741042682e-01 -1.5057834361342781e-05
97 3.7695312500000000e-01 5.5103872644300417e-02 5.5103837630699176e-02 3.5013601240585501e-08 4.6383662449376251e-01 4.6385168465801291e-01 -1.5060164250402241e-05
98 3.8085937500000000e-01 5.5548697921926578e-02 5.5548662795414885e-02 3.5126511692407103e-08 4.6995204345466846e-01 4.6996710592163632e-01 -1.5062466967863397e-05
99 3.8476562500000000e-01 5.5980876613080176e-02 5.5980841378111934e-02 3.5234968241704134e-08 4.7587189341220437e-01 4.7588695814843762e-01 -1.5064736233250109e-05
100 3.8867187500000000e-01 5.6400241247324616e-02 5.6400205908281126e-02 3.5339043490123512e-08 4.8159600689756077e-01 4.8161107386790764e-01 -1.5066970346866437e-05
101 3.9257812500000000e-01 5.6806629936572393e-02 5.6806594497763624e-02 3.5438808769494567e-08 4.8712422202722838e-01 4.8713929119188737e-01 -1.5069164658987333e-05
102 3.9648437500000000e-01 5.7199886375085024e-02 5.7199850840750861e-02 3.5534334162645731e-08 4.9245638249896367e-01 4.9247145381456842e-01 -1.5071315604742175e-05
103 4.0039062500000000e-01 5.7579859839472829e-02 5.7579824213784624e-02 3.5625688205032091e-08 4.9759233759302790e-01 4.9760741101249251e-01 -1.5073419464606275e-05
104 4.0429687500000000e-01 5.7946405188694775e-02 5.7946369475756959e-02 3.5712937815346457e-08 5.0253194217202690e-01 5.0254701764455167e-01 -1.5075472524772593e-05
105 4.0820312500000000e-01 5.8299382864058599e-02 5.8299347067910234e-02 3.5796148364908298e-08 5.0727505667987316e-01 5.0729013415198831e-01 -1.5077472115154755e-05
106 4.1210937500000000e-01 5.8638658889220520e-02 5.8638623013837120e-02 3.5875383400107985e-08 5.1182154714468808e-01 5.1183662655839512e-01 -1.5079413707042022e-05
107 4.1601562500000000e-01 5.8964104870185184e-02 5.8964068919480597e-02 3.5950704586895643e-08 5.1617128517512467e-01 5.1618636646971505e-01 -1.5081294590379990e-05
108 4.1992187500000000e-01 5.9275597995305546e-02 5.9275561973133960e-02 3.6022171585881058e-08 5.2032414796256821e-01 5.2033923107424140e-01 -1.5083111673197536e-05
109 4.2382812500000000e-01 5.9573021035282933e-02 5.9572984945440791e-02 3.6089842142539297e-08 5.2428001828061765e-01 5.2429510314261774e-01 -1.5084862000080967e-05
110 4.2773437500000000e-01 5.9856262343166669e-02 5.9856226189394984e-02 3.6153771684754865e-08 5.2803878448503383e-01 5.2805387102783796e-01 -1.5086542804132463e-05
111 4.3164062500000000e-01 6.0125215854354180e-02 6.0125179640340733e-02 3.6214013447721793e-08 5.3160034051575167e-01 5.3161542866524625e-01 -1.5088149494579817e-05
112 4.3554687500000000e-01 6.0379781086590846e-02 6.0379744815972552e-02 3.6270618293532397e-08 5.3496458589108820e-01 5.3497967557253712e-01 -1.5089681448920977e-05
113 4.3945312500000000e-01 6.0619863139970052e-02 6.0619826816335237e-02 3.6323634815260686e-08 5.3813142571375061e-01 5.3814651684975534e-01 -1.5091136004730110e-05
114 4.4335937500000000e-01 6.0845372696932805e-02 6.0845336323823919e-02 3.6373108885934258e-08 5.4110077066826412e-01 5.4111586317929616e-01 -1.5092511032044342e-05
115 4.4726562500000000e-01 6.1056226022268005e-02 6.1056189603184000e-02 3.6419084005478997e-08 5.4387253702151916e-01 5.4388763082590497e-01 -1.5093804385801768e-05
116 4.5117187500000000e-01 6.1252344963112285e-02 6.1252308501511248e-02 3.6461601037041103e-08 5.4644664662282594e-01 5.4646174163667727e-01 -1.5095013851329497e-05
117 4.5507812500000000e-01 6.1433656948949859e-02 6.1433620448251645e-02 3.6500698213925986e-08 5.4882302690407414e-01 5.4883812304105939e-01 -1.5096136985248698e-05
118 4.5898437500000000e-01 6.1600094991612529e-02 6.1600058455201549e-02 3.6536410980003708e-08 5.5100161087793720e-01 5.5101670805084746e-01 -1.5097172910261136e-05
119 4.6289062500000000e-01 6.1751597685279651e-02 6.1751561116507592e-02 3.6568772059097920e-08 5.5298233714049805e-01 5.5299743526018830e-01 -1.5098119690248879e-05
120 4.6679687500000000e-01 6.1888109206478026e-02 6.1888072608666758e-02 3.6597811267635727e-08 5.5476514986940750e-01 5.5478024884557875e-01 -1.5098976171246115e-05
121 4.7070312500000000e-01 6.2009579314081908e-02 6.2009542690526248e-02 3.6623555660364460e-08 5.5634999882481340e-01 5.5636509856586602e-01 -1.5099741052626570e-05
122 4.7460937500000000e-01 6.2115963349313054e-02 6.2115926703283648e-02 3.6646029405451586e-08 5.5773683934921792e-01 5.5775193976224779e-01 -1.5100413029878190e-05
123 4.7851562500000000e-01 6.2207222235740496e-02 6.2207185570486816e-02 3.6665253680401300e-08 5.5892563236852766e-01 5.5894073335827177e-01 -1.5100989744110116e-05
124 4.8242187500000000e-01 6.2283322479280590e-02 6.2283285798033924e-02 3.6681246665115630e-08 5.5991634438814630e-01 5.5993144585983623e-01 -1.5101471689926704e-05
125 4.8632812500000000e-01 6.2344236168196954e-02 6.2344199474173446e-02 3.6694023507199969e-08 5.6070894749707068e-01 5.6072404935518971e-01 -1.5101858119037637e-05
126 4.9023437500000000e-01 6.2389940973100674e-02 6.2389904269504151e-02 3.6703596523190996e-08 5.6130341936632910e-01 5.6131852151493078e-01 -1.5102148601675580e-05
127 4.9414062500000000e-01 6.2420420146949894e-02 6.2420383436975133e-02 3.6709974761406361e-08 5.6169974324930683e-01 5.6171484559200868e-01 -1.5102342701855953e-05
128 4.9804687500000000e-01 6.2435662525050353e-02 6.2435625811885768e-02 3.6713164584811775e-08 5.6189790798159400e-01 5.6191301042172281e-01 -1.5102440128811345e-05
129 5.0195312500000000e-01 6.2435662525054482e-02 6.2435625811885775e-02 3.6713168706514754e-08 5.6189790798098693e-01 5.6191301042172281e-01 -1.5102440735881295e-05
130 5.0585937500000000e-01 6.2420420146962440e-02 6.2420383436975140e-02 3.6709987299987645e-08 5.6169974324748573e-01 5.6171484559200868e-01 -1.5102344522954780e-05
131 5.0976562500000000e-01 6.2389940973121477e-02 6.2389904269504151e-02 3.6703617325994919e-08 5.6130341936341210e-01 5.6131852151493078e-01 -1.5102151518675555e-05
132 5.1367187500000000e-01 6.2344236168226118e-02 6.2344199474173440e-02 3.6694052678309941e-08 5.6070894749359468e-01 5.6072404935518971e-01 -1.5101861595034904e-05
133 5.1757812500000000e-01 6.2283322479318150e-02 6.2283285798033924e-02 3.6681284225348332e-08 5.5991634438486837e-01 5.5993144585983623e-01 -1.5101474967860185e-05
134 5.2148437500000000e-01 6.2207222235786550e-02 6.2207185570486816e-02 3.6665299733840140e-08 5.5892563236513315e-01 5.5894073335827177e-01 -1.5100993138617014e-05
135 5.2539062500000000e-01 6.2115963349367739e-02 6.2115926703283642e-02 3.6646084097813336e-08 5.5773683934558005e-01 5.5775193976224779e-01 -1.5100416667745975e-05
136 5.2929687500000000e-01 6.2009579314145538e-02 6.2009542690526255e-02 3.6623619283082665e-08 5.5634999881944147e-01 5.5636509856586602e-01 -1.5099746424551697e-05
137 5.3320312500000000e-01 6.1888109206550468e-02 6.1888072608666744e-02 3.6597883723565872e-08 5.5476514986230541e-01 5.5478024884557875e-01 -1.5098983273342803e-05
138 5.3710937500000000e-01 6.1751597685361169e-02 6.1751561116507606e-02 3.6568853563345716e-08 5.5298233713324407e-01 5.5299743526018830e-01 -1.5098126944224077e-05
139 5.4101562500000000e-01 6.1600094991703373e-02 6.1600058455201542e-02 3.6536501830941592e-08 5.5100161087047095e-01 5.5101670805084746e-01 -1.5097180376510977e-05
140 5.4492187500000000e-01 6.1433656949050355e-02 6.1433620448251632e-02 3.6500798723804184e-08 5.4882302689635265e-01 5.4883812304105939e-01 -1.5096144706738812e-05
141 5.4882812500000000e-01 6.1252344963222655e-02 6.1252308501511241e-02 3.6461711414026432e-08 5.4644664661491327e-01 5.4646174163667727e-01 -1.5095021764000016e-05
142 5.5273437500000000e-01 6.1056226022388499e-02 6.1056189603184007e-02 3.6419204492432744e-08 5.4387253701263039e-01 5.4388763082590497e-01 -1.5093813274580370e-05
143 5.5664062500000000e-01 6.0845372697063652e-02 6.0845336323823912e-02 3.6373239739595498e-08 5.4110077065843143e-01 5.4111586317929616e-01 -1.5092520864734560e-05
144 5.6054687500000000e-01 6.0619863140111571e-02 6.0619826816335230e-02 3.6323776340940750e-08 5.3813142570379568e-01 5.3814651684975534e-01 -1.5091145959655883e-05
145 5.6445312500000000e-01 6.0379781086743356e-02 6.0379744815972539e-02 3.6270770817359299e-08 5.3496458588207152e-01 5.3497967557253712e-01 -1.5089690465597272e-05
146 5.6835937500000000e-01 6.0125215854517855e-02 6.0125179640340726e-02 3.6214177129290093e-08 5.3160034050759675e-01 5.3161542866524625e-01 -1.5088157649500999e-05
147 5.7226562500000000e-01 5.9856262343341723e-02 5.9856226189394970e-02 3.6153946753048061e-08 5.2803878447783092e-01 5.2805387102783796e-01 -1.5086550007037403e-05
148 5.7617187500000000e-01 5.9573021035469693e-02 5.9572984945440791e-02 3.6090028902868720e-08 5.2428001827252402e-01 5.2429510314261774e-01 -1.5084870093717839e-05
149 5.8007812500000000e-01 5.9275597995504255e-02 5.9275561973133967e-02 3.6022370288046890e-08 5.2032414795394288e-01 5.2033923107424140e-01 -1.5083120298520214e-05
150 5.8398437500000000e-01 5.8964104870396050e-02 5.8964068919480604e-02 3.5950915446003595e-08 5.1617128516704724e-01 5.1618636646971505e-01 -1.5081302667807606e-05
151 5.8789062500000000e-01 5.8638658889443834e-02 5.8638623013837127e-02 3.5875606707591601e-08 5.1182154713749017e-01 5.1183662655839512e-01 -1.5079420904950958e-05
152 5.9179687500000000e-01 5.8299382864294640e-02 5.8299347067910241e-02 3.5796384398323333e-08 5.0727505667367878e-01 5.0729013415198843e-01 -1.5077478309644121e-05
153 5.9570312500000000e-01 5.7946405188943874e-02 5.7946369475756952e-02 3.5713186921637607e-08 5.0253194216633612e-01 5.0254701764455167e-01 -1.5075478215553773e-05
154 5.9960937500000000e-01 5.7579859839735140e-02 5.7579824213784631e-02 3.5625950509099447e-08 4.9759233758852511e-01 4.9760741101249256e-01 -1.5073423967448818e-05
155 6.0351562500000000e-01 5.7199886375360755e-02 5.7199850840750868e-02 3.5534609886533897e-08 4.9245638249567492e-01 4.9247145381456842e-01 -1.5071318893500329e-05
156 6.0742187500000000e-01 5.6806629936861600e-02 5.6806594497763624e-02 3.5439097975653588e-08 4.8712422202584094e-01 4.8713929119188737e-01 -1.5069166046433047e-05
157 6.1132812500000000e-01 5.6400241247627311e-02 5.6400205908281126e-02 3.5339346185492282e-08 4.8159600689827403e-01 4.8161107386790764e-01 -1.5066969633603655e-05
158 6.1523437500000000e-01 5.5980876613396326e-02 5.5980841378111934e-02 3.5235284391588184e-08 4.7587189341485575e-01 4.7588695814843762e-01 -1.5064733581870993e-05
159 6.1914062500000000e-01 5.5548697922256134e-02 5.5548662795414899e-02 3.5126841234356387e-08 4.6995204345967057e-01 4.6996710592163637e-01 -1.5062461965809071e-05
160 6.2304687500000000e-01 5.5103872644643330e-02 5.5103837630699162e-02 3.5013944167661126e-08 4.6383662449914748e-01 4.6385168465801291e-01 -1.5060158865431994e-05
161 6.2695312500000000e-01 5.4646573833343377e-02 5.4646538936824231e-02 3.4896519146565552e-08 4.5752580958196631e-01 4.5754086741042682e-01 -1.5057828460507405e-05
162 6.3085937500000000e-01 5.4176980123491529e-02 5.4176945348999833e-02 3.4774491695921395e-08 4.5101977734066168e-01 4.5103483281408774e-01 -1.5055473426062171e-05
163 6.3476562500000000e-01 5.3695275732572260e-02 5.3695241084786044e-02 3.4647786216479570e-08 4.4431871198647838e-01 4.4433376508655587e-01 -1.5053100077488946e-05
164 6.3867187500000000e-01 5.3201650460419705e-02 5.3201615944093270e-02 3.4516326435918288e-08 4.3742280331527594e-01 4.3743785402774149e-01 -1.5050712465547456e-05
165 6.4257812500000000e-01 5.2696299689217664e-02 5.2696265309182179e-02 3.4380035485170879e-08 4.3033224670442383e-01 4.3034729501990532e-01 -1.5048315481491770e-05
166 6.4648437500000000e-01 5.2179424383499720e-02 5.2179390144663759e-02 3.4238835960875846e-08 4.2304724311378256e-01 4.2306228902765830e-01 -1.5045913875744166e-05
167 6.5039062500000000e-01 5.1651231090149650e-02 5.1651196997499309e-02 3.4092650341710495e-08 4.1556799908539688e-01 4.1558304259796186e-01 -1.5043512564982819e-05
168 6.5429687500000000e-01 5.1111931938401280e-02 5.1111897997000430e-02 3.3941400849613057e-08 4.0789472674350691e-01 4.0790976786012745e-01 -1.5041116620539974e-05
169 6.5820312500000000e-01 5.0561744639838792e-02 5.0561710854829037e-02 3.3785009755094020e-08 4.0002764379497591e-01 4.0004268252581704e-01 -1.5038730841132608e-05
170 6.6210937500000000e-01 5.0000892488396800e-02 5.0000858864997326e-02 3.3623399474380644e-08 3.9196697352866333e-01 3.9198200988904291e-01 -1.5036360379583336e-05
171 6.6601562500000000e-01 4.9429604360360535e-02 4.9429570903867813e-02 3.3456492722072628e-08 3.8371294481559493e-01 3.8372797882616744e-01 -1.5034010572512191e-05
172 6.6992187500000000e-01 4.8848114714366106e-02 4.8848081430153331e-02 3.3284212774820077e-08 3.7526579210913985e-01 3.7528082379590361e-01 -1.5031686763755658e-05
173 6.7382812500000000e-01 4.8256663591400413e-02 4.8256630484917004e-02 3.3106483408873455e-08 3.6662575544505671e-01 3.6664078483931439e-01 -1.5029394257681794e-05
174 6.7773437500000000e-01 4.7655496614801493e-02 4.7655463691572274e-02 3.2923229219272709e-08 3.5779308044220670e-01 3.5780810757981329e-01 -1.5027137606593577e-05
175 6.8164062500000000e-01 4.7044864990258624e-02 4.7044832255882858e-02 3.2734375765564039e-08 3.4876801829981757e-01 3.4878304322316406e-01 -1.5024923346484975e-05
176 6.8554687500000000e-01 4.6425025505812595e-02 4.6424992965962808e-02 3.2539849786905606e-08 3.3955082580022811e-01 3.3956584855748073e-01 -1.5022757252625141e-05
177 6.8945312500000000e-01 4.5796240531855631e-02 4.5796208192276477e-02 3.2339579153495279e-08 3.3014176530804917e-01 3.3015678595322762e-01 -1.5020645178442926e-05
178 6.9335937500000000e-01 4.5158778021131850e-02 4.5158745887638518e-02 3.2133493331476526e-08 3.2054110477024844e-01 3.2055612336321943e-01 -1.5018592970983402e-05
179 6.9726562500000000e-01 4.4512911508737235e-02 4.4512879587213866e-02 3.1921523369060623e-08 3.1074911771611369e-01 3.1076413432262107e-01 -1.5016606507378683e-05
180 7.0117187500000000e-01 4.3858920112119983e-02 4.3858888408517836e-02 3.1703602146326837e-08 3.0076608325771303e-01 3.0078109794894781e-01 -1.5014691234771504e-05
181 7.0507812500000000e-01 4.3197088531080563e-02 4.3197057051415938e-02 3.1479664625022608e-08 2.9059228608851029e-01 2.9060729894206527e-01 -1.5012853554985384e-05
182 7.0898437500000000e-01 4.2527707047771909e-02 4.2527675798124102e-02 3.1249647806930181e-08 2.8022801648434914e-01 2.8024302758418929e-01 -1.5011099840145370e-05
183 7.1289062500000000e-01 4.1851071526699674e-02 4.1851040513208468e-02 3.1013491205711397e-08 2.6967357030360045e-01 2.6968857973988603e-01 -1.5009436285573496e-05
184 7.1679687500000000e-01 4.1167483414722580e-02 4.1167452643585532e-02 3.0771137048135611e-08 2.5892924898693020e-01 2.5894425685607197e-01 -1.5007869141769881e-05
185 7.2070312500000000e-01 4.0477249741051831e-02 4.0477219218522091e-02 3.0522529739784865e-08 2.4799535955753527e-01 2.4801036596201398e-01 -1.5006404478712376e-05
186 7.2460937500000000e-01 3.9780683117252406e-02 3.9780652849635244e-02 3.0267617162627047e-08 2.3687221462114394e-01 2.3688721966932910e-01 -1.5005048185162684e-05
187 7.2851562500000000e-01 3.9078101737242542e-02 3.9078071730892373e-02 3.0006350168476636e-08 2.2556013236478620e-01 2.2557513617198469e-01 -1.5003807198488150e-05
188 7.3242187500000000e-01 3.8369829377294093e-02 3.8369799638611209e-02 2.9738682884306034e-08 2.1405943655825263e-01 2.1407443924629854e-01 -1.5002688045911983e-05
189 7.3632812500000000e-01 3.7656195396032800e-02 3.7656165931459741e-02 2.9464573059190258e-08 2.0237045655359467e-01 2.0238545825093859e-01 -1.5001697343919318e-05
190 7.4023437500000000e-01 3.6937534734438310e-02 3.6937505550456301e-02 2.9183982008795795e-08 1.9049352728528718e-01 1.9050852812692323e-01 -1.5000841636053641e-05
191 7.4414062500000000e-01 3.6214187915844583e-02 3.6214159018969509e-02 2.8896875073347594e-08 1.7842898927005990e-01 1.7844398939762102e-01 -1.5000127561115573e-05
192 7.4804687500000000e-01 3.5486501045939998e-02 3.5486472442718291e-02 2.8603221707834692e-08 1.6617718860698005e-01 1.6619218816875092e-01 -1.4999561770867587e-05
193 7.5195312500000000e-01 3.4754825812767551e-02 3.4754797509771874e-02 2.8302995676299236e-08 1.5373847697770235e-01 1.5375347612838214e-01 -1.4999150679789741e-05
194 7.5585937500000000e-01 3.4019519486725061e-02 3.4019491490549794e-02 2.7996175266942203e-08 1.4111321164567558e-01 1.4112821054693422e-01 -1.4998901258639341e-05
195 7.5976562500000000e-01 3.3280944920565422e-02 3.3280917237821908e-02 2.7682743514167996e-08 1.2830175545713224e-01 1.2831675427717701e-01 -1.4998820044770378e-05
196 7.6367187500000000e-01 3.2539470549396772e-02 3.2539443186708358e-02 2.7362688413690162e-08 1.1530447684047478e-01 1.1531947575423068e-01 -1.4998913755906451e-05
197 7.6757812500000000e-01 3.1795470390682638e-02 3.1795443354679598e-02 2.7036003040492584e-08 1.0212174980642885e-01 1.0213674899556566e-01 -1.4999189136805091e-05
198 7.7148437500000000e-01 3.1049324044242186e-02 3.1049297341556380e-02 2.6702685805568560e-08 8.8753953948753406e-02 8.8768953601002704e-02 -1.4999652249297890e-05
199 7.7539062500000000e-01 3.0301416692250446e-02 3.0301390329509788e-02 2.6362740657148720e-08 7.5201474442681326e-02 7.5216474752712911e-02 -1.5000310031584863e-05
200 7.7929687500000000e-01 2.9552139099238515e-02 2.9552113083061163e-02 2.6016177351317893e-08 6.1464702045291746e-02 6.1479703215217597e-02 -1.5001169925851765e-05
201 7.8320312500000000e-01 2.8801887612093794e-02 2.8801861949082210e-02 2.5663011583854090e-08 4.7544033096876326e-02 4.7559035335388480e-02 -1.5002238512154542e-05
202 7.8710937500000000e-01 2.8051064160060004e-02 2.8051038856794878e-02 2.5303265125536933e-08 3.3439869519893091e-02 3.3454873042447521e-02 -1.5003522554429827e-05
203 7.9101562500000000e-01 2.7300076254737647e-02 2.7300051317771485e-02 2.4936966162153462e-08 1.9152618819362033e-02 1.9167623847967018e-02 -1.5005028604984927e-05
204 7.9492187500000000e-01 2.6549336990084098e-02 2.6549312425934602e-02 2.4564149495726051e-08 4.6826940822484175e-03 4.6977008458695532e-03 -1.5006763621135642e-05
205 7.9882812500000000e-01 2.5799265042413817e-02 2.5799240857557127e-02 2.4184856690229184e-08 -9.9694860215644859e-03 -9.9544772875719799e-03 -1.5008733992506046e-05
206 8.0273437500000000e-01 2.5050284670398559e-02 2.5050260871262272e-02 2.3799136286695166e-08 -2.4803497240525472e-02 -2.4788486293734365e-02 -1.5010946791106650e-05
207 8.0664062500000000e-01 2.4302825715067606e-02 2.4302802308023522e-02 2.3407044084239326e-08 -3.9818909740353327e-02 -3.9803896331644120e-02 -1.5013408709206588e-05
208 8.1054687500000000e-01 2.3557323599807854e-02 2.3557300591164711e-02 2.3008643143529461e-08 -5.5015288104398763e-02 -5.5000271977977418e-02 -1.5016126421345255e-05
209 8.1445312500000000e-01 2.2814219330364292e-02 2.2814196726359950e-02 2.2604004341897355e-08 -7.0392191333667142e-02 -7.0377172227060122e-02 -1.5019106607019883e-05
210 8.1835937500000000e-01 2.2073959494839913e-02 2.2073937301633654e-02 2.2193206258847020e-08 -8.5949172846085276e-02 -8.5934150490867861e-02 -1.5022355217414463e-05
211 8.2226562500000000e-01 2.1336996263696058e-02 2.1336974487360563e-02 2.1776335495243826e-08 -1.0168578047834574e-01 -1.0167075459902584e-01 -1.5025879319896518e-05
212 8.2617187500000000e-01 2.0603787389752604e-02 2.0603766036265698e-02 2.1353486905767438e-08 -1.1760155648443979e-01 -1.1758652679880909e-01 -1.5029685630704726e-05
213 8.3007812500000000e-01 1.9874796208188095e-02 1.9874775283424403e-02 2.0924763692586890e-08 -1.3369603753574422e-01 -1.3368100375514225e-01 -1.5033780601969582e-05
214 8.3398437500000000e-01 1.9150491636540080e-02 1.9150471146262320e-02 2.0490277759244169e-08 -1.4996875472127735e-01 -1.4995371655059966e-01 -1.5038170677689200e-05
215 8.3789062500000000e-01 1.8431348174705237e-02 1.8431328124555404e-02 2.0050149832084863e-08 -1.6641923354768551e-01 -1.6640419068540538e-01 -1.5042862280129077e-05
216 8.4179687500000000e-01 1.7717845904939557e-02 1.7717826300429902e-02 1.9604509654547186e-08 -1.8304699393934243e-01 -1.8303194607743314e-01 -1.5047861909284199e-05
217 8.4570312500000000e-01 1.7010470491858574e-02 1.7010451338362379e-02 1.9153496195328801e-08 -1.9985155023752044e-01 -1.9983649706220641e-01 -1.5053175314028167e-05
218 8.4960937500000000e-01 1.6309713182437530e-02 1.6309694485179691e-02 1.8697257839206394e-08 -2.1683241120205482e-01 -2.1681735239289832e-01 -1.5058809156504038e-05
219 8.5351562500000000e-01 1.5616070806011653e-02 1.5616052570059021e-02 1.8235952631631691e-08 -2.3398908000978080e-01 -2.3397401524033171e-01 -1.5064769449096849e-05
220 8.5742187500000000e-01 1.4930045774276207e-02 1.4930028004527833e-02 1.7769748374141248e-08 -2.5132105425523604e-01 -2.5130598319297909e-01 -1.5071062256954981e-05
221 8.6132812500000000e-01 1.4252146081286778e-02 1.4252128782463914e-02 1.7298822863748287e-08 -2.6882782595055232e-01 -2.6881274825696261e-01 -1.5077693589715668e-05
222 8.6523437500000000e-01 1.3582885303459453e-02 1.3582868480095347e-02 1.6823364106313687e-08 -2.8650888152492371e-01 -2.8649379685605436e-01 -1.5084668869347340e-05
223 8.6914062500000000e-01 1.2922782599570982e-02 1.2922766256000523e-02 1.6343570458793311e-08 -3.0436370182609512e-01 -3.0434860983167572e-01 -1.5091994419402788e-05
224 8.7304687500000000e-01 1.2272362710759023e-02 1.2272346851108144e-02 1.5859650879038178e-08 -3.2239176211878323e-01 -3.2237666244289820e-01 -1.5099675885033026e-05
225 8.7695312500000000e-01 1.1632155960522181e-02 1.1632140588697203e-02 1.5371824977836179e-08 -3.4059253208538037e-01 -3.4057742436644267e-01 -1.5107718937701353e-05
226 8.8085937500000000e-01 1.1002698254720337e-02 1.1002683374397014e-02 1.4880323322488676e-08 -3.5896547582579108e-01 -3.5895035969667988e-01 -1.5116129111203414e-05
227 8.8476562500000000e-01 1.0384531081574758e-02 1.0384516696187186e-02 1.4385387572118935e-08 -3.7751005185748454e-01 -3.7749492694563019e-01 -1.5124911854347278e-05
228 8.8867187500000000e-01 9.7782015116682861e-03 9.7781876243976367e-03 1.3887270649409755e-08 -3.9622571311525689e-01 -3.9621057904296370e-01 -1.5134072293199186e-05
229 8.9257812500000000e-01 9.1842621979454989e-03 9.1842488117085900e-03 1.3386236908871640e-08 -4.1511190695174688e-01 -4.1509676333600021e-01 -1.5143615746671113e-05
230 8.9648437500000000e-01 8.6032713757128818e-03 8.6032584931505750e-03 1.2882562306845702e-08 -4.3416807513710653e-01 -4.3415292158970914e-01 -1.5153547397395162e-05
231 9.0039062500000000e-01 8.0357928626389602e-03 8.0357804861044234e-03 1.2376534536812089e-08 -4.5339365385890573e-01 -4.5337848998670965e-01 -1.5163872196077843e-05
232 9.0429687500000000e-01 7.4823960587545712e-03 7.4823841903012746e-03 1.1868453296537407e-08 -4.7278807372225956e-01 -4.7277289912727066e-01 -1.5174594988898171e-05
233 9.0820312500000000e-01 6.9436559464528249e-03 6.9436445878225716e-03 1.1358630253380242e-08 -4.9235075974974052e-01 -4.9233557402931072e-01 -1.5185720429800043e-05
234 9.1210937500000000e-01 6.4201530904894636e-03 6.4201422431000663e-03 1.0847389397307394e-08 -5.1208113138150679e-01 -5.1206593412839807e-01 -1.5197253108722997e-05
235 9.1601562500000000e-01 5.9124736379828902e-03 5.9124633029158120e-03 1.0335067078190430e-08 -5.3197860247517592e-01 -5.3196339327775055e-01 -1.5209197425369858e-05
236 9.1992187500000000e-01 5.4212093184143675e-03 5.4211994964021666e-03 9.8220122009620714e-09 -5.5204258130601758e-01 -5.5202735974823602e-01 -1.5221557781552875e-05
237 9.2382812500000000e-01 4.9469574436280259e-03 4.9469481350417977e-03 9.3085862282182852e-09 -5.7227247056669484e-01 -5.7225723622837166e-01 -1.5234338323177887e-05
238 9.2773437500000000e-01 4.4903209078312805e-03 4.4903121126676744e-03 8.7951636060928928e-09 -5.9266766736737431e-01 -5.9265241982432448e-01 -1.5247543049823342e-05
239 9.3164062500000000e-01 4.0519081875946932e-03 4.0518999054630737e-03 8.2821316194081618e-09 -6.1322756323571070e-01 -6.1321230205991129e-01 -1.5261175799419213e-05
240 9.3554687500000000e-01 3.6323333418522251e-03 3.6323255719615758e-03 7.7698906492812414e-09 -6.3395154411679755e-01 -6.3393626887659837e-01 -1.5275240199175144e-05
241 9.3945312500000000e-01 3.2322160119013415e-03 3.2322087530470664e-03 7.2588542750391671e-09 -6.5483899037328130e-01 -6.5482370063350204e-01 -1.5289739779267286e-05
242 9.4335937500000000e-01 2.8521814214031338e-03 2.8521746719537382e-03 6.7494493956495039e-09 -6.7588927678531696e-01 -6.7587397210738798e-01 -1.5304677928984489e-05
243 9.4726562500000000e-01 2.4928603763824412e-03 2.4928541342660875e-03 6.2421163537530744e-09 -6.9710177255048700e-01 -6.9708645249267165e-01 -1.5320057815348953e-05
244 9.5117187500000000e-01 2.1548892652279391e-03 2.1548835279189163e-03 5.7373090228338142e-09 -7.1847584128384612e-01 -7.1846050540141848e-01 -1.5335882427636172e-05
245 9.5507812500000000e-01 1.8389100586922228e-03 1.8389048231973321e-03 5.2354948907023385e-09 -7.4001084101792003e-01 -7.3999548886334299e-01 -1.5352154577041865e-05
246 9.5898437500000000e-01 1.5455703098919988e-03 1.5455655727367483e-03 4.7371552505323655e-09 -7.6170612420262529e-01 -7.6169075532581010e-01 -1.5368876815191612e-05
247 9.6289062500000000e-01 1.2755231543080990e-03 1.2755189115228817e-03 4.2427852173405889e-09 -7.8356103770546248e-01 -7.8354565165383405e-01 -1.5386051628429875e-05
248 9.6679687500000000e-01 1.0294273097855807e-03 1.0294235568917562e-03 3.7528938244806714e-09 -8.0557492281131771e-01 -8.0555951913007862e-01 -1.5403681239090083e-05
249 9.7070312500000000e-01 8.0794707653385558e-04 8.0794380852970021e-04 3.2680041553738090e-09 -8.2774711522252897e-01 -8.2773169345485764e-01 -1.5421767671330855e-05
250 9.7460937500000000e-01 6.1175233712671068e-04 6.1174954847334777e-04 2.7886533629159493e-09 -8.5007694505887610e-01 -8.5006150474613440e-01 -1.5440312741699103e-05
251 9.7851562500000000e-01 4.4151855650240509e-04 4.4151624110963766e-04 2.3153927674354584e-09 -8.7256373685757538e-01 -8.7254827753952191e-01 -1.5459318053467896e-05
252 9.8242187500000000e-01 2.9792678196373422e-04 2.9792493317581443e-04 1.8487879197936867e-09 -8.9520680957327770e-01 -8.9519133078828306e-01 -1.5478784994638062e-05
253 9.8632812500000000e-01 1.8166364317809202e-04 1.8166225375942764e-04 1.3894186643771157e-09 -9.1800547657806142e-01 -9.1798997786333036e-01 -1.5498714731054797e-05
254 9.9023437500000000e-01 9.3421352177540493e-05 9.3420414298332318e-05 9.3787920817458865e-10 -9.4095904566143240e-01 -9.4094352655322566e-01 -1.5519108206740739e-05
255 9.9414062500000000e-01 3.3897703358729818e-05 3.3897208580688682e-05 4.9477804113588460e-10 -9.6406681903031521e-01 -9.6405127906418109e-01 -1.5539966134126004e-05
256 9.9804687500000000e-01 3.7960734831317187e-06 3.7960127449622191e-06 6.0738169499649464e-11 -9.8732809330904803e-01 -9.8731253202005820e-01 -1.5561288989829336e-05
