# P x phi_num phi_exact phi_err mu_num mu_exact mu_err
1 9.7656250000000000e-04 5.1872947643444223e-01 1.2279486633289569e+00 -7.0921918689451469e-01 -5.4212352547346876e+04 -1.2279486633289569e+00 -5.4211124598683549e+04
2 2.9296875000000000e-03 5.7304749679430805e-02 1.2251687983447936e+00 -1.1678640486653629e+00 -5.6645399587479886e+04 -1.2251687983447936e+00 -5.6644174418681541e+04
3 4.8828125000000000e-03 7.7633702629859774e-02 1.2224076279766618e+00 -1.1447739253468021e+00 -1.5488878403028939e+03 -1.2224076279766618e+00 -1.5476654326749172e+03
4 6.8359375000000000e-03 8.9214629961972020e-02 1.2196651100923914e+00 -1.1304504801304194e+00 -1.5978948565156768e+03 -1.2196651100923914e+00 -1.5966751914055844e+03
5 8.7890625000000000e-03 8.7448720699223381e-02 1.2169412028444275e+00 -1.1294924821452041e+00 7.3405223089377287e+03 -1.2169412028444275e+00 7.3417392501405729e+03
6 1.0742187500000000e-02 1.3541320065480839e-02 1.2142358646691911e+00 -1.2006945446037103e+00 1.5385150274714602e+04 -1.2142358646691911e+00 1.5386364510579271e+04
7 1.2695312500000000e-02 -5.7670850337631474e-02 1.2115490542864449e+00 -1.2692199046240764e+00 -7.7945819118813597e+03 -1.2115490542864449e+00 -7.7933703628270732e+03
8 1.4648437500000000e-02 -1.1916057205766349e-02 1.2088807306986642e+00 -1.2207967879044306e+00 1.9729248938002490e+03 -1.2088807306986642e+00 1.9741337745309477e+03
9 1.6601562500000000e-02 -5.5356527814196359e-03 1.2062308531904105e+00 -1.2117665059718301e+00 1.0818871925011497e+03 -1.2062308531904105e+00 1.0830934233543401e+03
10 1.8554687500000000e-02 -1.2087091950200676e-02 1.2035993813277102e+00 -1.2156864732779109e+00 -3.6442875521408382e+03 -1.2035993813277102e+00 -3.6430839527595103e+03
11 2.0507812500000000e-02 1.7851970698799714e-02 1.2009862749574380e+00 -1.1831343042586384e+00 2.6897522182680691e+03 -1.2009862749574380e+00 2.6909532045430265e+03
12 2.2460937500000000e-02 -1.7605155866300477e-02 1.1983914942067049e+00 -1.2159966500730053e+00 -9.2641944206730182e+02 -1.1983914942067049e+00 -9.2522105057309511e+02
13 2.4414062500000000e-02 5.3533749768691144e-03 1.1958149994822480e+00 -1.1904616245053790e+00 1.6819413726666755e+02 -1.1958149994822480e+00 1.6938995226614981e+02
14 2.6367187500000000e-02 -3.3123686426842994e-03 1.1932567514698276e+00 -1.1965691201125119e+00 -1.5357346153650033e+01 -1.1932567514698276e+00 -1.4164089402180206e+01
15 2.8320312500000000e-02 6.8372110976801957e-03 1.1907167111336274e+00 -1.1838795000359472e+00 4.7393599765691968e-01 -1.1907167111336274e+00 1.6646527087905472e+00
16 3.0273437500000000e-02 -3.3009414511575106e-03 1.1881948397156590e+00 -1.1914957811668165e+00 5.6637943295780521e-03 -1.1881948397156590e+00 1.1938586340452371e+00
17 3.2226562500000000e-02 2.1166346777940445e-03 1.1856910987351690e+00 -1.1835744640573749e+00 -4.6866110088660817e-02 -1.1856910987351690e+00 1.1388249886465083e+00
18 3.4179687500000000e-02 -1.1848030379178350e-03 1.1832054499880529e+00 -1.1843902530259707e+00 2.5577709682770317e-02 -1.1832054499880529e+00 1.2087831596708232e+00
19 3.6132812500000000e-02 -6.3391119480905769e-04 1.1807378555462733e+00 -1.1813717667410824e+00 5.1580868889282823e-02 -1.1807378555462733e+00 1.2323187244355562e+00
20 3.8085937500000000e-02 1.1768323099878020e-03 1.1782882777572790e+00 -1.1771114454472911e+00 -6.1118486878981033e-02 -1.1782882777572790e+00 1.1171697908782978e+00
21 4.0039062500000000e-02 -1.5525873609181684e-03 1.1758566792434313e+00 -1.1774092666043494e+00 3.3511530438136934e-02 -1.1758566792434313e+00 1.2093682096815683e+00
22 4.1992187500000000e-02 2.1773127670724319e-03 1.1734430229014348e+00 -1.1712657101343624e+00 -3.4482173347914015e-02 -1.1734430229014348e+00 1.1389608495535208e+00
23 4.3945312500000000e-02 -2.2834770193642193e-03 1.1710472719017693e+00 -1.1733307489211335e+00 4.4809804980469589e-02 -1.1710472719017693e+00 1.2158570768822388e+00
24 4.5898437500000000e-02 1.5384272865248704e-03 1.1686693896881293e+00 -1.1671309624016044e+00 -3.2159414081357432e-02 -1.1686693896881293e+00 1.1365099756067718e+00
25 4.7851562500000000e-02 -3.7698991731091418e-04 1.1663093399768656e+00 -1.1666863298941765e+00 5.8572689391552454e-03 -1.1663093399768656e+00 1.1721666089160208e+00
26 4.9804687500000000e-02 -5.1967211287219325e-04 1.1639670867564316e+00 -1.1644867588693038e+00 1.4190720559940563e-02 -1.1639670867564316e+00 1.1781578073163721e+00
27 5.1757812500000000e-02 8.8376422714980178e-04 1.1616425942868340e+00 -1.1607588300596843e+00 -2.1307314817373305e-02 -1.1616425942868340e+00 1.1403352794694608e+00
28 5.3710937500000000e-02 -7.6004271606899452e-04 1.1593358270990874e+00 -1.1600958698151564e+00 1.7595685089766121e-02 -1.1593358270990874e+00 1.1769315121888535e+00
29 5.5664062500000000e-02 3.7177141055794540e-04 1.1570467499946733e+00 -1.1566749785841153e+00 -1.0195702956037254e-02 -1.1570467499946733e+00 1.1468510470386359e+00
30 5.7617187500000000e-02 7.3367621534031454e-06 1.1547753280450024e+00 -1.1547679912828490e+00 5.4621031995827577e-03 -1.1547753280450024e+00 1.1602374312445851e+00
31 5.9570312500000000e-02 -1.7455747473382066e-04 1.1525215265908826e+00 -1.1526960840656164e+00 -3.8344345564901780e-03 -1.1525215265908826e+00 1.1486870920343923e+00
32 6.1523437500000000e-02 9.7626550213330968e-05 1.1502853112419886e+00 -1.1501876846917753e+00 4.2264285037034192e-03 -1.1502853112419886e+00 1.1545117397456921e+00
33 6.3476562500000000e-02 1.4049915712037141e-04 1.1480666478763393e+00 -1.1479261487192189e+00 -7.1196951613554903e-03 -1.1480666478763393e+00 1.1409469527149838e+00
34 6.5429687500000000e-02 -3.5478430963307251e-04 1.1458655026397748e+00 -1.1462202869494078e+00 1.1365239261869799e-02 -1.1458655026397748e+00 1.1572307419016445e+00
35 6.7382812500000000e-02 4.2054933722089524e-04 1.1436818419454418e+00 -1.1432612926082208e+00 -1.3918107400433432e-02 -1.1436818419454418e+00 1.1297637345450082e+00
36 6.9335937500000000e-02 -3.3688862823661950e-04 1.1415156324732805e+00 -1.1418525211015171e+00 1.3624966339045259e-02 -1.1415156324732805e+00 1.1551405988123258e+00
37 7.1289062500000000e-02 2.1616717445947244e-04 1.1393668411695144e+00 -1.1391506739950550e+00 -1.2232179862760244e-02 -1.1393668411695144e+00 1.1271346613067541e+00
38 7.3242187500000000e-02 -1.3801983225467785e-04 1.1372354352461493e+00 -1.1373734550784040e+00 1.1702850714822174e-02 -1.1372354352461493e+00 1.1489382859609716e+00
39 7.5195312500000000e-02 1.3445694371331564e-04 1.1351213821804704e+00 -1.1349869252367570e+00 -1.2372680316176981e-02 -1.1351213821804704e+00 1.1227487018642934e+00
40 7.7148437500000000e-02 -1.7505068662092293e-04 1.1330246497145469e+00 -1.1331997004011678e+00 1.3696382375931354e-02 -1.1330246497145469e+00 1.1467210320904782e+00
41 7.9101562500000000e-02 2.3684263727789112e-04 1.1309452058547393e+00 -1.1307083632174615e+00 -1.5282975885754503e-02 -1.1309452058547393e+00 1.1156622299689849e+00
42 8.1054687500000000e-02 -2.8399324893128088e-04 1.1288830188712127e+00 -1.1291670121201440e+00 1.6820148106881736e-02 -1.1288830188712127e+00 1.1457031669780944e+00
43 8.3007812500000000e-02 3.0926076875364099e-04 1.1268380572974501e+00 -1.1265287965286965e+00 -1.7927291861338082e-02 -1.1268380572974501e+00 1.1089107654361121e+00
44 8.4960937500000000e-02 -3.0486450267671965e-04 1.1248102899297752e+00 -1.1251151544324518e+00 1.8466231823281467e-02 -1.1248102899297752e+00 1.1432765217530567e+00
45 8.6914062500000000e-02 2.9386096650567948e-04 1.1227996858268738e+00 -1.1225058248603681e+00 -1.8644130023019130e-02 -1.1227996858268738e+00 1.1041555558038547e+00
46 8.8867187500000000e-02 -2.8225115778278019e-04 1.1208062143093231e+00 -1.1210884654671058e+00 1.8750705807292815e-02 -1.1208062143093231e+00 1.1395569201166160e+00
47 9.0820312500000000e-02 2.8528186840471616e-04 1.1188298449591230e+00 -1.1185445630907183e+00 -1.8938979102682274e-02 -1.1188298449591230e+00 1.0998908658564406e+00
48 9.2773437500000000e-02 -2.9237121960951030e-04 1.1168705476192320e+00 -1.1171629188388414e+00 1.9191352045611607e-02 -1.1168705476192320e+00 1.1360618996648435e+00
49 9.4726562500000000e-02 3.0618752880278528e-04 1.1149282923931074e+00 -1.1146221048643046e+00 -1.9396777153758406e-02 -1.1149282923931074e+00 1.0955315152393490e+00
50 9.6679687500000000e-02 -3.1228644567361926e-04 1.1130030496442489e+00 -1.1133153360899226e+00 1.9460056040204465e-02 -1.1130030496442489e+00 1.1324631056844534e+00
51 9.8632812500000000e-02 3.1653871678376396e-04 1.1110947899957460e+00 -1.1107782512789621e+00 -1.9350744307920081e-02 -1.1110947899957460e+00 1.0917440456878258e+00
52 1.0058593750000000e-01 -3.1073944567009526e-04 1.1092034843298300e+00 -1.1095142237755000e+00 1.9082442325599216e-02 -1.1092034843298300e+00 1.1282859266554293e+00
53 1.0253906250000000e-01 3.0606821313727616e-04 1.1073291037874302e+00 -1.1070230355742929e+00 -1.8691033999991617e-02 -1.1073291037874302e+00 1.0886380697874385e+00
54 1.0449218750000000e-01 -2.9660342396689782e-04 1.1054716197677328e+00 -1.1057682231916997e+00 1.8223888560611752e-02 -1.1054716197677328e+00 1.1236955083283446e+00
55 1.0644531250000000e-01 2.9224019502152370e-04 1.1036310039277450e+00 -1.1033387637327234e+00 -1.7716811363393412e-02 -1.1036310039277450e+00 1.0859141925643516e+00
56 1.0839843750000000e-01 -2.8393458678851612e-04 1.1018072281818625e+00 -1.1020911627686509e+00 1.7177938932671478e-02 -1.1018072281818625e+00 1.1189851671145339e+00
57 1.1035156250000000e-01 2.7913843683816342e-04 1.1000002647014402e+00 -1.0997211262646021e+00 -1.6598459505395288e-02 -1.1000002647014402e+00 1.0834018051960450e+00
58 1.1230468750000000e-01 -2.6852431042659173e-04 1.0982100859143682e+00 -1.0984786102247948e+00 1.5971349041089735e-02 -1.0982100859143682e+00 1.1141814349554580e+00
59 1.1425781250000000e-01 2.6064806386200568e-04 1.0964366645046519e+00 -1.0961760164407899e+00 -1.5299167001790889e-02 -1.0964366645046519e+00 1.0811374975028611e+00
60 1.1621093750000000e-01 -2.4744524736646135e-04 1.0946799734119932e+00 -1.0949274186593596e+00 1.4592881095364716e-02 -1.0946799734119932e+00 1.1092728545073578e+00
61 1.1816406250000000e-01 2.3801552563328457e-04 1.0929399858313791e+00 -1.0927019703057459e+00 -1.3866536072062731e-02 -1.0929399858313791e+00 1.0790734497593164e+00
62 1.2011718750000000e-01 -2.2418592522605585e-04 1.0912166752126728e+00 -1.0914408611378990e+00 1.3130832601041642e-02 -1.0912166752126728e+00 1.1043475078137144e+00
63 1.2207031250000000e-01 2.1455261951051810e-04 1.0895100152602075e+00 -1.0892954626406970e+00 -1.2391257294286693e-02 -1.0895100152602075e+00 1.0771187579659209e+00
64 1.2402343750000000e-01 -2.0059122111393946e-04 1.0878199799323860e+00 -1.0880205711535000e+00 1.1651400946390755e-02 -1.0878199799323860e+00 1.0994713808787768e+00
65 1.2597656250000000e-01 1.9079743011322562e-04 1.0861465434412825e+00 -1.0859557460111693e+00 -1.0915675086621366e-02 -1.0861465434412825e+00 1.0752308683546612e+00
66 1.2792968750000000e-01 -1.7681444970363356e-04 1.0844896802522506e+00 -1.0846664947019542e+00 1.0189093102564080e-02 -1.0844896802522506e+00 1.0946787733548147e+00
67 1.2988281250000000e-01 1.6727645996414959e-04 1.0828493650835316e+00 -1.0826820886235675e+00 -9.4768045272261604e-03 -1.0828493650835316e+00 1.0733725605563054e+00
68 1.3183593750000000e-01 -1.5391360857831688e-04 1.0812255729058711e+00 -1.0813794865144495e+00 8.7841010315127047e-03 -1.0812255729058711e+00 1.0900096739373837e+00
69 1.3378906250000000e-01 1.4525633982879211e-04 1.0796182789421354e+00 -1.0794730226023066e+00 -8.1155167267750686e-03 -1.0796182789421354e+00 1.0715027622153603e+00
70 1.3574218750000000e-01 -1.3288659935003453e-04 1.0780274586669329e+00 -1.0781603452662829e+00 7.4736724281346898e-03 -1.0780274586669329e+00 1.0855011310950677e+00
71 1.3769531250000000e-01 1.2514162074198340e-04 1.0764530878062428e+00 -1.0763279461855009e+00 -6.8594766922194517e-03 -1.0764530878062428e+00 1.0695936111140234e+00
72 1.3964843750000000e-01 -1.1355131701773296e-04 1.0748951423370408e+00 -1.0750086936540584e+00 6.2732832875802211e-03 -1.0748951423370408e+00 1.0811684256246210e+00
73 1.4160156250000000e-01 1.0645557508031874e-04 1.0733535984869360e+00 -1.0732471429118557e+00 -5.7157158346474949e-03 -1.0733535984869360e+00 1.0676378826522885e+00
74 1.4355468750000000e-01 -9.5495236643521490e-05 1.0718284327338057e+00 -1.0719239279704491e+00 5.1878637896411797e-03 -1.0718284327338057e+00 1.0770162965234469e+00
75 1.4550781250000000e-01 8.9078000682939318e-05 1.0703196218054378e+00 -1.0702305438047548e+00 -4.6911562330126874e-03 -1.0703196218054378e+00 1.0656284655724251e+00
76 1.4746093750000000e-01 -7.8925200220848372e-05 1.0688271426791758e+00 -1.0689060678793967e+00 4.2269729022101259e-03 -1.0688271426791758e+00 1.0730541155813860e+00
77 1.4941406250000000e-01 7.3423992812492528e-05 1.0673509725815657e+00 -1.0672775485887533e+00 -3.7961497791851309e-03 -1.0673509725815657e+00 1.0635548228023806e+00
78 1.5136718750000000e-01 -6.4277303790167658e-05 1.0658910889880115e+00 -1.0659553662918018e+00 3.3987087705656129e-03 -1.0658910889880115e+00 1.0692897977585771e+00
79 1.5332031250000000e-01 5.9792820656488070e-05 1.0644474696224286e+00 -1.0643876768017722e+00 -3.0339465971174766e-03 -1.0644474696224286e+00 1.0614135230253112e+00
80 1.5527343750000000e-01 -5.1653810483451147e-05 1.0630200924569060e+00 -1.0630717462673895e+00 2.7006784951243688e-03 -1.0630200924569060e+00 1.0657207709520304e+00
81 1.5722656250000000e-01 4.8128445626875364e-05 1.0616089357113689e+00 -1.0615608072657421e+00 -2.3974657447818929e-03 -1.0616089357113689e+00 1.0592114699665871e+00
82 1.5917968750000000e-01 -4.0924664892433920e-05 1.0602139778532462e+00 -1.0602549025181387e+00 2.1227684530290367e-03 -1.0602139778532462e+00 1.0623367463062752e+00
83 1.6113281250000000e-01 3.8297365374579404e-05 1.0588351975971437e+00 -1.0587969002317692e+00 -1.8750274105125298e-03 -1.0588351975971437e+00 1.0569601701866311e+00
84 1.6308593750000000e-01 -3.1980229123789280e-05 1.0574725739045174e+00 -1.0575045541336412e+00 1.6526539047544634e-03 -1.0574725739045174e+00 1.0591252278092720e+00
85 1.6503906250000000e-01 3.0201856083727136e-05 1.0561260859833534e+00 -1.0560958841272696e+00 -1.4539844725496300e-03 -1.0561260859833534e+00 1.0546721015108038e+00
86 1.6699218750000000e-01 -2.4706095971283906e-05 1.0547957132878505e+00 -1.0548204193838218e+00 1.2772564597028203e-03 -1.0547957132878505e+00 1.0560729697475533e+00
87 1.6894531250000000e-01 2.3688731393563092e-05 1.0534814355181061e+00 -1.0534577467867126e+00 -1.1206428987386302e-03 -1.0534814355181061e+00 1.0523607926193674e+00
88 1.7089843750000000e-01 -1.8906023150690022e-05 1.0521832326198082e+00 -1.0522021386429590e+00 9.8230775102105348e-04 -1.0521832326198082e+00 1.0531655403708293e+00
89 1.7285156250000000e-01 1.8529880383395964e-05 1.0509010847839266e+00 -1.0508825549035432e+00 -8.6046501525510115e-04 -1.0509010847839266e+00 1.0500406197686716e+00
90 1.7480468750000000e-01 -1.4337600193692831e-05 1.0496349724464136e+00 -1.0496493100466073e+00 7.5341694760690616e-04 -1.0496349724464136e+00 1.0503883893940205e+00
91 1.7675781250000000e-01 1.4484582873002440e-05 1.0483848762879036e+00 -1.0483703917050307e+00 -6.5958309479536171e-04 -1.0483848762879036e+00 1.0477252931931083e+00
92 1.7871093750000000e-01 -1.0772460494208420e-05 1.0471507772334181e+00 -1.0471615496939124e+00 5.7750677702856929e-04 -1.0471507772334181e+00 1.0477282840104467e+00
93 1.8066406250000000e-01 1.1341772673666899e-05 1.0459326564520768e+00 -1.0459213146794031e+00 -5.0585653361540279e-04 -1.0459326564520768e+00 1.0454267999184614e+00
94 1.8261718750000000e-01 -8.0174904966059557e-06 1.0447304953568075e+00 -1.0447385128473041e+00 4.4341630902190987e-04 -1.0447304953568075e+00 1.0451739116658294e+00
95 1.8457031250000000e-01 8.9247539173899292e-06 1.0435442756040645e+00 -1.0435353508501470e+00 -3.8908263983187597e-04 -1.0435442756040645e+00 1.0431551929642326e+00
96 1.8652343750000000e-01 -5.9105084329041921e-06 1.0423739790935476e+00 -1.0423798896019805e+00 3.4185604395333205e-04 -1.0423739790935476e+00 1.0427158351375010e+00
97 1.8847656250000000e-01 7.0844348054491047e-06 1.0412195879679269e+00 -1.0412125035331214e+00 -3.0083878944483036e-04 -1.0412195879679269e+00 1.0409187491784821e+00
98 1.9042968750000000e-01 -4.3145304292485602e-06 1.0400810846125690e+00 -1.0400853991429981e+00 2.6522514306767442e-04 -1.0400810846125690e+00 1.0403463097556367e+00
99 1.9238281250000000e-01 5.6950636293179694e-06 1.0389584516552695e+00 -1.0389527565916401e+00 -2.3429782777208027e-04 -1.0389584516552695e+00 1.0387241538274974e+00
100 1.9433593750000000e-01 -3.1141303308314523e-06 1.0378516719659867e+00 -1.0378547860963176e+00 2.0741811386654018e-04 -1.0378516719659867e+00 1.0380590900798532e+00
101 1.9628906250000000e-01 4.6507368065265149e-06 1.0367607286565816e+00 -1.0367560779197751e+00 -1.8402336443474726e-04 -1.0367607286565816e+00 1.0365767052921468e+00
102 1.9824218750000000e-01 -2.2124554074012748e-06 1.0356856050805594e+00 -1.0356878175359667e+00 1.6361875969723755e-04 -1.0356856050805594e+00 1.0358492238402566e+00
103 2.0019531250000000e-01 3.8636080921210781e-06 1.0346262848328147e+00 -1.0346224212247226e+00 -1.4577603864344472e-04 -1.0346262848328147e+00 1.0344805087941713e+00
104 2.0214843750000000e-01 -1.5309231690242183e-06 1.0335827517493836e+00 -1.0335842826725528e+00 1.3012540579363468e-04 -1.0335827517493836e+00 1.0337128771551773e+00
105 2.0410156250000000e-01 3.2646184512265205e-06 1.0325549899071942e+00 -1.0325517252887431e+00 -1.1635339899447914e-04 -1.0325549899071942e+00 1.0324386365081997e+00
106 2.0605468750000000e-01 -1.0099560033164611e-06 1.0315429836238252e+00 -1.0315439935798285e+00 1.0419339288294746e-04 -1.0315429836238252e+00 1.0316471770167082e+00
107 2.0800781250000000e-01 2.8031640307506337e-06 1.0305467174572671e+00 -1.0305439142932364e+00 -9.3422262770789680e-05 -1.0305467174572671e+00 1.0304532951944962e+00
108 2.0996093750000000e-01 -6.0698943283330367e-07 1.0295661762056849e+00 -1.0295667831951179e+00 8.3850542869524512e-05 -1.0295661762056849e+00 1.0296500267485544e+00
109 2.1191406250000000e-01 2.4435360917747431e-06 1.0286013449071871e+00 -1.0285989013710954e+00 -7.5319773632701942e-05 -1.0286013449071871e+00 1.0285260251335544e+00
110 2.1386718750000000e-01 -2.9195528971366040e-07 1.0276522088395987e+00 -1.0276525007948885e+00 6.7694155999713099e-05 -1.0276522088395987e+00 1.0277199029955983e+00
111 2.1582031250000000e-01 2.1602254903458855e-06 1.0267187535202333e+00 -1.0267165932947431e+00 -6.0859751631257676e-05 -1.0267187535202333e+00 1.0266578937686022e+00
112 2.1777343750000000e-01 -4.3042407992224708e-08 1.0258009647056756e+00 -1.0258010077480837e+00 5.4717982035400967e-05 -1.0258009647056756e+00 1.0258556826877110e+00
113 2.1972656250000000e-01 1.9344868988369558e-06 1.0248988283915617e+00 -1.0248968939046628e+00 -4.9186378736815428e-05 -1.0248988283915617e+00 1.0248496420128248e+00
114 2.2167968750000000e-01 1.5587011906600011e-07 1.0240123308123661e+00 -1.0240121749422471e+00 4.4193240909649179e-05 -1.0240123308123661e+00 1.0240565240532757e+00
115 2.2363281250000000e-01 1.7525079025132861e-06 1.0231414584411924e+00 -1.0231397059332898e+00 -3.9679139308536533e-05 -1.0231414584411924e+00 1.0231017793018840e+00
116 2.2558593750000000e-01 3.1653844725103990e-07 1.0222861979895654e+00 -1.0222858814511182e+00 3.5592046933124549e-05 -1.0222861979895654e+00 1.0223217900364985e+00
117 2.2753906250000000e-01 1.6043513004890048e-06 1.0214465364072303e+00 -1.0214449320559298e+00 -3.1889143656611935e-05 -1.0214465364072303e+00 1.0214146472635737e+00
118 2.2949218750000000e-01 4.4732437542370187e-07 1.0206224608819514e+00 -1.0206220135575761e+00 2.8532214602040156e-05 -1.0206224608819514e+00 1.0206509930965535e+00
119 2.3144531250000000e-01 1.4829790821831723e-06 1.0198139588393182e+00 -1.0198124758602360e+00 -2.5489743362847446e-05 -1.0198139588393182e+00 1.0197884690959553e+00
120 2.3339843750000000e-01 5.5418564845998649e-07 1.0190210179425532e+00 -1.0190204637569047e+00 2.2732665582018813e-05 -1.0190210179425532e+00 1.0190437506081351e+00
121 2.3535156250000000e-01 1.3832951128115154e-06 1.0182436260923227e+00 -1.0182422427972098e+00 -2.0236840223514287e-05 -1.0182436260923227e+00 1.0182233892520991e+00
122 2.3730468750000000e-01 6.4153582934447535e-07 1.0174817714265534e+00 -1.0174811298907240e+00 1.7979180682500420e-05 -1.0174817714265534e+00 1.0174997506072359e+00
123 2.3925781250000000e-01 1.3014310340681269e-06 1.0167354423202510e+00 -1.0167341408892170e+00 -1.5940443043504749e-05 -1.0167354423202510e+00 1.0167195018772075e+00
124 2.4121093750000000e-01 7.1279734196445879e-07 1.0160046273853229e+00 -1.0160039145879809e+00 1.4101614820473303e-05 -1.0160046273853229e+00 1.0160187290001435e+00
125 2.4316406250000000e-01 1.2343379561029651e-06 1.0152893154704032e+00 -1.0152880811324472e+00 -1.2446883529229266e-05 -1.0152893154704032e+00 1.0152768685868740e+00
126 2.4511718750000000e-01 7.7069950747937226e-07 1.0145894956606853e+00 -1.0145887249611778e+00 1.0960163164843099e-05 -1.0145894956606853e+00 1.0146004558238502e+00
127 2.4707031250000000e-01 1.1795619534672855e-06 1.0139051572777522e+00 -1.0139039777157988e+00 -9.6281575979781670e-06 -1.0139051572777522e+00 1.0138955291201541e+00
128 2.4902343750000000e-01 8.1745768836803681e-07 1.0132362898794158e+00 -1.0132354724217274e+00 8.4369720049581488e-06 -1.0132362898794158e+00 1.0132447268514209e+00
129 2.5097656250000000e-01 1.1350939173871650e-06 1.0125828832595565e+00 -1.0125817481656392e+00 -7.3752399709481399e-06 -1.0125828832595565e+00 1.0125755080195855e+00
130 2.5292968750000000e-01 8.5490164088541485e-07 1.0119449274479677e+00 -1.0119440725463269e+00 6.4307964363761382e-06 -1.0119449274479677e+00 1.0119513582444042e+00
131 2.5488281250000000e-01 1.0992601261140968e-06 1.0113224127102041e+00 -1.0113213134500780e+00 -5.5938458851654239e-06 -1.0113224127102041e+00 1.0113168188643189e+00
132 2.5683593750000000e-01 8.8456833455938837e-07 1.0107153295474325e+00 -1.0107144449790979e+00 4.8536733921305623e-06 -1.0107153295474325e+00 1.0107201832208246e+00
133 2.5878906250000000e-01 1.0706429714423376e-06 1.0101236686962873e+00 -1.0101225980533159e+00 -4.2018335169165601e-06 -1.0101236686962873e+00 1.0101194668627704e+00
134 2.6074218750000000e-01 9.0777082484999773e-07 1.0095474211287285e+00 -1.0095465133579036e+00 3.6288843228728914e-06 -1.0095474211287285e+00 1.0095510500130513e+00
135 2.6269531250000000e-01 1.0480205245437260e-06 1.0089865780519056e+00 -1.0089855300313810e+00 -3.1275884596339966e-06 -1.0089865780519056e+00 1.0089834504634461e+00
136 2.6464843750000000e-01 9.2565039041007143e-07 1.0084411309080206e+00 -1.0084402052576302e+00 2.6896653571361909e-06 -1.0084411309080206e+00 1.0084438205733777e+00
137 2.6660156250000000e-01 1.0303239313031048e-06 1.0079110713742006e+00 -1.0079100410502693e+00 -2.3090008456614546e-06 -1.0079110713742006e+00 1.0079087623733549e+00
138 2.6855468750000000e-01 9.3920820331527302e-07 1.0073963913623682e+00 -1.0073954521541650e+00 1.9784114909530649e-06 -1.0073963913623682e+00 1.0073983697738591e+00
139 2.7050781250000000e-01 1.0166169748250966e-06 1.0068970830191202e+00 -1.0068960664021454e+00 -1.6928542792580009e-06 -1.0068970830191202e+00 1.0068953901648410e+00
140 2.7246093750000000e-01 9.4931601840872859e-07 1.0064131387256061e+00 -1.0064121894095877e+00 1.4461925891686753e-06 -1.0064131387256061e+00 1.0064145849181954e+00
141 2.7441406250000000e-01 1.0060920494976230e-06 1.0059445510974123e+00 -1.0059435450053629e+00 -1.2343965730974255e-06 -1.0059445510974123e+00 1.0059433167008391e+00
142 2.7636718750000000e-01 9.5671734732821449e-07 1.0054913129844503e+00 -1.0054903562671029e+00 1.0523040685420721e-06 -1.0054913129844503e+00 1.0054923652885188e+00
143 2.7832031250000000e-01 9.9806840556109249e-07 1.0050534174708465e+00 -1.0050524194024411e+00 -8.9680966384865273e-07 -1.0050534174708465e+00 1.0050525206611827e+00
144 2.8027343750000000e-01 9.6203200155969269e-07 1.0046308578748371e+00 -1.0046298958428355e+00 7.6362217032668741e-07 -1.0046308578748371e+00 1.0046316214970075e+00
145 2.8222656250000000e-01 9.9198413448178412e-07 1.0042236277486660e+00 -1.0042226357645316e+00 -6.5044695795754505e-07 -1.0042236277486660e+00 1.0042229773017082e+00
146 2.8417968750000000e-01 9.6576701338202183e-07 1.0038317208784868e+00 -1.0038307551114733e+00 5.5374485825788657e-07 -1.0038317208784868e+00 1.0038322746233450e+00
147 2.8613281250000000e-01 9.8738353491104328e-07 1.0034551312842677e+00 -1.0034541439007327e+00 -4.7191216319358928e-07 -1.0034551312842677e+00 1.0034546593721045e+00
148 2.8808593750000000e-01 9.6832981503769504e-07 1.0030938532197000e+00 -1.0030928848898850e+00 4.0204336798213179e-07 -1.0030938532197000e+00 1.0030942552630679e+00
149 2.9003906250000000e-01 9.8390410434306176e-07 1.0027478811721111e+00 -1.0027468972680067e+00 -3.4311017220894857e-07 -1.0027478811721111e+00 1.0027475380619388e+00
150 2.9199218750000000e-01 9.7004090821055162e-07 1.0024172098623798e+00 -1.0024162398214715e+00 2.9272820218967978e-07 -1.0024172098623798e+00 1.0024175025905819e+00
151 2.9394531250000000e-01 9.8126400352267523e-07 1.0021018342448558e+00 -1.0021008529808522e+00 -2.5033546101131705e-07 -1.0021018342448558e+00 1.0021015839093947e+00
152 2.9589843750000000e-01 9.7114655648823848e-07 1.0018017495072833e+00 -1.0018007783607268e+00 2.1396344610463160e-07 -1.0018017495072833e+00 1.0018019634707294e+00
153 2.9785156250000000e-01 9.7924906704870470e-07 1.0015169510707262e+00 -1.0015159718216593e+00 -1.8341626278907459e-07 -1.0015169510707262e+00 1.0015167676544634e+00
154 2.9980468750000000e-01 9.7183196836081791e-07 1.0012474345895002e+00 -1.0012464627575317e+00 1.5704711945468980e-07 -1.0012474345895002e+00 1.0012475916366197e+00
155 3.0175781250000000e-01 9.7769972202290972e-07 1.0009931959511047e+00 -1.0009922182513826e+00 -1.3493930256457245e-07 -1.0009931959511047e+00 1.0009930610118021e+00
156 3.0371093750000000e-01 9.7223391902165556e-07 1.0007542312761610e+00 -1.0007532590422421e+00 1.1568844639399237e-07 -1.0007542312761610e+00 1.0007543469646074e+00
157 3.0566406250000000e-01 9.7649912128460686e-07 1.0005305369183528e+00 -1.0005295604192315e+00 -9.9585691855009026e-08 -1.0005305369183528e+00 1.0005304373326609e+00
158 3.0761718750000000e-01 9.7245169524481710e-07 1.0003221094643711e+00 -1.0003211370126759e+00 8.5405293671123984e-08 -1.0003221094643711e+00 1.0003221948696648e+00
159 3.0957031250000000e-01 9.7556316096731312e-07 1.0001289457338611e+00 -1.0001279701707002e+00 -7.3589711598218418e-08 -1.0001289457338611e+00 1.0001288721441495e+00
160 3.1152343750000000e-01 9.7255615501000314e-07 9.9995104277937419e-01 -9.9995007022321913e-01 6.3041850635193820e-08 -9.9995104277937419e-01 9.9995110582122482e-01
161 3.1347656250000000e-01 9.7483227781136190e-07 9.9978839788632357e-01 -9.9978742305404578e-01 -5.4311784630238161e-08 -9.9978839788632357e-01 9.9978834357453894e-01
162 3.1542968750000000e-01 9.7259712965188998e-07 9.9964100857294214e-01 -9.9964003597581252e-01 4.6392968524879451e-08 -9.9964100857294214e-01 9.9964105496591071e-01
163 3.1738281250000000e-01 9.7426481072646730e-07 9.9950887259024412e-01 -9.9950789832543341e-01 -3.9910333987303921e-08 -9.9950887259024412e-01 9.9950883267991009e-01
164 3.1933593750000000e-01 9.7260932372847952e-07 9.9939198792199224e-01 -9.9939101531266850e-01 3.3919812570332689e-08 -9.9939198792199224e-01 9.9939202184180487e-01
165 3.2128906250000000e-01 9.7383181286526775e-07 9.9929035278466527e-01 -9.9928937895285241e-01 -2.9097515533534547e-08 -9.9929035278466527e-01 9.9929032368714976e-01
166 3.2324218750000000e-01 9.7261682790826238e-07 9.9920396562743263e-01 -9.9920299301060478e-01 2.4541882999299108e-08 -9.9920396562743263e-01 9.9920399016931560e-01
167 3.2519531250000000e-01 9.7351316507761604e-07 9.9913282513212909e-01 -9.9913185161896401e-01 -2.0963663452170281e-08 -9.9913282513212909e-01 9.9913280416846562e-01
168 3.2714843750000000e-01 9.7263643597625983e-07 9.9907693021323529e-01 -9.9907595757679935e-01 1.7490040155597129e-08 -9.9907693021323529e-01 9.9907694770327549e-01
169 3.2910156250000000e-01 9.7329476859044945e-07 9.9903628001786160e-01 -9.9903530672309304e-01 -1.4855186743930369e-08 -9.9903628001786160e-01 9.9903626516267485e-01
170 3.3105468750000000e-01 9.7268000154337926e-07 9.9901087392573429e-01 -9.9900990124573275e-01 1.2205797214451403e-08 -9.9901087392573429e-01 9.9901088613153155e-01
171 3.3300781250000000e-01 9.7316658251186663e-07 9.9900071154918679e-01 -9.9899973838260425e-01 -1.0292073765457954e-08 -9.9900071154918679e-01 9.9900070125711304e-01
172 3.3496093750000000e-01 9.7275605935294273e-07 9.9900579273315304e-01 -9.9900481997709367e-01 8.2741663153046332e-09 -9.9900579273315304e-01 9.9900580100731939e-01
173 3.3691406250000000e-01 9.7312129441147082e-07 9.9902611755516635e-01 -9.9902514443387191e-01 -6.9135268937202645e-09 -9.9902611755516635e-01 9.9902611064163949e-01
174 3.3886718750000000e-01 9.7287090792140780e-07 9.9906168632535897e-01 -9.9906071345445102e-01 5.3798405418016728e-09 -9.9906168632535897e-01 9.9906169170519954e-01
175 3.4082031250000000e-01 9.7315344403633470e-07 9.9911249958646786e-01 -9.9911152643302381e-01 -4.4427528577490862e-09 -9.9911249958646786e-01 9.9911249514371503e-01
176 3.4277343750000000e-01 9.7302931493620188e-07 9.9917855811384304e-01 -9.9917758508452814e-01 3.2789403755267114e-09 -9.9917855811384304e-01 9.9917856139278338e-01
177 3.4472656250000000e-01 9.7325885816533777e-07 9.9925986291545910e-01 -9.9925888965660092e-01 -2.6642764700714684e-09 -9.9925986291545910e-01 9.9925986025118263e-01
178 3.4667968750000000e-01 9.7323496835980441e-07 9.9935641523193008e-01 -9.9935544199696169e-01 1.7807408769766974e-09 -9.9935641523193008e-01 9.9935641701267097e-01
179 3.4863281250000000e-01 9.7343429124159397e-07 9.9946821653652929e-01 -9.9946724310223800e-01 -1.4091337393728569e-09 -9.9946821653652929e-01 9.9946821512739559e-01
180 3.5058593750000000e-01 9.7349076292452908e-07 9.9959526853521175e-01 -9.9959429504444886e-01 7.3556154097498903e-10 -9.9959526853521175e-01 9.9959526927077325e-01
181 3.5253906250000000e-01 9.7367719598434849e-07 9.9973757316663936e-01 -9.9973659948944338e-01 -5.4484150654593112e-10 -9.9973757316663936e-01 9.9973757262179785e-01
182 3.5449218750000000e-01 9.7379898536682892e-07 9.9989513260221097e-01 -9.9989415880322563e-01 2.6329046518199838e-11 -9.9989513260221097e-01 9.9989513262854002e-01
183 3.5644531250000000e-01 9.7398557190236429e-07 1.0000679492460964e+00 -1.0000669752605245e+00 3.1822806429050962e-11 -1.0000679492460964e+00 1.0000679492779192e+00
184 3.5839843750000000e-01 9.7416144034804988e-07 1.0002560257352713e+00 -1.0002550515738309e+00 -4.3771151248604500e-10 -1.0002560257352713e+00 1.0002560252975599e+00
185 3.6035156250000000e-01 9.7435785864968397e-07 1.0004593649395590e+00 -1.0004583905817004e+00 4.0039095077012665e-10 -1.0004593649395590e+00 1.0004593653399501e+00
186 3.6230468750000000e-01 9.7457954257590666e-07 1.0006779699616732e+00 -1.0006769953821306e+00 -7.2600080033716784e-10 -1.0006779699616732e+00 1.0006779692356724e+00
187 3.6425781250000000e-01 9.7479285491379406e-07 1.0009118441372664e+00 -1.0009108693444115e+00 6.2125035445313635e-10 -1.0009118441372664e+00 1.0009118447585168e+00
188 3.6621093750000000e-01 9.7505438946027752e-07 1.0011609910349799e+00 -1.0011600159805905e+00 -8.9082915620345615e-10 -1.0011609910349799e+00 1.0011609901441507e+00
189 3.6816406250000000e-01 9.7528965242227361e-07 1.0014254144564980e+00 -1.0014244391668456e+00 7.3947681124460746e-10 -1.0014254144564980e+00 1.0014254151959747e+00
190 3.7011718750000000e-01 9.7558682168091345e-07 1.0017051184366075e+00 -1.0017041428497857e+00 -9.7087208043997917e-10 -1.0017051184366075e+00 1.0017051174657354e+00
191 3.7207031250000000e-01 9.7584757999110134e-07 1.0020001072432576e+00 -1.0019991313956775e+00 7.8809467745050825e-10 -1.0020001072432576e+00 1.0020001080313523e+00
192 3.7402343750000000e-01 9.7617747505444389e-07 1.0023103853776263e+00 -1.0023094092001512e+00 -9.9418944144728798e-10 -1.0023103853776263e+00 1.0023103843834369e+00
193 3.7597656250000000e-01 9.7646615541896477e-07 1.0026359575741877e+00 -1.0026349811080322e+00 7.9082608530480745e-10 -1.0026359575741877e+00 1.0026359583650137e+00
194 3.7792968750000000e-01 9.7682682509291138e-07 1.0029768288007861e+00 -1.0029758519739611e+00 -9.8073459027432365e-10 -1.0029768288007861e+00 1.0029768278200515e+00
195 3.7988281250000000e-01 9.7714504435144589e-07 1.0033330042587099e+00 -1.0033320271136654e+00 7.6436846724766025e-10 -1.0033330042587099e+00 1.0033330050230784e+00
196 3.8183593750000000e-01 9.7753522481706264e-07 1.0037044893827727e+00 -1.0037035118475479e+00 -9.4440832865263844e-10 -1.0037044893827727e+00 1.0037044884383644e+00
197 3.8378906250000000e-01 9.7788402572377373e-07 1.0040912898413943e+00 -1.0040903119573685e+00 7.2023490133746411e-10 -1.0040912898413943e+00 1.0040912905616293e+00
198 3.8574218750000000e-01 9.7830293614274334e-07 1.0044934115366888e+00 -1.0044924332337526e+00 -8.9469755493094623e-10 -1.0044934115366888e+00 1.0044934106419912e+00
199 3.8769531250000000e-01 9.7868296346592951e-07 1.0049108606045547e+00 -1.0049098819215911e+00 6.6620285984477631e-10 -1.0049108606045547e+00 1.0049108612707576e+00
200 3.8964843750000000e-01 9.7913015520451768e-07 1.0053436434147669e+00 -1.0053426642846117e+00 -8.3794593911831232e-10 -1.0053436434147669e+00 1.0053436425768210e+00
201 3.9160156250000000e-01 9.7954178402578438e-07 1.0057917665710756e+00 -1.0057907870292915e+00 6.0742053232423446e-10 -1.0057917665710756e+00 1.0057917671784962e+00
202 3.9355468750000000e-01 9.8001703215697987e-07 1.0062552369113060e+00 -1.0062542568942738e+00 -7.7831068043773933e-10 -1.0062552369113060e+00 1.0062552361329953e+00
203 3.9550781250000000e-01 9.8046045907246198e-07 1.0067340615074634e+00 -1.0067330810470043e+00 5.4722815910170611e-10 -1.0067340615074634e+00 1.0067340620546916e+00
204 3.9746093750000000e-01 9.8096368617755589e-07 1.0072282476658407e+00 -1.0072272667021545e+00 -7.1846208822568748e-10 -1.0072282476658407e+00 1.0072282469473786e+00
205 3.9941406250000000e-01 9.8143899259120870e-07 1.0077378029271298e+00 -1.0077368214881373e+00 4.8774927870687609e-10 -1.0077378029271298e+00 1.0077378034148790e+00
206 4.0136718750000000e-01 9.8197021649739367e-07 1.0082627350665367e+00 -1.0082617530963203e+00 -6.6007966556066831e-10 -1.0082627350665367e+00 1.0082627344064570e+00
207 4.0332031250000000e-01 9.8247741153378642e-07 1.0088030520939004e+00 -1.0088020696164890e+00 4.3030438487257608e-10 -1.0088030520939004e+00 1.0088030525242049e+00
208 4.0527343750000000e-01 9.8303671028012472e-07 1.0093587622538152e+00 -1.0093577792171049e+00 -6.0419462299831823e-10 -1.0093587622538152e+00 1.0093587616496205e+00
209 4.0722656250000000e-01 9.8357575924037974e-07 1.0099298740257554e+00 -1.0099288904499961e+00 3.7569217912059510e-10 -1.0099298740257554e+00 1.0099298744014475e+00
210 4.0917968750000000e-01 9.8416324808430299e-07 1.0105163961242067e+00 -1.0105154119609587e+00 -5.5141917828158461e-10 -1.0105163961242067e+00 1.0105163955727876e+00
211 4.1113281250000000e-01 9.8473409095153444e-07 1.0111183374987973e+00 -1.0111173527647064e+00 3.2437528409797268e-10 -1.0111183374987973e+00 1.0111183378231725e+00
212 4.1308593750000000e-01 9.8534990753480263e-07 1.0117357073344351e+00 -1.0117347219845276e+00 -5.0209583479599173e-10 -1.0117357073344351e+00 1.0117357068323392e+00
213 4.1503906250000000e-01 9.8595247084100919e-07 1.0123685150514485e+00 -1.0123675290989778e+00 2.7659938795589043e-10 -1.0123685150514485e+00 1.0123685153280479e+00
214 4.1699218750000000e-01 9.8659676571648656e-07 1.0130167703057293e+00 -1.0130157837089637e+00 -4.5639190874010031e-10 -1.0130167703057293e+00 1.0130167698493375e+00
215 4.1894531250000000e-01 9.8723097011174562e-07 1.0136804829888799e+00 -1.0136794957579098e+00 2.3246793233538433e-10 -1.0136804829888799e+00 1.0136804832213477e+00
216 4.2089843750000000e-01 9.8790390069306402e-07 1.0143596632283653e+00 -1.0143586753244647e+00 -4.1435838727269372e-10 -1.0143596632283653e+00 1.0143596628140070e+00
217 4.2285156250000000e-01 9.8856966580539738e-07 1.0150543213876666e+00 -1.0150533328180007e+00 1.9198824758369212e-10 -1.0150543213876666e+00 1.0150543215796548e+00
218 4.2480468750000000e-01 9.8927139245011435e-07 1.0157644680664395e+00 -1.0157634787950471e+00 -3.7596590421930394e-10 -1.0157644680664395e+00 1.0157644676904736e+00
219 4.2675781250000000e-01 9.8996864007296872e-07 1.0164901141006764e+00 -1.0164891241320362e+00 1.5509988799354148e-10 -1.0164901141006764e+00 1.0164901142557763e+00
220 4.2871093750000000e-01 9.9069932347312156e-07 1.0172312705628708e+00 -1.0172302798635473e+00 -3.4112743225698331e-10 -1.0172312705628708e+00 1.0172312702217434e+00
221 4.3066406250000000e-01 9.9142797973208857e-07 1.0179879487621875e+00 -1.0179869573342077e+00 1.2169258064883244e-10 -1.0179879487621875e+00 1.0179879488838801e+00
222 4.3261718750000000e-01 9.9218777910367496e-07 1.0187601602446339e+00 -1.0187591680568548e+00 -3.0971242698880736e-10 -1.0187601602446339e+00 1.0187601599349214e+00
223 4.3457031250000000e-01 9.9294777599454885e-07 1.0195479167932375e+00 -1.0195469238454615e+00 9.1618254225243209e-11 -1.0195479167932375e+00 1.0195479168848558e+00
224 4.3652343750000000e-01 9.9373684776740725e-07 1.0203512304282245e+00 -1.0203502366913768e+00 -2.8155753552398628e-10 -1.0203512304282245e+00 1.0203512301466671e+00
225 4.3847656250000000e-01 9.9452812428985311e-07 1.0211701134072035e+00 -1.0211691188790792e+00 6.4700034934925644e-11 -1.0211701134072035e+00 1.0211701134719036e+00
226 4.4042968750000000e-01 9.9534662113162453e-07 1.0220045782253533e+00 -1.0220035828787322e+00 -2.5647425367396514e-10 -1.0220045782253533e+00 1.0220045779688791e+00
227 4.4238281250000000e-01 9.9616912414046401e-07 1.0228546376156127e+00 -1.0228536414464886e+00 4.0739411206343224e-11 -1.0228546376156127e+00 1.0228546376563521e+00
228 4.4433593750000000e-01 9.9701719422571782e-07 1.0237203045488752e+00 -1.0237193075316811e+00 -2.3425557058429334e-10 -1.0237203045488752e+00 1.0237203043146197e+00
229 4.4628906250000000e-01 9.9787087906465586e-07 1.0246015922341862e+00 -1.0246005943633072e+00 1.9522432182909055e-11 -1.0246015922341862e+00 1.0246015922537086e+00
230 4.4824218750000000e-01 9.9874866554141488e-07 1.0254985141189463e+00 -1.0254975153702808e+00 -2.1468200087085535e-10 -1.0254985141189463e+00 1.0254985139042643e+00
231 4.5019531250000000e-01 9.9963349649533183e-07 1.0264110838891147e+00 -1.0264100842556183e+00 8.2508307335097477e-13 -1.0264110838891147e+00 1.0264110838899398e+00
232 4.5214843750000000e-01 1.0005411371204604e-06 1.0273393154694184e+00 -1.0273383149282813e+00 -1.9752633033607697e-10 -1.0273393154694184e+00 1.0273393152718919e+00
233 4.5410156250000000e-01 1.0014570877101426e-06 1.0282832230235657e+00 -1.0282822215664780e+00 -1.5581709131899917e-11 -1.0282832230235657e+00 1.0282832230079839e+00
234 4.5605468750000000e-01 1.0023947146322849e-06 1.0292428209544608e+00 -1.0292418185597463e+00 -1.8255854445256362e-10 -1.0292428209544608e+00 1.0292428207719022e+00
235 4.5800781250000000e-01 1.0033417677718306e-06 1.0302181239044248e+00 -1.0302171205626571e+00 -2.9928277640273144e-11 -1.0302181239044248e+00 1.0302181238744965e+00
236 4.5996093750000000e-01 1.0043095074417662e-06 1.0312091467554190e+00 -1.0312081424459116e+00 -1.6954909534191808e-10 -1.0312091467554190e+00 1.0312091465858699e+00
237 4.6191406250000000e-01 1.0052876554793001e-06 1.0322159046292705e+00 -1.0322148993416149e+00 -4.2442504747077342e-11 -1.0322159046292705e+00 1.0322159045868280e+00
238 4.6386718750000000e-01 1.0062856286662600e-06 1.0332384128879057e+00 -1.0332374066022771e+00 -1.5827222037020724e-10 -1.0332384128879057e+00 1.0332384127296335e+00
239 4.6582031250000000e-01 1.0072948733303234e-06 1.0342766871335818e+00 -1.0342756798387085e+00 -5.3347631011364632e-11 -1.0342766871335818e+00 1.0342766870802342e+00
240 4.6777343750000000e-01 1.0083231952210636e-06 1.0353307432091268e+00 -1.0353297348859316e+00 -1.4850788416514134e-10 -1.0353307432091268e+00 1.0353307430606189e+00
241 4.6972656250000000e-01 1.0093635474965602e-06 1.0364005971981802e+00 -1.0363995878346328e+00 -6.2860127626755764e-11 -1.0364005971981802e+00 1.0364005971353201e+00
242 4.7167968750000000e-01 1.0104223278528689e-06 1.0374862654254395e+00 -1.0374852550031117e+00 -1.4004328228458941e-10 -1.0374862654254395e+00 1.0374862652853962e+00
243 4.7363281250000000e-01 1.0114938078110642e-06 1.0385877644569081e+00 -1.0385867529631003e+00 -7.1189052035926752e-11 -1.0385877644569081e+00 1.0385877643857191e+00
244 4.7558593750000000e-01 1.0125831511612825e-06 1.0397051111001487e+00 -1.0397040985169976e+00 -1.3267340043528430e-10 -1.0397051111001487e+00 1.0397051109674753e+00
245 4.7753906250000000e-01 1.0136857877679513e-06 1.0408383224045397e+00 -1.0408373087187519e+00 -7.8535571554713655e-11 -1.0408383224045397e+00 1.0408383223260040e+00
246 4.7949218750000000e-01 1.0148057936089762e-06 1.0419874156615352e+00 -1.0419864008557416e+00 -1.2620075995163440e-10 -1.0419874156615352e+00 1.0419874155353344e+00
247 4.8144531250000000e-01 1.0159396245334830e-06 1.0431524084049295e+00 -1.0431513924653051e+00 -8.5093535478987327e-11 -1.0431524084049295e+00 1.0431524083198360e+00
248 4.8339843750000000e-01 1.0170903875213961e-06 1.0443333184111234e+00 -1.0443323013207360e+00 -1.2043491279411281e-10 -1.0443333184111234e+00 1.0443333182906884e+00
249 4.8535156250000000e-01 1.0182554589674688e-06 1.0455301636993968e+00 -1.0455291454439377e+00 -9.1050532300653252e-11 -1.0455301636993968e+00 1.0455301636083463e+00
250 4.8730468750000000e-01 1.0194370690772257e-06 1.0467429625321825e+00 -1.0467419430951135e+00 -1.1519090555584905e-10 -1.0467429625321825e+00 1.0467429624169915e+00
251 4.8925781250000000e-01 1.0206334356537050e-06 1.0479717334153456e+00 -1.0479707127819100e+00 -9.6589261762686393e-11 -1.0479717334153456e+00 1.0479717333187564e+00
252 4.9121093750000000e-01 1.0218459782909974e-06 1.0492164950984655e+00 -1.0492154732524872e+00 -1.1028774946150477e-10 -1.0492164950984655e+00 1.0492164949881777e+00
253 4.9316406250000000e-01 1.0230737029379913e-06 1.0504772665751225e+00 -1.0504762435014197e+00 -1.0188966077094274e-10 -1.0504772665751225e+00 1.0504772664732329e+00
254 4.9511718750000000e-01 1.0243172589893360e-06 1.0517540670831873e+00 -1.0517530427659283e+00 -1.0554607590737353e-10 -1.0517540670831873e+00 1.0517540669776413e+00
255 4.9707031250000000e-01 1.0255764129721949e-06 1.0530469161051139e+00 -1.0530458905287010e+00 -1.0713117328127550e-10 -1.0530469161051139e+00 1.0530469159979827e+00
256 4.9902343750000000e-01 1.0268510587824318e-06 1.0543558333682381e+00 -1.0543548065171793e+00 -1.0078580713458964e-10 -1.0543558333682381e+00 1.0543558332674523e+00
257 5.0097656250000000e-01 1.0281417217627371e-06 1.0556808388450778e+00 -1.0556798107033560e+00 -1.1249533370073943e-10 -1.0556808388450778e+00 1.0556808387325824e+00
258 5.0292968750000000e-01 1.0294475290323668e-06 1.0570219527536375e+00 -1.0570209233061085e+00 -9.5823311843587007e-11 -1.0570219527536375e+00 1.0570219526578142e+00
259 5.0488281250000000e-01 1.0307697892218451e-06 1.0583791955577178e+00 -1.0583781647879285e+00 -1.1816842284958131e-10 -1.0583791955577178e+00 1.0583791954395494e+00
260 5.0683593750000000e-01 1.0321068248200067e-06 1.0597525879672265e+00 -1.0597515558604016e+00 -9.0469046612259965e-11 -1.0597525879672265e+00 1.0597525878767575e+00
261 5.0878906250000000e-01 1.0334607792198377e-06 1.0611421509384953e+00 -1.0611411174777161e+00 -1.2434418936311486e-10 -1.0611421509384953e+00 1.0611421508141512e+00
262 5.1074218750000000e-01 1.0348291049122250e-06 1.0625479056745994e+00 -1.0625468708454946e+00 -8.4524429591321642e-11 -1.0625479056745994e+00 1.0625479055900751e+00
263 5.1269531250000000e-01 1.0362148596366248e-06 1.0639698736256811e+00 -1.0639688374108214e+00 -1.3122673195326646e-10 -1.0639698736256811e+00 1.0639698734944543e+00
264 5.1464843750000000e-01 1.0376145317313121e-06 1.0654080764892773e+00 -1.0654070388747456e+00 -7.7779248841672604e-11 -1.0654080764892773e+00 1.0654080764114979e+00
265 5.1660156250000000e-01 1.0390322024105279e-06 1.0668625362106499e+00 -1.0668614971784474e+00 -1.3903298626194232e-10 -1.0668625362106499e+00 1.0668625360716169e+00
266 5.1855468750000000e-01 1.0404632713285193e-06 1.0683332749831207e+00 -1.0683322345198494e+00 -7.0009332339276789e-11 -1.0683332749831207e+00 1.0683332749131114e+00
267 5.2050781250000000e-01 1.0419129835824183e-06 1.0698203152484116e+00 -1.0698192733354279e+00 -1.4799505216185952e-10 -1.0698203152484116e+00 1.0698203151004166e+00
268 5.2246093750000000e-01 1.0433754933638072e-06 1.0713236796969847e+00 -1.0713226363214914e+00 -6.0974327799872854e-11 -1.0713236796969847e+00 1.0713236796360104e+00
269 5.2441406250000000e-01 1.0448573833330650e-06 1.0728433912683903e+00 -1.0728423464110071e+00 -1.5836208889481359e-10 -1.0728433912683903e+00 1.0728433911100284e+00
270 5.2636718750000000e-01 1.0463513710939194e-06 1.0743794731516165e+00 -1.0743784268002454e+00 -5.0415862981938681e-11 -1.0743794731516165e+00 1.0743794731012006e+00
271 5.2832031250000000e-01 1.0478655860115303e-06 1.0759319487854424e+00 -1.0759309009198563e+00 -1.7040187976392958e-10 -1.0759319487854424e+00 1.0759319486150405e+00
272 5.3027343750000000e-01 1.0493910813710011e-06 1.0775008418587959e+00 -1.0774997924677145e+00 -3.8056639332207742e-11 -1.0775008418587959e+00 1.0775008418207392e+00
273 5.3222656250000000e-01 1.0509377801524005e-06 1.0790861763111164e+00 -1.0790851253733362e+00 -1.8440150927694774e-10 -1.0790861763111164e+00 1.0790861761267148e+00
274 5.3417968750000000e-01 1.0524948046539269e-06 1.0806879763327186e+00 -1.0806869238379140e+00 -2.3599859028636480e-11 -1.0806879763327186e+00 1.0806879763091188e+00
275 5.3613281250000000e-01 1.0540741584797324e-06 1.0823062663651624e+00 -1.0823052122910040e+00 -2.0066749555009803e-10 -1.0823062663651624e+00 1.0823062661644949e+00
276 5.3808593750000000e-01 1.0556627250343778e-06 1.0839410711016249e+00 -1.0839400154388998e+00 -6.7296598459415366e-12 -1.0839410711016249e+00 1.0839410710948951e+00
277 5.4003906250000000e-01 1.0572749178958028e-06 1.0855924154872787e+00 -1.0855913582123609e+00 -2.1952468656601698e-10 -1.0855924154872787e+00 1.0855924152677541e+00
278 5.4199218750000000e-01 1.0588950302794435e-06 1.0872603247196719e+00 -1.0872592658246416e+00 1.2887333246979172e-11 -1.0872603247196719e+00 1.0872603247325592e+00
279 5.4394531250000000e-01 1.0605402594530810e-06 1.0889448242491113e+00 -1.0889437637088519e+00 -2.4131457097637231e-10 -1.0889448242491113e+00 1.0889448240077968e+00
280 5.4589843750000000e-01 1.0621919118920514e-06 1.0906459397790533e+00 -1.0906448775871413e+00 3.5599833329274622e-11 -1.0906459397790533e+00 1.0906459398146531e+00
281 5.4785156250000000e-01 1.0638703883084437e-06 1.0923636972664932e+00 -1.0923626333961050e+00 -2.6639206569183163e-10 -1.0923636972664932e+00 1.0923636970001012e+00
282 5.4980468750000000e-01 1.0655535651898690e-06 1.0940981229223641e+00 -1.0940970573687989e+00 6.1767842930686115e-11 -1.0940981229223641e+00 1.0940981229841320e+00
283 5.5175781250000000e-01 1.0672655136593727e-06 1.0958492432119347e+00 -1.0958481759464209e+00 -2.9512132106924995e-10 -1.0958492432119347e+00 1.0958492429168134e+00
284 5.5371093750000000e-01 1.0689801894025131e-06 1.0976170848552136e+00 -1.0976160158750241e+00 9.1758129250602575e-11 -1.0976170848552136e+00 1.0976170849469717e+00
285 5.5566406250000000e-01 1.0707258486627109e-06 1.0994016748273587e+00 -1.0994006041015101e+00 -3.2787014221579810e-10 -1.0994016748273587e+00 1.0994016744994886e+00
286 5.5761718750000000e-01 1.0724719877861224e-06 1.1012030403590862e+00 -1.1012019678870983e+00 1.2593787002018962e-10 -1.1012030403590862e+00 1.1012030404850242e+00
287 5.5957031250000000e-01 1.0742516103372233e-06 1.1030212089370877e+00 -1.1030201346854773e+00 -3.6500342768367861e-10 -1.1030212089370877e+00 1.1030212085720843e+00
288 5.6152343750000000e-01 1.0760291677539252e-06 1.1048562083044491e+00 -1.1048551322752813e+00 1.6466755834980451e-10 -1.1048562083044491e+00 1.1048562084691167e+00
289 5.6347656250000000e-01 1.0778430194511585e-06 1.1067080664610747e+00 -1.1067069886180552e+00 -4.0687521147421934e-10 -1.1067080664610747e+00 1.1067080660541995e+00
290 5.6542968750000000e-01 1.0796519410221453e-06 1.1085768116641126e+00 -1.1085757320121716e+00 2.0829261061986509e-10 -1.1085768116641126e+00 1.1085768118724053e+00
291 5.6738281250000000e-01 1.0815003003944884e-06 1.1104624724283891e+00 -1.1104613909280887e+00 -4.5382011532702827e-10 -1.1104624724283891e+00 1.1104624719745690e+00
292 5.6933593750000000e-01 1.0833405237731710e-06 1.1123650775268397e+00 -1.1123639941863159e+00 2.5713418654203330e-10 -1.1123650775268397e+00 1.1123650777839738e+00
293 5.7128906250000000e-01 1.0852236810314849e-06 1.1142846559909516e+00 -1.1142835707672705e+00 -5.0614330129011399e-10 -1.1142846559909516e+00 1.1142846554848083e+00
294 5.7324218750000000e-01 1.0870951368437889e-06 1.1162212371112048e+00 -1.1162201500160680e+00 3.1147854235047120e-10 -1.1162212371112048e+00 1.1162212374226834e+00
295 5.7519531250000000e-01 1.0890133925209786e-06 1.1181748504375200e+00 -1.1181737614241274e+00 -5.6410916952593985e-10 -1.1181748504375200e+00 1.1181748498734108e+00
296 5.7714843750000000e-01 1.0909160059577985e-06 1.1201455257797079e+00 -1.1201444348637020e+00 3.7156492628712708e-10 -1.1201455257797079e+00 1.1201455261512729e+00
297 5.7910156250000000e-01 1.0928696690760978e-06 1.1221332932079273e+00 -1.1221322003382583e+00 -6.2792824453999562e-10 -1.1221332932079273e+00 1.1221332925799992e+00
298 5.8105468750000000e-01 1.0948033620428336e-06 1.1241381830531396e+00 -1.1241370882497776e+00 4.3757093107704476e-10 -1.1241381830531396e+00 1.1241381834907105e+00
299 5.8300781250000000e-01 1.0967927476088016e-06 1.1261602259075754e+00 -1.1261591291148279e+00 -6.9774039920836493e-10 -1.1261602259075754e+00 1.1261602252098351e+00
300 5.8496093750000000e-01 1.0987574417045559e-06 1.1281994526251995e+00 -1.1281983538677578e+00 5.0959237654174713e-10 -1.1281994526251995e+00 1.1281994531347919e+00
301 5.8691406250000000e-01 1.1007828671636092e-06 1.1302558943221814e+00 -1.1302547935393144e+00 -7.7359016615530664e-10 -1.1302558943221814e+00 1.1302558935485914e+00
302 5.8886718750000000e-01 1.1027784879807092e-06 1.1323295823773714e+00 -1.1323284795988833e+00 5.8761358546351060e-10 -1.1323295823773714e+00 1.1323295829649849e+00
303 5.9082031250000000e-01 1.1048402679861086e-06 1.1344205484327781e+00 -1.1344194435925101e+00 -8.5539018399939681e-10 -1.1344205484327781e+00 1.1344205475773879e+00
304 5.9277343750000000e-01 1.1068667515670167e-06 1.1365288243940523e+00 -1.1365277175273008e+00 6.7146057786986121e-10 -1.1365288243940523e+00 1.1365288250655130e+00
305 5.9472656250000000e-01 1.1089651899901893e-06 1.1386544424309728e+00 -1.1386533334657829e+00 -9.4286128403248967e-10 -1.1386544424309728e+00 1.1386544414881115e+00
306 5.9667968750000000e-01 1.1110224928026720e-06 1.1407974349779386e+00 -1.1407963239554457e+00 7.6072513592224399e-10 -1.1407974349779386e+00 1.1407974357386637e+00
307 5.9863281250000000e-01 1.1131578702761991e-06 1.1429578347344620e+00 -1.1429567215765917e+00 -1.0354359371242996e-09 -1.1429578347344620e+00 1.1429578336990260e+00
308 6.0058593750000000e-01 1.1152459848317883e-06 1.1451356746656691e+00 -1.1451345594196842e+00 8.5464163828662556e-10 -1.1451356746656691e+00 1.1451356755203108e+00
309 6.0253906250000000e-01 1.1174185392069906e-06 1.1473309880028024e+00 -1.1473298705842632e+00 -1.1321020020294089e-09 -1.1473309880028024e+00 1.1473309868707005e+00
310 6.0449218750000000e-01 1.1195375185173031e-06 1.1495438082437277e+00 -1.1495426887062092e+00 9.5189071690159443e-10 -1.1495438082437277e+00 1.1495438091956185e+00
311 6.0644531250000000e-01 1.1217474143773155e-06 1.1517741691534453e+00 -1.1517730474060310e+00 -1.2311571352927250e-09 -1.1517741691534453e+00 1.1517741679222882e+00
312 6.0839843750000000e-01 1.1238974098623473e-06 1.1540221047646051e+00 -1.1540209808671953e+00 1.0502930208088401e-09 -1.1540221047646051e+00 1.1540221058148981e+00
313 6.1035156250000000e-01 1.1261446916300378e-06 1.1562876493780259e+00 -1.1562865232333341e+00 -1.3298301674574036e-09 -1.1562876493780259e+00 1.1562876480481956e+00
314 6.1230468750000000e-01 1.1283260108776981e-06 1.1585708375632189e+00 -1.1585697092372080e+00 1.1463455813201358e-09 -1.1585708375632189e+00 1.1585708387095646e+00
315 6.1425781250000000e-01 1.1306105320878503e-06 1.1608717041589158e+00 -1.1608705735483837e+00 -1.4237171332366741e-09 -1.1608717041589158e+00 1.1608717027351987e+00
316 6.1621093750000000e-01 1.1328237250193653e-06 1.1631902842735986e+00 -1.1631891514498736e+00 1.2345399305179892e-09 -1.1631902842735986e+00 1.1631902855081386e+00
317 6.1816406250000000e-01 1.1351450439868361e-06 1.1655266132860376e+00 -1.1655254781409936e+00 -1.5059627136765766e-09 -1.1655266132860376e+00 1.1655266117800749e+00
318 6.2011718750000000e-01 1.1373910284894876e-06 1.1678807268458302e+00 -1.1678795894548017e+00 1.3063869240738343e-09 -1.1678807268458302e+00 1.1678807281522172e+00
319 6.2207031250000000e-01 1.1397482579596120e-06 1.1702526608739432e+00 -1.1702515211256852e+00 -1.5661071779080767e-09 -1.1702526608739432e+00 1.1702526593078360e+00
320 6.2402343750000000e-01 1.1420284987796695e-06 1.1726424515632645e+00 -1.1726413095347656e+00 1.3490632150168592e-09 -1.1726424515632645e+00 1.1726424529123278e+00
321 6.2597656250000000e-01 1.1444200944043067e-06 1.1750501353791520e+00 -1.1750489909590576e+00 -1.5885087447941646e-09 -1.1750501353791520e+00 1.1750501337906434e+00
322 6.2792968750000000e-01 1.1467368517581740e-06 1.1774757490599921e+00 -1.1774746023231404e+00 1.3435859894802827e-09 -1.1774757490599921e+00 1.1774757504035780e+00
323 6.2988281250000000e-01 1.1491603217447538e-06 1.1799193296177595e+00 -1.1799181804574377e+00 -1.5502479557201478e-09 -1.1799193296177595e+00 1.1799193280675115e+00
324 6.3183593750000000e-01 1.1515169883540135e-06 1.1823809143385817e+00 -1.1823797628215933e+00 1.2624247154928808e-09 -1.1823809143385817e+00 1.1823809156010063e+00
325 6.3378906250000000e-01 1.1539685046892334e-06 1.1848605407833086e+00 -1.1848593868148038e+00 -1.4184256155486855e-09 -1.1848605407833086e+00 1.1848605393648830e+00
326 6.3574218750000000e-01 1.1563700515723623e-06 1.1873582467880850e+00 -1.1873570904180335e+00 1.0664655507658464e-09 -1.1873582467880850e+00 1.1873582478545506e+00
327 6.3769531250000000e-01 1.1588439418851912e-06 1.1898740704649287e+00 -1.1898729116209867e+00 -1.1467752735768531e-09 -1.1898740704649287e+00 1.1898740693181533e+00
328 6.3964843750000000e-01 1.1612974943651157e-06 1.1924080502023111e+00 -1.1924068889048167e+00 7.0125566426621691e-10 -1.1924080502023111e+00 1.1924080509035668e+00
329 6.4160156250000000e-01 1.1637855924423401e-06 1.1949602246657436e+00 -1.1949590608801512e+00 -6.7152504358981857e-10 -1.1949602246657436e+00 1.1949602239942185e+00
330 6.4355468750000000e-01 1.1663011590049516e-06 1.1975306327983679e+00 -1.1975294664972089e+00 9.2468144983233153e-11 -1.1975306327983679e+00 1.1975306328908362e+00
331 6.4550781250000000e-01 1.1687919903918104e-06 1.2001193138215489e+00 -1.2001181450295586e+00 9.3549714944811983e-11 -1.2001193138215489e+00 1.2001193139150985e+00
332 6.4746093750000000e-01 1.1713833694116009e-06 1.2027263072354748e+00 -1.2027251358521054e+00 -8.5947505867723938e-10 -1.2027263072354748e+00 1.2027263063759996e+00
333 6.4941406250000000e-01 1.1738611447813540e-06 1.2053516528197588e+00 -1.2053504789586140e+00 1.2629579597595046e-09 -1.2053516528197588e+00 1.2053516540827167e+00
334 6.5136718750000000e-01 1.1765470400551747e-06 1.2079953906340462e+00 -1.2079942140870061e+00 -2.2857265980836759e-09 -1.2079953906340462e+00 1.2079953883483197e+00
335 6.5332031250000000e-01 1.1789904198168057e-06 1.2106575610186259e+00 -1.2106563820282061e+00 2.9863633076445197e-09 -1.2106575610186259e+00 1.2106575640049893e+00
336 6.5527343750000000e-01 1.1817958098117873e-06 1.2133382045950458e+00 -1.2133370227992359e+00 -4.3565140251565405e-09 -1.2133382045950458e+00 1.2133382002385318e+00
337 6.5722656250000000e-01 1.1841763828811018e-06 1.2160373622667333e+00 -1.2160361780903504e+00 5.4568393044033551e-09 -1.2160373622667333e+00 1.2160373677235725e+00
338 6.5917968750000000e-01 1.1871342179470717e-06 1.2187550752196179e+00 -1.2187538880853999e+00 -7.2903298205514300e-09 -1.2187550752196179e+00 1.2187550679292880e+00
339 6.6113281250000000e-01 1.1894145967908289e-06 1.2214913849227609e+00 -1.2214901955081641e+00 8.9212463746944094e-09 -1.2214913849227609e+00 1.2214913938440073e+00
340 6.6308593750000000e-01 1.1925679540754069e-06 1.2242463331289883e+00 -1.2242451405610342e+00 -1.1365844382169252e-08 -1.2242463331289883e+00 1.2242463217631439e+00
341 6.6503906250000000e-01 1.1946993142093921e-06 1.2270199618755269e+00 -1.2270187671762127e+00 1.3694152540528770e-08 -1.2270199618755269e+00 1.2270199755696793e+00
342 6.6699218750000000e-01 1.1981042366189612e-06 1.2298123134846468e+00 -1.2298111153804101e+00 -1.6938455394083106e-08 -1.2298123134846468e+00 1.2298122965461915e+00
343 6.6894531250000000e-01 1.2000230050363892e-06 1.2326234305643058e+00 -1.2326222305413008e+00 2.0177813357381776e-08 -1.2326234305643058e+00 1.2326234507421192e+00
344 6.7089843750000000e-01 1.2037524056515283e-06 1.2354533560088015e+00 -1.2354521522563957e+00 -2.4464715910104072e-08 -1.2354533560088015e+00 1.2354533315440857e+00
345 6.7285156250000000e-01 1.2053756123056162e-06 1.2383021329994242e+00 -1.2383009276238119e+00 2.8892317445157907e-08 -1.2383021329994242e+00 1.2383021618917416e+00
346 6.7480468750000000e-01 1.2095248551217194e-06 1.2411698050051159e+00 -1.2411685954802607e+00 -3.4539759460312686e-08 -1.2411698050051159e+00 1.2411697704653564e+00
347 6.7675781250000000e-01 1.2107433886990122e-06 1.2440564157831351e+00 -1.2440552050397464e+00 4.0522192923669476e-08 -1.2440564157831351e+00 1.2440564563053280e+00
348 6.7871093750000000e-01 1.2154384782028215e-06 1.2469620093797222e+00 -1.2469607939412439e+00 -4.7955378544313380e-08 -1.2469620093797222e+00 1.2469619614243437e+00
349 6.8066406250000000e-01 1.2161071109157956e-06 1.2498866301307741e+00 -1.2498854140236630e+00 5.5988683759800109e-08 -1.2498866301307741e+00 1.2498866861194577e+00
350 6.8261718750000000e-01 1.2215168599523767e-06 1.2528303226625177e+00 -1.2528291011456578e+00 -6.5789696328371014e-08 -1.2528303226625177e+00 1.2528302568728213e+00
351 6.8457031250000000e-01 1.2214394056693055e-06 1.2557931318921942e+00 -1.2557919104527886e+00 7.6560512333263733e-08 -1.2557931318921942e+00 1.2557932084527066e+00
352 6.8652343750000000e-01 1.2277935140524101e-06 1.2587751030287420e+00 -1.2587738752352280e+00 -8.9543230680488651e-08 -1.2587751030287420e+00 1.2587750134855114e+00
353 6.8847656250000000e-01 1.2267008628398814e-06 1.2617762815734874e+00 -1.2617750548726245e+00 1.0401997863498537e-07 -1.2617762815734874e+00 1.2617763855934661e+00
354 6.9042968750000000e-01 1.2343165128562609e-06 1.2647967133208393e+00 -1.2647954790043265e+00 -1.2134027989822447e-07 -1.2647967133208393e+00 1.2647965919805595e+00
355 6.9238281250000000e-01 1.2318345648802326e-06 1.2678364443589869e+00 -1.2678352125244221e+00 1.4090536387833378e-07 -1.2678364443589869e+00 1.2678365852643507e+00
356 6.9433593750000000e-01 1.2411548973217123e-06 1.2708955210706039e+00 -1.2708942799157066e+00 -1.6421846022505284e-07 -1.2708955210706039e+00 1.2708953568521437e+00
357 6.9628906250000000e-01 1.2367586439482851e-06 1.2739739901335561e+00 -1.2739727533749121e+00 1.9085394244430748e-07 -1.2739739901335561e+00 1.2739741809874985e+00
358 6.9824218750000000e-01 1.2484072331980978e-06 1.2770718985216134e+00 -1.2770706501143803e+00 -2.2253156395057857e-07 -1.2770718985216134e+00 1.2770716759900496e+00
359 7.0019531250000000e-01 1.2413565516273775e-06 1.2801892935051662e+00 -1.2801880521486146e+00 2.5907094028793448e-07 -1.2801892935051662e+00 1.2801895525761064e+00
360 7.0214843750000000e-01 1.2562125593869880e-06 1.2833262226519477e+00 -1.2833249664393884e+00 -3.0249074265749497e-07 -1.2833262226519477e+00 1.2833259201612051e+00
361 7.0410156250000000e-01 1.2454648510901222e-06 1.2864827338277585e+00 -1.2864814883629074e+00 3.5294908692784964e-07 -1.2864827338277585e+00 1.2864830867768453e+00
362 7.0605468750000000e-01 1.2647639160947490e-06 1.2896588751971987e+00 -1.2896576104332826e+00 -4.1286877391616821e-07 -1.2896588751971987e+00 1.2896584623284248e+00
363 7.0800781250000000e-01 1.2488582756479914e-06 1.2928546952244007e+00 -1.2928534463661250e+00 4.8286407250330462e-07 -1.2928546952244007e+00 1.2928551780884732e+00
364 7.0996093750000000e-01 1.2743248083549941e-06 1.2960702426737705e+00 -1.2960689683489621e+00 -5.6589265484057113e-07 -1.2960702426737705e+00 1.2960696767811157e+00
365 7.1191406250000000e-01 1.2512316778915632e-06 1.2993055666107303e+00 -1.2993043153790524e+00 6.6316831380482137e-07 -1.2993055666107303e+00 1.2993062297790441e+00
366 7.1386718750000000e-01 1.2852487773605118e-06 1.3025607164024686e+00 -1.3025594311536912e+00 -7.7833886674555711e-07 -1.3025607164024686e+00 1.3025599380636019e+00
367 7.1582031250000000e-01 1.2521792133253946e-06 1.3058357417186928e+00 -1.3058344895394793e+00 9.1338290084651967e-07 -1.3058357417186928e+00 1.3058366551015936e+00
368 7.1777343750000000e-01 1.2980009743488798e-06 1.3091306925323865e+00 -1.3091293945314122e+00 -1.0728119545684939e-06 -1.3091306925323865e+00 1.3091296197204318e+00
369 7.1972656250000000e-01 1.2511725995789765e-06 1.3124456191205733e+00 -1.3124443679479738e+00 1.2595493573334984e-06 -1.3124456191205733e+00 1.3124468786699306e+00
370 7.2167968750000000e-01 1.3131795812739213e-06 1.3157805720650833e+00 -1.3157792588855020e+00 -1.4791559346201613e-06 -1.3157805720650833e+00 1.3157790929091486e+00
371 7.2363281250000000e-01 1.2475401862399723e-06 1.3191356022533245e+00 -1.3191343547131382e+00 1.7356902748124446e-06 -1.3191356022533245e+00 1.3191373379435993e+00
372 7.2558593750000000e-01 1.3315364820161697e-06 1.3225107608790596e+00 -1.3225094293425776e+00 -2.0359576615268161e-06 -1.3225107608790596e+00 1.3225087249213980e+00
373 7.2753906250000000e-01 1.2404460624479538e-06 1.3259060994431882e+00 -1.3259048589971256e+00 2.3853496272573620e-06 -1.3259060994431882e+00 1.3259084847928153e+00
374 7.2949218750000000e-01 1.3539987147175293e-06 1.3293216697545307e+00 -1.3293203157558160e+00 -2.7921120711795623e-06 -1.3293216697545307e+00 1.3293188776424596e+00
375 7.3144531250000000e-01 1.2288683217808237e-06 1.3327575239306204e+00 -1.3327562950622986e+00 3.2631569166332507e-06 -1.3327575239306204e+00 1.3327607870875371e+00
376 7.3339843750000000e-01 1.3816893080935349e-06 1.3362137143984985e+00 -1.3362123327091904e+00 -3.8083413106175651e-06 -1.3362137143984985e+00 1.3362099060571879e+00
377 7.3535156250000000e-01 1.2115810529458208e-06 1.3396902938955124e+00 -1.3396890823144594e+00 4.4362438810117460e-06 -1.3396902938955124e+00 1.3396947301393933e+00
378 7.3730468750000000e-01 1.4159404935453256e-06 1.3431873154701237e+00 -1.3431858995296302e+00 -5.1584522740001645e-06 -1.3431873154701237e+00 1.3431821570178497e+00
379 7.3925781250000000e-01 1.1871468589970452e-06 1.3467048324827147e+00 -1.3467036453358556e+00 5.9853073957945084e-06 -1.3467048324827147e+00 1.3467108177901104e+00
380 7.4121093750000000e-01 1.4582965825293951e-06 1.3502428986064032e+00 -1.3502414403098206e+00 -6.9302102748636966e-06 -1.3502428986064032e+00 1.3502359683961285e+00
381 7.4316406250000000e-01 1.1539149428916496e-06 1.3538015678278630e+00 -1.3538004139129201e+00 8.0053498101324449e-06 -1.3538015678278630e+00 1.3538095731776731e+00
382 7.4511718750000000e-01 1.5105205839769343e-06 1.3573808944481460e+00 -1.3573793839275621e+00 -9.2260462249857696e-06 -1.3573808944481460e+00 1.3573716684019210e+00
383 7.4707031250000000e-01 1.1100034978088559e-06 1.3609809330835114e+00 -1.3609798230800136e+00 1.0606476351503201e-05 -1.3609809330835114e+00 1.3609915395598629e+00
384 7.4902343750000000e-01 1.5746278948029560e-06 1.3646017386662594e+00 -1.3646001640383647e+00 -1.2164063553077163e-05 -1.3646017386662594e+00 1.3645895746027064e+00
385 7.5097656250000000e-01 1.0532474900309474e-06 1.3682433664455687e+00 -1.3682423131980785e+00 1.3915206610773600e-05 -1.3682433664455687e+00 1.3682572816521794e+00
386 7.5292968750000000e-01 1.6529565461221091e-06 1.3719058719883401e+00 -1.3719042190317940e+00 -1.5879723947944915e-05 -1.3719058719883401e+00 1.3718899922643921e+00
387 7.5488281250000000e-01 9.8111270188150447e-07 1.3755893111800446e+00 -1.3755883300673426e+00 1.8076600218718895e-05 -1.3755893111800446e+00 1.3756073877802633e+00
388 7.5683593750000000e-01 1.7482668297559887e-06 1.3792937402255747e+00 -1.3792919919587450e+00 -2.0528509737740980e-05 -1.3792937402255747e+00 1.3792732117158371e+00
389 7.5878906250000000e-01 8.9058220051823224e-07 1.3830192156501040e+00 -1.3830183250679036e+00 2.3257614468996313e-05 -1.3830192156501040e+00 1.3830424732645730e+00
390 7.6074218750000000e-01 1.8638719781762111e-06 1.3867657942999485e+00 -1.3867639304279704e+00 -2.6290205246995527e-05 -1.3867657942999485e+00 1.3867395040947015e+00
391 7.6269531250000000e-01 7.7800331112778027e-07 1.3905335333434343e+00 -1.3905327553401232e+00 2.9652588556151068e-05 -1.3905335333434343e+00 1.3905631859319905e+00
392 7.6464843750000000e-01 2.0038186021010482e-06 1.3943224902717695e+00 -1.3943204864531673e+00 -3.3375884162167104e-05 -1.3943224902717695e+00 1.3942891143876073e+00
393 7.6660156250000000e-01 6.3887594784405671e-07 1.3981327228999221e+00 -1.3981320840239742e+00 3.7492052076179685e-05 -1.3981327228999221e+00 1.3981702149519983e+00
394 7.6855468750000000e-01 2.1731343315683745e-06 1.4019642893675024e+00 -1.4019621162331708e+00 -4.2038933622731913e-05 -1.4019642893675024e+00 1.4019222504338797e+00
395 7.7050781250000000e-01 4.6755712205305595e-07 1.4058172481396487e+00 -1.4058167805825266e+00 4.7056559695683332e-05 -1.4058172481396487e+00 1.4058643046993444e+00
396 7.7246093750000000e-01 2.3781981526766942e-06 1.4096916580079215e+00 -1.4096892798097689e+00 -5.2592633032698689e-05 -1.4096916580079215e+00 1.4096390653748889e+00
397 7.7441406250000000e-01 2.5676928175006570e-07 1.4135875780911986e+00 -1.4135873213219168e+00 5.8699343367709694e-05 -1.4135875780911986e+00 1.4136462774345664e+00
398 7.7636718750000000e-01 2.6274140117060178e-06 1.4175050678365786e+00 -1.4175024404225669e+00 -6.5439488762838180e-05 -1.4175050678365786e+00 1.4174396283478157e+00
399 7.7832031250000000e-01 -3.3121096031681004e-09 1.4214441870202865e+00 -1.4214441903323962e+00 7.2883898572294073e-05 -1.4214441870202865e+00 1.4215170709188587e+00
400 7.8027343750000000e-01 2.9323890060663017e-06 1.4254049957485884e+00 -1.4254020633595823e+00 -8.1118157060806965e-05 -1.4254049957485884e+00 1.4253238775915276e+00
401 7.8222656250000000e-01 -3.2647734622558198e-07 1.4293875544587054e+00 -1.4293878809360516e+00 9.0240486692745028e-05 -1.4293875544587054e+00 1.4294777949453981e+00
402 7.8417968750000000e-01 3.3095130205217372e-06 1.4333919239197381e+00 -1.4333886144067176e+00 -1.0036892959480756e-04 -1.4333919239197381e+00 1.4332915549901433e+00
403 7.8613281250000000e-01 -7.3211662651600348e-07 1.4374181652335933e+00 -1.4374188973502198e+00 1.1163971100363933e-04 -1.4374181652335933e+00 1.4375298049445970e+00
404 7.8808593750000000e-01 3.7815693356943249e-06 1.4414663398359160e+00 -1.4414625582665803e+00 -1.2421521697286296e-04 -1.4414663398359160e+00 1.4413421246189431e+00
405 7.9003906250000000e-01 -1.2468212865501432e-06 1.4455365094970272e+00 -1.4455377563183138e+00 1.3828358526988790e-04 -1.4455365094970272e+00 1.4456747930822971e+00
406 7.9199218750000000e-01 4.3794796969984666e-06 1.4496287363228659e+00 -1.4496243568431690e+00 -1.5406861004139217e-04 -1.4496287363228659e+00 1.4494746677128245e+00
407 7.9394531250000000e-01 -1.9065704331904809e-06 1.4537430827559377e+00 -1.4537449893263708e+00 1.7183187385154440e-04 -1.4537430827559377e+00 1.4539149146297892e+00
408 7.9589843750000000e-01 5.1453245051379376e-06 1.4578796115762669e+00 -1.4578744662517618e+00 -1.9188571196833003e-04 -1.4578796115762669e+00 1.4576877258642986e+00
409 7.9785156250000000e-01 -2.7609650018689786e-06 1.4620383859023540e+00 -1.4620411468673560e+00 2.1459838575334228e-04 -1.4620383859023540e+00 1.4622529842881073e+00
410 7.9980468750000000e-01 6.1380106667609954e-06 1.4662194691921402e+00 -1.4662133311814733e+00 -2.4040953119180522e-04 -1.4662194691921402e+00 1.4659790596609483e+00
411 8.0175781250000000e-01 -3.8802214830543344e-06 1.4704229252439744e+00 -1.4704268054654575e+00 2.6983644442768473e-04 -1.4704229252439744e+00 1.4706927616884022e+00
412 8.0371093750000000e-01 7.4410182786832151e-06 1.4746488181975876e+00 -1.4746413771793090e+00 -3.0348897689099700e-04 -1.4746488181975876e+00 1.4743453292206967e+00
413 8.0566406250000000e-01 -5.3626241365991382e-06 1.4788972125350714e+00 -1.4789025751592080e+00 3.4207381964733398e-04 -1.4788972125350714e+00 1.4792392863547188e+00
414 8.0761718750000000e-01 9.1682748015245441e-06 1.4831681730818602e+00 -1.4831590048070586e+00 -3.8640710030550356e-04 -1.4831681730818602e+00 1.4827817659815548e+00
415 8.0957031250000000e-01 -7.3378123488077854e-06 1.4874617650077238e+00 -1.4874691028200726e+00 4.3741721134888561e-04 -1.4874617650077238e+00 1.4878991822190726e+00
416 8.1152343750000000e-01 1.1464705053216191e-05 1.4917780538277587e+00 -1.4917665891227054e+00 -4.9615772400236804e-04 -1.4917780538277587e+00 1.4912818961037564e+00
417 8.1347656250000000e-01 -9.9655716645621695e-06 1.4961171054033893e+00 -1.4961270709750538e+00 5.6381217265431859e-04 -1.4961171054033893e+00 1.4966809175760436e+00
418 8.1542968750000000e-01 1.4505030259035258e-05 1.5004789859433725e+00 -1.5004644809131134e+00 -6.4170967298373413e-04 -1.5004789859433725e+00 1.4998372762703887e+00
419 8.1738281250000000e-01 -1.3436335639059726e-05 1.5048637620048084e+00 -1.5048771983404474e+00 7.3133147433361340e-04 -1.5048637620048084e+00 1.5055950934791420e+00
420 8.1933593750000000e-01 1.8496719858640122e-05 1.5092715004941544e+00 -1.5092530037742957e+00 -8.3432631740523494e-04 -1.5092715004941544e+00 1.5084371741767491e+00
421 8.2128906250000000e-01 -1.7976099104288149e-05 1.5137022686682484e+00 -1.5137202447673528e+00 9.5251478849477577e-04 -1.5137022686682484e+00 1.5146547834567432e+00
422 8.2324218750000000e-01 2.3685732005020436e-05 1.5181561341353329e+00 -1.5181324484033278e+00 -1.0879027908833722e-03 -1.5181561341353329e+00 1.5170682313444495e+00
423 8.2519531250000000e-01 -2.3852391874491917e-05 1.5226331648560885e+00 -1.5226570172479630e+00 1.2426868255126060e-03 -1.5226331648560885e+00 1.5238758516816011e+00
424 8.2714843750000000e-01 3.0363506521994365e-05 1.5271334291446690e+00 -1.5271030656381470e+00 -1.4192694499951914e-03 -1.5271334291446690e+00 1.5257141596946737e+00
425 8.2910156250000000e-01 -3.1383690644462689e-05 1.5316569956697457e+00 -1.5316883793603902e+00 1.6202575134784607e-03 -1.5316569956697457e+00 1.5332772531832242e+00
426 8.3105468750000000e-01 3.8878079598021136e-05 1.5362039334555533e+00 -1.5361650553759552e+00 -1.8484507520015931e-03 -1.5362039334555533e+00 1.5343554827035517e+00
427 8.3300781250000000e-01 -4.0946506932582341e-05 1.5407743118829444e+00 -1.5408152583898771e+00 2.1067945161969814e-03 -1.5407743118829444e+00 1.5428811063991414e+00
428 8.3496093750000000e-01 4.9626277498882077e-05 1.5453682006904492e+00 -1.5453185744129503e+00 -2.3983160568733894e-03 -1.5453682006904492e+00 1.5429698846335758e+00
429 8.3691406250000000e-01 -5.2940396921047196e-05 1.5499856699753358e+00 -1.5500386103722568e+00 2.7260276503856592e-03 -1.5499856699753358e+00 1.5527116976257216e+00
430 8.3886718750000000e-01 6.2984024884851916e-05 1.5546267901946842e+00 -1.5545638061697993e+00 -3.0928348029318738e-03 -1.5546267901946842e+00 1.5515339553917524e+00
431 8.4082031250000000e-01 -6.7688686146836160e-05 1.5592916321664592e+00 -1.5593593208526060e+00 3.5014792228922091e-03 -1.5592916321664592e+00 1.5627931113893514e+00
432 8.4277343750000000e-01 7.9203595217327161e-05 1.5639802670705900e+00 -1.5639010634753727e+00 -3.9545782622079570e-03 -1.5639802670705900e+00 1.5600256888083821e+00
433 8.4472656250000000e-01 -8.5379612055831212e-05 1.5686927664500596e+00 -1.5687781460621155e+00 4.4546997671780671e-03 -1.5686927664500596e+00 1.5731474662172378e+00
434 8.4667968750000000e-01 9.8445548249190807e-05 1.5734292022119929e+00 -1.5733307566637438e+00 -5.0043778440239705e-03 -1.5734292022119929e+00 1.5684248243679688e+00
435 8.4863281250000000e-01 -1.0619309728164035e-04 1.5781896466287559e+00 -1.5782958397260376e+00 5.6059781626174544e-03 -1.5781896466287559e+00 1.5837956247913734e+00
436 8.5058593750000000e-01 1.2092876980667838e-04 1.5829741723390585e+00 -1.5828532435692517e+00 -6.2614454998670549e-03 -1.5829741723390585e+00 1.5767127268391914e+00
437 8.5253906250000000e-01 -1.3034193521557224e-04 1.5877828523490620e+00 -1.5879131942842777e+00 6.9719296936787550e-03 -1.5877828523490620e+00 1.5947547820427408e+00
438 8.5449218750000000e-01 1.4674374245397662e-04 1.5926157600334938e+00 -1.5924690162910398e+00 -7.7373841815353006e-03 -1.5926157600334938e+00 1.5848783758519585e+00
439 8.5644531250000000e-01 -1.5765564675949037e-04 1.5974729691367660e+00 -1.5976306247835255e+00 8.5564209469642643e-03 -1.5974729691367660e+00 1.6060293900837301e+00
440 8.5839843750000000e-01 1.7539562518267737e-04 1.6023545537741026e+00 -1.6021791581489200e+00 -9.4267559885675180e-03 -1.6023545537741026e+00 1.5929277977855352e+00
441 8.6035156250000000e-01 -1.8741454155981783e-04 1.6072605884326685e+00 -1.6074480029742284e+00 1.0346024049613697e-02 -1.6072605884326685e+00 1.6176066124822821e+00
442 8.6230468750000000e-01 2.0619999204047874e-04 1.6121911479727065e+00 -1.6119849479806660e+00 -1.1312417113971020e-02 -1.6121911479727065e+00 1.6008787308587353e+00
443 8.6425781250000000e-01 -2.1927753320260296e-04 1.6171463076286805e+00 -1.6173655851618831e+00 1.2324890780163083e-02 -1.6171463076286805e+00 1.6294711984088437e+00
444 8.6621093750000000e-01 2.3935395122006559e-04 1.6221261430104226e+00 -1.6218867890592026e+00 -1.3382840230635252e-02 -1.6221261430104226e+00 1.6087433027797873e+00
445 8.6816406250000000e-01 -2.5392192913169194e-04 1.6271307301042870e+00 -1.6273846520334188e+00 1.4484743414570116e-02 -1.6271307301042870e+00 1.6416154735188571e+00
446 8.7011718750000000e-01 2.7563909440627874e-04 1.6321601452743097e+00 -1.6318845061799034e+00 -1.5626256556099165e-02 -1.6321601452743097e+00 1.6165338887182106e+00
447 8.7207031250000000e-01 -2.9164338206026809e-04 1.6372144652633738e+00 -1.6375061086454341e+00 1.6799888269375677e-02 -1.6372144652633738e+00 1.6540143535327494e+00
448 8.7402343750000000e-01 3.1438569199293857e-04 1.6422937671943791e+00 -1.6419793815023862e+00 -1.7996907871707105e-02 -1.6422937671943791e+00 1.6242968593226721e+00
449 8.7597656250000000e-01 -3.3079727931820113e-04 1.6473981285714216e+00 -1.6477289258507399e+00 1.9208827847983154e-02 -1.6473981285714216e+00 1.6666069564194048e+00
450 8.7792968750000000e-01 3.5350939029072878e-04 1.6525276272809739e+00 -1.6521741178906832e+00 -2.0427386822235095e-02 -1.6525276272809739e+00 1.6321002404587388e+00
451 8.7988281250000000e-01 -3.6964457771778168e-04 1.6576823415930739e+00 -1.6580519861707916e+00 2.1645309075597412e-02 -1.6576823415930739e+00 1.6793276506686714e+00
452 8.8183593750000000e-01 3.9214565980498641e-04 1.6628623501625202e+00 -1.6624702045027151e+00 -2.2856659424735130e-02 -1.6628623501625202e+00 1.6400056907377851e+00
453 8.8378906250000000e-01 -4.0793162893524459e-04 1.6680677320300714e+00 -1.6684756636590066e+00 2.4052368135011264e-02 -1.6680677320300714e+00 1.6921201001650827e+00
454 8.8574218750000000e-01 4.2940160679429400e-04 1.6732985666236522e+00 -1.6728691650168579e+00 -2.5214771763721139e-02 -1.6732985666236522e+00 1.6480837948599310e+00
455 8.8769531250000000e-01 -4.4260844861270101e-04 1.6785549337595660e+00 -1.6789975422081787e+00 2.6320705803247642e-02 -1.6785549337595660e+00 1.7048756395628137e+00
456 8.8964843750000000e-01 4.5980985251223121e-04 1.6838369136437124e+00 -1.6833771037912002e+00 -2.7352086643223007e-02 -1.6838369136437124e+00 1.6564848270004893e+00
457 8.9160156250000000e-01 -4.6791996680823809e-04 1.6891445868728103e+00 -1.6896125068396186e+00 2.8304697772184504e-02 -1.6891445868728103e+00 1.7174492846449949e+00
458 8.9355468750000000e-01 4.8131594867473161e-04 1.6944780344356292e+00 -1.6939967184869544e+00 -2.9190140098522110e-02 -1.6944780344356292e+00 1.6652878943371070e+00
459 8.9550781250000000e-01 -4.8869684740639662e-04 1.6998373377142240e+00 -1.7003260345616305e+00 3.0022985056969261e-02 -1.6998373377142240e+00 1.7298603227711933e+00
460 8.9746093750000000e-01 5.0400933563002467e-04 1.7052225784851762e+00 -1.7047185691495461e+00 -3.0789851862816874e-02 -1.7052225784851762e+00 1.6744327266223593e+00
461 8.9941406250000000e-01 -5.1188718670760179e-04 1.7106338389208440e+00 -1.7111457261075516e+00 3.1431700927133384e-02 -1.7106338389208440e+00 1.7420655398479774e+00
462 9.0136718750000000e-01 5.2116310398799795e-04 1.7160712015906139e+00 -1.7155500384866258e+00 -3.1870407923483661e-02 -1.7160712015906139e+00 1.6842007936671302e+00
463 9.0332031250000000e-01 -5.1431458255099516e-04 1.7215347494621613e+00 -1.7220490640447124e+00 3.2046805664864966e-02 -1.7215347494621613e+00 1.7535815551270264e+00
464 9.0527343750000000e-01 5.0397410583380908e-04 1.7270245659027168e+00 -1.7265205917968829e+00 -3.1938485615865125e-02 -1.7270245659027168e+00 1.6950860802868517e+00
465 9.0722656250000000e-01 -4.8133746086139899e-04 1.7325407346803376e+00 -1.7330220721411991e+00 3.1595656591282190e-02 -1.7325407346803376e+00 1.7641363912716199e+00
466 9.0917968750000000e-01 4.6936447357796027e-04 1.7380833399651872e+00 -1.7376139754916091e+00 -3.1175281503333308e-02 -1.7380833399651872e+00 1.7069080584618539e+00
467 9.1113281250000000e-01 -4.6449960813668830e-04 1.7436524663308171e+00 -1.7441169659389537e+00 3.0860463070436928e-02 -1.7436524663308171e+00 1.7745129294012540e+00
468 9.1308593750000000e-01 4.8337201121404980e-04 1.7492481987554609e+00 -1.7487648267442468e+00 -3.0680287129496019e-02 -1.7492481987554609e+00 1.7185679116259649e+00
469 9.1503906250000000e-01 -5.0164372839912538e-04 1.7548706226233268e+00 -1.7553722663517259e+00 3.0382511584350382e-02 -1.7548706226233268e+00 1.7852531342076772e+00
470 9.1699218750000000e-01 5.0862084464553471e-04 1.7605198237259048e+00 -1.7600112028812593e+00 -2.9489227002712660e-02 -1.7605198237259048e+00 1.7310305967231920e+00
471 9.1894531250000000e-01 -4.6704413638664466e-04 1.7661958882632716e+00 -1.7666629323996581e+00 2.7658537344829266e-02 -1.7661958882632716e+00 1.7938544256081008e+00
472 9.2089843750000000e-01 3.8900456807561159e-04 1.7718989028454093e+00 -1.7715098982773336e+00 -2.5118535251482072e-02 -1.7718989028454093e+00 1.7467803675939273e+00
473 9.2285156250000000e-01 -2.8719933502993264e-04 1.7776289544935251e+00 -1.7779161538285551e+00 2.2497310089853520e-02 -1.7776289544935251e+00 1.8001262645833787e+00
474 9.2480468750000000e-01 2.2000249017479942e-04 1.7833861306413794e+00 -1.7831661281512046e+00 -2.0309272594911512e-02 -1.7833861306413794e+00 1.7630768580464680e+00
475 9.2675781250000000e-01 -2.2593116627195092e-04 1.7891705191366205e+00 -1.7893964503028925e+00 1.9198131582955177e-02 -1.7891705191366205e+00 1.8083686507195758e+00
476 9.2871093750000000e-01 3.5446268061820930e-04 1.7949822082421243e+00 -1.7946277455615061e+00 -2.0063655190739816e-02 -1.7949822082421243e+00 1.7749185530513845e+00
477 9.3066406250000000e-01 -5.5349108036871161e-04 1.8008212866373419e+00 -1.8013747777177105e+00 2.2353351670260948e-02 -1.8008212866373419e+00 1.8231746383076028e+00
478 9.3261718750000000e-01 6.9108847526617133e-04 1.8066878434196523e+00 -1.8059967549443861e+00 -2.2829588900873804e-02 -1.8066878434196523e+00 1.7838582545187784e+00
479 9.3457031250000000e-01 -5.8267545146352851e-04 1.8125819681057214e+00 -1.8131646435571849e+00 1.8613441684729691e-02 -1.8125819681057214e+00 1.8311954097904510e+00
480 9.3652343750000000e-01 2.2928850151465290e-04 1.8185037506328687e+00 -1.8182744621313540e+00 -1.1610865038043303e-02 -1.8185037506328687e+00 1.8068928855948254e+00
481 9.3847656250000000e-01 1.6280348149829977e-04 1.8244532813604404e+00 -1.8242904778789422e+00 6.8446149654369784e-03 -1.8244532813604404e+00 1.8312978963258773e+00
482 9.4042968750000000e-01 -2.8923423731194015e-04 1.8304306510711859e+00 -1.8307198853084978e+00 -6.2045777742478526e-03 -1.8304306510711859e+00 1.8242260732969380e+00
483 9.4238281250000000e-01 1.3053435919580555e-05 1.8364359509726442e+00 -1.8364228975367247e+00 8.8902247938990337e-03 -1.8364359509726442e+00 1.8453261757665433e+00
484 9.4433593750000000e-01 6.1173187287002486e-04 1.8424692726985372e+00 -1.8418575408256672e+00 -1.6689391591216293e-02 -1.8424692726985372e+00 1.8257798811073209e+00
485 9.4628906250000000e-01 -1.2515035773302803e-03 1.8485307083101647e+00 -1.8497822118874949e+00 2.8879212929204319e-02 -1.8485307083101647e+00 1.8774099212393691e+00
486 9.4824218750000000e-01 1.4547843831073527e-03 1.8546203502978125e+00 -1.8531655659147050e+00 -3.4988638587685680e-02 -1.8546203502978125e+00 1.8196317117101268e+00
487 9.5019531250000000e-01 -8.5377145576440183e-04 1.8607382915821606e+00 -1.8615920630379250e+00 2.3238603733287826e-02 -1.8607382915821606e+00 1.8839768953154485e+00
488 9.5214843750000000e-01 -6.2650047497316724e-04 1.8668846255157039e+00 -1.8675111259906771e+00 9.8643894969791830e-03 -1.8668846255157039e+00 1.8767490150126831e+00
489 9.5410156250000000e-01 2.5434819607700891e-03 1.8730594458841741e+00 -1.8705159639234039e+00 -5.3283995588486503e-02 -1.8730594458841741e+00 1.8197754502956875e+00
490 9.5605468750000000e-01 -3.7720143655343803e-03 1.8792628469079724e+00 -1.8830348612735068e+00 7.4104546699102089e-02 -1.8792628469079724e+00 1.9533673936070746e+00
491 9.5800781250000000e-01 3.5941402857351287e-03 1.8854949232436078e+00 -1.8819007829578727e+00 -5.6983378523274453e-02 -1.8854949232436078e+00 1.8285115447203333e+00
492 9.5996093750000000e-01 -2.5615610709008615e-03 1.8917557699851384e+00 -1.8943173310560393e+00 5.5421707434199774e-02 -1.8917557699851384e+00 1.9471774774193382e+00
493 9.6191406250000000e-01 1.9404885462913069e-03 1.8980454826656261e+00 -1.8961049941193349e+00 -1.0104199751198430e-01 -1.8980454826656261e+00 1.7970034851536418e+00
494 9.6386718750000000e-01 -1.0441902131629276e-03 1.9043641572585914e+00 -1.9054083474717542e+00 8.5187524185256866e-02 -1.9043641572585914e+00 1.9895516814438483e+00
495 9.6582031250000000e-01 -1.9530428732585994e-03 1.9107118901794804e+00 -1.9126649330527390e+00 4.2196451875259361e-02 -1.9107118901794804e+00 1.9529083420547397e+00
496 9.6777343750000000e-01 3.4836790662231762e-03 1.9170887782871335e+00 -1.9136050992209104e+00 -7.7061752413638648e-02 -1.9170887782871335e+00 1.8400270258734950e+00
497 9.6972656250000000e-01 -5.4369449837100951e-03 1.9234949188852650e+00 -1.9289318638689752e+00 8.9481690006373293e-03 -1.9234949188852650e+00 1.9324430878859022e+00
498 9.7167968750000000e-01 1.1282495269337403e-02 1.9299304097239476e+00 -1.9186479144546102e+00 7.8157166456253302e-01 -1.9299304097239476e+00 2.7115020742864804e+00
499 9.7363281250000000e-01 -5.4742653869684181e-03 1.9363953490011026e+00 -1.9418696143880709e+00 -2.5326468588821580e+01 -1.9363953490011026e+00 -2.3390073239820477e+01
500 9.7558593750000000e-01 8.8235635593459441e-03 1.9428898353640007e+00 -1.9340662718046548e+00 2.7737825510931850e+02 -1.9428898353640007e+00 2.7932114494468249e+02
501 9.7753906250000000e-01 -2.9036554183181955e-02 1.9494139679107654e+00 -1.9784505220939472e+00 -1.5278077725696885e+03 -1.9494139679107654e+00 -1.5258583586017778e+03
502 9.7949218750000000e-01 2.9442466031388840e-02 1.9559678461918857e+00 -1.9265253801604969e+00 4.4358135828586692e+03 -1.9559678461918857e+00 4.4377695507048611e+03
503 9.8144531250000000e-01 -1.9930912090173870e-02 1.9625515702117347e+00 -1.9824824823019085e+00 -6.0099897618253171e+03 -1.9625515702117347e+00 -6.0080272102551053e+03
504 9.8339843750000000e-01 -9.0899412311190551e-03 1.9691652404300966e+00 -1.9782551816612155e+00 1.7841986056236285e+03 -1.9691652404300966e+00 1.7861677708640586e+03
505 9.8535156250000000e-01 -1.9591778204493905e-02 1.9758089577636981e+00 -1.9954007359681920e+00 3.2536562020486535e+03 -1.9758089577636981e+00 3.2556320110064171e+03
506 9.8730468750000000e-01 -9.5076570526579932e-02 1.9824828235877496e+00 -2.0775593941143295e+00 -1.2854461901065833e+04 -1.9824828235877496e+00 -1.2852479418242247e+04
507 9.8925781250000000e-01 2.2424939186075368e-02 1.9891869397374915e+00 -1.9667620005514161e+00 2.5372473177713196e+04 -1.9891869397374915e+00 2.5374462364652933e+04
508 9.9121093750000000e-01 1.4401834831993246e-01 1.9959214085097483e+00 -1.8519030601898159e+00 1.2105649641304564e+04 -1.9959214085097483e+00 1.2107645562713074e+04
509 9.9316406250000000e-01 1.4660461829492069e-01 2.0026863326644890e+00 -1.8560817143695683e+00 -2.6351713333162547e+03 -2.0026863326644890e+00 -2.6331686469835904e+03
510 9.9511718750000000e-01 1.2724226976013919e-01 2.0094818154263949e+00 -1.8822395456662557e+00 -2.5543534370493271e+03 -2.0094818154263949e+00 -2.5523439552339009e+03
511 9.9707031250000000e-01 9.3252256087042573e-02 2.0163079604864365e+00 -1.9230557043993939e+00 -9.3416959193566523e+04 -2.0163079604864365e+00 -9.3414942885606040e+04
512 9.9902343750000000e-01 8.5463585516542939e-01 2.0231648720034543e+00 -1.1685290168380249e+00 -8.9404508868011326e+04 -2.0231648720034543e+00 -8.9402485703139319e+04
