# P x phi_num phi_exact phi_err mu_num mu_exact mu_err
1 3.1250000000000000e-02 1.1871063423917112e+00 1.1869407053149628e+00 1.6563707674843720e-04 -1.2647085788406283e+00 -1.1869407053149628e+00 -7.7767873525665498e-02
2 9.3750000000000000e-02 1.1167446281200379e+00 1.1158972916003198e+00 8.4733651971813373e-04 -1.1492528004101541e+00 -1.1158972916003198e+00 -3.3355508809834289e-02
3 1.5625000000000000e-01 1.0640856017650950e+00 1.0623124878832220e+00 1.7731138818730674e-03 -1.0668952891799048e+00 -1.0623124878832220e+00 -4.5828012966828702e-03
4 2.1875000000000000e-01 1.0280646723338431e+00 1.0253479408520039e+00 2.7167314818392629e-03 -9.9124420273033753e-01 -1.0253479408520039e+00 3.4103738121666338e-02
5 2.8125000000000000e-01 1.0078407857242069e+00 1.0044253270218684e+00 3.4154587023385030e-03 -9.6530174829502335e-01 -1.0044253270218684e+00 3.9123578726845021e-02
6 3.4375000000000000e-01 1.0030099064115265e+00 9.9921730465828540e-01 3.7926017532411427e-03 -9.6562068395264711e-01 -9.9921730465828540e-01 3.3596620705638292e-02
7 4.0625000000000000e-01 1.0135723678112216e+00 1.0096423923991364e+00 3.9299754120851738e-03 -9.9596741112914788e-01 -1.0096423923991364e+00 1.3674981269988562e-02
8 4.6875000000000000e-01 1.0398346880555216e+00 1.0358636944498241e+00 3.9709936056975259e-03 -1.0767399343127864e+00 -1.0358636944498241e+00 -4.0876239862962294e-02
9 5.3125000000000000e-01 1.0826326302634699e+00 1.0782914524065750e+00 4.3411778568949178e-03 -1.1190090686997829e+00 -1.0782914524065750e+00 -4.0717616293207914e-02
10 5.9375000000000000e-01 1.1426379492713650e+00 1.1375894636321149e+00 5.0484856392500888e-03 -1.1357546812534329e+00 -1.1375894636321149e+00 1.8347823786819539e-03
11 6.5625000000000000e-01 1.2204323726846960e+00 1.2146854666014890e+00 5.7469060832069374e-03 -1.1269134685707074e+00 -1.2146854666014890e+00 8.7771998030781617e-02
12 7.1875000000000000e-01 1.3165576431998438e+00 1.3107856557004569e+00 5.7719874993868991e-03 -1.2339486094043268e+00 -1.3107856557004569e+00 7.6837046296130085e-02
13 7.8125000000000000e-01 1.4326601993703552e+00 1.4273935525656403e+00 5.2666468047148918e-03 -1.3255492114297263e+00 -1.4273935525656403e+00 1.0184434113591401e-01
14 8.4375000000000000e-01 1.5702665006031378e+00 1.5663335292152596e+00 3.9329713878781813e-03 -1.4938236335971538e+00 -1.5663335292152596e+00 7.2509895618105835e-02
15 9.0625000000000000e-01 1.7318059885265604e+00 1.7297793509981980e+00 2.0266375283624072e-03 -1.7602100986081206e+00 -1.7297793509981980e+00 -3.0430747609922593e-02
16 9.6875000000000000e-01 1.9206300965994525e+00 1.9202881859259890e+00 3.4191067346345250e-04 -2.1323197835945642e+00 -1.9202881859259890e+00 -2.1203159766857516e-01
