# P x_center tau_phi tau_mu
1 9.7656250000000000e-04 -6.6757202148437500e-06 1.7171259969472885e-09
2 2.9296875000000000e-03 1.1703377822414041e-08 3.1157687772065401e-06
3 4.8828125000000000e-03 1.1676092981360853e-08 3.1087547540664673e-06
4 6.8359375000000000e-03 1.1651536624412984e-08 3.1017698347568512e-06
5 8.7890625000000000e-03 1.1625161278061569e-08 3.0948722269386053e-06
6 1.0742187500000000e-02 1.1598785931710154e-08 3.0879164114594460e-06
7 1.2695312500000000e-02 1.1574229574762285e-08 3.0811352189630270e-06
8 1.4648437500000000e-02 1.1547854228410870e-08 3.0743831302970648e-06
9 1.6601562500000000e-02 1.1521478882059455e-08 3.0675728339701891e-06
10 1.8554687500000000e-02 1.1497832019813359e-08 3.0609080567955971e-06
11 2.0507812500000000e-02 1.1473275662865490e-08 3.0542723834514618e-06
12 2.2460937500000000e-02 1.1448719305917621e-08 3.0476658139377832e-06
13 2.4414062500000000e-02 1.1425072443671525e-08 3.0410883482545614e-06
14 2.6367187500000000e-02 1.1398697097320110e-08 3.0346272978931665e-06
15 2.8320312500000000e-02 1.1373231245670468e-08 3.0282244551926851e-06
16 3.0273437500000000e-02 1.1348674888722599e-08 3.0217634048312902e-06
17 3.2226562500000000e-02 1.1327756510581821e-08 3.0153023544698954e-06
18 3.4179687500000000e-02 1.1302290658932179e-08 3.0090741347521544e-06
19 3.6132812500000000e-02 1.1279553291387856e-08 3.0027586035430431e-06
20 3.8085937500000000e-02 1.1255906429141760e-08 2.9965012799948454e-06
21 4.0039062500000000e-02 1.1231350072193891e-08 2.9903603717684746e-06
22 4.1992187500000000e-02 1.1209522199351341e-08 2.9842194635421038e-06
23 4.3945312500000000e-02 1.1185875337105244e-08 2.9781076591461897e-06
24 4.5898437500000000e-02 1.1163137969560921e-08 2.9721122700721025e-06
25 4.7851562500000000e-02 1.1142219591420144e-08 2.9660586733371019e-06
26 4.9804687500000000e-02 1.1118572729174048e-08 2.9601214919239283e-06
27 5.1757812500000000e-02 1.1095835361629725e-08 2.9542134143412113e-06
28 5.3710937500000000e-02 1.1074916983488947e-08 2.9483344405889511e-06
29 5.5664062500000000e-02 1.1051270121242851e-08 2.9425136744976044e-06
30 5.7617187500000000e-02 1.1032170732505620e-08 2.9367802198976278e-06
31 5.9570312500000000e-02 1.1009433364961296e-08 2.9309594538062811e-06
32 6.1523437500000000e-02 1.0988514986820519e-08 2.9253715183585882e-06
33 6.3476562500000000e-02 1.0967596608679742e-08 2.9196671675890684e-06
34 6.5429687500000000e-02 1.0946678230538964e-08 2.9140501283109188e-06
35 6.7382812500000000e-02 1.0924850357696414e-08 2.9086077120155096e-06
36 6.9335937500000000e-02 1.0905750968959183e-08 2.9029615689069033e-06
37 7.1289062500000000e-02 1.0883923096116632e-08 2.8975773602724075e-06
38 7.3242187500000000e-02 1.0864823707379401e-08 2.8921349439769983e-06
39 7.5195312500000000e-02 1.0843905329238623e-08 2.8867507353425026e-06
40 7.7148437500000000e-02 1.0822986951097846e-08 2.8814247343689203e-06
41 7.9101562500000000e-02 1.0803887562360615e-08 2.8761569410562515e-06
42 8.1054687500000000e-02 1.0783878678921610e-08 2.8708891477435827e-06
43 8.3007812500000000e-02 1.0763869795482606e-08 2.8657086659222841e-06
44 8.4960937500000000e-02 1.0744770406745374e-08 2.8605281841009855e-06
45 8.6914062500000000e-02 1.0725671018008143e-08 2.8554350137710571e-06
46 8.8867187500000000e-02 1.0705662134569138e-08 2.8503709472715855e-06
47 9.0820312500000000e-02 1.0688381735235453e-08 2.8453068807721138e-06
48 9.2773437500000000e-02 1.0668372851796448e-08 2.8403301257640123e-06
49 9.4726562500000000e-02 1.0649273463059217e-08 2.8354115784168243e-06
50 9.6679687500000000e-02 1.0631993063725531e-08 2.8305221349000931e-06
51 9.8632812500000000e-02 1.0614712664391845e-08 2.8256617952138186e-06
52 1.0058593750000000e-01 1.0595613275654614e-08 2.8208887670189142e-06
53 1.0253906250000000e-01 1.0578332876320928e-08 2.8160575311630964e-06
54 1.0449218750000000e-01 1.0561052476987243e-08 2.8114009182900190e-06
55 1.0644531250000000e-01 1.0541953088250011e-08 2.8066860977560282e-06
56 1.0839843750000000e-01 1.0525582183618098e-08 2.8020585887134075e-06
57 1.1035156250000000e-01 1.0508301784284413e-08 2.7974019758403301e-06
58 1.1230468750000000e-01 1.0491930879652500e-08 2.7929199859499931e-06
59 1.1425781250000000e-01 1.0474650480318815e-08 2.7883506845682859e-06
60 1.1621093750000000e-01 1.0457370080985129e-08 2.7838686946779490e-06
61 1.1816406250000000e-01 1.0440089681651443e-08 2.7795031201094389e-06
62 1.2011718750000000e-01 1.0423718777019531e-08 2.7750793378800154e-06
63 1.2207031250000000e-01 1.0407347872387618e-08 2.7707719709724188e-06
64 1.2402343750000000e-01 1.0392795957159251e-08 2.7664355002343655e-06
65 1.2597656250000000e-01 1.0376425052527338e-08 2.7622445486485958e-06
66 1.2792968750000000e-01 1.0360054147895426e-08 2.7579662855714560e-06
67 1.2988281250000000e-01 1.0343683243263513e-08 2.7538626454770565e-06
68 1.3183593750000000e-01 1.0328221833333373e-08 2.7497299015522003e-06
69 1.3378906250000000e-01 1.0313669918105006e-08 2.7455389499664307e-06
70 1.3574218750000000e-01 1.0298208508174866e-08 2.7416099328547716e-06
71 1.3769531250000000e-01 1.0282747098244727e-08 2.7375353965908289e-06
72 1.3964843750000000e-01 1.0268195183016360e-08 2.7336354833096266e-06
73 1.4160156250000000e-01 1.0253643267787993e-08 2.7296773623675108e-06
74 1.4355468750000000e-01 1.0239091352559626e-08 2.7258065529167652e-06
75 1.4550781250000000e-01 1.0224539437331259e-08 2.7219939511269331e-06
76 1.4746093750000000e-01 1.0210897016804665e-08 2.7180940378457308e-06
77 1.4941406250000000e-01 1.0197254596278071e-08 2.7144560590386391e-06
78 1.5136718750000000e-01 1.0183612175751477e-08 2.7107016649097204e-06
79 1.5332031250000000e-01 1.0168150765821338e-08 2.7070636861026287e-06
80 1.5527343750000000e-01 1.0155417839996517e-08 2.7034548111259937e-06
81 1.5722656250000000e-01 1.0141775419469923e-08 2.6997586246579885e-06
82 1.5917968750000000e-01 1.0128132998943329e-08 2.6962661650031805e-06
83 1.6113281250000000e-01 1.0115400073118508e-08 2.6927737053483725e-06
84 1.6308593750000000e-01 1.0101757652591914e-08 2.6893103495240211e-06
85 1.6503906250000000e-01 1.0088115232065320e-08 2.6858760975301266e-06
86 1.6699218750000000e-01 1.0075382306240499e-08 2.6824709493666887e-06
87 1.6894531250000000e-01 1.0062649380415678e-08 2.6791822165250778e-06
88 1.7089843750000000e-01 1.0052644938696176e-08 2.6758061721920967e-06
89 1.7285156250000000e-01 1.0039002518169582e-08 2.6725756470113993e-06
90 1.7480468750000000e-01 1.0027179087046534e-08 2.6693742256611586e-06
91 1.7675781250000000e-01 1.0014446161221713e-08 2.6661437004804611e-06
92 1.7871093750000000e-01 1.0002622730098665e-08 2.6630586944520473e-06
93 1.8066406250000000e-01 9.9926182883791625e-09 2.6599445845931768e-06
94 1.8261718750000000e-01 9.9798853625543416e-09 2.6568595785647631e-06
95 1.8457031250000000e-01 9.9698809208348393e-09 2.6538327801972628e-06
96 1.8652343750000000e-01 9.9571479950100183e-09 2.6509223971515894e-06
97 1.8847656250000000e-01 9.9471435532905161e-09 2.6479538064450026e-06
98 1.9042968750000000e-01 9.9353201221674681e-09 2.6451016310602427e-06
99 1.9238281250000000e-01 9.9234966910444200e-09 2.6421912480145693e-06
100 1.9433593750000000e-01 9.9144017440266907e-09 2.6393681764602661e-06
101 1.9628906250000000e-01 9.9034878076054156e-09 2.6366615202277899e-06
102 1.9824218750000000e-01 9.8925738711841404e-09 2.6338384486734867e-06
103 2.0019531250000000e-01 9.8834789241664112e-09 2.6312191039323807e-06
104 2.0214843750000000e-01 9.8734744824469090e-09 2.6285124476999044e-06
105 2.0410156250000000e-01 9.8643795354291797e-09 2.6258931029587984e-06
106 2.0605468750000000e-01 9.8525561043061316e-09 2.6233901735395193e-06
107 2.0800781250000000e-01 9.8452801466919482e-09 2.6207999326288700e-06
108 2.0996093750000000e-01 9.8352757049724460e-09 2.6182970032095909e-06
109 2.1191406250000000e-01 9.8261807579547167e-09 2.6159395929425955e-06
110 2.1386718750000000e-01 9.8170858109369874e-09 2.6133784558624029e-06
111 2.1582031250000000e-01 9.8070813692174852e-09 2.6111374609172344e-06
112 2.1777343750000000e-01 9.7988959169015288e-09 2.6087800506502390e-06
113 2.1972656250000000e-01 9.7907104645855725e-09 2.6064226403832436e-06
114 2.2167968750000000e-01 9.7816155175678432e-09 2.6042398530989885e-06
115 2.2363281250000000e-01 9.7743395599536598e-09 2.6019406504929066e-06
116 2.2558593750000000e-01 9.7670636023394763e-09 2.5998451747000217e-06
117 2.2753906250000000e-01 9.7579686553217471e-09 2.5976623874157667e-06
118 2.2949218750000000e-01 9.7488737083040178e-09 2.5955960154533386e-06
119 2.3144531250000000e-01 9.7406882559880614e-09 2.5935296434909105e-06
120 2.3339843750000000e-01 9.7352312877774239e-09 2.5914923753589392e-06
121 2.3535156250000000e-01 9.7261363407596946e-09 2.5895133148878813e-06
122 2.3730468750000000e-01 9.7179508884437382e-09 2.5876215659081936e-06
123 2.3925781250000000e-01 9.7115844255313277e-09 2.5857007130980492e-06
124 2.4121093750000000e-01 9.7052179626189172e-09 2.5837507564574480e-06
125 2.4316406250000000e-01 9.6979420050047338e-09 2.5820627342909575e-06
126 2.4511718750000000e-01 9.6924850367940962e-09 2.5802000891417265e-06
127 2.4707031250000000e-01 9.6842995844781399e-09 2.5785120669752359e-06
128 2.4902343750000000e-01 9.6788426162675023e-09 2.5767658371478319e-06
129 2.5097656250000000e-01 9.6724761533550918e-09 2.5751360226422548e-06
130 2.5292968750000000e-01 9.6661096904426813e-09 2.5735062081366777e-06
131 2.5488281250000000e-01 9.6606527222320437e-09 2.5719637051224709e-06
132 2.5683593750000000e-01 9.6551957540214062e-09 2.5703920982778072e-06
133 2.5878906250000000e-01 9.6479197964072227e-09 2.5688204914331436e-06
134 2.6074218750000000e-01 9.6424628281965852e-09 2.5674817152321339e-06
135 2.6269531250000000e-01 9.6379153546877205e-09 2.5659392122179270e-06
136 2.6464843750000000e-01 9.6333678811788559e-09 2.5646004360169172e-06
137 2.6660156250000000e-01 9.6279109129682183e-09 2.5632325559854507e-06
138 2.6855468750000000e-01 9.6233634394593537e-09 2.5619519874453545e-06
139 2.7050781250000000e-01 9.6188159659504890e-09 2.5607005227357149e-06
140 2.7246093750000000e-01 9.6133589977398515e-09 2.5594199541956186e-06
141 2.7441406250000000e-01 9.6088115242309868e-09 2.5582849048078060e-06
142 2.7636718750000000e-01 9.6042640507221222e-09 2.5571207515895367e-06
143 2.7832031250000000e-01 9.6006260719150305e-09 2.5559857022017241e-06
144 2.8027343750000000e-01 9.5960785984061658e-09 2.5549379643052816e-06
145 2.8222656250000000e-01 9.5924406195990741e-09 2.5538902264088392e-06
146 2.8417968750000000e-01 9.5888026407919824e-09 2.5529006961733103e-06
147 2.8613281250000000e-01 9.5869836513884366e-09 2.5519402697682381e-06
148 2.8808593750000000e-01 9.5815266831777990e-09 2.5509798433631659e-06
149 2.9003906250000000e-01 9.5797076937742531e-09 2.5501358322799206e-06
150 2.9199218750000000e-01 9.5751602202653885e-09 2.5492918211966753e-06
151 2.9394531250000000e-01 9.5724317361600697e-09 2.5485351216048002e-06
152 2.9589843750000000e-01 9.5697032520547509e-09 2.5476620066910982e-06
153 2.9785156250000000e-01 9.5651557785458863e-09 2.5469926185905933e-06
154 2.9980468750000000e-01 9.5642462838441133e-09 2.5463232304900885e-06
155 3.0175781250000000e-01 9.5624272944405675e-09 2.5456247385591269e-06
156 3.0371093750000000e-01 9.5596988103352487e-09 2.5450135581195354e-06
157 3.0566406250000000e-01 9.5578798209317029e-09 2.5444896891713142e-06
158 3.0761718750000000e-01 9.5560608315281570e-09 2.5439949240535498e-06
159 3.0957031250000000e-01 9.5542418421246111e-09 2.5433982955291867e-06
160 3.1152343750000000e-01 9.5524228527210653e-09 2.5430053938180208e-06
161 3.1347656250000000e-01 9.5496943686157465e-09 2.5426270440220833e-06
162 3.1542968750000000e-01 9.5496943686157465e-09 2.5422050384804606e-06
163 3.1738281250000000e-01 9.5478753792122006e-09 2.5418994482606649e-06
164 3.1933593750000000e-01 9.5469658845104277e-09 2.5415502022951841e-06
165 3.2128906250000000e-01 9.5451468951068819e-09 2.5413610273972154e-06
166 3.2324218750000000e-01 9.5442374004051089e-09 2.5411281967535615e-06
167 3.2519531250000000e-01 9.5442374004051089e-09 2.5409244699403644e-06
168 3.2714843750000000e-01 9.5442374004051089e-09 2.5407935027033091e-06
169 3.2910156250000000e-01 9.5433279057033360e-09 2.5406625354662538e-06
170 3.3105468750000000e-01 9.5424184110015631e-09 2.5406188797205687e-06
171 3.3300781250000000e-01 9.5415089162997901e-09 2.5405606720596552e-06
172 3.3496093750000000e-01 9.5433279057033360e-09 2.5406479835510254e-06
173 3.3691406250000000e-01 9.5424184110015631e-09 2.5406479835510254e-06
174 3.3886718750000000e-01 9.5442374004051089e-09 2.5407207431271672e-06
175 3.4082031250000000e-01 9.5451468951068819e-09 2.5408808141946793e-06
176 3.4277343750000000e-01 9.5451468951068819e-09 2.5410699890926480e-06
177 3.4472656250000000e-01 9.5451468951068819e-09 2.5412446120753884e-06
178 3.4667968750000000e-01 9.5451468951068819e-09 2.5414628908038139e-06
179 3.4863281250000000e-01 9.5469658845104277e-09 2.5418121367692947e-06
180 3.5058593750000000e-01 9.5487848739139736e-09 2.5420886231586337e-06
181 3.5253906250000000e-01 9.5496943686157465e-09 2.5424233172088861e-06
182 3.5449218750000000e-01 9.5515133580192924e-09 2.5429180823266506e-06
183 3.5644531250000000e-01 9.5524228527210653e-09 2.5432964321225882e-06
184 3.5839843750000000e-01 9.5542418421246111e-09 2.5437911972403526e-06
185 3.6035156250000000e-01 9.5569703262299299e-09 2.5442568585276604e-06
186 3.6230468750000000e-01 9.5596988103352487e-09 2.5448680389672518e-06
187 3.6425781250000000e-01 9.5615177997387946e-09 2.5454792194068432e-06
188 3.6621093750000000e-01 9.5651557785458863e-09 2.5460612960159779e-06
189 3.6816406250000000e-01 9.5660652732476592e-09 2.5467597879469395e-06
190 3.7011718750000000e-01 9.5697032520547509e-09 2.5474582798779011e-06
191 3.7207031250000000e-01 9.5715222414582968e-09 2.5482149794697762e-06
192 3.7402343750000000e-01 9.5760697149671614e-09 2.5489425752311945e-06
193 3.7597656250000000e-01 9.5797076937742531e-09 2.5498738978058100e-06
194 3.7792968750000000e-01 9.5806171884760261e-09 2.5506888050585985e-06
195 3.7988281250000000e-01 9.5851646619848907e-09 2.5516783352941275e-06
196 3.8183593750000000e-01 9.5878931460902095e-09 2.5525223463773727e-06
197 3.8378906250000000e-01 9.5915311248973012e-09 2.5535118766129017e-06
198 3.8574218750000000e-01 9.5969880931079388e-09 2.5546178221702576e-06
199 3.8769531250000000e-01 9.5997165772132576e-09 2.5555782485753298e-06
200 3.8964843750000000e-01 9.6042640507221222e-09 2.5567132979631424e-06
201 3.9160156250000000e-01 9.6088115242309868e-09 2.5578483473509550e-06
202 3.9355468750000000e-01 9.6124495030380785e-09 2.5590125005692244e-06
203 3.9550781250000000e-01 9.6179064712487161e-09 2.5602639652788639e-06
204 3.9746093750000000e-01 9.6206349553540349e-09 2.5615154299885035e-06
205 3.9941406250000000e-01 9.6260919235646725e-09 2.5628251023590565e-06
206 4.0136718750000000e-01 9.6324583864770830e-09 2.5641056708991528e-06
207 4.0332031250000000e-01 9.6370058599859476e-09 2.5655608624219894e-06
208 4.0527343750000000e-01 9.6406438387930393e-09 2.5669287424534559e-06
209 4.0722656250000000e-01 9.6470103017054498e-09 2.5683839339762926e-06
210 4.0917968750000000e-01 9.6542862593196332e-09 2.5698682293295860e-06
211 4.1113281250000000e-01 9.6579242381267250e-09 2.5713525246828794e-06
212 4.1308593750000000e-01 9.6633812063373625e-09 2.5729823391884565e-06
213 4.1503906250000000e-01 9.6706571639515460e-09 2.5745830498635769e-06
214 4.1699218750000000e-01 9.6779331215657294e-09 2.5762128643691540e-06
215 4.1894531250000000e-01 9.6824805950745940e-09 2.5779590941965580e-06
216 4.2089843750000000e-01 9.6888470579870045e-09 2.5796180125325918e-06
217 4.2285156250000000e-01 9.6970325103029609e-09 2.5814224500209093e-06
218 4.2480468750000000e-01 9.7024894785135984e-09 2.5832559913396835e-06
219 4.2675781250000000e-01 9.7097654361277819e-09 2.5850604288280010e-06
220 4.2871093750000000e-01 9.7179508884437382e-09 2.5869812816381454e-06
221 4.3066406250000000e-01 9.7252268460579216e-09 2.5888439267873764e-06
222 4.3261718750000000e-01 9.7325028036721051e-09 2.5908520910888910e-06
223 4.3457031250000000e-01 9.7397787612862885e-09 2.5928602553904057e-06
224 4.3652343750000000e-01 9.7470547189004719e-09 2.5948975235223770e-06
225 4.3847656250000000e-01 9.7552401712164283e-09 2.5969638954848051e-06
226 4.4042968750000000e-01 9.7634256235323846e-09 2.5991175789386034e-06
227 4.4238281250000000e-01 9.7707015811465681e-09 2.6013003662228584e-06
228 4.4433593750000000e-01 9.7797965281642973e-09 2.6034249458462000e-06
229 4.4628906250000000e-01 9.7879819804802537e-09 2.6057241484522820e-06
230 4.4824218750000000e-01 9.7961674327962101e-09 2.6079942472279072e-06
231 4.5019531250000000e-01 9.8052623798139393e-09 2.6102934498339891e-06
232 4.5214843750000000e-01 9.8134478321298957e-09 2.6127090677618980e-06
233 4.5410156250000000e-01 9.8234522738493979e-09 2.6150373741984367e-06
234 4.5605468750000000e-01 9.8334567155689001e-09 2.6174529921263456e-06
235 4.5800781250000000e-01 9.8398231784813106e-09 2.6200141292065382e-06
236 4.5996093750000000e-01 9.8507371149025857e-09 2.6224297471344471e-06
237 4.6191406250000000e-01 9.8616510513238609e-09 2.6251364033669233e-06
238 4.6386718750000000e-01 9.8698365036398172e-09 2.6276393327862024e-06
239 4.6582031250000000e-01 9.8816599347628653e-09 2.6303168851882219e-06
240 4.6777343750000000e-01 9.8898453870788217e-09 2.6329362299293280e-06
241 4.6972656250000000e-01 9.8989403340965509e-09 2.6357301976531744e-06
242 4.7167968750000000e-01 9.9098542705178261e-09 2.6384950615465641e-06
243 4.7363281250000000e-01 9.9207682069391012e-09 2.6412890292704105e-06
244 4.7558593750000000e-01 9.9316821433603764e-09 2.6440829969942570e-06
245 4.7753906250000000e-01 9.9425960797816515e-09 2.6469642762094736e-06
246 4.7949218750000000e-01 9.9526005215011537e-09 2.6499619707465172e-06
247 4.8144531250000000e-01 9.9644239526242018e-09 2.6528723537921906e-06
248 4.8339843750000000e-01 9.9753378890454769e-09 2.6558700483292341e-06
249 4.8535156250000000e-01 9.9871613201685250e-09 2.6589259505271912e-06
250 4.8730468750000000e-01 9.9989847512915730e-09 2.6619818527251482e-06
251 4.8925781250000000e-01 1.0010808182414621e-08 2.6650959625840187e-06
252 4.9121093750000000e-01 1.0022631613537669e-08 2.6683264877647161e-06
253 4.9316406250000000e-01 1.0033545549958944e-08 2.6714988052845001e-06
254 4.9511718750000000e-01 1.0047187970485538e-08 2.6747584342956543e-06
255 4.9707031250000000e-01 1.0059011401608586e-08 2.6780471671372652e-06
256 4.9902343750000000e-01 1.0071744327433407e-08 2.6813650038093328e-06
257 5.0097656250000000e-01 1.0084477253258228e-08 2.6847410481423140e-06
258 5.0292968750000000e-01 1.0097210179083049e-08 2.6881461963057518e-06
259 5.0488281250000000e-01 1.0109033610206097e-08 2.6916095521301031e-06
260 5.0683593750000000e-01 1.0123585525434464e-08 2.6950729079544544e-06
261 5.0878906250000000e-01 1.0136318451259285e-08 2.6985944714397192e-06
262 5.1074218750000000e-01 1.0149960871785879e-08 2.7022033464163542e-06
263 5.1269531250000000e-01 1.0162693797610700e-08 2.7058413252234459e-06
264 5.1464843750000000e-01 1.0177245712839067e-08 2.7094793040305376e-06
265 5.1660156250000000e-01 1.0189978638663888e-08 2.7131463866680861e-06
266 5.1855468750000000e-01 1.0205440048594028e-08 2.7169589884579182e-06
267 5.2050781250000000e-01 1.0219991963822395e-08 2.7206842787563801e-06
268 5.2246093750000000e-01 1.0234543879050761e-08 2.7244968805462122e-06
269 5.2441406250000000e-01 1.0248186299577355e-08 2.7283967938274145e-06
270 5.2636718750000000e-01 1.0263647709507495e-08 2.7322967071086168e-06
271 5.2832031250000000e-01 1.0278199624735862e-08 2.7361966203898191e-06
272 5.3027343750000000e-01 1.0292751539964229e-08 2.7402129489928484e-06
273 5.3222656250000000e-01 1.0308212949894369e-08 2.7442874852567911e-06
274 5.3417968750000000e-01 1.0323674359824508e-08 2.7483620215207338e-06
275 5.3613281250000000e-01 1.0340045264456421e-08 2.7524365577846766e-06
276 5.3808593750000000e-01 1.0352778190281242e-08 2.7565984055399895e-06
277 5.4003906250000000e-01 1.0371877579018474e-08 2.7608766686171293e-06
278 5.4199218750000000e-01 1.0386429494246840e-08 2.7649803087115288e-06
279 5.4394531250000000e-01 1.0402800398878753e-08 2.7694040909409523e-06
280 5.4589843750000000e-01 1.0419171303510666e-08 2.7736241463571787e-06
281 5.4785156250000000e-01 1.0435542208142579e-08 2.7780770324170589e-06
282 5.4980468750000000e-01 1.0451003618072718e-08 2.7824426069855690e-06
283 5.5175781250000000e-01 1.0469193512108177e-08 2.7868081815540791e-06
284 5.5371093750000000e-01 1.0484654922038317e-08 2.7914356905966997e-06
285 5.5566406250000000e-01 1.0501935321372002e-08 2.7959467843174934e-06
286 5.5761718750000000e-01 1.0520125215407461e-08 2.8005160856992006e-06
287 5.5957031250000000e-01 1.0535586625337601e-08 2.8051144909113646e-06
288 5.6152343750000000e-01 1.0555595508776605e-08 2.8098002076148987e-06
289 5.6347656250000000e-01 1.0572875908110291e-08 2.8144277166575193e-06
290 5.6542968750000000e-01 1.0590156307443976e-08 2.8193171601742506e-06
291 5.6738281250000000e-01 1.0607436706777662e-08 2.8240028768777847e-06
292 5.6933593750000000e-01 1.0626536095514894e-08 2.8288923203945160e-06
293 5.7128906250000000e-01 1.0644725989550352e-08 2.8337526600807905e-06
294 5.7324218750000000e-01 1.0662006388884038e-08 2.8387294150888920e-06
295 5.7519531250000000e-01 1.0682015272323042e-08 2.8436188586056232e-06
296 5.7714843750000000e-01 1.0699295671656728e-08 2.8487411327660084e-06
297 5.7910156250000000e-01 1.0720214049797505e-08 2.8536887839436531e-06
298 5.8105468750000000e-01 1.0737494449131191e-08 2.8588110581040382e-06
299 5.8300781250000000e-01 1.0758412827271968e-08 2.8640206437557936e-06
300 5.8496093750000000e-01 1.0774783731903881e-08 2.8691138140857220e-06
301 5.8691406250000000e-01 1.0796611604746431e-08 2.8743816073983908e-06
302 5.8886718750000000e-01 1.0815710993483663e-08 2.8796785045415163e-06
303 5.9082031250000000e-01 1.0836629371624440e-08 2.8850045055150986e-06
304 5.9277343750000000e-01 1.0856638255063444e-08 2.8903014026582241e-06
305 5.9472656250000000e-01 1.0876647138502449e-08 2.8958020266145468e-06
306 5.9667968750000000e-01 1.0896656021941453e-08 2.9011862352490425e-06
307 5.9863281250000000e-01 1.0918483894784003e-08 2.9066577553749084e-06
308 6.0058593750000000e-01 1.0939402272924781e-08 2.9122165869921446e-06
309 6.0253906250000000e-01 1.0959411156363785e-08 2.9178045224398375e-06
310 6.0449218750000000e-01 1.0980329534504563e-08 2.9234506655484438e-06
311 6.0644531250000000e-01 1.1001247912645340e-08 2.9290968086570501e-06
312 6.0839843750000000e-01 1.1023985280189663e-08 2.9348302632570267e-06
313 6.1035156250000000e-01 1.1045813153032213e-08 2.9405928216874599e-06
314 6.1230468750000000e-01 1.1066731531172991e-08 2.9464426916092634e-06
315 6.1425781250000000e-01 1.1089468898717314e-08 2.9521761462092400e-06
316 6.1621093750000000e-01 1.1110387276858091e-08 2.9581424314528704e-06
317 6.1816406250000000e-01 1.1133124644402415e-08 2.9641669243574142e-06
318 6.2011718750000000e-01 1.1156771506648511e-08 2.9699876904487610e-06
319 6.2207031250000000e-01 1.1179508874192834e-08 2.9761577025055885e-06
320 6.2402343750000000e-01 1.1202246241737157e-08 2.9821821954101324e-06
321 6.2597656250000000e-01 1.1224983609281480e-08 2.9883231036365032e-06
322 6.2792968750000000e-01 1.1247720976825804e-08 2.9945222195237875e-06
323 6.2988281250000000e-01 1.1271367839071900e-08 3.0006631277501583e-06
324 6.3183593750000000e-01 1.1293195711914450e-08 3.0069495551288128e-06
325 6.3378906250000000e-01 1.1318661563564092e-08 3.0132359825074673e-06
326 6.3574218750000000e-01 1.1341398931108415e-08 3.0196388252079487e-06
327 6.3769531250000000e-01 1.1366864782758057e-08 3.0260125640779734e-06
328 6.3964843750000000e-01 1.1390511645004153e-08 3.0324445106089115e-06
329 6.4160156250000000e-01 1.1415068001952022e-08 3.0389637686312199e-06
330 6.4355468750000000e-01 1.1439624358899891e-08 3.0454539228230715e-06
331 6.4550781250000000e-01 1.1463271221145988e-08 3.0520604923367500e-06
332 6.4746093750000000e-01 1.1490556062199175e-08 3.0587252695113420e-06
333 6.4941406250000000e-01 1.1514202924445271e-08 3.0653900466859341e-06
334 6.5136718750000000e-01 1.1539668776094913e-08 3.0720839276909828e-06
335 6.5332031250000000e-01 1.1565134627744555e-08 3.0788360163569450e-06
336 6.5527343750000000e-01 1.1590600479394197e-08 3.0857045203447342e-06
337 6.5722656250000000e-01 1.1616975825745612e-08 3.0925148166716099e-06
338 6.5917968750000000e-01 1.1642441677395254e-08 3.0994124244898558e-06
339 6.6113281250000000e-01 1.1668817023746669e-08 3.1064555514603853e-06
340 6.6308593750000000e-01 1.1695192370098084e-08 3.1134113669395447e-06
341 6.6503906250000000e-01 1.1720658221747726e-08 3.1205418054014444e-06
342 6.6699218750000000e-01 1.1747943062800914e-08 3.1274976208806038e-06
343 6.6894531250000000e-01 1.1774318409152329e-08 3.1347735784947872e-06
344 6.7089843750000000e-01 1.1800693755503744e-08 3.1419622246176004e-06
345 6.7285156250000000e-01 1.1828888091258705e-08 3.1491508707404137e-06
346 6.7480468750000000e-01 1.1855263437610120e-08 3.1565141398459673e-06
347 6.7675781250000000e-01 1.1884367268066853e-08 3.1637609936296940e-06
348 6.7871093750000000e-01 1.1911652109120041e-08 3.1712115742266178e-06
349 6.8066406250000000e-01 1.1939846444875002e-08 3.1786039471626282e-06
350 6.8261718750000000e-01 1.1967131285928190e-08 3.1861418392509222e-06
351 6.8457031250000000e-01 1.1998054105788469e-08 3.1936506275087595e-06
352 6.8652343750000000e-01 1.2023519957438111e-08 3.2012467272579670e-06
353 6.8847656250000000e-01 1.2053533282596618e-08 3.2088719308376312e-06
354 6.9042968750000000e-01 1.2081727618351579e-08 3.2165553420782089e-06
355 6.9238281250000000e-01 1.2111740943510085e-08 3.2242387533187866e-06
356 6.9433593750000000e-01 1.2140844773966819e-08 3.2320385798811913e-06
357 6.9628906250000000e-01 1.2169948604423553e-08 3.2399257179349661e-06
358 6.9824218750000000e-01 1.2199961929582059e-08 3.2477546483278275e-06
359 7.0019531250000000e-01 1.2230884749442339e-08 3.2557290978729725e-06
360 7.0214843750000000e-01 1.2259988579899073e-08 3.2635871320962906e-06
361 7.0410156250000000e-01 1.2288182915654033e-08 3.2717362046241760e-06
362 7.0605468750000000e-01 1.2320015230216086e-08 3.2797397579997778e-06
363 7.0800781250000000e-01 1.2350938050076365e-08 3.2879179343581200e-06
364 7.0996093750000000e-01 1.2381860869936645e-08 3.2960670068860054e-06
365 7.1191406250000000e-01 1.2410964700393379e-08 3.3043324947357178e-06
366 7.1386718750000000e-01 1.2442797014955431e-08 3.3125979825854301e-06
367 7.1582031250000000e-01 1.2474629329517484e-08 3.3208634704351425e-06
368 7.1777343750000000e-01 1.2504642654675990e-08 3.3293326850980520e-06
369 7.1972656250000000e-01 1.2536474969238043e-08 3.3377145882695913e-06
370 7.2167968750000000e-01 1.2568307283800095e-08 3.3462129067629576e-06
371 7.2363281250000000e-01 1.2600139598362148e-08 3.3546821214258671e-06
372 7.2558593750000000e-01 1.2632881407625973e-08 3.3633550629019737e-06
373 7.2753906250000000e-01 1.2665623216889799e-08 3.3719406928867102e-06
374 7.2949218750000000e-01 1.2699274520855397e-08 3.3806136343628168e-06
375 7.3144531250000000e-01 1.2732016330119222e-08 3.3894320949912071e-06
376 7.3339843750000000e-01 1.2764758139383048e-08 3.3981341402977705e-06
377 7.3535156250000000e-01 1.2796590453945100e-08 3.4070690162479877e-06
378 7.3730468750000000e-01 1.2832060747314245e-08 3.4159456845372915e-06
379 7.3925781250000000e-01 1.2863893061876297e-08 3.4247932489961386e-06
380 7.4121093750000000e-01 1.2899363355245441e-08 3.4338445402681828e-06
381 7.4316406250000000e-01 1.2933014659211040e-08 3.4429249353706837e-06
382 7.4511718750000000e-01 1.2967575457878411e-08 3.4520053304731846e-06
383 7.4707031250000000e-01 1.3002136256545782e-08 3.4611730370670557e-06
384 7.4902343750000000e-01 1.3036697055213153e-08 3.4703116398304701e-06
385 7.5097656250000000e-01 1.3069438864476979e-08 3.4796539694070816e-06
386 7.5292968750000000e-01 1.3105818652547896e-08 3.4889380913227797e-06
387 7.5488281250000000e-01 1.3140379451215267e-08 3.4982804208993912e-06
388 7.5683593750000000e-01 1.3174940249882638e-08 3.5077391657978296e-06
389 7.5878906250000000e-01 1.3212229532655329e-08 3.5171979106962681e-06
390 7.6074218750000000e-01 1.3246790331322700e-08 3.5267439670860767e-06
391 7.6269531250000000e-01 1.3281351129990071e-08 3.5362609196454287e-06
392 7.6464843750000000e-01 1.3318640412762761e-08 3.5459524951875210e-06
393 7.6660156250000000e-01 1.3355929695535451e-08 3.5556731745600700e-06
394 7.6855468750000000e-01 1.3392309483606368e-08 3.5653356462717056e-06
395 7.7050781250000000e-01 1.3430508261080831e-08 3.5752018447965384e-06
396 7.7246093750000000e-01 1.3465978554449975e-08 3.5850389394909143e-06
397 7.7441406250000000e-01 1.3504177331924438e-08 3.5949633456766605e-06
398 7.7636718750000000e-01 1.3541466614697129e-08 3.6048586480319500e-06
399 7.7832031250000000e-01 1.3577846402768046e-08 3.6149867810308933e-06
400 7.8027343750000000e-01 1.3616045180242509e-08 3.6249984987080097e-06
401 7.8222656250000000e-01 1.3654243957716972e-08 3.6350975278764963e-06
402 7.8417968750000000e-01 1.3691533240489662e-08 3.6453129723668098e-06
403 7.8613281250000000e-01 1.3730641512665898e-08 3.6555575206875801e-06
404 7.8808593750000000e-01 1.3767930795438588e-08 3.6658311728388071e-06
405 7.9003906250000000e-01 1.3807948562316597e-08 3.6761630326509476e-06
406 7.9199218750000000e-01 1.3846147339791059e-08 3.6866113077849150e-06
407 7.9394531250000000e-01 1.3887074601370841e-08 3.6970886867493391e-06
408 7.9589843750000000e-01 1.3927092368248850e-08 3.7075369618833065e-06
409 7.9785156250000000e-01 1.3967110135126859e-08 3.7181307561695576e-06
410 7.9980468750000000e-01 1.4007127902004868e-08 3.7287536542862654e-06
411 8.0175781250000000e-01 1.4046236174181104e-08 3.7394638638943434e-06
412 8.0371093750000000e-01 1.4086253941059113e-08 3.7502904888242483e-06
413 8.0566406250000000e-01 1.4128090697340667e-08 3.7609424907714128e-06
414 8.0761718750000000e-01 1.4169017958920449e-08 3.7719437386840582e-06
415 8.0957031250000000e-01 1.4209035725798458e-08 3.7828285712748766e-06
416 8.1152343750000000e-01 1.4249962987378240e-08 3.7937716115266085e-06
417 8.1347656250000000e-01 1.4291799743659794e-08 3.8048019632697105e-06
418 8.1542968750000000e-01 1.4332727005239576e-08 3.8159487303346395e-06
419 8.1738281250000000e-01 1.4375473256222904e-08 3.8270081859081984e-06
420 8.1933593750000000e-01 1.4418219507206231e-08 3.8383004721254110e-06
421 8.2128906250000000e-01 1.4460965758189559e-08 3.8495345506817102e-06
422 8.2324218750000000e-01 1.4500983525067568e-08 3.8609141483902931e-06
423 8.2519531250000000e-01 1.4543729776050895e-08 3.8722646422684193e-06
424 8.2714843750000000e-01 1.4587385521735996e-08 3.8837606552988291e-06
425 8.2910156250000000e-01 1.4629222278017551e-08 3.8951984606683254e-06
426 8.3105468750000000e-01 1.4673787518404424e-08 3.9067235775291920e-06
427 8.3300781250000000e-01 1.4717443264089525e-08 3.9185106288641691e-06
428 8.3496093750000000e-01 1.4762917999178171e-08 3.9300066418945789e-06
429 8.3691406250000000e-01 1.4805664250161499e-08 3.9418227970600128e-06
430 8.3886718750000000e-01 1.4850229490548372e-08 3.9536971598863602e-06
431 8.4082031250000000e-01 1.4893885236233473e-08 3.9654260035604239e-06
432 8.4277343750000000e-01 1.4939359971322119e-08 3.9774458855390549e-06
433 8.4472656250000000e-01 1.4986653695814312e-08 3.9894075598567724e-06
434 8.4667968750000000e-01 1.5031218936201185e-08 4.0014274418354034e-06
435 8.4863281250000000e-01 1.5074874681886286e-08 4.0135346353054047e-06
436 8.5058593750000000e-01 1.5120349416974932e-08 4.0257582440972328e-06
437 8.5253906250000000e-01 1.5167643141467124e-08 4.0379527490586042e-06
438 8.5449218750000000e-01 1.5213117876555771e-08 4.0501472540199757e-06
439 8.5644531250000000e-01 1.5259502106346190e-08 4.0626327972859144e-06
440 8.5839843750000000e-01 1.5305886336136609e-08 4.0750310290604830e-06
441 8.6035156250000000e-01 1.5355908544734120e-08 4.0874292608350515e-06
442 8.6230468750000000e-01 1.5401383279822767e-08 4.1000021155923605e-06
443 8.6425781250000000e-01 1.5447767509613186e-08 4.1126331780105829e-06
444 8.6621093750000000e-01 1.5495970728807151e-08 4.1252642404288054e-06
445 8.6816406250000000e-01 1.5543264453299344e-08 4.1380408219993114e-06
446 8.7011718750000000e-01 1.5591467672493309e-08 4.1508465074002743e-06
447 8.7207031250000000e-01 1.5638761396985501e-08 4.1636230889707804e-06
448 8.7402343750000000e-01 1.5686964616179466e-08 4.1766033973544836e-06
449 8.7597656250000000e-01 1.5736077330075204e-08 4.1895546019077301e-06
450 8.7792968750000000e-01 1.5787009033374488e-08 4.2025640141218901e-06
451 8.7988281250000000e-01 1.5836121747270226e-08 4.2157189454883337e-06
452 8.8183593750000000e-01 1.5883415471762419e-08 4.2288738768547773e-06
453 8.8378906250000000e-01 1.5936166164465249e-08 4.2420870158821344e-06
454 8.8574218750000000e-01 1.5985278878360987e-08 4.2554456740617752e-06
455 8.8769531250000000e-01 1.6036210581660271e-08 4.2688334360718727e-06
456 8.8964843750000000e-01 1.6085323295556009e-08 4.2821920942515135e-06
457 8.9160156250000000e-01 1.6136254998855293e-08 4.2957253754138947e-06
458 8.9355468750000000e-01 1.6187186702154577e-08 4.3092877604067326e-06
459 8.9550781250000000e-01 1.6238118405453861e-08 4.3228501453995705e-06
460 8.9746093750000000e-01 1.6289050108753145e-08 4.3366162572056055e-06
461 8.9941406250000000e-01 1.6339981812052429e-08 4.3504114728420973e-06
462 9.0136718750000000e-01 1.6392732504755259e-08 4.3641775846481323e-06
463 9.0332031250000000e-01 1.6443664208054543e-08 4.3781183194369078e-06
464 9.0527343750000000e-01 1.6500052879564464e-08 4.3920008465647697e-06
465 9.0722656250000000e-01 1.6547346604056656e-08 4.4060871005058289e-06
466 9.0917968750000000e-01 1.6601916286163032e-08 4.4201442506164312e-06
467 9.1113281250000000e-01 1.6656485968269408e-08 4.4344051275402308e-06
468 9.1308593750000000e-01 1.6711055650375783e-08 4.4484913814812899e-06
469 9.1503906250000000e-01 1.6763806343078613e-08 4.4628977775573730e-06
470 9.1699218750000000e-01 1.6814738046377897e-08 4.4772168621420860e-06
471 9.1894531250000000e-01 1.6871126717887819e-08 4.4916814658790827e-06
472 9.2089843750000000e-01 1.6925696399994195e-08 4.5062042772769928e-06
473 9.2285156250000000e-01 1.6980266082100570e-08 4.5207270886749029e-06
474 9.2480468750000000e-01 1.7036654753610492e-08 4.5353954192250967e-06
475 9.2675781250000000e-01 1.7091224435716867e-08 4.5500637497752905e-06
476 9.2871093750000000e-01 1.7149432096630335e-08 4.5649067033082247e-06
477 9.3066406250000000e-01 1.7202182789333165e-08 4.5797787606716156e-06
478 9.3261718750000000e-01 1.7258571460843086e-08 4.5946217142045498e-06
479 9.3457031250000000e-01 1.7314960132353008e-08 4.6096101868897676e-06
480 9.3652343750000000e-01 1.7371348803862929e-08 4.6247732825577259e-06
481 9.3847656250000000e-01 1.7427737475372851e-08 4.6398490667343140e-06
482 9.4042968750000000e-01 1.7485945136286318e-08 4.6549539547413588e-06
483 9.4238281250000000e-01 1.7542333807796240e-08 4.6703207772225142e-06
484 9.4433593750000000e-01 1.7598722479306161e-08 4.6855711843818426e-06
485 9.4628906250000000e-01 1.7658749129623175e-08 4.7011126298457384e-06
486 9.4824218750000000e-01 1.7716956790536642e-08 4.7165376599878073e-06
487 9.5019531250000000e-01 1.7775164451450109e-08 4.7321373131126165e-06
488 9.5214843750000000e-01 1.7833372112363577e-08 4.7477078624069691e-06
489 9.5410156250000000e-01 1.7891579773277044e-08 4.7634239308536053e-06
490 9.5605468750000000e-01 1.7953425412997603e-08 4.7793146222829819e-06
491 9.5800781250000000e-01 1.8011633073911071e-08 4.7950306907296181e-06
492 9.5996093750000000e-01 1.8071659724228084e-08 4.8110377974808216e-06
493 9.6191406250000000e-01 1.8129867385141551e-08 4.8269575927406549e-06
494 9.6386718750000000e-01 1.8193532014265656e-08 4.8431102186441422e-06
495 9.6582031250000000e-01 1.8251739675179124e-08 4.8591755330562592e-06
496 9.6777343750000000e-01 1.8311766325496137e-08 4.8754154704511166e-06
497 9.6972656250000000e-01 1.8375430954620242e-08 4.8917136155068874e-06
498 9.7167968750000000e-01 1.8435457604937255e-08 4.9080117605626583e-06
499 9.7363281250000000e-01 1.8497303244657815e-08 4.9245427362620831e-06
500 9.7558593750000000e-01 1.8559148884378374e-08 4.9410446081310511e-06
501 9.7753906250000000e-01 1.8622813513502479e-08 4.9576628953218460e-06
502 9.7949218750000000e-01 1.8682840163819492e-08 4.9742520786821842e-06
503 9.8144531250000000e-01 1.8748323782347143e-08 4.9910740926861763e-06
504 9.8339843750000000e-01 1.8808350432664156e-08 5.0078378990292549e-06
505 9.8535156250000000e-01 1.8872015061788261e-08 5.0247181206941605e-06
506 9.8730468750000000e-01 1.8935679690912366e-08 5.0416856538504362e-06
507 9.8925781250000000e-01 1.8999344320036471e-08 5.0588278099894524e-06
508 9.9121093750000000e-01 1.9066646927967668e-08 5.0758826546370983e-06
509 9.9316406250000000e-01 1.9128492567688227e-08 5.0929957069456577e-06
510 9.9511718750000000e-01 1.9197614165022969e-08 5.1103997975587845e-06
511 9.9707031250000000e-01 1.9259459804743528e-08 5.1278038881719112e-06
512 9.9902343750000000e-01 -1.7166137695312500e-05 4.1909515857696533e-09
