# P x_center tau_phi tau_mu
1 3.9062500000000000e-03 -1.1410564184188843e-04 1.1114207154605538e-07
2 1.1718750000000000e-02 7.4152922024950385e-07 4.9353029680787586e-05
3 1.9531250000000000e-02 7.3504907049937174e-07 4.8921723646344617e-05
4 2.7343750000000000e-02 7.2874809120548889e-07 4.8502366553293541e-05
5 3.5156250000000000e-02 7.2262560024682898e-07 4.8094849262270145e-05
6 4.2968750000000000e-02 7.1667864176561125e-07 4.7699077185825445e-05
7 5.0781250000000000e-02 7.1090721576183569e-07 4.7314943003584631e-05
8 5.8593750000000000e-02 7.0530904849874787e-07 4.6942366680013947e-05
9 6.6406250000000000e-02 6.9988345785532147e-07 4.6581255446653813e-05
10 7.4218750000000000e-02 6.9462862484215293e-07 4.6231503802118823e-05
11 8.2031250000000000e-02 6.8954318521718960e-07 4.5893048081779853e-05
12 8.9843750000000000e-02 6.8462622948572971e-07 4.5565793698187917e-05
13 9.7656250000000000e-02 6.7987616603204515e-07 4.5249669710756280e-05
14 1.0546875000000000e-01 6.7529254010878503e-07 4.4944588807993568e-05
15 1.1328125000000000e-01 6.7087376010022126e-07 4.4650476411334239e-05
16 1.2109375000000000e-01 6.6661846176430117e-07 4.4367276132106781e-05
17 1.2890625000000000e-01 6.6252619035367388e-07 4.4094897020841017e-05
18 1.3671875000000000e-01 6.5859558162628673e-07 4.3833291783812456e-05
19 1.4453125000000000e-01 6.5482549871376250e-07 4.3582385842455551e-05
20 1.5234375000000000e-01 6.5121548686875030e-07 4.3342115532141179e-05
21 1.6015625000000000e-01 6.4776440922287293e-07 4.3112437197123654e-05
22 1.6796875000000000e-01 6.4447158365510404e-07 4.2893278077826835e-05
23 1.7578125000000000e-01 6.4133610067074187e-07 4.2684589061536826e-05
24 1.8359375000000000e-01 6.3835727814876009e-07 4.2486322854529135e-05
25 1.9140625000000000e-01 6.3553397922078148e-07 4.2298432163079269e-05
26 1.9921875000000000e-01 6.3286620388680603e-07 4.2120866055483930e-05
27 2.0703125000000000e-01 6.3035304265213199e-07 4.1953584513976239e-05
28 2.1484375000000000e-01 6.2799313127470668e-07 4.1796543882810511e-05
29 2.2265625000000000e-01 6.2578715187555645e-07 4.1649709601188079e-05
30 2.3046875000000000e-01 6.2373374021262862e-07 4.1513043470331468e-05
31 2.3828125000000000e-01 6.2183221416489687e-07 4.1386516386410221e-05
32 2.4609375000000000e-01 6.2008325585338753e-07 4.1270082874689251e-05
33 2.5390625000000000e-01 6.1848527366237249e-07 4.1163735659210943e-05
34 2.6171875000000000e-01 6.1703849496552721e-07 4.1067434722208418e-05
35 2.6953125000000000e-01 6.1574246501550078e-07 4.0981161873787642e-05
36 2.7734375000000000e-01 6.1459604694391601e-07 4.0904895286075771e-05
37 2.8515625000000000e-01 6.1360015024547465e-07 4.0838605855242349e-05
38 2.9296875000000000e-01 6.1275432017282583e-07 4.0782300857244991e-05
39 3.0078125000000000e-01 6.1205764723126777e-07 4.0735943912295625e-05
40 3.0859375000000000e-01 6.1151104091550224e-07 4.0699535020394251e-05
41 3.1640625000000000e-01 6.1111313698347658e-07 4.0673059629625641e-05
42 3.2421875000000000e-01 6.1086484492989257e-07 4.0656518649484497e-05
43 3.3203125000000000e-01 6.1076502788637299e-07 4.0649906623002607e-05
44 3.3984375000000000e-01 6.1081459534761962e-07 4.0653208088770043e-05
45 3.4765625000000000e-01 6.1101354731363244e-07 4.0666443055670243e-05
46 3.5546875000000000e-01 6.1136120166338515e-07 4.0689608795219101e-05
47 3.6328125000000000e-01 6.1185869526525494e-07 4.0722705307416618e-05
48 3.7109375000000000e-01 6.1250534599821549e-07 4.0765738958725706e-05
49 3.7890625000000000e-01 6.1330183598329313e-07 4.0818733396008611e-05
50 3.8671875000000000e-01 6.1424771047313698e-07 4.0881688619265333e-05
51 3.9453125000000000e-01 6.1534365158877335e-07 4.0954622818389907e-05
52 4.0234375000000000e-01 6.1658965933020227e-07 4.1037566916202195e-05
53 4.1015625000000000e-01 6.1798641581845004e-07 4.1130520912702195e-05
54 4.1796875000000000e-01 6.1953369367984124e-07 4.1233515730709769e-05
55 4.2578125000000000e-01 6.2123240240907762e-07 4.1346587750012986e-05
56 4.3359375000000000e-01 6.2308299675351009e-07 4.1469742427580059e-05
57 4.4140625000000000e-01 6.2508570408681408e-07 4.1603027057135478e-05
58 4.4921875000000000e-01 6.2724097915634047e-07 4.1746468923520297e-05
59 4.5703125000000000e-01 6.2954904933576472e-07 4.1900102587533183e-05
60 4.6484375000000000e-01 6.3201127886713948e-07 4.2063964428962208e-05
61 4.7265625000000000e-01 6.3462766775046475e-07 4.2238096284563653e-05
62 4.8046875000000000e-01 6.3739889810676686e-07 4.2422543629072607e-05
63 4.8828125000000000e-01 6.4032587943074759e-07 4.2617348299245350e-05
64 4.9609375000000000e-01 6.4340883909608237e-07 4.2822552131838165e-05
65 5.0390625000000000e-01 6.4664936871849932e-07 4.3038213334511966e-05
66 5.1171875000000000e-01 6.5004746829799842e-07 4.3264384657959454e-05
67 5.1953125000000000e-01 6.5360427470295690e-07 4.3501115214894526e-05
68 5.2734375000000000e-01 6.5732115217542741e-07 4.3748468669946305e-05
69 5.3515625000000000e-01 6.6119787334173452e-07 4.4006505049765110e-05
70 5.4296875000000000e-01 6.6523625719128177e-07 4.4275284381001256e-05
71 5.5078125000000000e-01 6.6943721321877092e-07 4.4554872147273272e-05
72 5.5859375000000000e-01 6.7380142354522832e-07 4.4845332013210282e-05
73 5.6640625000000000e-01 6.7833002503903117e-07 4.5146753109293059e-05
74 5.7421875000000000e-01 6.8302460931590758e-07 4.5459190005203709e-05
75 5.8203125000000000e-01 6.8788563112320844e-07 4.5782720917486586e-05
76 5.8984375000000000e-01 6.9291468207666185e-07 4.6117438614601269e-05
77 5.9765625000000000e-01 6.9811335379199591e-07 4.6463406761176884e-05
78 6.0546875000000000e-01 7.0348164626921061e-07 4.6820727220620029e-05
79 6.1328125000000000e-01 7.0902206061873585e-07 4.7189474571496248e-05
80 6.2109375000000000e-01 7.1473550633527339e-07 4.7569741582265124e-05
81 6.2890625000000000e-01 7.2062334766087588e-07 4.7961624659365043e-05
82 6.3671875000000000e-01 7.2668763095862232e-07 4.8365214752266183e-05
83 6.4453125000000000e-01 7.3292903834953904e-07 4.8780617362353951e-05
84 6.5234375000000000e-01 7.3934893407567870e-07 4.9207923439098522e-05
85 6.6015625000000000e-01 7.4595027399482206e-07 4.9647251216811128e-05
86 6.6796875000000000e-01 7.5273305810696911e-07 5.0098698920919560e-05
87 6.7578125000000000e-01 7.5970001489622518e-07 5.0562370233819820e-05
88 6.8359375000000000e-01 7.6685228123096749e-07 5.1038390665780753e-05
89 6.9140625000000000e-01 7.7419144872692414e-07 5.1526876632124186e-05
90 6.9921875000000000e-01 7.8172001849452499e-07 5.2027939091203734e-05
91 7.0703125000000000e-01 7.8943958214949816e-07 5.2541698096320033e-05
92 7.1484375000000000e-01 7.9735127656022087e-07 5.3068290071678348e-05
93 7.2265625000000000e-01 8.0545805758447386e-07 5.3607845984515734e-05
94 7.3046875000000000e-01 8.1376128946430981e-07 5.4160473155207001e-05
95 7.3828125000000000e-01 8.2226347331015859e-07 5.4726338930777274e-05
96 7.4609375000000000e-01 8.3096620073774830e-07 5.5305557907558978e-05
97 7.5390625000000000e-01 8.3987197285750881e-07 5.5898281061672606e-05
98 7.6171875000000000e-01 8.4898215391149279e-07 5.6504650274291635e-05
99 7.6953125000000000e-01 8.5830083662585821e-07 5.7124816521536559e-05
100 7.7734375000000000e-01 8.6782847574795596e-07 5.7758932598517276e-05
101 7.8515625000000000e-01 8.7756757238821592e-07 5.8407142205396667e-05
102 7.9296875000000000e-01 8.8752108240441885e-07 5.9069619965157472e-05
103 8.0078125000000000e-01 8.9769150690699462e-07 5.9746513215941377e-05
104 8.0859375000000000e-01 9.0808111963269766e-07 6.0437998399720527e-05
105 8.1640625000000000e-01 9.1869242169195786e-07 6.1144235587562434e-05
106 8.2421875000000000e-01 9.2952768682152964e-07 6.1865401221439242e-05
107 8.3203125000000000e-01 9.4059032562654465e-07 6.2601673562312499e-05
108 8.3984375000000000e-01 9.5188238447008189e-07 6.3353225414175540e-05
109 8.4765625000000000e-01 9.6340704658359755e-07 6.4120249589905143e-05
110 8.5546875000000000e-01 9.7516681307752151e-07 6.4902920712484047e-05
111 8.6328125000000000e-01 9.8716463980963454e-07 6.5701451603672467e-05
112 8.7109375000000000e-01 9.9940348263771739e-07 6.6516011429484934e-05
113 8.7890625000000000e-01 1.0118865247932263e-06 6.7346811192692257e-05
114 8.8671875000000000e-01 1.0246158126392402e-06 6.8194061896065250e-05
115 8.9453125000000000e-01 1.0375961210229434e-06 6.9057956352480687e-05
116 9.0234375000000000e-01 1.0508292689337395e-06 6.9938707383698784e-05
117 9.1015625000000000e-01 1.0643193490977865e-06 7.0836536906426772e-05
118 9.1796875000000000e-01 1.0780690899991896e-06 7.1751663199393079e-05
119 9.2578125000000000e-01 1.0920816748694051e-06 7.2684304541326128e-05
120 9.3359375000000000e-01 1.1063616511819419e-06 7.3634695581858978e-05
121 9.4140625000000000e-01 1.1209108379262034e-06 7.4603052780730650e-05
122 9.4921875000000000e-01 1.1357342373230495e-06 7.5589638072415255e-05
123 9.5703125000000000e-01 1.1508354873512872e-06 7.6594669735641219e-05
124 9.6484375000000000e-01 1.1662168617476709e-06 7.7618404247914441e-05
125 9.7265625000000000e-01 1.1818833627330605e-06 7.8661085353814997e-05
126 9.8046875000000000e-01 1.1978381735389121e-06 7.9722980444785208e-05
127 9.8828125000000000e-01 1.2140853868913837e-06 8.0804333265405148e-05
128 9.9609375000000000e-01 -2.8288364410400391e-04 2.7575879357755184e-07
