# P x psi_num psi_exact psi_err v_num v_exact v_err u_num u_exact u_err
1 1.5625000000000000e-02 2.1295235803455695e-04 8.7029546619025146e-05 1.2592281141553182e-04 7.9143343422758951e-05 4.3514773309512573e-05 3.5628570113246378e-05 1.3380901461179800e-04 4.3514773309512573e-05 9.0294241302285431e-05
2 4.6875000000000000e-02 8.6562682129685711e-04 7.3432413371744343e-04 1.3130268757941368e-04 4.0728735860257780e-04 3.6716206685872172e-04 4.0125291743856083e-05 4.5833946269427931e-04 3.6716206685872172e-04 9.1177395835557594e-05
3 7.8125000000000000e-02 2.0446532262587283e-03 1.9082253198590736e-03 1.3642790639965471e-04 9.9845307959164930e-04 9.5411265992953681e-04 4.4340419662112487e-05 1.0462001466670790e-03 9.5411265992953681e-04 9.2087486737542227e-05
4 1.0937500000000000e-01 3.6321300392526605e-03 3.4908518143853423e-03 1.4127822486731823e-04 1.7936953565945849e-03 1.7454259071926711e-03 4.8269449401913776e-05 1.8384346826580756e-03 1.7454259071926711e-03 9.3008775465404456e-05
5 1.4062500000000000e-01 5.5185768163144898e-03 5.3727424188275731e-03 1.4583439748691671e-04 2.7382796585530330e-03 2.6863712094137866e-03 5.1908449139246443e-05 2.7802971577614568e-03 2.6863712094137866e-03 9.3925948347670270e-05
6 1.7187500000000000e-01 7.6029342993172719e-03 7.4528560269069887e-03 1.5007827241028324e-04 3.7816820245063013e-03 3.7264280134534943e-03 5.5254011052806914e-05 3.8212522748109707e-03 3.7264280134534943e-03 9.4824261357476323e-05
7 2.0312500000000000e-01 9.7925645060714696e-03 9.6385716245347107e-03 1.5399288153675889e-04 4.8775890160287104e-03 4.8192858122673553e-03 5.8303203761355012e-05 4.9149754900427592e-03 4.8192858122673553e-03 9.5689677775403874e-05
8 2.3437500000000000e-01 1.2003250814060777e-02 1.1845688289811756e-02 1.5756252424902091e-04 5.9838976713429389e-03 5.9228441449058781e-03 6.1053526437060759e-05 6.0193531427178383e-03 5.9228441449058781e-03 9.6508997811960151e-05
9 2.6562500000000000e-01 1.4159198037510529e-02 1.3998425193029044e-02 1.6077284448148474e-04 7.0627154616770228e-03 6.9992125965145221e-03 6.3502865162500671e-05 7.0964825758335062e-03 6.9992125965145221e-03 9.7269979318984068e-05
10 2.9687500000000000e-01 1.6193032497516132e-02 1.6029421596667388e-02 1.6361090084874436e-04 8.0803602503903647e-03 8.0147107983336938e-03 6.5649452056670832e-05 8.1126722471257674e-03 8.0147107983336938e-03 9.7961448792073524e-05
11 3.2812500000000000e-01 1.8045802084984519e-02 1.7879736855397500e-02 1.6606522958701950e-04 9.0073602553594270e-03 8.9398684276987498e-03 6.7491827660677225e-05 9.0384418296250921e-03 8.9398684276987498e-03 9.8573401926342272e-05
12 3.5937500000000000e-01 1.9666976316174558e-02 1.9498850416079995e-02 1.6812590009456299e-04 9.8184540150612690e-03 9.7494252080399975e-03 6.9028807021271482e-05 9.8485223011132890e-03 9.7494252080399975e-03 9.9097093073291509e-05
13 3.9062500000000000e-01 2.1014446380646694e-02 2.0844661817765377e-02 1.6978456288131716e-04 1.0492590358750735e-02 1.0422330908882688e-02 7.0259449868046928e-05 1.0521856021895959e-02 1.0422330908882688e-02 9.9525113013270231e-05
14 4.2187500000000000e-01 2.2054525181463495e-02 2.1883490691694058e-02 1.7103448976943728e-04 1.1012928381073487e-02 1.0941745345847029e-02 7.1183035226457872e-05 1.1041596800390008e-02 1.0941745345847029e-02 9.9851454542979404e-05
15 4.5312500000000000e-01 2.2761947367506575e-02 2.2590076761296343e-02 1.7187060621023237e-04 1.1366837421403582e-02 1.1295038380648171e-02 7.1799040755410326e-05 1.1395109946102993e-02 1.1295038380648171e-02 1.0007156545482204e-04
16 4.8437500000000000e-01 2.3119869357806706e-02 2.2947579842192433e-02 1.7228951561427258e-04 1.1545897048140758e-02 1.1473789921096217e-02 7.2107127044541627e-05 1.1573972309665947e-02 1.1473789921096217e-02 1.0018238856973095e-04
17 5.1562500000000000e-01 2.3119869357806591e-02 2.2947579842192433e-02 1.7228951561415809e-04 1.1545897048140654e-02 1.1473789921096217e-02 7.2107127044437544e-05 1.1573972309665937e-02 1.1473789921096217e-02 1.0018238856972055e-04
18 5.4687500000000000e-01 2.2761947367506544e-02 2.2590076761296343e-02 1.7187060621020114e-04 1.1366837421403550e-02 1.1295038380648171e-02 7.1799040755379101e-05 1.1395109946102993e-02 1.1295038380648171e-02 1.0007156545482204e-04
19 5.7812500000000000e-01 2.2054525181463489e-02 2.1883490691694058e-02 1.7103448976943034e-04 1.1012928381073487e-02 1.0941745345847029e-02 7.1183035226457872e-05 1.1041596800390002e-02 1.0941745345847029e-02 9.9851454542972465e-05
20 6.0937500000000000e-01 2.1014446380646798e-02 2.0844661817765377e-02 1.6978456288142124e-04 1.0492590358750735e-02 1.0422330908882688e-02 7.0259449868046928e-05 1.0521856021896063e-02 1.0422330908882688e-02 9.9525113013374314e-05
21 6.4062500000000000e-01 1.9666976316174551e-02 1.9498850416079995e-02 1.6812590009455605e-04 9.8184540150612534e-03 9.7494252080399975e-03 6.9028807021255870e-05 9.8485223011132977e-03 9.7494252080399975e-03 9.9097093073300183e-05
22 6.7187500000000000e-01 1.8045802084984578e-02 1.7879736855397500e-02 1.6606522958707848e-04 9.0073602553594756e-03 8.9398684276987498e-03 6.7491827660725798e-05 9.0384418296251025e-03 8.9398684276987498e-03 9.8573401926352680e-05
23 7.0312500000000000e-01 1.6193032497516215e-02 1.6029421596667388e-02 1.6361090084882762e-04 8.0803602503903647e-03 8.0147107983336938e-03 6.5649452056670832e-05 8.1126722471258506e-03 8.0147107983336938e-03 9.7961448792156791e-05
24 7.3437500000000000e-01 1.4159198037510690e-02 1.3998425193029044e-02 1.6077284448164607e-04 7.0627154616770427e-03 6.9992125965145221e-03 6.3502865162520621e-05 7.0964825758336476e-03 6.9992125965145221e-03 9.7269979319125448e-05
25 7.6562500000000000e-01 1.2003250814060800e-02 1.1845688289811756e-02 1.5756252424904346e-04 5.9838976713428764e-03 5.9228441449058781e-03 6.1053526436998309e-05 6.0193531427179233e-03 5.9228441449058781e-03 9.6508997812045152e-05
26 7.9687500000000000e-01 9.7925645060715442e-03 9.6385716245347107e-03 1.5399288153683348e-04 4.8775890160287372e-03 4.8192858122673553e-03 5.8303203761381900e-05 4.9149754900428069e-03 4.8192858122673553e-03 9.5689677775451579e-05
27 8.2812500000000000e-01 7.6029342993173630e-03 7.4528560269069887e-03 1.5007827241037431e-04 3.7816820245063672e-03 3.7264280134534943e-03 5.5254011052872833e-05 3.8212522748109958e-03 3.7264280134534943e-03 9.4824261357501476e-05
28 8.5937500000000000e-01 5.5185768163146234e-03 5.3727424188275731e-03 1.4583439748705029e-04 2.7382796585530998e-03 2.6863712094137866e-03 5.1908449139313230e-05 2.7802971577615236e-03 2.6863712094137866e-03 9.3925948347737057e-05
29 8.9062500000000000e-01 3.6321300392527728e-03 3.4908518143853423e-03 1.4127822486743056e-04 1.7936953565946183e-03 1.7454259071926711e-03 4.8269449401947169e-05 1.8384346826581545e-03 1.7454259071926711e-03 9.3008775465483386e-05
30 9.2187500000000000e-01 2.0446532262588467e-03 1.9082253198590736e-03 1.3642790639977311e-04 9.9845307959169354e-04 9.5411265992953681e-04 4.4340419662156723e-05 1.0462001466671532e-03 9.5411265992953681e-04 9.2087486737616386e-05
31 9.5312500000000000e-01 8.6562682129697204e-04 7.3432413371744343e-04 1.3130268757952860e-04 4.0728735860263483e-04 3.6716206685872172e-04 4.0125291743913112e-05 4.5833946269433721e-04 3.6716206685872172e-04 9.1177395835615490e-05
32 9.8437500000000000e-01 2.1295235803467171e-04 8.7029546619025146e-05 1.2592281141564658e-04 7.9143343422813215e-05 4.3514773309512573e-05 3.5628570113300642e-05 1.3380901461185850e-04 4.3514773309512573e-05 9.0294241302345929e-05
