# P x_center tau_Psi tau_V
1 3.9062500000000000e-03 2.7189879670099296e-06 -6.7988583513090006e-14
2 1.1718750000000000e-02 -8.7710498315740626e-08 -6.0233415477561891e-13
3 1.9531250000000000e-02 -8.7712587248933716e-08 -1.6468076902143025e-12
4 2.7343750000000000e-02 -8.7715646746033826e-08 -3.1765146069062666e-12
5 3.5156250000000000e-02 -8.7719627450688620e-08 -5.1669224454542473e-12
6 4.2968750000000000e-02 -8.7724481678819188e-08 -7.5939809995873020e-12
7 5.0781250000000000e-02 -8.7730162023902380e-08 -1.0434098030032146e-11
8 5.8593750000000000e-02 -8.7736621079415045e-08 -1.3663625786364264e-11
9 6.6406250000000000e-02 -8.7743814214391591e-08 -1.7260193274637459e-11
10 7.4218750000000000e-02 -8.7751695687643405e-08 -2.1200818878241989e-11
11 8.2031250000000000e-02 -8.7760221756383316e-08 -2.5463853248197665e-11
12 8.9843750000000000e-02 -8.7769349121913365e-08 -3.0027536013221834e-11
13 9.7656250000000000e-02 -8.7779035151669405e-08 -3.4870328846636767e-11
14 1.0546875000000000e-01 -8.7789236324908870e-08 -3.9971581600184436e-11
15 1.1328125000000000e-01 -8.7799915782227345e-08 -4.5310422081001889e-11
16 1.2109375000000000e-01 -8.7811027782436213e-08 -5.0867310363855722e-11
17 1.2890625000000000e-01 -8.7822539462933946e-08 -5.6622262434302684e-11
18 1.3671875000000000e-01 -8.7834409079334819e-08 -6.2557070634738920e-11
19 1.4453125000000000e-01 -8.7846596663609944e-08 -6.8650418683091630e-11
20 1.5234375000000000e-01 -8.7859066688622534e-08 -7.4886319367806209e-11
21 1.6015625000000000e-01 -8.7871782739057380e-08 -8.1244344585229555e-11
22 1.6796875000000000e-01 -8.7884712840491375e-08 -8.7710283480646467e-11
23 1.7578125000000000e-01 -8.7897820577609309e-08 -9.4263263861193991e-11
24 1.8359375000000000e-01 -8.7911068646917556e-08 -1.0088818669373723e-10
25 1.9140625000000000e-01 -8.7924430403063525e-08 -1.0756817658830187e-10
26 1.9921875000000000e-01 -8.7937870318910427e-08 -1.1428724633333331e-10
27 2.0703125000000000e-01 -8.7951356420035154e-08 -1.2103029689569667e-10
28 2.1484375000000000e-01 -8.7964858508371435e-08 -1.2778222924225702e-10
29 2.2265625000000000e-01 -8.7978349938566680e-08 -1.3452616798304007e-10
30 2.3046875000000000e-01 -8.7991795183484101e-08 -1.4124967862017002e-10
31 2.3828125000000000e-01 -8.8005171150484784e-08 -1.4793766212051196e-10
32 2.4609375000000000e-01 -8.8018451194216141e-08 -1.5457768398619010e-10
33 2.5390625000000000e-01 -8.8031605116611900e-08 -1.6115464518406952e-10
34 2.6171875000000000e-01 -8.8044611601389988e-08 -1.6765966392995324e-10
35 2.6953125000000000e-01 -8.8057447555911494e-08 -1.7407586483386694e-10
36 2.7734375000000000e-01 -8.8070073900325951e-08 -1.8038903704109543e-10
37 2.8515625000000000e-01 -8.8082487081919680e-08 -1.8659385148112051e-10
38 2.9296875000000000e-01 -8.8094651573555893e-08 -1.9267609729922697e-10
39 3.0078125000000000e-01 -8.8106549611666196e-08 -1.9862689271121781e-10
40 3.0859375000000000e-01 -8.8118163432682195e-08 -2.0443557957605663e-10
41 3.1640625000000000e-01 -8.8129475273035496e-08 -2.1008794703902822e-10
42 3.2421875000000000e-01 -8.8140446052875632e-08 -2.1557688967277500e-10
43 3.3203125000000000e-01 -8.8151082877629960e-08 -2.2089352569309995e-10
44 3.3984375000000000e-01 -8.8161353772875373e-08 -2.2602897331580607e-10
45 3.4765625000000000e-01 -8.8171244527757153e-08 -2.3097435075669637e-10
46 3.5546875000000000e-01 -8.8180744484134266e-08 -2.3572610530209204e-10
47 3.6328125000000000e-01 -8.8189825220297280e-08 -2.4026824974043848e-10
48 3.7109375000000000e-01 -8.8198490288959874e-08 -2.4459723135805689e-10
49 3.7890625000000000e-01 -8.8206711268412619e-08 -2.4870772108442907e-10
50 3.8671875000000000e-01 -8.8214473947800798e-08 -2.5259261349219742e-10
51 3.9453125000000000e-01 -8.8221785432551769e-08 -2.5624657951084373e-10
52 4.0234375000000000e-01 -8.8228624406383460e-08 -2.5966251371301041e-10
53 4.1015625000000000e-01 -8.8234966000300119e-08 -2.6283508702817926e-10
54 4.1796875000000000e-01 -8.8240820872442782e-08 -2.6576074674267147e-10
55 4.2578125000000000e-01 -8.8246164153815698e-08 -2.6843416378596885e-10
56 4.3359375000000000e-01 -8.8251006502559903e-08 -2.7085533815807139e-10
57 4.4140625000000000e-01 -8.8255319496965967e-08 -2.7301183536110329e-10
58 4.4921875000000000e-01 -8.8259113795174926e-08 -2.7490898446558276e-10
59 4.5703125000000000e-01 -8.8262371633618386e-08 -2.7653968004415219e-10
60 4.6484375000000000e-01 -8.8265096565010026e-08 -2.7790036938313278e-10
61 4.7265625000000000e-01 -8.8267281483922488e-08 -2.7899282883936394e-10
62 4.8046875000000000e-01 -8.8268922837642094e-08 -2.7981350569916685e-10
63 4.8828125000000000e-01 -8.8270017073455165e-08 -2.8035884724886273e-10
64 4.9609375000000000e-01 -8.8270564191361700e-08 -2.8063240620213037e-10
65 5.0390625000000000e-01 -8.8270564191361700e-08 -2.8063240620213037e-10
66 5.1171875000000000e-01 -8.8270017073455165e-08 -2.8035884724886273e-10
67 5.1953125000000000e-01 -8.8268922837642094e-08 -2.7981350569916685e-10
68 5.2734375000000000e-01 -8.8267281483922488e-08 -2.7899282883936394e-10
69 5.3515625000000000e-01 -8.8265096565010026e-08 -2.7790036938313278e-10
70 5.4296875000000000e-01 -8.8262371633618386e-08 -2.7653968004415219e-10
71 5.5078125000000000e-01 -8.8259113795174926e-08 -2.7490898446558276e-10
72 5.5859375000000000e-01 -8.8255319496965967e-08 -2.7301183536110329e-10
73 5.6640625000000000e-01 -8.8251006502559903e-08 -2.7085533815807139e-10
74 5.7421875000000000e-01 -8.8246164153815698e-08 -2.6843416378596885e-10
75 5.8203125000000000e-01 -8.8240820872442782e-08 -2.6576074674267147e-10
76 5.8984375000000000e-01 -8.8234966000300119e-08 -2.6283508702817926e-10
77 5.9765625000000000e-01 -8.8228624406383460e-08 -2.5966251371301041e-10
78 6.0546875000000000e-01 -8.8221785432551769e-08 -2.5624657951084373e-10
79 6.1328125000000000e-01 -8.8214473947800798e-08 -2.5259261349219742e-10
80 6.2109375000000000e-01 -8.8206711268412619e-08 -2.4870772108442907e-10
81 6.2890625000000000e-01 -8.8198490288959874e-08 -2.4459723135805689e-10
82 6.3671875000000000e-01 -8.8189825220297280e-08 -2.4026824974043848e-10
83 6.4453125000000000e-01 -8.8180744484134266e-08 -2.3572610530209204e-10
84 6.5234375000000000e-01 -8.8171244527757153e-08 -2.3097435075669637e-10
85 6.6015625000000000e-01 -8.8161350220161694e-08 -2.2602897331580607e-10
86 6.6796875000000000e-01 -8.8151082877629960e-08 -2.2089352569309995e-10
87 6.7578125000000000e-01 -8.8140446052875632e-08 -2.1557688967277500e-10
88 6.8359375000000000e-01 -8.8129475273035496e-08 -2.1008794703902822e-10
89 6.9140625000000000e-01 -8.8118163432682195e-08 -2.0443557957605663e-10
90 6.9921875000000000e-01 -8.8106549611666196e-08 -1.9862689271121781e-10
91 7.0703125000000000e-01 -8.8094651573555893e-08 -1.9267609729922697e-10
92 7.1484375000000000e-01 -8.8082487081919680e-08 -1.8659385148112051e-10
93 7.2265625000000000e-01 -8.8070073900325951e-08 -1.8038903704109543e-10
94 7.3046875000000000e-01 -8.8057447555911494e-08 -1.7407586483386694e-10
95 7.3828125000000000e-01 -8.8044611601389988e-08 -1.6765966392995324e-10
96 7.4609375000000000e-01 -8.8031605116611900e-08 -1.6115464518406952e-10
97 7.5390625000000000e-01 -8.8018451194216141e-08 -1.5457768398619010e-10
98 7.6171875000000000e-01 -8.8005169374127945e-08 -1.4793766212051196e-10
99 7.6953125000000000e-01 -8.7991795183484101e-08 -1.4124967862017002e-10
100 7.7734375000000000e-01 -8.7978348162209841e-08 -1.3452616798304007e-10
101 7.8515625000000000e-01 -8.7964858508371435e-08 -1.2778222924225702e-10
102 7.9296875000000000e-01 -8.7951356420035154e-08 -1.2103029689569667e-10
103 8.0078125000000000e-01 -8.7937870318910427e-08 -1.1428724633333331e-10
104 8.0859375000000000e-01 -8.7924430403063525e-08 -1.0756817658830187e-10
105 8.1640625000000000e-01 -8.7911068646917556e-08 -1.0088818669373723e-10
106 8.2421875000000000e-01 -8.7897820577609309e-08 -9.4263263861193991e-11
107 8.3203125000000000e-01 -8.7884712840491375e-08 -8.7710283480646467e-11
108 8.3984375000000000e-01 -8.7871782739057380e-08 -8.1244344585229555e-11
109 8.4765625000000000e-01 -8.7859066688622534e-08 -7.4886319367806209e-11
110 8.5546875000000000e-01 -8.7846596663609944e-08 -6.8650418683091630e-11
111 8.6328125000000000e-01 -8.7834408191156399e-08 -6.2557070634738920e-11
112 8.7109375000000000e-01 -8.7822539462933946e-08 -5.6622262434302684e-11
113 8.7890625000000000e-01 -8.7811027782436213e-08 -5.0867310363855722e-11
114 8.8671875000000000e-01 -8.7799915782227345e-08 -4.5310422081001889e-11
115 8.9453125000000000e-01 -8.7789236324908870e-08 -3.9971581600184436e-11
116 9.0234375000000000e-01 -8.7779035151669405e-08 -3.4870328846636767e-11
117 9.1015625000000000e-01 -8.7769349121913365e-08 -3.0027536013221834e-11
118 9.1796875000000000e-01 -8.7760221756383316e-08 -2.5463853248197665e-11
119 9.2578125000000000e-01 -8.7751695687643405e-08 -2.1200818878241989e-11
120 9.3359375000000000e-01 -8.7743814214391591e-08 -1.7260193274637459e-11
121 9.4140625000000000e-01 -8.7736621079415045e-08 -1.3663625786364264e-11
122 9.4921875000000000e-01 -8.7730162023902380e-08 -1.0434098030032146e-11
123 9.5703125000000000e-01 -8.7724481678819188e-08 -7.5939809995873020e-12
124 9.6484375000000000e-01 -8.7719627450688620e-08 -5.1669224454542473e-12
125 9.7265625000000000e-01 -8.7715646746033826e-08 -3.1765146069062666e-12
126 9.8046875000000000e-01 -8.7712587248933716e-08 -1.6468076902143025e-12
127 9.8828125000000000e-01 -8.7710498315740626e-08 -6.0233415477561891e-13
128 9.9609375000000000e-01 2.7189879670099296e-06 -6.7988583513090006e-14
