# P x psi_num psi_exact psi_err v_num v_exact v_err u_num u_exact u_err
1 1.9531250000000000e-03 3.3279126961299567e-06 1.3978722208139980e-06 1.9300404753159587e-06 1.2237059160889852e-06 6.9893611040699902e-07 5.2476980568198613e-07 2.1042067800409716e-06 6.9893611040699902e-07 1.4052706696339725e-06
2 5.8593750000000000e-03 1.4423511898517655e-05 1.2482562473207451e-05 1.9409494253102042e-06 6.7753076921892404e-06 6.2412812366037253e-06 5.3402645558551515e-07 7.6482042063284134e-06 6.2412812366037253e-06 1.4069229697246882e-06
3 9.7656250000000000e-03 3.6353637442584532e-05 3.4401834445335439e-05 1.9518029972490932e-06 1.7744133253779825e-05 1.7200917222667719e-05 5.4321603111210520e-07 1.8609504188804707e-05 1.7200917222667719e-05 1.4085869661369880e-06
4 1.3671875000000000e-02 6.8859272157069964e-05 6.6896671629403234e-05 1.9626005276667305e-06 3.4000674175218005e-05 3.3448335814701617e-05 5.5233836051638772e-07 3.4858597981851960e-05 3.3448335814701617e-05 1.4102621671503428e-06
5 1.7578125000000000e-02 1.1168345456021307e-04 1.0971011320418594e-04 1.9733413560271338e-06 5.5416449876740467e-05 5.4855056602092970e-05 5.6139327464749760e-07 5.6267004683472606e-05 5.4855056602092970e-05 1.4119480813796362e-06
6 2.1484375000000000e-02 1.6457127885980763e-04 1.6258725403502840e-04 1.9840248247792358e-06 8.1864007624429206e-05 8.1293627017514199e-05 5.7038060691500631e-07 8.2707271235378429e-05 8.1293627017514199e-05 1.4136442178642295e-06
7 2.5390625000000000e-02 2.2726989495325123e-04 2.2527524467384535e-04 1.9946502794058790e-06 1.1321692253021785e-04 1.1263762233692268e-04 5.7930019329517136e-07 1.1405297242303338e-04 1.1263762233692268e-04 1.4153500861107077e-06
8 2.9296875000000000e-02 2.9952850842760001e-04 2.9752329135912119e-04 2.0052170684788247e-06 1.4934979755182556e-04 1.4876164567956059e-04 5.8815187226496932e-07 1.5017871087577445e-04 1.4876164567956059e-04 1.4170651962138554e-06
9 3.3203125000000000e-02 3.8109838055961482e-04 3.7908265601591031e-04 2.0157245437045068e-06 1.9013826349275449e-04 1.8954132800795515e-04 5.9693548479933115e-07 1.9096011706686033e-04 1.8954132800795515e-04 1.4187890589051756e-06
10 3.7109375000000000e-02 4.7173282831582418e-04 4.6970665625583669e-04 2.0261720599874843e-06 2.3545897900231690e-04 2.3485332812791835e-04 6.0565087439855216e-07 2.3627384931350728e-04 2.3485332812791835e-04 1.4205211855889321e-06
11 4.1015625000000000e-02 5.7118722435256400e-04 5.6915066537709428e-04 2.0365589754697171e-06 2.8518963057545718e-04 2.8457533268854714e-04 6.1429788691003562e-07 2.8599759377710682e-04 2.8457533268854714e-04 1.4222610885596815e-06
12 4.4921875000000000e-02 6.7921899701603406e-04 6.7717211236444661e-04 2.0468846515874590e-06 3.3920893255291886e-04 3.3858605618222330e-04 6.2287637069555809e-07 3.4001006446311520e-04 3.3858605618222330e-04 1.4240082808919009e-06
13 4.8828125000000000e-02 7.9558763034233947e-04 7.9353048188922739e-04 2.0571484531120782e-06 3.9739662712115053e-04 3.9676524094461369e-04 6.3138617653683534e-07 3.9819100322118894e-04 3.9676524094461369e-04 1.4257622765752429e-06
14 5.2734375000000000e-02 9.2005466405756025e-04 9.1798731430933972e-04 2.0673497482205302e-06 4.5963348431225212e-04 4.5899365715466986e-04 6.3982715758226097e-07 4.6042117974530813e-04 4.5899365715466986e-04 1.4275225906382693e-06
15 5.6640625000000000e-02 1.0523836935777801e-03 1.0503062056692568e-03 2.0774879085233306e-06 5.2580130200392382e-04 5.2515310283462839e-04 6.4819916929543392e-07 5.2658239157385629e-04 5.2515310283462839e-04 1.4292887392278967e-06
16 6.0546875000000000e-02 1.1923403700091512e-03 1.1902528077000212e-03 2.0875623091300404e-06 5.9578290591954153e-04 5.9512640385001058e-04 6.5650206953094415e-07 5.9655746408960968e-04 5.9512640385001058e-04 1.4310602395990963e-06
17 6.4453125000000000e-02 1.3396924001479185e-03 1.3375948278192460e-03 2.0975723286724684e-06 6.6946214962795782e-04 6.6879741390962299e-04 6.6473571833482528e-07 6.7023025051996064e-04 6.6879741390962299e-04 1.4328366103376431e-06
18 6.8359375000000000e-02 1.4942095464805178e-03 1.4921020291311135e-03 2.1075173494043090e-06 7.4672391454373070e-04 7.4605101456555673e-04 6.7289997817397175e-07 7.4748563193678707e-04 7.4605101456555673e-04 1.4346173712303373e-06
19 7.2265625000000000e-02 1.6556636271835732e-03 1.6535462304263760e-03 2.1173967571972395e-06 8.2745410992709188e-04 8.2677311521318800e-04 6.8099471390388380e-07 8.2820951725648135e-04 8.2677311521318800e-04 1.4364020432933557e-06
20 7.6171875000000000e-02 1.8238285161239754e-03 1.8217013061823555e-03 2.1272099416198495e-06 9.1153967288329894e-04 9.1085065309117776e-04 6.8901979212118193e-07 9.1228884324067643e-04 9.1085065309117776e-04 1.4381901494986676e-06
21 8.0078125000000000e-02 1.9984801428588992e-03 1.9963431865629437e-03 2.1369562959554222e-06 9.9886856836367229e-04 9.9817159328147186e-04 6.9697508220042947e-07 9.9961157449522686e-04 9.9817159328147186e-04 1.4399812137549928e-06
22 8.3984375000000000e-02 2.1793964926359061e-03 2.1772498574186027e-03 2.1466352173034157e-06 1.0893297891649116e-03 1.0886249287093014e-03 7.0486045561021782e-07 1.0900667034709946e-03 1.0886249287093014e-03 1.4417747616931979e-06
23 8.7890625000000000e-02 2.3663576063929315e-03 2.3642013602863639e-03 2.1562461065675366e-06 1.1828133559289265e-03 1.1821006801431820e-03 7.1267578574457299e-07 1.1835442504640049e-03 1.1821006801431820e-03 1.4435703208229636e-06
24 9.1796875000000000e-02 2.5591455807583703e-03 2.5569797923898283e-03 2.1657883685420425e-06 1.2792103171432052e-03 1.2784898961949141e-03 7.2042094829104231e-07 1.2799352636151651e-03 1.2784898961949141e-03 1.4453674202510002e-06
25 9.5703125000000000e-02 2.7575445680510665e-03 2.7553693066391669e-03 2.1752614118995990e-06 1.3784127491403664e-03 1.3776846533195834e-03 7.2809582078291885e-07 1.3791318189107001e-03 1.3776846533195834e-03 1.4471655911166802e-06
26 9.9609375000000000e-02 2.9613407762804828e-03 2.9591561116311211e-03 2.1846646493617165e-06 1.4803137560992679e-03 1.4795780558155606e-03 7.3570028370729609e-07 1.4810270201812150e-03 1.4795780558155606e-03 1.4489643656544204e-06
27 1.0351562500000000e-01 3.1703224691466145e-03 3.1681284716490012e-03 2.1939974976133148e-06 1.5848074700429737e-03 1.5840642358245006e-03 7.4323421847305622e-07 1.5855149991036409e-03 1.5840642358245006e-03 1.4507632791402585e-06
28 1.0742187500000000e-01 3.3842799660401125e-03 3.3820767066626875e-03 2.2032593774250209e-06 1.6917890508407036e-03 1.6910383533313437e-03 7.5069750935983191e-07 1.6924909151994089e-03 1.6910383533313437e-03 1.4525618680651890e-06
29 1.1132812500000000e-01 3.6030056420422508e-03 3.6007931923286306e-03 2.2124497136202098e-06 1.8011546862067567e-03 1.8003965961643153e-03 7.5809004244139361e-07 1.8018509558354941e-03 1.8003965961643153e-03 1.4543596711788162e-06
30 1.1523437500000000e-01 3.8262939279251002e-03 3.8240723599898500e-03 2.2215679352502113e-06 1.9128015917008856e-03 1.9120361799949250e-03 7.6541170596056661e-07 1.9134923362242146e-03 1.9120361799949250e-03 1.4561562292896447e-06
31 1.1914062500000000e-01 4.0539413101514437e-03 4.0517106966759366e-03 2.2306134755071400e-06 2.0266280107275802e-03 2.0258553483379683e-03 7.7266238961192293e-07 2.0273132994238635e-03 2.0258553483379683e-03 1.4579510858952170e-06
32 1.2304687500000000e-01 4.2857463308749056e-03 4.2835067451030490e-03 2.2395857718566017e-06 2.1425332145374319e-03 2.1417533725515245e-03 7.7984198590744236e-07 2.1432131163374737e-03 2.1417533725515245e-03 1.4597437859491594e-06
33 1.2695312500000000e-01 4.5215095879398825e-03 4.5192611036739177e-03 2.2484842659648355e-06 2.2604175022253232e-03 2.2596305518369588e-03 7.8695038836437692e-07 2.2610920857145593e-03 2.2596305518369588e-03 1.4615338776004586e-06
34 1.3085937500000000e-01 4.7610337348817956e-03 4.7587764264778410e-03 2.2573084039545846e-06 2.3801822007315644e-03 2.3793882132389205e-03 7.9398749264388002e-07 2.3808515341502312e-03 2.3793882132389205e-03 1.4633209113107046e-06
35 1.3476562500000000e-01 5.0041234809269234e-03 5.0018574232906883e-03 2.2660576362350943e-06 2.5017296648427749e-03 2.5009287116453441e-03 8.0095319743072810e-07 2.5023938160841485e-03 2.5009287116453441e-03 1.4651044388043662e-06
36 1.3867187500000000e-01 5.2505855909925530e-03 5.2483108595748982e-03 2.2747314176547670e-06 2.6249632771887872e-03 2.6241554297874491e-03 8.0784740133814023e-07 2.6256223138037657e-03 2.6241554297874491e-03 1.4668840163166268e-06
37 1.4257812500000000e-01 5.5002288856869416e-03 5.4979455564794803e-03 2.2833292074612641e-06 2.7497874482467419e-03 2.7489727782397401e-03 8.1467000700172557e-07 2.7504414374401997e-03 2.7489727782397401e-03 1.4686592004595385e-06
38 1.4648437500000000e-01 5.7528642413094992e-03 5.7505723908400121e-03 2.2918504694871208e-06 2.8761076163366876e-03 2.8752861954200060e-03 8.2142091668152561e-07 2.8767566249728116e-03 2.8752861954200060e-03 1.4704295528055952e-06
39 1.5039062500000000e-01 6.0083045898506934e-03 6.0060042951786416e-03 2.3002946720517350e-06 3.0038302476259348e-03 3.0030021475893208e-03 8.2810003661400178e-07 3.0044743422247585e-03 3.0030021475893208e-03 1.4721946354377333e-06
40 1.5429687500000000e-01 6.2663649189921644e-03 6.2640562577040886e-03 2.3086612880758584e-06 3.1328628361243830e-03 3.1320281288520443e-03 8.3470727233869030e-07 3.1335020828677815e-03 3.1320281288520443e-03 1.4739540157371681e-06
41 1.5820312500000000e-01 6.5268622721065938e-03 6.5245453223116388e-03 2.3169497949549617e-06 3.2631139036901746e-03 3.2622726611558194e-03 8.4124253435513552e-07 3.2637483684164192e-03 3.2622726611558194e-03 1.4757072605998262e-06
42 1.6210937500000000e-01 6.7896157482581383e-03 6.7872905885831515e-03 2.3251596749868444e-06 3.3944930000229662e-03 3.3936452942915757e-03 8.4770573139042807e-07 3.3951227482351722e-03 3.3936452942915757e-03 1.4774539435964164e-06
43 1.6601562500000000e-01 7.0544465022020974e-03 7.0521132117870537e-03 2.3332904150437719e-06 3.5269107026702179e-03 3.5260566058935268e-03 8.5409677669104692e-07 3.5275357995318796e-03 3.5260566058935268e-03 1.4791936383527250e-06
44 1.6992187500000000e-01 7.3211777443851099e-03 7.3188364028783414e-03 2.3413415067684989e-06 3.6602786170228923e-03 3.6594182014391707e-03 8.6041558372161250e-07 3.6608991273622176e-03 3.6594182014391707e-03 1.4809259230468864e-06
45 1.7382812500000000e-01 7.5896347409450463e-03 7.5872854284985839e-03 2.3493124464623802e-06 3.7945093763169699e-03 3.7936427142492919e-03 8.6666206767799930e-07 3.7951253646280763e-03 3.7936427142492919e-03 1.4826503787843809e-06
46 1.7773437500000000e-01 7.8596448137113525e-03 7.8572876109759167e-03 2.3572027354357844e-06 3.9295166416339318e-03 3.9286438054879583e-03 8.7283614597349207e-07 3.9301281720774206e-03 3.9286438054879583e-03 1.4843665894622923e-06
47 1.8164062500000000e-01 8.1310373402047661e-03 8.1286723283250460e-03 2.3650118797201303e-06 4.0652151018998580e-03 4.0643361641625230e-03 8.7893773733499492e-07 4.0658222383049081e-03 4.0643361641625230e-03 1.4860741423851354e-06
48 1.8554687500000000e-01 8.4036437536375626e-03 8.4012710142472493e-03 2.3727393903133498e-06 4.2015204738866177e-03 4.2006355071236246e-03 8.8496676299305160e-07 4.2021232797509449e-03 4.2006355071236246e-03 1.4877726273202982e-06
49 1.8945312500000000e-01 8.6772975429133432e-03 8.6749171581303724e-03 2.3803847829708541e-06 4.3383495022092603e-03 4.3374585790651862e-03 8.9092314407412249e-07 4.3389480407040829e-03 4.3374585790651862e-03 1.4894616388967316e-06
50 1.9335937500000000e-01 8.9518342526275253e-03 8.9494463050488315e-03 2.3879475786938581e-06 4.4756199593280182e-03 4.4747231525244157e-03 8.9680680360245540e-07 4.4762142932995071e-03 4.4747231525244157e-03 1.4911407750914027e-06
51 1.9726562500000000e-01 9.2270914830669248e-03 9.2246960557636117e-03 2.3954273033130469e-06 4.6132506455506452e-03 4.6123480278818059e-03 9.0261766883936029e-07 4.6138408375162795e-03 4.6123480278818059e-03 1.4928096344736866e-06
52 2.0117187500000000e-01 9.5029088902100420e-03 9.5005060667222689e-03 2.4028234877730703e-06 4.7511613890250824e-03 4.7502530333611345e-03 9.0835566394793094e-07 4.7517475011849596e-03 4.7502530333611345e-03 1.4944678238251394e-06
53 2.0507812500000000e-01 9.7791281857268868e-03 9.7767180500589312e-03 2.4101356679556013e-06 4.8892730457477359e-03 4.8883590250294656e-03 9.1402071827027809e-07 4.8898551399791509e-03 4.8883590250294656e-03 1.4961149496853232e-06
54 2.0898437500000000e-01 1.0055593136979351e-02 1.0053175773594290e-02 2.4173633850609749e-06 5.0275074995591350e-03 5.0265878867971452e-03 9.1961276198985337e-07 5.0280856374202163e-03 5.0265878867971452e-03 1.4977506230711216e-06
55 2.1289062500000000e-01 1.0332149567020922e-02 1.0329725060835612e-02 2.4245061853098160e-06 5.1657876621424258e-03 5.1648625304178061e-03 9.2513172461963777e-07 5.1663619048784963e-03 5.1648625304178061e-03 1.4993744606901782e-06
56 2.1679687500000000e-01 1.0608645354596881e-02 1.0606213790976732e-02 2.4315636201494711e-06 5.3040374730288272e-03 5.3031068954883659e-03 9.3057754046131647e-07 5.3046078815680540e-03 5.3031068954883659e-03 1.5009860796881547e-06
57 2.2070312500000000e-01 1.0884930434144091e-02 1.0882491898898054e-02 2.4385352460371684e-06 5.4421818995920310e-03 5.4412459494490271e-03 9.3595014300385665e-07 5.4427485345520605e-03 5.4412459494490271e-03 1.5025851030333118e-06
58 2.2460937500000000e-01 1.1160856795791610e-02 1.1158411375166554e-02 2.4454206250558441e-06 5.5801469370499804e-03 5.5792056875832770e-03 9.4124946670333387e-07 5.5807098587416296e-03 5.5792056875832770e-03 1.5041711583525103e-06
59 2.2851562500000000e-01 1.1436278485360132e-02 1.1433826266035776e-02 2.4522193243555618e-06 5.7178596084667011e-03 5.7169131330178881e-03 9.4647544881306528e-07 5.7184188768934305e-03 5.7169131330178881e-03 1.5057438755424965e-06
60 2.3242187500000000e-01 1.1711051604362289e-02 1.1708592673445832e-02 2.4589309164570888e-06 5.8552479647513206e-03 5.8542963367229162e-03 9.5162802840435823e-07 5.8558036396109689e-03 5.8542963367229162e-03 1.5073028880527306e-06
61 2.3632812500000000e-01 1.1985034310002498e-02 1.1982568755023409e-02 2.4655549790888326e-06 5.9922410846555557e-03 5.9912843775117046e-03 9.5670714385116123e-07 5.9927932253469422e-03 5.9912843775117046e-03 1.5088478352376714e-06
62 2.4023437500000000e-01 1.2258086815177345e-02 1.2255614724081758e-02 2.4720910955875613e-06 6.1287690747775072e-03 6.1278073620408789e-03 9.6171273662824103e-07 6.1293177403998382e-03 6.1278073620408789e-03 1.5103783589593203e-06
63 2.4414062500000000e-01 1.2530071388475250e-02 1.2527592849620703e-02 2.4785388545479903e-06 6.2647630695579683e-03 6.2637964248103513e-03 9.6664474761708891e-07 6.2653083189172822e-03 6.2637964248103513e-03 1.5118941069309014e-06
64 2.4804687500000000e-01 1.2800852354176750e-02 1.2798367456326638e-02 2.4848978501124802e-06 6.4001552312857408e-03 6.3991837281633188e-03 9.7150312242198084e-07 6.4006971228910093e-03 6.3991837281633188e-03 1.5133947276904994e-06
65 2.5195312500000000e-01 1.3070296092254158e-02 1.3067804924572523e-02 2.4911676816345013e-06 6.5348787500898783e-03 6.5339024622862616e-03 9.7628780361663087e-07 6.5354173421642795e-03 6.5339024622862616e-03 1.5148798780178704e-06
66 2.5585937500000000e-01 1.3338271038372273e-02 1.3335773690417897e-02 2.4973479543759919e-06 6.6688678439460929e-03 6.6678868452089484e-03 9.8099873714445340e-07 6.6694031944261800e-03 6.6678868452089484e-03 1.5163492172315385e-06
67 2.5976562500000000e-01 1.3604647683887753e-02 1.3602144245608858e-02 2.5034382788950010e-06 6.8020577586781691e-03 6.8010721228044290e-03 9.8563587374016909e-07 6.8025899252095838e-03 6.8010721228044290e-03 1.5178024051548319e-06
68 2.6367187500000000e-01 1.3869298575849480e-02 1.3866789137578078e-02 2.5094382714013069e-06 6.9343847679459074e-03 6.9333945687890391e-03 9.9019915686827248e-07 6.9349138079035722e-03 6.9333945687890391e-03 1.5192391145330345e-06
69 2.6757812500000000e-01 1.4132098316998319e-02 1.4129582969444802e-02 2.5153475535170250e-06 7.0657861732616482e-03 7.0647914847224011e-03 9.9468853924714051e-07 7.0663121437366709e-03 7.0647914847224011e-03 1.5206590142698845e-06
70 2.7148437500000000e-01 1.4392923565767598e-02 1.4390402400014841e-02 2.5211657527571263e-06 7.1962003039786546e-03 7.1952012000074204e-03 9.9910397123419148e-07 7.1967232617889433e-03 7.1952012000074204e-03 1.5220617815229348e-06
71 2.7539062500000000e-01 1.4651653036282720e-02 1.4649126143780576e-02 2.5268925021443289e-06 7.3255665172938834e-03 7.3245630718902881e-03 1.0034454035953710e-06 7.3260865189888370e-03 7.3245630718902881e-03 1.5234470985489579e-06
72 2.7929687500000000e-01 1.4908167498361396e-02 1.4905634970920961e-02 2.5325274404346121e-06 7.4538251982523276e-03 7.4528174854604804e-03 1.0077127918471651e-06 7.4543423001090679e-03 7.4528174854604804e-03 1.5248146485874470e-06
73 2.8320312500000000e-01 1.5162349777513273e-02 1.5159811707301515e-02 2.5380702117581283e-06 7.5809177597372310e-03 7.5799058536507573e-03 1.0119060864736268e-06 7.5814320177760419e-03 7.5799058536507573e-03 1.5261641252845015e-06
74 2.8710937500000000e-01 1.5414084754940913e-02 1.5411541234474328e-02 2.5435204665854444e-06 7.7067866424837530e-03 7.7057706172371640e-03 1.0160252465890585e-06 7.7072981124571604e-03 7.7057706172371640e-03 1.5274952199963859e-06
75 2.9101562500000000e-01 1.5663259367538811e-02 1.5660710489678063e-02 2.5488778607474227e-06 7.8313753150657701e-03 7.8303552448390316e-03 1.0200702267385009e-06 7.8318840524730406e-03 7.8303552448390316e-03 1.5288076340089218e-06
76 2.9492187500000000e-01 1.5909762607893979e-02 1.5907208465837954e-02 2.5541420560250272e-06 7.9546282739038198e-03 7.9536042329189770e-03 1.0240409848427667e-06 7.9551343339901593e-03 7.9536042329189770e-03 1.5301010711822605e-06
77 2.9882812500000000e-01 1.6153485524285544e-02 1.6150926211565796e-02 2.5593127197486021e-06 8.0764910432623571e-03 8.0754631057828978e-03 1.0279374794593121e-06 8.0769944810231871e-03 8.0754631057828978e-03 1.5313752402892900e-06
78 3.0273437500000000e-01 1.6394321220685418e-02 1.6391756831159964e-02 2.5643895254535976e-06 8.1969101752498059e-03 8.1958784155799821e-03 1.0317596698238701e-06 8.1974110454356118e-03 8.1958784155799821e-03 1.5326298556297274e-06
79 3.0664062500000000e-01 1.6632164856757673e-02 1.6629595484605394e-02 2.5693721522786206e-06 8.3158332498214308e-03 8.3147977423026972e-03 1.0355075187335611e-06 8.3163316069362423e-03 8.3147977423026972e-03 1.5338646335450595e-06
80 3.1054687500000000e-01 1.6866913647859003e-02 1.6864339387573597e-02 2.5742602854060548e-06 8.4332088747736834e-03 8.4321696937867986e-03 1.0391809868847551e-06 8.4337047730853199e-03 8.4321696937867986e-03 1.5350792985212997e-06
81 3.1445312500000000e-01 1.7098466865038239e-02 1.7095887811422659e-02 2.5790536155798072e-06 8.5489866857455538e-03 8.5479439057113294e-03 1.0427800342244220e-06 8.5494801792926848e-03 8.5479439057113294e-03 1.5362735813553852e-06
82 3.1835937500000000e-01 1.7326725835037228e-02 1.7324142083197221e-02 2.5837518400073645e-06 8.6631173462275203e-03 8.6620710415986103e-03 1.0463046289099776e-06 8.6636084888097077e-03 8.6620710415986103e-03 1.5374472110973869e-06
83 3.2226562500000000e-01 1.7551593940290034e-02 1.7549005585628507e-02 2.5883546615271258e-06 8.7755525475470067e-03 8.7745027928142535e-03 1.0497547327532192e-06 8.7760413927430274e-03 8.7745027928142535e-03 1.5385999287739066e-06
84 3.2617187500000000e-01 1.7772976618923367e-02 1.7770383757134304e-02 2.5928617890629002e-06 8.8862450088799914e-03 8.8851918785671519e-03 1.0531303128395036e-06 8.8867316100433753e-03 8.8851918785671519e-03 1.5397314762233966e-06
85 3.3007812500000000e-01 1.7990781364756302e-02 1.7988184091818973e-02 2.5972729373290038e-06 8.9951484772433938e-03 8.9940920459094867e-03 1.0564313339071069e-06 8.9956328875129086e-03 8.9940920459094867e-03 1.5408416034218969e-06
86 3.3398437500000000e-01 1.8204917727300853e-02 1.8202316139473443e-02 2.6015878274096571e-06 9.1022177275030779e-03 9.1011580697367214e-03 1.0596577663564422e-06 9.1026999997977746e-03 9.1011580697367214e-03 1.5419300610532150e-06
87 3.3789062500000000e-01 1.8415297311761385e-02 1.8412691505575209e-02 2.6058061861761184e-06 9.2074085623645371e-03 9.2063457527876043e-03 1.0628095769328605e-06 9.2078887493968475e-03 9.2063457527876043e-03 1.5429966092432579e-06
88 3.4179687500000000e-01 1.8621833779035077e-02 1.8619223851288346e-02 2.6099277467307724e-06 9.3106778123807788e-03 9.3096119256441730e-03 1.0658867366057645e-06 9.3111559666542981e-03 9.3096119256441730e-03 1.5440410101250079e-06
89 3.4570312500000000e-01 1.8824442845711324e-02 1.8821828893463486e-02 2.6139522478381416e-06 9.4119833359459244e-03 9.4109144467317430e-03 1.0688892141813566e-06 9.4124595097653998e-03 9.4109144467317430e-03 1.5450630336567850e-06
90 3.4960937500000000e-01 1.9023042284072852e-02 1.9020424404637838e-02 2.6178794350142920e-06 9.5112840192996522e-03 9.5102122023189191e-03 1.0718169807331229e-06 9.5117582647732003e-03 9.5102122023189191e-03 1.5460624542811691e-06
91 3.5351562500000000e-01 1.9217551922094688e-02 1.9214930213035185e-02 2.6217090595033465e-06 9.6085397765271943e-03 9.6074651065175924e-03 1.0746700096018330e-06 9.6090121455674939e-03 9.6074651065175924e-03 1.5470390499015135e-06
92 3.5742187500000000e-01 1.9407893643444696e-02 1.9405268202565870e-02 2.6254408788256578e-06 9.7037115495556964e-03 9.7026341012829351e-03 1.0774482727612944e-06 9.7041820938889994e-03 9.7026341012829351e-03 1.5479926060643634e-06
93 3.6132812500000000e-01 1.9593991387483207e-02 1.9591362312826811e-02 2.6290746563961687e-06 9.7967613081581251e-03 9.7956811564134053e-03 1.0801517447197456e-06 9.7972300793250817e-03 9.7956811564134053e-03 1.5489229116764230e-06
94 3.6523437500000000e-01 1.9775771149263710e-02 1.9773138539101495e-02 2.6326101622148324e-06 9.8876520499506498e-03 9.8865692695507476e-03 1.0827803999021585e-06 9.8881190993130603e-03 9.8865692695507476e-03 1.5498297623126739e-06
95 3.6914062500000000e-01 1.9953160979532193e-02 1.9950524932359978e-02 2.6360471722143564e-06 9.9763478003934130e-03 9.9752624661799891e-03 1.0853342134239247e-06 9.9768131791387795e-03 9.9752624661799891e-03 1.5507129587904317e-06
96 3.7304687500000000e-01 2.0126090984727570e-02 2.0123451599258890e-02 2.6393854686800056e-06 1.0062813612791925e-02 1.0061725799629445e-02 1.0878131624803694e-06 1.0063277371935644e-02 1.0061725799629445e-02 1.5515723061996362e-06
97 3.7695312500000000e-01 2.0294493326981151e-02 2.0291850702141428e-02 2.6426248397222463e-06 1.0147015568293555e-02 1.0145925351070714e-02 1.0902172228408752e-06 1.0147477758687596e-02 1.0145925351070714e-02 1.5524076168813711e-06
98 3.8085937500000000e-01 2.0458302224117673e-02 2.0455656459037352e-02 2.6457650803210497e-06 1.0228920775894124e-02 1.0227828229518676e-02 1.0925463754477699e-06 1.0229381448223549e-02 1.0227828229518676e-02 1.5532187048732798e-06
99 3.8476562500000000e-01 2.0617453949654363e-02 2.0614805143663005e-02 2.6488059913579165e-06 1.0308497372427311e-02 1.0307402571831503e-02 1.0948005958084928e-06 1.0308956577227052e-02 1.0307402571831503e-02 1.5540053955494237e-06
100 3.8867187500000000e-01 2.0771886832801355e-02 2.0769235085421292e-02 2.6517473800634350e-06 1.0385714522574604e-02 1.0384617542710646e-02 1.0969798639581113e-06 1.0386172310226751e-02 1.0384617542710646e-02 1.5547675161053237e-06
101 3.9257812500000000e-01 2.0921541258461459e-02 2.0918886669401688e-02 2.6545890597709509e-06 1.0460542418862769e-02 1.0459443334700844e-02 1.0990841619248903e-06 1.0460998839598690e-02 1.0459443334700844e-02 1.5555048978460606e-06
102 3.9648437500000000e-01 2.1066359667230687e-02 2.1063702336380236e-02 2.6573308504508619e-06 1.0532952281658656e-02 1.0531851168190118e-02 1.1011134685382645e-06 1.0533407385572031e-02 1.0531851168190118e-02 1.5562173819125974e-06
103 4.0039062500000000e-01 2.1206286555397708e-02 2.1203626582819553e-02 2.6599725781555061e-06 1.0602916359177535e-02 1.0601813291409776e-02 1.1030677677589806e-06 1.0603370196220173e-02 1.0601813291409776e-02 1.5569048103965255e-06
104 4.0429687500000000e-01 2.1341268474944219e-02 2.1338605960868826e-02 2.6625140753938625e-06 1.0670407927473227e-02 1.0669302980434413e-02 1.1049470388137250e-06 1.0670860547470993e-02 1.0669302980434413e-02 1.5575670365801375e-06
105 4.0820312500000000e-01 2.1471254033544499e-02 2.1468589078363808e-02 2.6649551806909311e-06 1.0735401290451521e-02 1.0734294539181904e-02 1.1067512696166792e-06 1.0735852743092978e-02 1.0734294539181904e-02 1.5582039110742518e-06
106 4.1210937500000000e-01 2.1596193894566289e-02 2.1593526598826827e-02 2.6672957394620334e-06 1.0797871779854392e-02 1.0796763299413413e-02 1.1084804409783322e-06 1.0798322114711897e-02 1.0796763299413413e-02 1.5588152984837012e-06
107 4.1601562500000000e-01 2.1716040777069887e-02 2.1713371241466772e-02 2.6695356031142259e-06 1.0857795755271665e-02 1.0856685620733386e-02 1.1101345382784344e-06 1.0858245021798222e-02 1.0856685620733386e-02 1.5594010648357914e-06
108 4.1992187500000000e-01 2.1830749455808741e-02 2.1828077781179112e-02 2.6716746296291671e-06 1.0915150604137501e-02 1.0914038890589556e-02 1.1117135479445095e-06 1.0915598851671241e-02 1.0914038890589556e-02 1.5599610816846576e-06
109 4.2382812500000000e-01 2.1940276761228901e-02 2.1937603048545879e-02 2.6737126830218838e-06 1.0969914741728327e-02 1.0968801524272940e-02 1.1132174553875329e-06 1.0970362019500574e-02 1.0968801524272940e-02 1.5604952276343509e-06
110 4.2773437500000000e-01 2.2044581579469869e-02 2.2041905929835678e-02 2.6756496341907854e-06 1.1022067611165278e-02 1.1020952964917839e-02 1.1146462474392188e-06 1.1022513968304590e-02 1.1020952964917839e-02 1.5610033867515666e-06
111 4.3164062500000000e-01 2.2143624852363823e-02 2.2140947367003685e-02 2.6774853601370385e-06 1.1071589683413128e-02 1.1070473683501843e-02 1.1159999112851648e-06 1.1072035168950695e-02 1.1070473683501843e-02 1.5614854488518737e-06
112 4.3554687500000000e-01 2.2237369577436095e-02 2.2234690357691638e-02 2.6792197444572285e-06 1.1118462457282074e-02 1.1117345178845819e-02 1.1172784362550869e-06 1.1118907120154021e-02 1.1117345178845819e-02 1.5619413082021416e-06
113 4.3945312500000000e-01 2.2325780807904528e-02 2.2323099955227854e-02 2.6808526766737562e-06 1.1162668459423106e-02 1.1161549977613927e-02 1.1184818091789644e-06 1.1163112348481422e-02 1.1161549977613927e-02 1.5623708674947917e-06
114 4.4335937500000000e-01 2.2408825652680712e-02 2.2406143268627218e-02 2.6823840534942467e-06 1.1204191244336933e-02 1.1203071634313609e-02 1.1196100233243356e-06 1.1204634408343779e-02 1.1203071634313609e-02 1.5627740301699111e-06
115 4.4726562500000000e-01 2.2486473276368817e-02 2.2483789462591181e-02 2.6838137776354076e-06 1.1243015394360033e-02 1.1241894731295591e-02 1.1206630644421817e-06 1.1243457882008784e-02 1.1241894731295591e-02 1.5631507131932260e-06
116 4.5117187500000000e-01 2.2558694899266152e-02 2.2556009757507763e-02 2.6851417583885484e-06 1.1279126519678341e-02 1.1278004878753882e-02 1.1216409244590997e-06 1.1279568379587811e-02 1.1278004878753882e-02 1.5635008339294487e-06
117 4.5507812500000000e-01 2.2625463797362765e-02 2.2622777429451561e-02 2.6863679112032468e-06 1.1312511258325711e-02 1.1311388714725781e-02 1.1225435999299288e-06 1.1312952539037054e-02 1.1311388714725781e-02 1.5638243112733180e-06
118 4.5898437500000000e-01 2.2686755302342227e-02 2.2684067810183735e-02 2.6874921584922606e-06 1.1343157276169495e-02 1.1342033905091867e-02 1.1233710776274025e-06 1.1343598026172732e-02 1.1342033905091867e-02 1.5641210808648581e-06
119 4.6289062500000000e-01 2.2742546801580797e-02 2.2739858287152019e-02 2.6885144287780438e-06 1.1371053266929630e-02 1.1369929143576010e-02 1.1241233536206374e-06 1.1371493534651167e-02 1.1369929143576010e-02 1.5643910751574064e-06
120 4.6679687500000000e-01 2.2792817738147945e-02 2.2790128303490715e-02 2.6894346572305106e-06 1.1396188952164901e-02 1.1395064151745357e-02 1.1248004195430622e-06 1.1396628785983045e-02 1.1395064151745357e-02 1.5646342376874484e-06
121 4.7070312500000000e-01 2.2837549610805787e-02 2.2834859358020692e-02 2.6902527850945768e-06 1.1418555081281418e-02 1.1417429679010346e-02 1.1254022710717460e-06 1.1418994529524369e-02 1.1417429679010346e-02 1.5648505140228308e-06
122 4.7460937500000000e-01 2.2876725974010140e-02 2.2874035005249392e-02 2.6909687607483412e-06 1.1438143431525454e-02 1.1437017502624696e-02 1.1259289007577861e-06 1.1438582542484687e-02 1.1437017502624696e-02 1.5650398599905552e-06
123 4.7851562500000000e-01 2.2910332437909464e-02 2.2907640855370830e-02 2.6915825386344960e-06 1.1454946807992637e-02 1.1453820427685415e-02 1.1263803072220774e-06 1.1455385629916827e-02 1.1453820427685415e-02 1.5652022314124187e-06
124 4.8242187500000000e-01 2.2938356668345448e-02 2.2935664574265584e-02 2.6920940798640103e-06 1.1468959043618027e-02 1.1467832287132792e-02 1.1267564852344286e-06 1.1469397624727422e-02 1.1467832287132792e-02 1.5653375946295817e-06
125 4.8632812500000000e-01 2.2960788386852508e-02 2.2958095883500809e-02 2.6925033516991825e-06 1.1480174999180687e-02 1.1479047941750404e-02 1.1270574302828240e-06 1.1480613387671821e-02 1.1479047941750404e-02 1.5654459214163585e-06
126 4.9023437500000000e-01 2.2977619370658609e-02 2.2974926560330219e-02 2.6928103283897775e-06 1.1488590563306048e-02 1.1487463280165110e-02 1.1272831409378514e-06 1.1489028807352562e-02 1.1487463280165110e-02 1.5655271874519261e-06
127 4.9414062500000000e-01 2.2988843452684496e-02 2.2986150437694107e-02 2.6930149903889311e-06 1.1494202652464846e-02 1.1493075218847053e-02 1.1274336177927863e-06 1.1494640800219650e-02 1.1493075218847053e-02 1.5655813725961448e-06
128 4.9804687500000000e-01 2.2994456521544103e-02 2.2991763404219337e-02 2.6931173247660145e-06 1.1497009210965515e-02 1.1495881702109668e-02 1.1275088558464208e-06 1.1497447310578588e-02 1.1495881702109668e-02 1.5656084689195937e-06
129 5.0195312500000000e-01 2.2994456521543954e-02 2.2991763404219337e-02 2.6931173246168283e-06 1.1497009210965515e-02 1.1495881702109668e-02 1.1275088558464208e-06 1.1497447310578439e-02 1.1495881702109668e-02 1.5656084687704075e-06
130 5.0585937500000000e-01 2.2988843452684447e-02 2.2986150437694107e-02 2.6930149903403588e-06 1.1494202652464846e-02 1.1493075218847053e-02 1.1274336177927863e-06 1.1494640800219601e-02 1.1493075218847053e-02 1.5655813725475726e-06
131 5.0976562500000000e-01 2.2977619370658592e-02 2.2974926560330219e-02 2.6928103283724303e-06 1.1488590563306048e-02 1.1487463280165110e-02 1.1272831409378514e-06 1.1489028807352544e-02 1.1487463280165110e-02 1.5655271874345789e-06
132 5.1367187500000000e-01 2.2960788386852598e-02 2.2958095883500809e-02 2.6925033517893882e-06 1.1480174999180687e-02 1.1479047941750404e-02 1.1270574302828240e-06 1.1480613387671911e-02 1.1479047941750404e-02 1.5654459215065641e-06
133 5.1757812500000000e-01 2.2938356668345379e-02 2.2935664574265584e-02 2.6920940797946213e-06 1.1468959043617390e-02 1.1467832287132792e-02 1.1267564845977851e-06 1.1469397624727989e-02 1.1467832287132792e-02 1.5653375951968362e-06
134 5.2148437500000000e-01 2.2910332437909482e-02 2.2907640855370830e-02 2.6915825386518433e-06 1.1454946807992637e-02 1.1453820427685415e-02 1.1263803072220774e-06 1.1455385629916845e-02 1.1453820427685415e-02 1.5652022314297659e-06
135 5.2539062500000000e-01 2.2876725974010182e-02 2.2874035005249392e-02 2.6909687607899746e-06 1.1438143431525454e-02 1.1437017502624696e-02 1.1259289007577861e-06 1.1438582542484728e-02 1.1437017502624696e-02 1.5650398600321885e-06
136 5.2929687500000000e-01 2.2837549610805915e-02 2.2834859358020692e-02 2.6902527852229463e-06 1.1418555081281418e-02 1.1417429679010346e-02 1.1254022710717460e-06 1.1418994529524497e-02 1.1417429679010346e-02 1.5648505141512004e-06
137 5.3320312500000000e-01 2.2792817738147834e-02 2.2790128303490715e-02 2.6894346571194883e-06 1.1396188952164684e-02 1.1395064151745357e-02 1.1248004193262218e-06 1.1396628785983151e-02 1.1395064151745357e-02 1.5646342377932665e-06
138 5.3710937500000000e-01 2.2742546801580762e-02 2.2739858287152019e-02 2.6885144287433493e-06 1.1371053266929630e-02 1.1369929143576010e-02 1.1241233536206374e-06 1.1371493534651132e-02 1.1369929143576010e-02 1.5643910751227119e-06
139 5.4101562500000000e-01 2.2686755302342199e-02 2.2684067810183735e-02 2.6874921584645051e-06 1.1343157276169495e-02 1.1342033905091867e-02 1.1233710776274025e-06 1.1343598026172705e-02 1.1342033905091867e-02 1.5641210808371026e-06
140 5.4492187500000000e-01 2.2625463797362824e-02 2.2622777429451561e-02 2.6863679112622274e-06 1.1312511258325711e-02 1.1311388714725781e-02 1.1225435999299288e-06 1.1312952539037113e-02 1.1311388714725781e-02 1.5638243113322986e-06
141 5.4882812500000000e-01 2.2558694899266020e-02 2.2556009757507763e-02 2.6851417582567094e-06 1.1279126519678341e-02 1.1278004878753882e-02 1.1216409244590997e-06 1.1279568379587679e-02 1.1278004878753882e-02 1.5635008337976097e-06
142 5.5273437500000000e-01 2.2486473276368768e-02 2.2483789462591181e-02 2.6838137775868354e-06 1.1243015394360033e-02 1.1241894731295591e-02 1.1206630644421817e-06 1.1243457882008735e-02 1.1241894731295591e-02 1.5631507131446537e-06
143 5.5664062500000000e-01 2.2408825652680670e-02 2.2406143268627218e-02 2.6823840534526133e-06 1.1204191244336933e-02 1.1203071634313609e-02 1.1196100233243356e-06 1.1204634408343737e-02 1.1203071634313609e-02 1.5627740301282778e-06
144 5.6054687500000000e-01 2.2325780807904583e-02 2.2323099955227854e-02 2.6808526767292673e-06 1.1162668459423106e-02 1.1161549977613927e-02 1.1184818091789644e-06 1.1163112348481477e-02 1.1161549977613927e-02 1.5623708675503029e-06
145 5.6445312500000000e-01 2.2237369577435894e-02 2.2234690357691638e-02 2.6792197442560006e-06 1.1118462457281823e-02 1.1117345178845819e-02 1.1172784360035520e-06 1.1118907120154072e-02 1.1117345178845819e-02 1.5619413082524486e-06
146 5.6835937500000000e-01 2.2143624852363736e-02 2.2140947367003685e-02 2.6774853600503024e-06 1.1071589683413128e-02 1.1070473683501843e-02 1.1159999112851648e-06 1.1072035168950608e-02 1.1070473683501843e-02 1.5614854487651375e-06
147 5.7226562500000000e-01 2.2044581579469785e-02 2.2041905929835678e-02 2.6756496341075187e-06 1.1022067611165278e-02 1.1020952964917839e-02 1.1146462474392188e-06 1.1022513968304507e-02 1.1020952964917839e-02 1.5610033866682999e-06
148 5.7617187500000000e-01 2.1940276761228884e-02 2.1937603048545879e-02 2.6737126830045366e-06 1.0969914741728327e-02 1.0968801524272940e-02 1.1132174553875329e-06 1.0970362019500557e-02 1.0968801524272940e-02 1.5604952276170037e-06
149 5.8007812500000000e-01 2.1830749455808603e-02 2.1828077781179112e-02 2.6716746294903893e-06 1.0915150604137501e-02 1.0914038890589556e-02 1.1117135479445095e-06 1.0915598851671102e-02 1.0914038890589556e-02 1.5599610815458798e-06
150 5.8398437500000000e-01 2.1716040777069841e-02 2.1713371241466772e-02 2.6695356030691231e-06 1.0857795755271665e-02 1.0856685620733386e-02 1.1101345382784344e-06 1.0858245021798177e-02 1.0856685620733386e-02 1.5594010647906886e-06
151 5.8789062500000000e-01 2.1596193894566268e-02 2.1593526598826827e-02 2.6672957394412167e-06 1.0797871779854392e-02 1.0796763299413413e-02 1.1084804409783322e-06 1.0798322114711876e-02 1.0796763299413413e-02 1.5588152984628845e-06
152 5.9179687500000000e-01 2.1471254033544596e-02 2.1468589078363808e-02 2.6649551807880756e-06 1.0735401290451764e-02 1.0734294539181904e-02 1.1067512698595405e-06 1.0735852743092833e-02 1.0734294539181904e-02 1.5582039109285351e-06
153 5.9570312500000000e-01 2.1341268474944115e-02 2.1338605960868826e-02 2.6625140752897791e-06 1.0670407927473360e-02 1.0669302980434413e-02 1.1049470389472987e-06 1.0670860547470755e-02 1.0669302980434413e-02 1.5575670363424804e-06
154 5.9960937500000000e-01 2.1206286555397677e-02 2.1203626582819553e-02 2.6599725781242811e-06 1.0602916359177535e-02 1.0601813291409776e-02 1.1030677677589806e-06 1.0603370196220142e-02 1.0601813291409776e-02 1.5569048103653005e-06
155 6.0351562500000000e-01 2.1066359667230649e-02 2.1063702336380236e-02 2.6573308504126980e-06 1.0532952281658656e-02 1.0531851168190118e-02 1.1011134685382645e-06 1.0533407385571993e-02 1.0531851168190118e-02 1.5562173818744335e-06
156 6.0742187500000000e-01 2.0921541258461508e-02 2.0918886669401688e-02 2.6545890598195232e-06 1.0460542418862769e-02 1.0459443334700844e-02 1.0990841619248903e-06 1.0460998839598739e-02 1.0459443334700844e-02 1.5555048978946329e-06
157 6.1132812500000000e-01 2.0771886832801296e-02 2.0769235085421292e-02 2.6517473800044544e-06 1.0385714522574604e-02 1.0384617542710646e-02 1.0969798639581113e-06 1.0386172310226692e-02 1.0384617542710646e-02 1.5547675160463431e-06
158 6.1523437500000000e-01 2.0617453949654384e-02 2.0614805143663005e-02 2.6488059913787332e-06 1.0308497372427311e-02 1.0307402571831503e-02 1.0948005958084928e-06 1.0308956577227073e-02 1.0307402571831503e-02 1.5540053955702404e-06
159 6.1914062500000000e-01 2.0458302224117736e-02 2.0455656459037352e-02 2.6457650803834998e-06 1.0228920775894124e-02 1.0227828229518676e-02 1.0925463754477699e-06 1.0229381448223612e-02 1.0227828229518676e-02 1.5532187049357299e-06
160 6.2304687500000000e-01 2.0294493326981286e-02 2.0291850702141428e-02 2.6426248398575547e-06 1.0147015568293612e-02 1.0145925351070714e-02 1.0902172228981211e-06 1.0147477758687674e-02 1.0145925351070714e-02 1.5524076169594336e-06
161 6.2695312500000000e-01 2.0126090984727479e-02 2.0123451599258890e-02 2.6393854685897999e-06 1.0062813612791689e-02 1.0061725799629445e-02 1.0878131622444470e-06 1.0063277371935790e-02 1.0061725799629445e-02 1.5515723063453529e-06
162 6.3085937500000000e-01 1.9953160979532172e-02 1.9950524932359978e-02 2.6360471721935397e-06 9.9763478003934130e-03 9.9752624661799891e-03 1.0853342134239247e-06 9.9768131791387587e-03 9.9752624661799891e-03 1.5507129587696150e-06
163 6.3476562500000000e-01 1.9775771149263689e-02 1.9773138539101495e-02 2.6326101621940157e-06 9.8876520499506498e-03 9.8865692695507476e-03 1.0827803999021585e-06 9.8881190993130395e-03 9.8865692695507476e-03 1.5498297622918572e-06
164 6.3867187500000000e-01 1.9593991387483252e-02 1.9591362312826811e-02 2.6290746564412715e-06 9.7967613081581251e-03 9.7956811564134053e-03 1.0801517447197456e-06 9.7972300793251269e-03 9.7956811564134053e-03 1.5489229117215259e-06
165 6.4257812500000000e-01 1.9407893643444595e-02 1.9405268202565870e-02 2.6254408787250438e-06 9.7037115495556964e-03 9.7026341012829351e-03 1.0774482727612944e-06 9.7041820938888988e-03 9.7026341012829351e-03 1.5479926059637494e-06
166 6.4648437500000000e-01 1.9217551922094643e-02 1.9214930213035185e-02 2.6217090594582437e-06 9.6085397765271943e-03 9.6074651065175924e-03 1.0746700096018330e-06 9.6090121455674488e-03 9.6074651065175924e-03 1.5470390498564107e-06
167 6.5039062500000000e-01 1.9023042284072811e-02 1.9020424404637838e-02 2.6178794349726586e-06 9.5112840192996522e-03 9.5102122023189191e-03 1.0718169807331229e-06 9.5117582647731586e-03 9.5102122023189191e-03 1.5460624542395357e-06
168 6.5429687500000000e-01 1.8824442845711352e-02 1.8821828893463486e-02 2.6139522478658972e-06 9.4119833359459244e-03 9.4109144467317430e-03 1.0688892141813566e-06 9.4124595097654275e-03 9.4109144467317430e-03 1.5450630336845406e-06
169 6.5820312500000000e-01 1.8621833779034896e-02 1.8619223851288346e-02 2.6099277465503612e-06 9.3106778123807788e-03 9.3096119256441730e-03 1.0658867366057645e-06 9.3111559666541176e-03 9.3096119256441730e-03 1.5440410099445967e-06
170 6.6210937500000000e-01 1.8415297311761305e-02 1.8412691505575209e-02 2.6058061860963211e-06 9.2074085623645371e-03 9.2063457527876043e-03 1.0628095769328605e-06 9.2078887493967677e-03 9.2063457527876043e-03 1.5429966091634606e-06
171 6.6601562500000000e-01 1.8204917727300773e-02 1.8202316139473443e-02 2.6015878273298598e-06 9.1022177275030779e-03 9.1011580697367214e-03 1.0596577663564422e-06 9.1026999997976948e-03 9.1011580697367214e-03 1.5419300609734177e-06
172 6.6992187500000000e-01 1.7990781364756292e-02 1.7988184091818973e-02 2.5972729373185954e-06 8.9951484772433938e-03 8.9940920459094867e-03 1.0564313339071069e-06 8.9956328875128982e-03 8.9940920459094867e-03 1.5408416034114886e-06
173 6.7382812500000000e-01 1.7772976618923273e-02 1.7770383757134304e-02 2.5928617889692251e-06 8.8862450088796219e-03 8.8851918785671519e-03 1.0531303124700075e-06 8.8867316100436512e-03 8.8851918785671519e-03 1.5397314764992176e-06
174 6.7773437500000000e-01 1.7551593940290020e-02 1.7549005585628507e-02 2.5883546615132480e-06 8.7755525475470067e-03 8.7745027928142535e-03 1.0497547327532192e-06 8.7760413927430135e-03 8.7745027928142535e-03 1.5385999287600288e-06
175 6.8164062500000000e-01 1.7326725835037242e-02 1.7324142083197221e-02 2.5837518400212423e-06 8.6631173462275203e-03 8.6620710415986103e-03 1.0463046289099776e-06 8.6636084888097216e-03 8.6620710415986103e-03 1.5374472111112647e-06
176 6.8554687500000000e-01 1.7098466865038322e-02 1.7095887811422659e-02 2.5790536156630739e-06 8.5489866857455538e-03 8.5479439057113294e-03 1.0427800342244220e-06 8.5494801792927681e-03 8.5479439057113294e-03 1.5362735814386519e-06
177 6.8945312500000000e-01 1.6866913647858941e-02 1.6864339387573597e-02 2.5742602853436047e-06 8.4332088747736834e-03 8.4321696937867986e-03 1.0391809868847551e-06 8.4337047730852575e-03 8.4321696937867986e-03 1.5350792984588496e-06
178 6.9335937500000000e-01 1.6632164856757673e-02 1.6629595484605394e-02 2.5693721522786206e-06 8.3158332498214308e-03 8.3147977423026972e-03 1.0355075187335611e-06 8.3163316069362423e-03 8.3147977423026972e-03 1.5338646335450595e-06
179 6.9726562500000000e-01 1.6394321220685435e-02 1.6391756831159964e-02 2.5643895254709448e-06 8.1969101752498059e-03 8.1958784155799821e-03 1.0317596698238701e-06 8.1974110454356292e-03 8.1958784155799821e-03 1.5326298556470747e-06
180 7.0117187500000000e-01 1.6153485524285627e-02 1.6150926211565796e-02 2.5593127198318688e-06 8.0764910432623571e-03 8.0754631057828978e-03 1.0279374794593121e-06 8.0769944810232704e-03 8.0754631057828978e-03 1.5313752403725567e-06
181 7.0507812500000000e-01 1.5909762607893951e-02 1.5907208465837954e-02 2.5541420559972716e-06 7.9546282739038198e-03 7.9536042329189770e-03 1.0240409848427667e-06 7.9551343339901315e-03 7.9536042329189770e-03 1.5301010711545049e-06
182 7.0898437500000000e-01 1.5663259367538828e-02 1.5660710489678063e-02 2.5488778607647700e-06 7.8313753150658569e-03 7.8303552448390316e-03 1.0200702268252371e-06 7.8318840524729712e-03 7.8303552448390316e-03 1.5288076339395329e-06
183 7.1289062500000000e-01 1.5414084754940908e-02 1.5411541234474328e-02 2.5435204665802402e-06 7.7067866424837530e-03 7.7057706172371640e-03 1.0160252465890585e-06 7.7072981124571551e-03 7.7057706172371640e-03 1.5274952199911818e-06
184 7.1679687500000000e-01 1.5162349777513302e-02 1.5159811707301515e-02 2.5380702117876186e-06 7.5809177597372310e-03 7.5799058536507573e-03 1.0119060864736268e-06 7.5814320177760713e-03 7.5799058536507573e-03 1.5261641253139918e-06
185 7.2070312500000000e-01 1.4908167498361224e-02 1.4905634970920961e-02 2.5325274402628745e-06 7.4538251982523276e-03 7.4528174854604804e-03 1.0077127918471651e-06 7.4543423001088962e-03 7.4528174854604804e-03 1.5248146484157094e-06
186 7.2460937500000000e-01 1.4651653036282649e-02 1.4649126143780576e-02 2.5268925020732053e-06 7.3255665172938834e-03 7.3245630718902881e-03 1.0034454035953710e-06 7.3260865189887659e-03 7.3245630718902881e-03 1.5234470984778342e-06
187 7.2851562500000000e-01 1.4392923565767567e-02 1.4390402400014841e-02 2.5211657527259013e-06 7.1962003039786546e-03 7.1952012000074204e-03 9.9910397123419148e-07 7.1967232617889121e-03 7.1952012000074204e-03 1.5220617814917098e-06
188 7.3242187500000000e-01 1.4132098316998345e-02 1.4129582969444802e-02 2.5153475535430458e-06 7.0657861732616482e-03 7.0647914847224011e-03 9.9468853924714051e-07 7.0663121437366970e-03 7.0647914847224011e-03 1.5206590142959053e-06
189 7.3632812500000000e-01 1.3869298575849417e-02 1.3866789137578078e-02 2.5094382713388569e-06 6.9343847679459074e-03 6.9333945687890391e-03 9.9019915686827248e-07 6.9349138079035097e-03 6.9333945687890391e-03 1.5192391144705844e-06
190 7.4023437500000000e-01 1.3604647683887736e-02 1.3602144245608858e-02 2.5034382788776538e-06 6.8020577586781691e-03 6.8010721228044290e-03 9.8563587374016909e-07 6.8025899252095665e-03 6.8010721228044290e-03 1.5178024051374847e-06
191 7.4414062500000000e-01 1.3338271038372262e-02 1.3335773690417897e-02 2.4973479543655835e-06 6.6688678439461701e-03 6.6678868452089484e-03 9.8099873722164860e-07 6.6694031944260924e-03 6.6678868452089484e-03 1.5163492171439349e-06
192 7.4804687500000000e-01 1.3070296092254189e-02 1.3067804924572523e-02 2.4911676816657263e-06 6.5348787500898783e-03 6.5339024622862616e-03 9.7628780361663087e-07 6.5354173421643107e-03 6.5339024622862616e-03 1.5148798780490955e-06
193 7.5195312500000000e-01 1.2800852354176641e-02 1.2798367456326638e-02 2.4848978500031926e-06 6.4001552312857408e-03 6.3991837281633188e-03 9.7150312242198084e-07 6.4006971228909000e-03 6.3991837281633188e-03 1.5133947275812118e-06
194 7.5585937500000000e-01 1.2530071388475207e-02 1.2527592849620703e-02 2.4785388545046222e-06 6.2647630695576578e-03 6.2637964248103513e-03 9.6664474730657340e-07 6.2653083189175493e-03 6.2637964248103513e-03 1.5118941071980488e-06
195 7.5976562500000000e-01 1.2258086815177318e-02 1.2255614724081758e-02 2.4720910955598058e-06 6.1287690747775072e-03 6.1278073620408789e-03 9.6171273662824103e-07 6.1293177403998105e-03 6.1278073620408789e-03 1.5103783589315647e-06
196 7.6367187500000000e-01 1.1985034310002524e-02 1.1982568755023409e-02 2.4655549791148534e-06 5.9922410846555557e-03 5.9912843775117046e-03 9.5670714385116123e-07 5.9927932253469682e-03 5.9912843775117046e-03 1.5088478352636922e-06
197 7.6757812500000000e-01 1.1711051604362251e-02 1.1708592673445832e-02 2.4589309164189249e-06 5.8552479647513206e-03 5.8542963367229162e-03 9.5162802840435823e-07 5.8558036396109308e-03 5.8542963367229162e-03 1.5073028880145667e-06
198 7.7148437500000000e-01 1.1436278485360137e-02 1.1433826266035776e-02 2.4522193243607660e-06 5.7178596084667011e-03 5.7169131330178881e-03 9.4647544881306528e-07 5.7184188768934358e-03 5.7169131330178881e-03 1.5057438755477007e-06
199 7.7539062500000000e-01 1.1160856795791631e-02 1.1158411375166554e-02 2.4454206250766608e-06 5.5801469370499804e-03 5.5792056875832770e-03 9.4124946670333387e-07 5.5807098587416504e-03 5.5792056875832770e-03 1.5041711583733269e-06
200 7.7929687500000000e-01 1.0884930434144144e-02 1.0882491898898054e-02 2.4385352460892101e-06 5.4421818995920310e-03 5.4412459494490271e-03 9.3595014300385665e-07 5.4427485345521125e-03 5.4412459494490271e-03 1.5025851030853535e-06
201 7.8320312500000000e-01 1.0608645354596803e-02 1.0606213790976732e-02 2.4315636200714086e-06 5.3040374730288272e-03 5.3031068954883659e-03 9.3057754046131647e-07 5.3046078815679760e-03 5.3031068954883659e-03 1.5009860796100921e-06
202 7.8710937500000000e-01 1.0332149567020898e-02 1.0329725060835612e-02 2.4245061852855299e-06 5.1657876621424258e-03 5.1648625304178061e-03 9.2513172461963777e-07 5.1663619048784720e-03 5.1648625304178061e-03 1.4993744606658921e-06
203 7.9101562500000000e-01 1.0055593136979350e-02 1.0053175773594290e-02 2.4173633850592402e-06 5.0275074995591350e-03 5.0265878867971452e-03 9.1961276198985337e-07 5.0280856374202145e-03 5.0265878867971452e-03 1.4977506230693868e-06
204 7.9492187500000000e-01 9.7791281857269249e-03 9.7767180500589312e-03 2.4101356679937652e-06 4.8892730457474175e-03 4.8883590250294656e-03 9.1402071795195633e-07 4.8898551399795074e-03 4.8883590250294656e-03 1.4961149500418089e-06
205 7.9882812500000000e-01 9.5029088902100212e-03 9.5005060667222689e-03 2.4028234877522536e-06 4.7511613890250824e-03 4.7502530333611345e-03 9.0835566394793094e-07 4.7517475011849388e-03 4.7502530333611345e-03 1.4944678238043227e-06
206 8.0273437500000000e-01 9.2270914830669491e-03 9.2246960557636117e-03 2.3954273033373330e-06 4.6132506455506452e-03 4.6123480278818059e-03 9.0261766883936029e-07 4.6138408375163038e-03 4.6123480278818059e-03 1.4928096344979727e-06
207 8.0664062500000000e-01 8.9518342526275583e-03 8.9494463050488315e-03 2.3879475787268178e-06 4.4756199593280182e-03 4.4747231525244157e-03 8.9680680360245540e-07 4.4762142932995401e-03 4.4747231525244157e-03 1.4911407751243624e-06
208 8.1054687500000000e-01 8.6772975429134161e-03 8.6749171581303724e-03 2.3803847830437125e-06 4.3383495022092603e-03 4.3374585790651862e-03 8.9092314407412249e-07 4.3389480407041558e-03 4.3374585790651862e-03 1.4894616389695900e-06
209 8.1445312500000000e-01 8.4036437536375314e-03 8.4012710142472493e-03 2.3727393902821248e-06 4.2015204738866177e-03 4.2006355071236246e-03 8.8496676299305160e-07 4.2021232797509137e-03 4.2006355071236246e-03 1.4877726272890732e-06
210 8.1835937500000000e-01 8.1310373402047678e-03 8.1286723283250460e-03 2.3650118797218650e-06 4.0652151018998580e-03 4.0643361641625230e-03 8.7893773733499492e-07 4.0658222383049098e-03 4.0643361641625230e-03 1.4860741423868701e-06
211 8.2226562500000000e-01 7.8596448137113577e-03 7.8572876109759167e-03 2.3572027354409886e-06 3.9295166416339318e-03 3.9286438054879583e-03 8.7283614597349207e-07 3.9301281720774258e-03 3.9286438054879583e-03 1.4843665894674965e-06
212 8.2617187500000000e-01 7.5896347409450844e-03 7.5872854284985839e-03 2.3493124465005441e-06 3.7945093763169699e-03 3.7936427142492919e-03 8.6666206767799930e-07 3.7951253646281145e-03 3.7936427142492919e-03 1.4826503788225448e-06
213 8.3007812500000000e-01 7.3211777443850960e-03 7.3188364028783414e-03 2.3413415067546212e-06 3.6602786170229001e-03 3.6594182014391707e-03 8.6041558372941876e-07 3.6608991273621959e-03 3.6594182014391707e-03 1.4809259230252024e-06
214 8.3398437500000000e-01 7.0544465022021182e-03 7.0521132117870537e-03 2.3332904150645886e-06 3.5269107026702565e-03 3.5260566058935268e-03 8.5409677672964451e-07 3.5275357995318618e-03 3.5260566058935268e-03 1.4791936383349441e-06
215 8.3789062500000000e-01 6.7896157482581617e-03 6.7872905885831515e-03 2.3251596750102632e-06 3.3944930000229692e-03 3.3936452942915757e-03 8.4770573139346383e-07 3.3951227482351925e-03 3.3936452942915757e-03 1.4774539436167994e-06
216 8.4179687500000000e-01 6.5268622721066294e-03 6.5245453223116388e-03 2.3169497949905235e-06 3.2631139036899564e-03 3.2622726611558194e-03 8.4124253413699404e-07 3.2637483684166729e-03 3.2622726611558194e-03 1.4757072608535295e-06
217 8.4570312500000000e-01 6.2663649189921315e-03 6.2640562577040886e-03 2.3086612880428986e-06 3.1328628361243830e-03 3.1320281288520443e-03 8.3470727233869030e-07 3.1335020828677485e-03 3.1320281288520443e-03 1.4739540157042083e-06
218 8.4960937500000000e-01 6.0083045898507107e-03 6.0060042951786416e-03 2.3002946720690823e-06 3.0038302476259348e-03 3.0030021475893208e-03 8.2810003661400178e-07 3.0044743422247759e-03 3.0030021475893208e-03 1.4721946354550805e-06
219 8.5351562500000000e-01 5.7528642413095408e-03 5.7505723908400121e-03 2.2918504695287542e-06 2.8761076163366876e-03 2.8752861954200060e-03 8.2142091668152561e-07 2.8767566249728533e-03 2.8752861954200060e-03 1.4704295528472286e-06
220 8.5742187500000000e-01 5.5002288856870109e-03 5.4979455564794803e-03 2.2833292075306530e-06 2.7497874482467870e-03 2.7489727782397401e-03 8.1467000704682838e-07 2.7504414374402240e-03 2.7489727782397401e-03 1.4686592004838246e-06
221 8.6132812500000000e-01 5.2505855909926015e-03 5.2483108595748982e-03 2.2747314177033393e-06 2.6249632771887872e-03 2.6241554297874491e-03 8.0784740133814023e-07 2.6256223138038143e-03 2.6241554297874491e-03 1.4668840163651990e-06
222 8.6523437500000000e-01 5.0041234809269936e-03 5.0018574232906883e-03 2.2660576363053506e-06 2.5017296648427749e-03 2.5009287116453441e-03 8.0095319743072810e-07 2.5023938160842188e-03 2.5009287116453441e-03 1.4651044388746225e-06
223 8.6914062500000000e-01 4.7610337348818772e-03 4.7587764264778410e-03 2.2573084040361166e-06 2.3801822007314057e-03 2.3793882132389205e-03 7.9398749248515282e-07 2.3808515341504715e-03 2.3793882132389205e-03 1.4633209115509638e-06
224 8.7304687500000000e-01 4.5215095879399900e-03 4.5192611036739177e-03 2.2484842660723883e-06 2.2604175022253232e-03 2.2596305518369588e-03 7.8695038836437692e-07 2.2610920857146668e-03 2.2596305518369588e-03 1.4615338777080114e-06
225 8.7695312500000000e-01 4.2857463308749568e-03 4.2835067451030490e-03 2.2395857719077761e-06 2.1425332145374319e-03 2.1417533725515245e-03 7.7984198590744236e-07 2.1432131163375248e-03 2.1417533725515245e-03 1.4597437860003337e-06
226 8.8085937500000000e-01 4.0539413101515053e-03 4.0517106966759366e-03 2.2306134755687226e-06 2.0266280107276175e-03 2.0258553483379683e-03 7.7266238964921949e-07 2.0273132994238878e-03 2.0258553483379683e-03 1.4579510859195031e-06
227 8.8476562500000000e-01 3.8262939279251574e-03 3.8240723599898500e-03 2.2215679353074572e-06 1.9128015917008927e-03 1.9120361799949250e-03 7.6541170596772234e-07 1.9134923362242647e-03 1.9120361799949250e-03 1.4561562293397348e-06
228 8.8867187500000000e-01 3.6030056420423219e-03 3.6007931923286306e-03 2.2124497136913335e-06 1.8011546862068228e-03 1.8003965961643153e-03 7.5809004250752994e-07 1.8018509558354991e-03 1.8003965961643153e-03 1.4543596711838035e-06
229 8.9257812500000000e-01 3.3842799660401550e-03 3.3820767066626875e-03 2.2032593774675216e-06 1.6917890508405830e-03 1.6910383533313437e-03 7.5069750923926863e-07 1.6924909151995720e-03 1.6910383533313437e-03 1.4525618682282530e-06
230 8.9648437500000000e-01 3.1703224691466661e-03 3.1681284716490012e-03 2.1939974976649228e-06 1.5848074700430224e-03 1.5840642358245006e-03 7.4323421852184532e-07 1.5855149991036437e-03 1.5840642358245006e-03 1.4507632791430775e-06
231 9.0039062500000000e-01 2.9613407762805327e-03 2.9591561116311211e-03 2.1846646494115898e-06 1.4803137560992698e-03 1.4795780558155606e-03 7.3570028370924766e-07 1.4810270201812629e-03 1.4795780558155606e-03 1.4489643657023422e-06
232 9.0429687500000000e-01 2.7575445680511276e-03 2.7553693066391669e-03 2.1752614119607480e-06 1.3784127491404058e-03 1.3776846533195834e-03 7.2809582082238380e-07 1.3791318189107218e-03 1.3776846533195834e-03 1.4471655911383642e-06
233 9.0820312500000000e-01 2.5591455807584011e-03 2.5569797923898283e-03 2.1657883685728338e-06 1.2792103171432052e-03 1.2784898961949141e-03 7.2042094829104231e-07 1.2799352636151959e-03 1.2784898961949141e-03 1.4453674202817915e-06
234 9.1210937500000000e-01 2.3663576063929740e-03 2.3642013602863639e-03 2.1562461066100373e-06 1.1828133559289265e-03 1.1821006801431820e-03 7.1267578574457299e-07 1.1835442504640474e-03 1.1821006801431820e-03 1.4435703208654643e-06
235 9.1601562500000000e-01 2.1793964926359543e-03 2.1772498574186027e-03 2.1466352173515543e-06 1.0893297891649250e-03 1.0886249287093014e-03 7.0486045562366192e-07 1.0900667034710293e-03 1.0886249287093014e-03 1.4417747617278924e-06
236 9.1992187500000000e-01 1.9984801428589577e-03 1.9963431865629437e-03 2.1369562960139692e-06 9.9886856836373106e-04 9.9817159328147186e-04 6.9697508225919323e-07 9.9961157449522664e-04 9.9817159328147186e-04 1.4399812137547759e-06
237 9.2382812500000000e-01 1.8238285161240235e-03 1.8217013061823555e-03 2.1272099416679881e-06 9.1153967288331455e-04 9.1085065309117776e-04 6.8901979213679444e-07 9.1228884324070895e-04 9.1085065309117776e-04 1.4381901495311936e-06
238 9.2773437500000000e-01 1.6556636271836268e-03 1.6535462304263760e-03 2.1173967572507991e-06 8.2745410992705209e-04 8.2677311521318800e-04 6.8099471386409358e-07 8.2820951725657470e-04 8.2677311521318800e-04 1.4364020433867055e-06
239 9.3164062500000000e-01 1.4942095464805728e-03 1.4921020291311135e-03 2.1075173494593865e-06 7.4672391454372463e-04 7.4605101456555673e-04 6.7289997816790022e-07 7.4748563193684822e-04 7.4605101456555673e-04 1.4346173712914863e-06
240 9.3554687500000000e-01 1.3396924001479790e-03 1.3375948278192460e-03 2.0975723287329669e-06 6.6946214962796617e-04 6.6879741390962299e-04 6.6473571834317364e-07 6.7023025052001279e-04 6.6879741390962299e-04 1.4328366103897932e-06
241 9.3945312500000000e-01 1.1923403700091993e-03 1.1902528077000212e-03 2.0875623091781790e-06 5.9578290591952581e-04 5.9512640385001058e-04 6.5650206951522322e-07 5.9655746408967354e-04 5.9512640385001058e-04 1.4310602396629558e-06
242 9.4335937500000000e-01 1.0523836935778315e-03 1.0503062056692568e-03 2.0774879085747218e-06 5.2580130200393955e-04 5.2515310283462839e-04 6.4819916931115485e-07 5.2658239157389196e-04 5.2515310283462839e-04 1.4292887392635669e-06
243 9.4726562500000000e-01 9.2005466405761002e-04 9.1798731430933972e-04 2.0673497482702951e-06 4.5963348431225212e-04 4.5899365715466986e-04 6.3982715758226097e-07 4.6042117974535790e-04 4.5899365715466986e-04 1.4275225906880342e-06
244 9.5117187500000000e-01 7.9558763034239183e-04 7.9353048188922739e-04 2.0571484531644452e-06 3.9739662712116793e-04 3.9676524094461369e-04 6.3138617655423678e-07 3.9819100322122390e-04 3.9676524094461369e-04 1.4257622766102084e-06
245 9.5507812500000000e-01 6.7921899701608155e-04 6.7717211236444661e-04 2.0468846516349471e-06 3.3920893255291702e-04 3.3858605618222330e-04 6.2287637069371495e-07 3.4001006446316453e-04 3.3858605618222330e-04 1.4240082809412321e-06
246 9.5898437500000000e-01 5.7118722435261289e-04 5.6915066537709428e-04 2.0365589755186146e-06 2.8518963057543728e-04 2.8457533268854714e-04 6.1429788689014051e-07 2.8599759377717561e-04 2.8457533268854714e-04 1.4222610886284741e-06
247 9.6289062500000000e-01 4.7173282831587351e-04 4.6970665625583669e-04 2.0261720600368155e-06 2.3545897900233471e-04 2.3485332812791835e-04 6.0565087441636018e-07 2.3627384931353880e-04 2.3485332812791835e-04 1.4205211856204553e-06
248 9.6679687500000000e-01 3.8109838055966583e-04 3.7908265601591031e-04 2.0157245437555185e-06 1.9013826349274633e-04 1.8954132800795515e-04 5.9693548479117253e-07 1.9096011706691950e-04 1.8954132800795515e-04 1.4187890589643459e-06
249 9.7070312500000000e-01 2.9952850842764717e-04 2.9752329135912119e-04 2.0052170685259875e-06 1.4934979755181586e-04 1.4876164567956059e-04 5.8815187225526571e-07 1.5017871087583132e-04 1.4876164567956059e-04 1.4170651962707218e-06
250 9.7460937500000000e-01 2.2726989495329856e-04 2.2527524467384535e-04 1.9946502794532044e-06 1.1321692253021534e-04 1.1263762233692268e-04 5.7930019329266414e-07 1.1405297242308322e-04 1.1263762233692268e-04 1.4153500861605403e-06
251 9.7851562500000000e-01 1.6457127885985493e-04 1.6258725403502840e-04 1.9840248248265341e-06 8.1864007624435223e-05 8.1293627017514199e-05 5.7038060692102364e-07 8.2707271235419710e-05 8.1293627017514199e-05 1.4136442179055105e-06
252 9.8242187500000000e-01 1.1168345456026113e-04 1.0971011320418594e-04 1.9733413560751910e-06 5.5416449876739546e-05 5.4855056602092970e-05 5.6139327464657603e-07 5.6267004683521585e-05 5.4855056602092970e-05 1.4119480814286150e-06
253 9.8632812500000000e-01 6.8859272157117385e-05 6.6896671629403234e-05 1.9626005277141508e-06 3.4000674175213580e-05 3.3448335814701617e-05 5.5233836051196282e-07 3.4858597981903805e-05 3.3448335814701617e-05 1.4102621672021880e-06
254 9.9023437500000000e-01 3.6353637442632034e-05 3.4401834445335439e-05 1.9518029972965948e-06 1.7744133253776525e-05 1.7200917222667719e-05 5.4321603110880516e-07 1.8609504188855509e-05 1.7200917222667719e-05 1.4085869661877896e-06
255 9.9414062500000000e-01 1.4423511898565002e-05 1.2482562473207451e-05 1.9409494253575516e-06 6.7753076921856431e-06 6.2412812366037253e-06 5.3402645558191781e-07 7.6482042063793591e-06 6.2412812366037253e-06 1.4069229697756338e-06
256 9.9804687500000000e-01 3.3279126961772576e-06 1.3978722208139980e-06 1.9300404753632595e-06 1.2237059160856396e-06 6.9893611040699902e-07 5.2476980567864056e-07 2.1042067800916182e-06 6.9893611040699902e-07 1.4052706696846192e-06
