# P x psi_num psi_exact psi_err v_num v_exact v_err u_num u_exact u_err
1 3.9062500000000000e-03 1.3311547583825097e-05 5.5696258000501050e-06 7.7419217837749922e-06 4.9024046506392486e-06 2.7848129000250525e-06 2.1175917506141961e-06 8.4091429331858495e-06 2.7848129000250525e-06 5.6243300331607970e-06
2 1.1718750000000000e-02 5.7172165986057094e-05 4.9343415617357396e-05 7.8287503686996982e-06 2.6862815806878114e-05 2.4671707808678698e-05 2.1911079981994166e-06 3.0309350179178979e-05 2.4671707808678698e-05 5.6376423705002816e-06
3 1.9531250000000000e-02 1.4282124949724809e-04 1.3490657248325900e-04 7.9146770139890924e-06 6.9716833188667617e-05 6.7453286241629499e-05 2.2635469470381179e-06 7.3104416308580474e-05 6.7453286241629499e-05 5.6511300669509745e-06
4 2.7343750000000000e-02 2.6821953599849118e-04 2.6021985532051397e-04 7.9996806779772151e-06 1.3244483092704314e-04 1.3010992766025698e-04 2.3349032667861508e-06 1.3577470507144805e-04 1.3010992766025698e-04 5.6647774111910642e-06
5 3.5156250000000000e-02 4.3136065455193050e-04 4.2327691403699821e-04 8.0837405149322889e-06 2.1404362880780026e-04 2.1163845701849910e-04 2.4051717893011561e-06 2.1731702574413024e-04 2.1163845701849910e-04 5.6785687256311328e-06
6 4.2968750000000000e-02 6.3027112540738192e-04 6.2210428952570425e-04 8.1668358816776657e-06 3.1352649226846867e-04 3.1105214476285213e-04 2.4743475056165443e-06 3.1674463313891325e-04 3.1105214476285213e-04 5.6924883760611214e-06
7 5.0781250000000000e-02 8.6301036000886212e-04 8.5476141366474146e-04 8.2489463441206678e-06 4.2992313239543351e-04 4.2738070683237073e-04 2.5424255630627796e-06 4.3308722761342862e-04 4.2738070683237073e-04 5.7065207810578882e-06
8 5.8593750000000000e-02 1.1276706610010522e-03 1.1193406093173363e-03 8.3300516837158702e-06 5.6227970592082760e-04 5.5967030465866815e-04 2.6094012621594468e-06 5.6539095508022458e-04 5.5967030465866815e-04 5.7206504215564233e-06
9 6.6406250000000000e-02 1.4223772222356549e-03 1.4139670903318313e-03 8.4101319038235121e-06 7.0965881521964239e-04 7.0698354516591567e-04 2.6752700537267197e-06 7.1271840701601246e-04 7.0698354516591567e-04 5.7348618500967924e-06
10 7.4218750000000000e-02 1.7452881287777454e-03 1.7367989615416869e-03 8.4891672360585309e-06 8.7113950830659348e-04 8.6839948077084344e-04 2.7400275357500380e-06 8.7414862047115194e-04 8.6839948077084344e-04 5.7491397003084930e-06
11 8.2031250000000000e-02 2.0945943569119258e-03 2.0860272187654791e-03 8.5671381464466623e-06 1.0458172788333250e-03 1.0430136093827396e-03 2.8036694505854682e-06 1.0487770780786007e-03 1.0430136093827396e-03 5.7634686958611941e-06
12 8.9843750000000000e-02 2.4685197741484929e-03 2.4598757488069013e-03 8.6440253415915984e-06 1.2328040660851455e-03 1.2299378744034506e-03 2.8661916816948452e-06 1.2357157080633474e-03 1.2299378744034506e-03 5.7778336598967531e-06
13 9.7656250000000000e-02 2.8653211392294328e-03 2.8566013294547641e-03 8.7198097746686749e-06 1.4312282549783738e-03 1.4283006647273820e-03 2.9275902509917542e-06 1.4340928842510590e-03 1.4283006647273820e-03 5.7922195236769208e-06
14 1.0546875000000000e-01 3.2832881021344676e-03 3.2744936294829942e-03 8.7944726514734180e-06 1.6402346760572863e-03 1.6372468147414971e-03 2.9878613157891757e-06 1.6430534260771814e-03 1.6372468147414971e-03 5.8066113356842423e-06
15 1.1328125000000000e-01 3.7207432040868359e-03 3.7118752086506353e-03 8.8679954362005584e-06 1.8589846054905218e-03 1.8559376043253176e-03 3.0470011652041634e-06 1.8617585985963140e-03 1.8559376043253176e-03 5.8209942709963949e-06
16 1.2109375000000000e-01 4.1760418775591132e-03 4.1671015177018478e-03 8.9403598572653301e-06 2.0866557650694273e-03 2.0835507588509239e-03 3.1050062185033513e-06 2.0893861124896859e-03 2.0835507588509239e-03 5.8353536387619788e-06
17 1.2890625000000000e-01 4.6475724462788264e-03 4.6385608983659093e-03 9.0115479129170353e-06 2.3224423222036588e-03 2.3192804491829547e-03 3.1618730207041285e-06 2.3251301240751676e-03 2.3192804491829547e-03 5.8496748922129069e-06
18 1.3671875000000000e-01 5.1337561252342298e-03 5.1246745833572133e-03 9.0815418770165413e-06 2.5655548899193438e-03 2.5623372916786066e-03 3.2175982407371337e-06 2.5682012353148861e-03 2.5623372916786066e-03 5.8639436362794076e-06
19 1.4453125000000000e-01 5.6330470206796060e-03 5.6238966963752714e-03 9.1503243043345589e-06 2.8152205268556067e-03 2.8119483481876357e-03 3.2721786679709534e-06 2.8178264938239993e-03 2.8119483481876357e-03 5.8781456363636055e-06
20 1.5234375000000000e-01 6.1439321301407822e-03 6.1347142521047116e-03 9.2178780360706661e-06 3.0706827372619146e-03 3.0673571260523558e-03 3.3256112095588625e-06 3.0732493928788676e-03 3.0673571260523558e-03 5.8922668265118036e-06
21 1.6015625000000000e-01 6.6649313424203254e-03 6.6556471562152775e-03 9.2841862050479368e-06 3.3312014709956450e-03 3.3278235781076387e-03 3.3778928880063078e-06 3.3337298714246804e-03 3.3278235781076387e-03 5.9062933170416290e-06
22 1.6796875000000000e-01 7.1945974376029648e-03 7.1852482053618300e-03 9.3492322411348194e-06 3.5960531235174342e-03 3.5926241026809150e-03 3.4290208365192476e-06 3.5985443140855305e-03 3.5926241026809150e-03 5.9202114046155718e-06
23 1.7578125000000000e-01 7.7315160870604707e-03 7.7221030871843484e-03 9.4129998761223119e-06 3.8645305358915956e-03 3.8610515435921742e-03 3.4789922994213525e-06 3.8669855511688752e-03 3.8610515435921742e-03 5.9340075767009594e-06
24 1.8359375000000000e-01 8.2743058534568321e-03 8.2648303803079266e-03 9.4754731489055805e-06 4.1359429947799608e-03 4.1324151901539633e-03 3.5278046259974716e-06 4.1383628586768714e-03 4.1324151901539633e-03 5.9476685229081089e-06
25 1.9140625000000000e-01 8.8216181907529185e-03 8.8120815543427777e-03 9.5366364101408252e-06 4.4096162324414427e-03 4.4060407771713888e-03 3.5754552700538803e-06 4.4120019583114758e-03 4.4060407771713888e-03 5.9611811400869449e-06
26 1.9921875000000000e-01 9.3721374442117759e-03 9.3625409698842275e-03 9.5964743275483294e-06 4.6848924267283362e-03 4.6812704849421138e-03 3.6219417862224518e-06 4.6872450174834396e-03 4.6812704849421138e-03 5.9745325413258776e-06
27 2.0703125000000000e-01 9.9245808504028338e-03 9.9149258785127224e-03 9.6549718901113579e-06 4.9611302010839292e-03 4.9574629392563612e-03 3.6672618275680399e-06 4.9634506493189045e-03 4.9574629392563612e-03 5.9877100625433180e-06
28 2.1484375000000000e-01 1.0477698537206766e-02 1.0467986422793826e-02 9.7121144129394543e-06 5.2377046245393813e-03 5.2339932113969131e-03 3.7114131424681451e-06 5.2399939126673845e-03 5.2339932113969131e-03 6.0007012704713092e-06
29 2.2265625000000000e-01 1.1030273523819779e-02 1.1020505636278216e-02 9.7678875415636163e-06 5.5140072117128291e-03 5.5102528181391079e-03 3.7543935737212666e-06 5.5162663121069502e-03 5.5102528181391079e-03 6.0134939678423496e-06
30 2.3046875000000000e-01 1.1581121720758343e-02 1.1571299443501687e-02 9.8222772566564781e-06 5.7894459228041602e-03 5.7856497217508435e-03 3.7962010533167112e-06 5.7916757979541832e-03 5.7856497217508435e-03 6.0260762033397669e-06
31 2.3828125000000000e-01 1.2129091929863171e-02 1.2119216659985152e-02 9.8752698780187054e-06 6.0634451635948336e-03 6.0596083299925760e-03 3.8368336022576513e-06 6.0656467662683370e-03 6.0596083299925760e-03 6.0384362757610541e-06
32 2.4609375000000000e-01 1.2673065844303510e-02 1.2663138992234639e-02 9.9268520688707007e-06 6.3354457854442985e-03 6.3315694961173195e-03 3.8762893269789211e-06 6.3376200588592113e-03 6.3315694961173195e-03 6.0505627418917796e-06
33 2.5390625000000000e-01 1.3211958048580939e-02 1.3201981037741298e-02 9.9770108396412399e-06 6.6049050852878153e-03 6.6009905188706489e-03 3.9145664171664693e-06 6.6070529632931236e-03 6.6009905188706489e-03 6.0624444224747706e-06
34 2.6171875000000000e-01 1.3744716018534031e-02 1.3734690284981386e-02 1.0025733552644286e-05 6.8712968056348260e-03 6.8673451424906932e-03 3.9516631441327901e-06 6.8734192128992047e-03 6.8673451424906932e-03 6.0740704085114963e-06
35 2.6953125000000000e-01 1.4270320121341454e-02 1.4260247113416287e-02 1.0073007925166799e-05 7.1341111345645438e-03 7.1301235567081435e-03 3.9875778564003178e-06 7.1362089867769100e-03 7.1301235567081435e-03 6.0854300687664814e-06
36 2.7734375000000000e-01 1.4787783615526065e-02 1.4777664793492497e-02 1.0118822033567884e-05 7.3928547057264789e-03 7.3888323967462484e-03 4.0223089802305170e-06 7.3949289097995858e-03 7.3888323967462484e-03 6.0965130533373671e-06
37 2.8515625000000000e-01 1.5296152650958253e-02 1.5285989486641626e-02 1.0163164316626810e-05 7.6470505983367064e-03 7.6429947433208131e-03 4.0558550158933601e-06 7.6491020526215465e-03 7.6429947433208131e-03 6.1073093007334503e-06
38 2.9296875000000000e-01 1.5794506268859948e-02 1.5784300245280408e-02 1.0206023579539814e-05 7.8962383371759207e-03 7.8921501226402041e-03 4.0882145357166305e-06 7.8982679316840273e-03 7.8921501226402041e-03 6.1178090438231830e-06
39 3.0078125000000000e-01 1.6281956401807487e-02 1.6271709012810685e-02 1.0247388996801471e-05 8.1399738925865585e-03 8.1358545064053427e-03 4.1193861812158228e-06 8.1419825092209283e-03 8.1358545064053427e-03 6.1280028155856481e-06
40 3.0859375000000000e-01 1.6757647873735203e-02 1.6747360623619423e-02 1.0287250115779967e-05 8.3778296804721368e-03 8.3736803118097114e-03 4.1493686624254067e-06 8.3798181932630660e-03 8.3736803118097114e-03 6.1378814533545600e-06
41 3.1640625000000000e-01 1.7220758399938141e-02 1.7210432803078702e-02 1.0325596859438874e-05 8.6093945622966166e-03 8.6052164015393510e-03 4.1781607572656532e-06 8.6113638376415242e-03 8.6052164015393510e-03 6.1474361021732205e-06
42 3.2421875000000000e-01 1.7670498587076047e-02 1.7660136167545720e-02 1.0362419530327016e-05 8.8342738450776816e-03 8.8300680837728601e-03 4.2057613048214482e-06 8.8362247419983657e-03 8.8300680837728601e-03 6.1566582255055680e-06
43 3.3203125000000000e-01 1.8106111933175326e-02 1.8095714224362791e-02 1.0397708812535239e-05 9.0520892813897250e-03 9.0478571121813955e-03 4.2321692083294865e-06 9.0540226517856013e-03 9.0478571121813955e-03 6.1655396042057525e-06
44 3.3984375000000000e-01 1.8526874827632323e-02 1.8516443371857344e-02 1.0431455774978504e-05 9.2624790693603843e-03 9.2582216859286720e-03 4.2573834317122944e-06 9.2643957582719382e-03 9.2582216859286720e-03 6.1740723432662098e-06
45 3.4765625000000000e-01 1.8932096551215680e-02 1.8921632899341928e-02 1.0463651873751645e-05 9.4650978526679627e-03 9.4608164496709640e-03 4.2814029969986955e-06 9.4669986985477170e-03 9.4608164496709640e-03 6.1822488767529493e-06
46 3.5546875000000000e-01 1.9321119276069547e-02 1.9310624987114205e-02 1.0494288955342074e-05 9.6596167205412371e-03 9.6553124935571024e-03 4.3042269841347264e-06 9.6615025555283097e-03 9.6553124935571024e-03 6.1900619712073474e-06
47 3.6328125000000000e-01 1.9693318065715348e-02 1.9682794706456959e-02 1.0523359258388792e-05 9.8457232077574057e-03 9.8413973532284794e-03 4.3258545289262540e-06 9.8475948579579420e-03 9.8413973532284794e-03 6.1975047294625385e-06
48 3.7109375000000000e-01 2.0048100875054528e-02 2.0037550019638084e-02 1.0550855416444072e-05 1.0023121294640119e-02 1.0018775009819042e-02 4.3462848210770039e-06 1.0024979580414409e-02 1.0018775009819042e-02 6.2045705953670677e-06
49 3.7890625000000000e-01 2.0384908550370222e-02 2.0374331779910600e-02 1.0576770459621437e-05 1.0191531407057981e-02 1.0187165889955300e-02 4.3655171026810852e-06 1.0193377143312241e-02 1.0187165889955300e-02 6.2112533569403522e-06
50 3.8671875000000000e-01 2.0703214829330487e-02 2.0692613731512634e-02 1.0601097817853483e-05 1.0350690416425593e-02 1.0346306865756317e-02 4.3835506692759679e-06 1.0352524412904894e-02 1.0346306865756317e-02 6.2175471485775152e-06
51 3.9453125000000000e-01 2.1002526340989140e-02 2.0991902509667433e-02 1.0623831321707189e-05 1.0500351639698625e-02 1.0495951254833717e-02 4.4003848649089294e-06 1.0502174701290515e-02 1.0495951254833717e-02 6.2234464567982595e-06
52 4.0234375000000000e-01 2.1282382605788117e-02 2.1271737640583363e-02 1.0644965204753554e-05 1.0640284839374466e-02 1.0635868820291682e-02 4.4160190827841062e-06 1.0642097766413651e-02 1.0635868820291682e-02 6.2289461219694475e-06
53 4.1015625000000000e-01 2.1542356035558867e-02 2.1531691541453912e-02 1.0664494104955374e-05 1.0770276223491930e-02 1.0765845770726956e-02 4.4304527649745296e-06 1.0772079812066937e-02 1.0765845770726956e-02 6.2340413399808448e-06
54 4.1796875000000000e-01 2.1782051933524612e-02 2.1771369520457669e-02 1.0682413066943203e-05 1.0890128445629785e-02 1.0885684760228834e-02 4.4436854009510807e-06 1.0891923487894827e-02 1.0885684760228834e-02 6.2387276659921220e-06
55 4.2578125000000000e-01 2.2001108494301178e-02 2.1990409776758355e-02 1.0698717542823727e-05 1.0999660604902954e-02 1.0995204888379177e-02 4.4557165237765067e-06 1.1001447889398224e-02 1.0995204888379177e-02 6.2430010190472202e-06
56 4.3359375000000000e-01 2.2199196803898702e-02 2.2188483400504801e-02 1.0713403393900617e-05 1.1098708245967140e-02 1.1094241700252401e-02 4.4665457147388676e-06 1.1100488557931562e-02 1.1094241700252401e-02 6.2468576791617492e-06
57 4.4140625000000000e-01 2.2376020839722392e-02 2.2365294372830958e-02 1.0726466891434333e-05 1.1187123359013010e-02 1.1182647186415479e-02 4.4761725975315386e-06 1.1188897480709382e-02 1.1182647186415479e-02 6.2502942939027945e-06
58 4.4921875000000000e-01 2.2531317470574672e-02 2.2520579565855885e-02 1.0737904718786245e-05 1.1264774379766905e-02 1.1260289782927943e-02 4.4845968389627122e-06 1.1266543090807766e-02 1.1260289782927943e-02 6.2533078798235331e-06
59 4.5703125000000000e-01 2.2664856456655148e-02 2.2654108742683771e-02 1.0747713971376999e-05 1.1331546189493077e-02 1.1327054371341886e-02 4.4918181511914568e-06 1.1333310267162071e-02 1.1327054371341886e-02 6.2558958201855419e-06
60 4.6484375000000000e-01 2.2776440449562004e-02 2.2765684557403916e-02 1.0755892158088171e-05 1.1387340114987658e-02 1.1382842278701958e-02 4.4978362856995524e-06 1.1389100334574347e-02 1.1382842278701958e-02 6.2580558723886182e-06
61 4.7265625000000000e-01 2.2865904992292265e-02 2.2855142555090729e-02 1.0762437201536357e-05 1.1432073928583952e-02 1.1427571277545364e-02 4.5026510385876017e-06 1.1433831063708313e-02 1.1427571277545364e-02 6.2597861629487550e-06
62 4.8046875000000000e-01 2.2933118519243248e-02 2.2922351171803749e-02 1.0767347439499114e-05 1.1465681848147639e-02 1.1461175585901874e-02 4.5062622457646417e-06 1.1467436671095609e-02 1.1461175585901874e-02 6.2610851937344725e-06
63 4.8828125000000000e-01 2.2977982356212279e-02 2.2967211734587625e-02 1.0770621624654753e-05 1.1488114537079087e-02 1.1483605867293812e-02 4.5086697852744079e-06 1.1489867819133193e-02 1.1483605867293812e-02 6.2619518393803447e-06
64 4.9609375000000000e-01 2.3000430720397418e-02 2.2989658461472121e-02 1.0772258925297040e-05 1.1499339104311536e-02 1.1494829230736060e-02 4.5098735754756092e-06 1.1501091616085882e-02 1.1494829230736060e-02 6.2623853498214310e-06
65 5.0390625000000000e-01 2.3000430720397293e-02 2.2989658461472121e-02 1.0772258925172140e-05 1.1499339104311395e-02 1.1494829230736060e-02 4.5098735753350966e-06 1.1501091616085897e-02 1.1494829230736060e-02 6.2623853498370435e-06
66 5.1171875000000000e-01 2.2977982356212245e-02 2.2967211734587625e-02 1.0770621624620058e-05 1.1488114537078898e-02 1.1483605867293812e-02 4.5086697850853230e-06 1.1489867819133347e-02 1.1483605867293812e-02 6.2619518395347351e-06
67 5.1953125000000000e-01 2.2933118519243269e-02 2.2922351171803749e-02 1.0767347439519931e-05 1.1465681848147639e-02 1.1461175585901874e-02 4.5062622457646417e-06 1.1467436671095630e-02 1.1461175585901874e-02 6.2610851937552892e-06
68 5.2734375000000000e-01 2.2865904992292373e-02 2.2855142555090729e-02 1.0762437201643910e-05 1.1432073928583952e-02 1.1427571277545364e-02 4.5026510385876017e-06 1.1433831063708421e-02 1.1427571277545364e-02 6.2597861630563079e-06
69 5.3515625000000000e-01 2.2776440449561969e-02 2.2765684557403916e-02 1.0755892158053476e-05 1.1387340114987658e-02 1.1382842278701958e-02 4.4978362856995524e-06 1.1389100334574312e-02 1.1382842278701958e-02 6.2580558723539237e-06
70 5.4296875000000000e-01 2.2664856456655190e-02 2.2654108742683771e-02 1.0747713971418632e-05 1.1331546189493077e-02 1.1327054371341886e-02 4.4918181511914568e-06 1.1333310267162113e-02 1.1327054371341886e-02 6.2558958202271753e-06
71 5.5078125000000000e-01 2.2531317470574724e-02 2.2520579565855885e-02 1.0737904718838287e-05 1.1264774379766905e-02 1.1260289782927943e-02 4.4845968389627122e-06 1.1266543090807818e-02 1.1260289782927943e-02 6.2533078798755748e-06
72 5.5859375000000000e-01 2.2376020839722507e-02 2.2365294372830958e-02 1.0726466891548825e-05 1.1187123359013128e-02 1.1182647186415479e-02 4.4761725976494998e-06 1.1188897480709378e-02 1.1182647186415479e-02 6.2502942938993250e-06
73 5.6640625000000000e-01 2.2199196803898567e-02 2.2188483400504801e-02 1.0713403393765308e-05 1.1098708245967119e-02 1.1094241700252401e-02 4.4665457147180510e-06 1.1100488557931448e-02 1.1094241700252401e-02 6.2468576790472574e-06
74 5.7421875000000000e-01 2.2001108494301126e-02 2.1990409776758355e-02 1.0698717542771685e-05 1.0999660604902954e-02 1.0995204888379177e-02 4.4557165237765067e-06 1.1001447889398172e-02 1.0995204888379177e-02 6.2430010189951785e-06
75 5.8203125000000000e-01 2.1782051933524595e-02 2.1771369520457669e-02 1.0682413066925855e-05 1.0890128445629785e-02 1.0885684760228834e-02 4.4436854009510807e-06 1.0891923487894809e-02 1.0885684760228834e-02 6.2387276659747748e-06
76 5.8984375000000000e-01 2.1542356035558922e-02 2.1531691541453912e-02 1.0664494105010885e-05 1.0770276223491930e-02 1.0765845770726956e-02 4.4304527649745296e-06 1.0772079812066992e-02 1.0765845770726956e-02 6.2340413400363559e-06
77 5.9765625000000000e-01 2.1282382605788047e-02 2.1271737640583363e-02 1.0644965204684165e-05 1.0640284839374427e-02 1.0635868820291682e-02 4.4160190827459422e-06 1.0642097766413620e-02 1.0635868820291682e-02 6.2289461219382225e-06
78 6.0546875000000000e-01 2.1002526340989140e-02 2.0991902509667433e-02 1.0623831321707189e-05 1.0500351639698625e-02 1.0495951254833717e-02 4.4003848649089294e-06 1.0502174701290515e-02 1.0495951254833717e-02 6.2234464567982595e-06
79 6.1328125000000000e-01 2.0703214829330536e-02 2.0692613731512634e-02 1.0601097817902055e-05 1.0350690416425593e-02 1.0346306865756317e-02 4.3835506692759679e-06 1.0352524412904943e-02 1.0346306865756317e-02 6.2175471486260875e-06
80 6.2109375000000000e-01 2.0384908550370388e-02 2.0374331779910600e-02 1.0576770459787971e-05 1.0191531407058146e-02 1.0187165889955300e-02 4.3655171028458839e-06 1.0193377143312242e-02 1.0187165889955300e-02 6.2112533569420869e-06
81 6.2890625000000000e-01 2.0048100875054441e-02 2.0037550019638084e-02 1.0550855416357335e-05 1.0023121294639963e-02 1.0018775009819042e-02 4.3462848209208788e-06 1.0024979580414478e-02 1.0018775009819042e-02 6.2045705954364566e-06
82 6.3671875000000000e-01 1.9693318065715379e-02 1.9682794706456959e-02 1.0523359258420018e-05 9.8457232077574057e-03 9.8413973532284794e-03 4.3258545289262540e-06 9.8475948579579732e-03 9.8413973532284794e-03 6.1975047294937635e-06
83 6.4453125000000000e-01 1.9321119276069630e-02 1.9310624987114205e-02 1.0494288955425340e-05 9.6596167205412371e-03 9.6553124935571024e-03 4.3042269841347264e-06 9.6615025555283930e-03 9.6553124935571024e-03 6.1900619712906141e-06
84 6.5234375000000000e-01 1.8932096551215884e-02 1.8921632899341928e-02 1.0463651873956342e-05 9.4650978526681258e-03 9.4608164496709640e-03 4.2814029971617595e-06 9.4669986985477586e-03 9.4608164496709640e-03 6.1822488767945827e-06
85 6.6015625000000000e-01 1.8526874827632416e-02 1.8516443371857344e-02 1.0431455775072179e-05 9.2624790693606358e-03 9.2582216859286720e-03 4.2573834319638293e-06 9.2643957582717804e-03 9.2582216859286720e-03 6.1740723431083500e-06
86 6.6796875000000000e-01 1.8106111933175479e-02 1.8095714224362791e-02 1.0397708812687895e-05 9.0520892813898586e-03 9.0478571121813955e-03 4.2321692084630602e-06 9.0540226517856204e-03 9.0478571121813955e-03 6.1655396042248345e-06
87 6.7578125000000000e-01 1.7670498587076221e-02 1.7660136167545720e-02 1.0362419530500488e-05 8.8342738450776816e-03 8.8300680837728601e-03 4.2057613048214482e-06 8.8362247419985392e-03 8.8300680837728601e-03 6.1566582256790403e-06
88 6.8359375000000000e-01 1.7220758399938394e-02 1.7210432803078702e-02 1.0325596859692143e-05 8.6093945622966166e-03 8.6052164015393510e-03 4.1781607572656532e-06 8.6113638376417775e-03 8.6052164015393510e-03 6.1474361024264901e-06
89 6.9140625000000000e-01 1.6757647873735234e-02 1.6747360623619423e-02 1.0287250115811192e-05 8.3778296804719807e-03 8.3736803118097114e-03 4.1493686622692816e-06 8.3798181932632533e-03 8.3736803118097114e-03 6.1378814535419102e-06
90 6.9921875000000000e-01 1.6281956401807594e-02 1.6271709012810685e-02 1.0247388996909024e-05 8.1399738925865585e-03 8.1358545064053427e-03 4.1193861812158228e-06 8.1419825092210359e-03 8.1358545064053427e-03 6.1280028156932009e-06
91 7.0703125000000000e-01 1.5794506268860097e-02 1.5784300245280408e-02 1.0206023579689000e-05 7.8962383371759606e-03 7.8921501226402041e-03 4.0882145357565292e-06 7.8982679316841366e-03 7.8921501226402041e-03 6.1178090439324706e-06
92 7.1484375000000000e-01 1.5296152650958472e-02 1.5285989486641626e-02 1.0163164316845386e-05 7.6470505983368261e-03 7.6429947433208131e-03 4.0558550160130560e-06 7.6491020526216454e-03 7.6429947433208131e-03 6.1073093008323295e-06
93 7.2265625000000000e-01 1.4787783615526191e-02 1.4777664793492497e-02 1.0118822033694519e-05 7.3928547057265110e-03 7.3888323967462484e-03 4.0223089802626094e-06 7.3949289097996803e-03 7.3888323967462484e-03 6.0965130534319095e-06
94 7.3046875000000000e-01 1.4270320121341619e-02 1.4260247113416287e-02 1.0073007925331598e-05 7.1341111345645438e-03 7.1301235567081435e-03 3.9875778564003178e-06 7.1362089867770748e-03 7.1301235567081435e-03 6.0854300689312801e-06
95 7.3828125000000000e-01 1.3744716018534201e-02 1.3734690284981386e-02 1.0025733552814289e-05 6.8712968056350516e-03 6.8673451424906932e-03 3.9516631443583042e-06 6.8734192128991492e-03 6.8673451424906932e-03 6.0740704084559852e-06
96 7.4609375000000000e-01 1.3211958048581138e-02 1.3201981037741298e-02 9.9770108398407331e-06 6.6049050852880001e-03 6.6009905188706489e-03 3.9145664173512174e-06 6.6070529632931384e-03 6.6009905188706489e-03 6.0624444224895158e-06
97 7.5390625000000000e-01 1.2673065844303562e-02 1.2663138992234639e-02 9.9268520689227424e-06 6.3354457854442985e-03 6.3315694961173195e-03 3.8762893269789211e-06 6.3376200588592634e-03 6.3315694961173195e-03 6.0505627419438213e-06
98 7.6171875000000000e-01 1.2129091929863297e-02 1.2119216659985152e-02 9.8752698781453402e-06 6.0634451635948492e-03 6.0596083299925760e-03 3.8368336022732638e-06 6.0656467662684481e-03 6.0596083299925760e-03 6.0384362758720764e-06
99 7.6953125000000000e-01 1.1581121720758493e-02 1.1571299443501687e-02 9.8222772568056643e-06 5.7894459228041602e-03 5.7856497217508435e-03 3.7962010533167112e-06 5.7916757979543324e-03 5.7856497217508435e-03 6.0260762034889531e-06
100 7.7734375000000000e-01 1.1030273523819963e-02 1.1020505636278216e-02 9.7678875417474970e-06 5.5140072117129601e-03 5.5102528181391079e-03 3.7543935738522383e-06 5.5162663121070031e-03 5.5102528181391079e-03 6.0134939678952587e-06
101 7.8515625000000000e-01 1.0477698537206882e-02 1.0467986422793826e-02 9.7121144130556808e-06 5.2377046245395660e-03 5.2339932113969131e-03 3.7114131426528932e-06 5.2399939126673159e-03 5.2339932113969131e-03 6.0007012704027876e-06
102 7.9296875000000000e-01 9.9245808504029830e-03 9.9149258785127224e-03 9.6549718902605441e-06 4.9611302010839978e-03 4.9574629392563612e-03 3.6672618276365615e-06 4.9634506493189852e-03 4.9574629392563612e-03 5.9877100626239826e-06
103 8.0078125000000000e-01 9.3721374442119337e-03 9.3625409698842275e-03 9.5964743277061892e-06 4.6848924267283362e-03 4.6812704849421138e-03 3.6219417862224518e-06 4.6872450174835975e-03 4.6812704849421138e-03 5.9745325414837375e-06
104 8.0859375000000000e-01 8.8216181907531076e-03 8.8120815543427777e-03 9.5366364103299101e-06 4.4096162324417021e-03 4.4060407771713888e-03 3.5754552703132214e-06 4.4120019583114055e-03 4.4060407771713888e-03 5.9611811400166886e-06
105 8.1640625000000000e-01 8.2743058534569067e-03 8.2648303803079266e-03 9.4754731489801736e-06 4.1359429947800119e-03 4.1324151901539633e-03 3.5278046260486459e-06 4.1383628586768948e-03 4.1324151901539633e-03 5.9476685229315276e-06
106 8.2421875000000000e-01 7.7315160870605731e-03 7.7221030871843484e-03 9.4129998762246606e-06 3.8645305358915956e-03 3.8610515435921742e-03 3.4789922994213525e-06 3.8669855511689775e-03 3.8610515435921742e-03 5.9340075768033081e-06
107 8.3203125000000000e-01 7.1945974376030706e-03 7.1852482053618300e-03 9.3492322412406376e-06 3.5960531235174342e-03 3.5926241026809150e-03 3.4290208365192476e-06 3.5985443140856364e-03 3.5926241026809150e-03 5.9202114047213900e-06
108 8.3984375000000000e-01 6.6649313424204581e-03 6.6556471562152775e-03 9.2841862051806431e-06 3.3312014709957339e-03 3.3278235781076387e-03 3.3778928880952123e-06 3.3337298714247242e-03 3.3278235781076387e-03 5.9062933170854308e-06
109 8.4765625000000000e-01 6.1439321301408742e-03 6.1347142521047116e-03 9.2178780361626064e-06 3.0706827372619602e-03 3.0673571260523558e-03 3.3256112096043990e-06 3.0732493928789140e-03 3.0673571260523558e-03 5.8922668265582075e-06
110 8.5546875000000000e-01 5.6330470206797205e-03 5.6238966963752714e-03 9.1503243044490506e-06 2.8152205268556904e-03 2.8119483481876357e-03 3.2721786680546538e-06 2.8178264938240301e-03 2.8119483481876357e-03 5.8781456363943968e-06
111 8.6328125000000000e-01 5.1337561252343487e-03 5.1246745833572133e-03 9.0815418771353698e-06 2.5655548899194440e-03 2.5623372916786066e-03 3.2175982408373140e-06 2.5682012353149047e-03 2.5623372916786066e-03 5.8639436362980558e-06
112 8.7109375000000000e-01 4.6475724462789678e-03 4.6385608983659093e-03 9.0115479130584153e-06 2.3224423222037963e-03 2.3192804491829547e-03 3.1618730208416053e-06 2.3251301240751715e-03 2.3192804491829547e-03 5.8496748922168100e-06
113 8.7890625000000000e-01 4.1760418775592103e-03 4.1671015177018478e-03 8.9403598573624746e-06 2.0866557650694902e-03 2.0835507588509239e-03 3.1050062185662350e-06 2.0893861124897202e-03 2.0835507588509239e-03 5.8353536387962396e-06
114 8.8671875000000000e-01 3.7207432040869464e-03 3.7118752086506353e-03 8.8679954363111470e-06 1.8589846054905981e-03 1.8559376043253176e-03 3.0470011652804913e-06 1.8617585985963483e-03 1.8559376043253176e-03 5.8209942710306557e-06
115 8.9453125000000000e-01 3.2832881021345826e-03 3.2744936294829942e-03 8.7944726515883434e-06 1.6402346760573448e-03 1.6372468147414971e-03 2.9878613158477226e-06 1.6430534260772377e-03 1.6372468147414971e-03 5.8066113357406208e-06
116 9.0234375000000000e-01 2.8653211392295577e-03 2.8566013294547641e-03 8.7198097747935750e-06 1.4312282549784681e-03 1.4283006647273820e-03 2.9275902510860798e-06 1.4340928842510895e-03 1.4283006647273820e-03 5.7922195237074953e-06
117 9.1015625000000000e-01 2.4685197741486000e-03 2.4598757488069013e-03 8.6440253416987176e-06 1.2328040660851828e-03 1.2299378744034506e-03 2.8661916817321418e-06 1.2357157080634172e-03 1.2299378744034506e-03 5.7778336599665758e-06
118 9.1796875000000000e-01 2.0945943569120403e-03 2.0860272187654791e-03 8.5671381465611540e-06 1.0458172788333734e-03 1.0430136093827396e-03 2.8036694506338236e-06 1.0487770780786669e-03 1.0430136093827396e-03 5.7634686959273304e-06
119 9.2578125000000000e-01 1.7452881287778614e-03 1.7367989615416869e-03 8.4891672361745406e-06 8.7113950830666471e-04 8.6839948077084344e-04 2.7400275358212701e-06 8.7414862047119671e-04 8.6839948077084344e-04 5.7491397003532705e-06
120 9.3359375000000000e-01 1.4223772222357776e-03 1.4139670903318313e-03 8.4101319039462438e-06 7.0965881521972891e-04 7.0698354516591567e-04 2.6752700538132390e-06 7.1271840701604867e-04 7.0698354516591567e-04 5.7348618501330047e-06
121 9.4140625000000000e-01 1.1276706610011606e-03 1.1193406093173363e-03 8.3300516838242904e-06 5.6227970592090718e-04 5.5967030465866815e-04 2.6094012622390273e-06 5.6539095508025342e-04 5.5967030465866815e-04 5.7206504215852631e-06
122 9.4921875000000000e-01 8.6301036000897358e-04 8.5476141366474146e-04 8.2489463442321238e-06 4.2992313239551406e-04 4.2738070683237073e-04 2.5424255631433358e-06 4.3308722761345952e-04 4.2738070683237073e-04 5.7065207810887879e-06
123 9.5703125000000000e-01 6.3027112540749489e-04 6.2210428952570425e-04 8.1668358817906395e-06 3.1352649226854234e-04 3.1105214476285213e-04 2.4743475056902158e-06 3.1674463313895255e-04 3.1105214476285213e-04 5.6924883761004237e-06
124 9.6484375000000000e-01 4.3136065455204558e-04 4.2327691403699821e-04 8.0837405150473770e-06 2.1404362880786629e-04 2.1163845701849910e-04 2.4051717893671840e-06 2.1731702574417930e-04 2.1163845701849910e-04 5.6785687256801930e-06
125 9.7265625000000000e-01 2.6821953599860405e-04 2.6021985532051397e-04 7.9996806780900805e-06 1.3244483092711171e-04 1.3010992766025698e-04 2.3349032668547266e-06 1.3577470507149234e-04 1.3010992766025698e-04 5.6647774112353539e-06
126 9.8046875000000000e-01 1.4282124949736120e-04 1.3490657248325900e-04 7.9146770141022018e-06 6.9716833188733279e-05 6.7453286241629499e-05 2.2635469471037799e-06 7.3104416308627921e-05 6.7453286241629499e-05 5.6511300669984219e-06
127 9.8828125000000000e-01 5.7172165986169783e-05 4.9343415617357396e-05 7.8287503688123875e-06 2.6862815806944722e-05 2.4671707808678698e-05 2.1911079982660239e-06 3.0309350179225061e-05 2.4671707808678698e-05 5.6376423705463636e-06
128 9.9609375000000000e-01 1.3311547583937742e-05 5.5696258000501050e-06 7.7419217838876375e-06 4.9024046507053104e-06 2.7848129000250525e-06 2.1175917506802579e-06 8.4091429332324329e-06 2.7848129000250525e-06 5.6243300332073804e-06
