# P x psi_num psi_exact psi_err v_num v_exact v_err u_num u_exact u_err
1 3.1250000000000000e-02 8.5139467681012205e-04 3.3715452477050406e-04 5.1424015203961799e-04 3.2008451243145214e-04 1.6857726238525203e-04 1.5150725004620011e-04 5.3131016437866986e-04 1.6857726238525203e-04 3.6273290199341783e-04
2 9.3750000000000000e-02 3.2107306416815518e-03 2.6554865743891212e-03 5.5524406729243062e-04 1.5129593947126288e-03 1.3277432871945606e-03 1.8521610751806822e-04 1.6977712469689230e-03 1.3277432871945606e-03 3.7002795977436240e-04
3 1.5625000000000000e-01 6.9857044541954049e-03 6.3940075067038882e-03 5.9169694749151673e-04 3.4113196614598963e-03 3.1970037533519441e-03 2.1431590810795220e-04 3.5743847927355086e-03 3.1970037533519441e-03 3.7738103938356454e-04
4 2.1875000000000000e-01 1.1367406384929687e-02 1.0744388471484586e-02 6.2301791344510082e-04 5.6108921773756135e-03 5.3721942357422931e-03 2.3869794163332032e-04 5.7565142075540737e-03 5.3721942357422931e-03 3.8431997181178051e-04
5 2.8125000000000000e-01 1.5681726621262302e-02 1.5033022093539364e-02 6.4870452772293821e-04 7.7747935583160491e-03 7.5165110467696819e-03 2.5828251154636720e-04 7.9069330629462538e-03 7.5165110467696819e-03 3.9042201617657188e-04
6 3.4375000000000000e-01 1.9389365126283597e-02 1.8721022472714743e-02 6.6834265356885414e-04 9.6335245776608472e-03 9.3605112363573714e-03 2.7301334130347583e-04 9.7558405486227497e-03 9.3605112363573714e-03 3.9532931226537830e-04
7 4.0625000000000000e-01 2.2085839688554019e-02 2.1404225183895613e-02 6.8161450465840587e-04 1.0984965345141770e-02 1.0702112591947806e-02 2.8285275319396390e-04 1.1100874343412248e-02 1.0702112591947806e-02 3.9876175146444197e-04
8 4.6875000000000000e-01 2.3501492053144522e-02 2.2813187277005230e-02 6.8830477613929242e-04 1.1694371484349115e-02 1.1406593638502615e-02 2.8777784584649996e-04 1.1807120568795407e-02 1.1406593638502615e-02 4.0052693029279246e-04
9 5.3125000000000000e-01 2.3501492053144397e-02 2.2813187277005230e-02 6.8830477613916752e-04 1.1694371484348947e-02 1.1406593638502615e-02 2.8777784584633169e-04 1.1807120568795451e-02 1.1406593638502615e-02 4.0052693029283583e-04
10 5.9375000000000000e-01 2.2085839688553995e-02 2.1404225183895613e-02 6.8161450465838158e-04 1.0984965345141770e-02 1.0702112591947806e-02 2.8285275319396390e-04 1.1100874343412224e-02 1.0702112591947806e-02 3.9876175146441768e-04
11 6.5625000000000000e-01 1.9389365126283628e-02 1.8721022472714743e-02 6.6834265356888536e-04 9.6335245776608472e-03 9.3605112363573714e-03 2.7301334130347583e-04 9.7558405486227809e-03 9.3605112363573714e-03 3.9532931226540953e-04
12 7.1875000000000000e-01 1.5681726621262444e-02 1.5033022093539364e-02 6.4870452772308046e-04 7.7747935583161471e-03 7.5165110467696819e-03 2.5828251154646521e-04 7.9069330629462971e-03 7.5165110467696819e-03 3.9042201617661525e-04
13 7.8125000000000000e-01 1.1367406384929751e-02 1.0744388471484586e-02 6.2301791344516501e-04 5.6108921773756612e-03 5.3721942357422931e-03 2.3869794163336802e-04 5.7565142075540901e-03 5.3721942357422931e-03 3.8431997181179699e-04
14 8.4375000000000000e-01 6.9857044541954839e-03 6.3940075067038882e-03 5.9169694749159566e-04 3.4113196614599375e-03 3.1970037533519441e-03 2.1431590810799339e-04 3.5743847927355464e-03 3.1970037533519441e-03 3.7738103938360227e-04
15 9.0625000000000000e-01 3.2107306416816186e-03 2.6554865743891212e-03 5.5524406729249741e-04 1.5129593947126722e-03 1.3277432871945606e-03 1.8521610751811158e-04 1.6977712469689464e-03 1.3277432871945606e-03 3.7002795977438582e-04
16 9.6875000000000000e-01 8.5139467681018830e-04 3.3715452477050406e-04 5.1424015203968424e-04 3.2008451243149892e-04 1.6857726238525203e-04 1.5150725004624689e-04 5.3131016437868938e-04 1.6857726238525203e-04 3.6273290199343735e-04
