# P x_center tau_Psi tau_V
1 7.8125000000000000e-03 1.0525110920128061e-05 -2.1586231066517136e-12
2 2.3437500000000000e-02 -7.0171199020863106e-07 -1.8820528469021269e-11
3 3.9062500000000000e-02 -7.0177558852968502e-07 -5.0619730629364312e-11
4 5.4687500000000000e-02 -7.0186637779467986e-07 -9.6014307615632788e-11
5 7.0312500000000000e-02 -7.0198137736010580e-07 -1.5351409032859920e-10
6 8.5937500000000000e-02 -7.0211770886174918e-07 -2.2167989666144194e-10
7 1.0156250000000000e-01 -7.0227259807431608e-07 -2.9912439192258944e-10
8 1.1718750000000000e-01 -7.0244337102565169e-07 -3.8451108963499792e-10
9 1.3281250000000000e-01 -7.0262745932581083e-07 -4.7655501766996622e-10
10 1.4843750000000000e-01 -7.0282239539309899e-07 -5.7402327335864811e-10
11 1.6406250000000000e-01 -7.0302581711700896e-07 -6.7573369122442273e-10
12 1.7968750000000000e-01 -7.0323545919848129e-07 -7.8055473196059211e-10
13 1.9531250000000000e-01 -7.0344916824893744e-07 -8.8740881309945507e-10
14 2.1093750000000000e-01 -7.0366488280626527e-07 -9.9526742403099888e-10
15 2.2656250000000000e-01 -7.0388065420701196e-07 -1.1031526803151337e-09
16 2.4218750000000000e-01 -7.0409463237552927e-07 -1.2101417645737911e-09
17 2.5781250000000000e-01 -7.0430506760033040e-07 -1.3153584887959369e-09
18 2.7343750000000000e-01 -7.0451031675133891e-07 -1.4179830643001878e-09
19 2.8906250000000000e-01 -7.0470883706263976e-07 -1.5172449963074541e-09
20 3.0468750000000000e-01 -7.0489918968519305e-07 -1.6124213075840998e-09
21 3.2031250000000000e-01 -7.0508004235136923e-07 -1.7028467524937696e-09
22 3.3593750000000000e-01 -7.0525015694045123e-07 -1.7879040470347718e-09
23 3.5156250000000000e-01 -7.0540840013677553e-07 -1.8670265333753377e-09
24 3.6718750000000000e-01 -7.0555375408787313e-07 -1.9397017325673005e-09
25 3.8281250000000000e-01 -7.0568528265368968e-07 -2.0054677918324160e-09
26 3.9843750000000000e-01 -7.0580217048643590e-07 -2.0639099318486842e-09
27 4.1406250000000000e-01 -7.0590369816159182e-07 -2.1146737694266449e-09
28 4.2968750000000000e-01 -7.0598924395426366e-07 -2.1574484421194029e-09
29 4.4531250000000000e-01 -7.0605830160275218e-07 -2.1919763781852453e-09
30 4.6093750000000000e-01 -7.0611045188684329e-07 -2.2180506320523818e-09
31 4.7656250000000000e-01 -7.0614539104951746e-07 -2.2355202133894636e-09
32 4.9218750000000000e-01 -7.0616290948066762e-07 -2.2442812053213856e-09
33 5.0781250000000000e-01 -7.0616290948066762e-07 -2.2442812053213856e-09
34 5.2343750000000000e-01 -7.0614539104951746e-07 -2.2355202133894636e-09
35 5.3906250000000000e-01 -7.0611045188684329e-07 -2.2180506320523818e-09
36 5.5468750000000000e-01 -7.0605830160275218e-07 -2.1919763781852453e-09
37 5.7031250000000000e-01 -7.0598924395426366e-07 -2.1574484421194029e-09
38 5.8593750000000000e-01 -7.0590369816159182e-07 -2.1146737694266449e-09
39 6.0156250000000000e-01 -7.0580217048643590e-07 -2.0639099318486842e-09
40 6.1718750000000000e-01 -7.0568528443004652e-07 -2.0054677918324160e-09
41 6.3281250000000000e-01 -7.0555375408787313e-07 -1.9397017325673005e-09
42 6.4843750000000000e-01 -7.0540840191313237e-07 -1.8670265333753377e-09
43 6.6406250000000000e-01 -7.0525015694045123e-07 -1.7879040470347718e-09
44 6.7968750000000000e-01 -7.0508004235136923e-07 -1.7028467524937696e-09
45 6.9531250000000000e-01 -7.0489918968519305e-07 -1.6124213075840998e-09
46 7.1093750000000000e-01 -7.0470883706263976e-07 -1.5172449963074541e-09
47 7.2656250000000000e-01 -7.0451031675133891e-07 -1.4179830643001878e-09
48 7.4218750000000000e-01 -7.0430506760033040e-07 -1.3153584887959369e-09
49 7.5781250000000000e-01 -7.0409463237552927e-07 -1.2101417645737911e-09
50 7.7343750000000000e-01 -7.0388065420701196e-07 -1.1031526803151337e-09
51 7.8906250000000000e-01 -7.0366488280626527e-07 -9.9526742403099888e-10
52 8.0468750000000000e-01 -7.0344916736075902e-07 -8.8740881309945507e-10
53 8.2031250000000000e-01 -7.0323545919848129e-07 -7.8055473196059211e-10
54 8.3593750000000000e-01 -7.0302581711700896e-07 -6.7573369122442273e-10
55 8.5156250000000000e-01 -7.0282239539309899e-07 -5.7402327335864811e-10
56 8.6718750000000000e-01 -7.0262745932581083e-07 -4.7655501766996622e-10
57 8.8281250000000000e-01 -7.0244337102565169e-07 -3.8451108963499792e-10
58 8.9843750000000000e-01 -7.0227259807431608e-07 -2.9912439192258944e-10
59 9.1406250000000000e-01 -7.0211770886174918e-07 -2.2167989666144194e-10
60 9.2968750000000000e-01 -7.0198137747112810e-07 -1.5351409032859920e-10
61 9.4531250000000000e-01 -7.0186637779467986e-07 -9.6014307615632788e-11
62 9.6093750000000000e-01 -7.0177558852968502e-07 -5.0619730629364312e-11
63 9.7656250000000000e-01 -7.0171199020863106e-07 -1.8820528469021269e-11
64 9.9218750000000000e-01 1.0525110920128061e-05 -2.1586231066517136e-12
