# P x u v psi
1 1.5625000000000000e-02 6.3108589156257690e+131 3.8131183603949826e+131 1.0123977276020752e+132
2 4.6875000000000000e-02 2.8308830458811826e+131 1.7104632289533415e+131 4.5413462748345243e+131
3 7.8125000000000000e-02 1.2698586561106456e+131 7.6726819936830260e+130 2.0371268554789483e+131
4 1.0937500000000000e-01 5.6962473630526758e+130 3.4417605744131626e+130 9.1380079374658380e+130
5 1.4062500000000000e-01 2.5551847102953281e+130 1.5438820400366571e+130 4.0990667503319853e+130
6 1.7187500000000000e-01 1.1461877779959085e+130 6.9254434554275006e+129 1.8387321235386587e+130
7 2.0312500000000000e-01 5.1414937643928021e+129 3.1065698883720879e+129 8.2480636527648900e+129
8 2.3437500000000000e-01 2.3063392380501157e+129 1.3935257643324154e+129 3.6998650023825314e+129
9 2.6562500000000000e-01 1.0345672401296772e+129 6.2510149427286170e+128 1.6596687344025390e+129
10 2.9687500000000000e-01 4.6409031671911501e+128 2.8041053225608065e+128 7.4450084897519566e+128
11 3.2812500000000000e-01 2.0820314699776320e+128 1.2579955487948598e+128 3.3400270187724918e+128
12 3.5937500000000000e-01 9.3449231670468958e+127 5.6463468095929190e+127 1.4991269976639816e+128
13 3.9062500000000000e-01 4.2041112871471038e+127 2.5401889270813712e+127 6.7443002142284755e+127
14 4.2187500000000000e-01 1.9131117964706378e+127 1.1559316749108310e+127 3.0690434713814686e+127
15 4.5312500000000000e-01 9.1894041693840662e+126 5.5523798308834449e+126 1.4741784000267510e+127
16 4.8437500000000000e-01 5.4768494192927994e+126 3.3091969503072892e+126 8.7860463696000886e+126
17 5.1562500000000000e-01 5.4768494192928824e+126 3.3091969503073529e+126 8.7860463696002353e+126
18 5.4687500000000000e-01 9.1894041693843800e+126 5.5523798308836349e+126 1.4741784000268015e+127
19 5.7812500000000000e-01 1.9131117964707121e+127 1.1559316749108808e+127 3.0690434713815926e+127
20 6.0937500000000000e-01 4.2041112871472755e+127 2.5401889270814631e+127 6.7443002142287391e+127
21 6.4062500000000000e-01 9.3449231670472671e+127 5.6463468095931200e+127 1.4991269976640387e+128
22 6.7187500000000000e-01 2.0820314699777104e+128 1.2579955487949098e+128 3.3400270187726203e+128
23 7.0312500000000000e-01 4.6409031671913286e+128 2.8041053225609015e+128 7.4450084897522305e+128
24 7.3437500000000000e-01 1.0345672401297169e+129 6.2510149427288910e+128 1.6596687344026061e+129
25 7.6562500000000000e-01 2.3063392380502087e+129 1.3935257643324773e+129 3.6998650023826859e+129
26 7.9687500000000000e-01 5.1414937643930071e+129 3.1065698883722468e+129 8.2480636527652545e+129
27 8.2812500000000000e-01 1.1461877779959590e+130 6.9254434554277764e+129 1.8387321235387365e+130
28 8.5937500000000000e-01 2.5551847102954409e+130 1.5438820400367295e+130 4.0990667503321704e+130
29 8.9062500000000000e-01 5.6962473630529349e+130 3.4417605744133001e+130 9.1380079374662339e+130
30 9.2187500000000000e-01 1.2698586561107021e+131 7.6726819936834466e+130 2.0371268554790468e+131
31 9.5312500000000000e-01 2.8308830458813257e+131 1.7104632289534327e+131 4.5413462748347584e+131
32 9.8437500000000000e-01 6.3108589156260882e+131 3.8131183603951993e+131 1.0123977276021287e+132
