# P x u v psi
1 7.8125000000000000e-03 0.0000000000000000e+00 0.0000000000000000e+00 0.0000000000000000e+00
2 2.3437500000000000e-02 0.0000000000000000e+00 0.0000000000000000e+00 0.0000000000000000e+00
3 3.9062500000000000e-02 0.0000000000000000e+00 0.0000000000000000e+00 0.0000000000000000e+00
4 5.4687500000000000e-02 0.0000000000000000e+00 0.0000000000000000e+00 0.0000000000000000e+00
5 7.0312500000000000e-02 0.0000000000000000e+00 0.0000000000000000e+00 0.0000000000000000e+00
6 8.5937500000000000e-02 0.0000000000000000e+00 0.0000000000000000e+00 0.0000000000000000e+00
7 1.0156250000000000e-01 0.0000000000000000e+00 0.0000000000000000e+00 0.0000000000000000e+00
8 1.1718750000000000e-01 0.0000000000000000e+00 0.0000000000000000e+00 0.0000000000000000e+00
9 1.3281250000000000e-01 0.0000000000000000e+00 0.0000000000000000e+00 0.0000000000000000e+00
10 1.4843750000000000e-01 0.0000000000000000e+00 0.0000000000000000e+00 0.0000000000000000e+00
11 1.6406250000000000e-01 0.0000000000000000e+00 0.0000000000000000e+00 0.0000000000000000e+00
12 1.7968750000000000e-01 0.0000000000000000e+00 0.0000000000000000e+00 0.0000000000000000e+00
13 1.9531250000000000e-01 0.0000000000000000e+00 0.0000000000000000e+00 0.0000000000000000e+00
14 2.1093750000000000e-01 0.0000000000000000e+00 0.0000000000000000e+00 0.0000000000000000e+00
15 2.2656250000000000e-01 0.0000000000000000e+00 0.0000000000000000e+00 0.0000000000000000e+00
16 2.4218750000000000e-01 0.0000000000000000e+00 0.0000000000000000e+00 0.0000000000000000e+00
17 2.5781250000000000e-01 0.0000000000000000e+00 0.0000000000000000e+00 0.0000000000000000e+00
18 2.7343750000000000e-01 0.0000000000000000e+00 0.0000000000000000e+00 0.0000000000000000e+00
19 2.8906250000000000e-01 0.0000000000000000e+00 0.0000000000000000e+00 0.0000000000000000e+00
20 3.0468750000000000e-01 0.0000000000000000e+00 0.0000000000000000e+00 0.0000000000000000e+00
21 3.2031250000000000e-01 0.0000000000000000e+00 0.0000000000000000e+00 0.0000000000000000e+00
22 3.3593750000000000e-01 0.0000000000000000e+00 0.0000000000000000e+00 0.0000000000000000e+00
23 3.5156250000000000e-01 0.0000000000000000e+00 0.0000000000000000e+00 0.0000000000000000e+00
24 3.6718750000000000e-01 0.0000000000000000e+00 0.0000000000000000e+00 0.0000000000000000e+00
25 3.8281250000000000e-01 0.0000000000000000e+00 0.0000000000000000e+00 0.0000000000000000e+00
26 3.9843750000000000e-01 0.0000000000000000e+00 0.0000000000000000e+00 0.0000000000000000e+00
27 4.1406250000000000e-01 0.0000000000000000e+00 0.0000000000000000e+00 0.0000000000000000e+00
28 4.2968750000000000e-01 0.0000000000000000e+00 0.0000000000000000e+00 0.0000000000000000e+00
29 4.4531250000000000e-01 0.0000000000000000e+00 0.0000000000000000e+00 0.0000000000000000e+00
30 4.6093750000000000e-01 0.0000000000000000e+00 0.0000000000000000e+00 0.0000000000000000e+00
31 4.7656250000000000e-01 0.0000000000000000e+00 0.0000000000000000e+00 0.0000000000000000e+00
32 4.9218750000000000e-01 0.0000000000000000e+00 0.0000000000000000e+00 0.0000000000000000e+00
33 5.0781250000000000e-01 0.0000000000000000e+00 0.0000000000000000e+00 0.0000000000000000e+00
34 5.2343750000000000e-01 0.0000000000000000e+00 0.0000000000000000e+00 0.0000000000000000e+00
35 5.3906250000000000e-01 0.0000000000000000e+00 0.0000000000000000e+00 0.0000000000000000e+00
36 5.5468750000000000e-01 0.0000000000000000e+00 0.0000000000000000e+00 0.0000000000000000e+00
37 5.7031250000000000e-01 0.0000000000000000e+00 0.0000000000000000e+00 0.0000000000000000e+00
38 5.8593750000000000e-01 0.0000000000000000e+00 0.0000000000000000e+00 0.0000000000000000e+00
39 6.0156250000000000e-01 0.0000000000000000e+00 0.0000000000000000e+00 0.0000000000000000e+00
40 6.1718750000000000e-01 0.0000000000000000e+00 0.0000000000000000e+00 0.0000000000000000e+00
41 6.3281250000000000e-01 0.0000000000000000e+00 0.0000000000000000e+00 0.0000000000000000e+00
42 6.4843750000000000e-01 0.0000000000000000e+00 0.0000000000000000e+00 0.0000000000000000e+00
43 6.6406250000000000e-01 0.0000000000000000e+00 0.0000000000000000e+00 0.0000000000000000e+00
44 6.7968750000000000e-01 0.0000000000000000e+00 0.0000000000000000e+00 0.0000000000000000e+00
45 6.9531250000000000e-01 0.0000000000000000e+00 0.0000000000000000e+00 0.0000000000000000e+00
46 7.1093750000000000e-01 0.0000000000000000e+00 0.0000000000000000e+00 0.0000000000000000e+00
47 7.2656250000000000e-01 0.0000000000000000e+00 0.0000000000000000e+00 0.0000000000000000e+00
48 7.4218750000000000e-01 0.0000000000000000e+00 0.0000000000000000e+00 0.0000000000000000e+00
49 7.5781250000000000e-01 0.0000000000000000e+00 0.0000000000000000e+00 0.0000000000000000e+00
50 7.7343750000000000e-01 0.0000000000000000e+00 0.0000000000000000e+00 0.0000000000000000e+00
51 7.8906250000000000e-01 0.0000000000000000e+00 0.0000000000000000e+00 0.0000000000000000e+00
52 8.0468750000000000e-01 0.0000000000000000e+00 0.0000000000000000e+00 0.0000000000000000e+00
53 8.2031250000000000e-01 0.0000000000000000e+00 0.0000000000000000e+00 0.0000000000000000e+00
54 8.3593750000000000e-01 0.0000000000000000e+00 0.0000000000000000e+00 0.0000000000000000e+00
55 8.5156250000000000e-01 0.0000000000000000e+00 0.0000000000000000e+00 0.0000000000000000e+00
56 8.6718750000000000e-01 0.0000000000000000e+00 0.0000000000000000e+00 0.0000000000000000e+00
57 8.8281250000000000e-01 0.0000000000000000e+00 0.0000000000000000e+00 0.0000000000000000e+00
58 8.9843750000000000e-01 0.0000000000000000e+00 0.0000000000000000e+00 0.0000000000000000e+00
59 9.1406250000000000e-01 0.0000000000000000e+00 0.0000000000000000e+00 0.0000000000000000e+00
60 9.2968750000000000e-01 0.0000000000000000e+00 0.0000000000000000e+00 0.0000000000000000e+00
61 9.4531250000000000e-01 0.0000000000000000e+00 0.0000000000000000e+00 0.0000000000000000e+00
62 9.6093750000000000e-01 0.0000000000000000e+00 0.0000000000000000e+00 0.0000000000000000e+00
63 9.7656250000000000e-01 0.0000000000000000e+00 0.0000000000000000e+00 0.0000000000000000e+00
64 9.9218750000000000e-01 0.0000000000000000e+00 0.0000000000000000e+00 0.0000000000000000e+00
