# P x u v psi
1 3.9062500000000000e-03 0.0000000000000000e+00 0.0000000000000000e+00 0.0000000000000000e+00
2 1.1718750000000000e-02 0.0000000000000000e+00 0.0000000000000000e+00 0.0000000000000000e+00
3 1.9531250000000000e-02 0.0000000000000000e+00 0.0000000000000000e+00 0.0000000000000000e+00
4 2.7343750000000000e-02 0.0000000000000000e+00 0.0000000000000000e+00 0.0000000000000000e+00
5 3.5156250000000000e-02 0.0000000000000000e+00 0.0000000000000000e+00 0.0000000000000000e+00
6 4.2968750000000000e-02 0.0000000000000000e+00 0.0000000000000000e+00 0.0000000000000000e+00
7 5.0781250000000000e-02 0.0000000000000000e+00 0.0000000000000000e+00 0.0000000000000000e+00
8 5.8593750000000000e-02 0.0000000000000000e+00 0.0000000000000000e+00 0.0000000000000000e+00
9 6.6406250000000000e-02 0.0000000000000000e+00 0.0000000000000000e+00 0.0000000000000000e+00
10 7.4218750000000000e-02 0.0000000000000000e+00 0.0000000000000000e+00 0.0000000000000000e+00
11 8.2031250000000000e-02 0.0000000000000000e+00 0.0000000000000000e+00 0.0000000000000000e+00
12 8.9843750000000000e-02 0.0000000000000000e+00 0.0000000000000000e+00 0.0000000000000000e+00
13 9.7656250000000000e-02 0.0000000000000000e+00 0.0000000000000000e+00 0.0000000000000000e+00
14 1.0546875000000000e-01 0.0000000000000000e+00 0.0000000000000000e+00 0.0000000000000000e+00
15 1.1328125000000000e-01 0.0000000000000000e+00 0.0000000000000000e+00 0.0000000000000000e+00
16 1.2109375000000000e-01 0.0000000000000000e+00 0.0000000000000000e+00 0.0000000000000000e+00
17 1.2890625000000000e-01 0.0000000000000000e+00 0.0000000000000000e+00 0.0000000000000000e+00
18 1.3671875000000000e-01 0.0000000000000000e+00 0.0000000000000000e+00 0.0000000000000000e+00
19 1.4453125000000000e-01 0.0000000000000000e+00 0.0000000000000000e+00 0.0000000000000000e+00
20 1.5234375000000000e-01 0.0000000000000000e+00 0.0000000000000000e+00 0.0000000000000000e+00
21 1.6015625000000000e-01 0.0000000000000000e+00 0.0000000000000000e+00 0.0000000000000000e+00
22 1.6796875000000000e-01 0.0000000000000000e+00 0.0000000000000000e+00 0.0000000000000000e+00
23 1.7578125000000000e-01 0.0000000000000000e+00 0.0000000000000000e+00 0.0000000000000000e+00
24 1.8359375000000000e-01 0.0000000000000000e+00 0.0000000000000000e+00 0.0000000000000000e+00
25 1.9140625000000000e-01 0.0000000000000000e+00 0.0000000000000000e+00 0.0000000000000000e+00
26 1.9921875000000000e-01 0.0000000000000000e+00 0.0000000000000000e+00 0.0000000000000000e+00
27 2.0703125000000000e-01 0.0000000000000000e+00 0.0000000000000000e+00 0.0000000000000000e+00
28 2.1484375000000000e-01 0.0000000000000000e+00 0.0000000000000000e+00 0.0000000000000000e+00
29 2.2265625000000000e-01 0.0000000000000000e+00 0.0000000000000000e+00 0.0000000000000000e+00
30 2.3046875000000000e-01 0.0000000000000000e+00 0.0000000000000000e+00 0.0000000000000000e+00
31 2.3828125000000000e-01 0.0000000000000000e+00 0.0000000000000000e+00 0.0000000000000000e+00
32 2.4609375000000000e-01 0.0000000000000000e+00 0.0000000000000000e+00 0.0000000000000000e+00
33 2.5390625000000000e-01 0.0000000000000000e+00 0.0000000000000000e+00 0.0000000000000000e+00
34 2.6171875000000000e-01 0.0000000000000000e+00 0.0000000000000000e+00 0.0000000000000000e+00
35 2.6953125000000000e-01 0.0000000000000000e+00 0.0000000000000000e+00 0.0000000000000000e+00
36 2.7734375000000000e-01 0.0000000000000000e+00 0.0000000000000000e+00 0.0000000000000000e+00
37 2.8515625000000000e-01 0.0000000000000000e+00 0.0000000000000000e+00 0.0000000000000000e+00
38 2.9296875000000000e-01 0.0000000000000000e+00 0.0000000000000000e+00 0.0000000000000000e+00
39 3.0078125000000000e-01 0.0000000000000000e+00 0.0000000000000000e+00 0.0000000000000000e+00
40 3.0859375000000000e-01 0.0000000000000000e+00 0.0000000000000000e+00 0.0000000000000000e+00
41 3.1640625000000000e-01 0.0000000000000000e+00 0.0000000000000000e+00 0.0000000000000000e+00
42 3.2421875000000000e-01 0.0000000000000000e+00 0.0000000000000000e+00 0.0000000000000000e+00
43 3.3203125000000000e-01 0.0000000000000000e+00 0.0000000000000000e+00 0.0000000000000000e+00
44 3.3984375000000000e-01 0.0000000000000000e+00 0.0000000000000000e+00 0.0000000000000000e+00
45 3.4765625000000000e-01 0.0000000000000000e+00 0.0000000000000000e+00 0.0000000000000000e+00
46 3.5546875000000000e-01 0.0000000000000000e+00 0.0000000000000000e+00 0.0000000000000000e+00
47 3.6328125000000000e-01 0.0000000000000000e+00 0.0000000000000000e+00 0.0000000000000000e+00
48 3.7109375000000000e-01 0.0000000000000000e+00 0.0000000000000000e+00 0.0000000000000000e+00
49 3.7890625000000000e-01 0.0000000000000000e+00 0.0000000000000000e+00 0.0000000000000000e+00
50 3.8671875000000000e-01 0.0000000000000000e+00 0.0000000000000000e+00 0.0000000000000000e+00
51 3.9453125000000000e-01 0.0000000000000000e+00 0.0000000000000000e+00 0.0000000000000000e+00
52 4.0234375000000000e-01 0.0000000000000000e+00 0.0000000000000000e+00 0.0000000000000000e+00
53 4.1015625000000000e-01 0.0000000000000000e+00 0.0000000000000000e+00 0.0000000000000000e+00
54 4.1796875000000000e-01 0.0000000000000000e+00 0.0000000000000000e+00 0.0000000000000000e+00
55 4.2578125000000000e-01 0.0000000000000000e+00 0.0000000000000000e+00 0.0000000000000000e+00
56 4.3359375000000000e-01 0.0000000000000000e+00 0.0000000000000000e+00 0.0000000000000000e+00
57 4.4140625000000000e-01 0.0000000000000000e+00 0.0000000000000000e+00 0.0000000000000000e+00
58 4.4921875000000000e-01 0.0000000000000000e+00 0.0000000000000000e+00 0.0000000000000000e+00
59 4.5703125000000000e-01 0.0000000000000000e+00 0.0000000000000000e+00 0.0000000000000000e+00
60 4.6484375000000000e-01 0.0000000000000000e+00 0.0000000000000000e+00 0.0000000000000000e+00
61 4.7265625000000000e-01 0.0000000000000000e+00 0.0000000000000000e+00 0.0000000000000000e+00
62 4.8046875000000000e-01 0.0000000000000000e+00 0.0000000000000000e+00 0.0000000000000000e+00
63 4.8828125000000000e-01 0.0000000000000000e+00 0.0000000000000000e+00 0.0000000000000000e+00
64 4.9609375000000000e-01 0.0000000000000000e+00 0.0000000000000000e+00 0.0000000000000000e+00
65 5.0390625000000000e-01 0.0000000000000000e+00 0.0000000000000000e+00 0.0000000000000000e+00
66 5.1171875000000000e-01 0.0000000000000000e+00 0.0000000000000000e+00 0.0000000000000000e+00
67 5.1953125000000000e-01 0.0000000000000000e+00 0.0000000000000000e+00 0.0000000000000000e+00
68 5.2734375000000000e-01 0.0000000000000000e+00 0.0000000000000000e+00 0.0000000000000000e+00
69 5.3515625000000000e-01 0.0000000000000000e+00 0.0000000000000000e+00 0.0000000000000000e+00
70 5.4296875000000000e-01 0.0000000000000000e+00 0.0000000000000000e+00 0.0000000000000000e+00
71 5.5078125000000000e-01 0.0000000000000000e+00 0.0000000000000000e+00 0.0000000000000000e+00
72 5.5859375000000000e-01 0.0000000000000000e+00 0.0000000000000000e+00 0.0000000000000000e+00
73 5.6640625000000000e-01 0.0000000000000000e+00 0.0000000000000000e+00 0.0000000000000000e+00
74 5.7421875000000000e-01 0.0000000000000000e+00 0.0000000000000000e+00 0.0000000000000000e+00
75 5.8203125000000000e-01 0.0000000000000000e+00 0.0000000000000000e+00 0.0000000000000000e+00
76 5.8984375000000000e-01 0.0000000000000000e+00 0.0000000000000000e+00 0.0000000000000000e+00
77 5.9765625000000000e-01 0.0000000000000000e+00 0.0000000000000000e+00 0.0000000000000000e+00
78 6.0546875000000000e-01 0.0000000000000000e+00 0.0000000000000000e+00 0.0000000000000000e+00
79 6.1328125000000000e-01 0.0000000000000000e+00 0.0000000000000000e+00 0.0000000000000000e+00
80 6.2109375000000000e-01 0.0000000000000000e+00 0.0000000000000000e+00 0.0000000000000000e+00
81 6.2890625000000000e-01 0.0000000000000000e+00 0.0000000000000000e+00 0.0000000000000000e+00
82 6.3671875000000000e-01 0.0000000000000000e+00 0.0000000000000000e+00 0.0000000000000000e+00
83 6.4453125000000000e-01 0.0000000000000000e+00 0.0000000000000000e+00 0.0000000000000000e+00
84 6.5234375000000000e-01 0.0000000000000000e+00 0.0000000000000000e+00 0.0000000000000000e+00
85 6.6015625000000000e-01 0.0000000000000000e+00 0.0000000000000000e+00 0.0000000000000000e+00
86 6.6796875000000000e-01 0.0000000000000000e+00 0.0000000000000000e+00 0.0000000000000000e+00
87 6.7578125000000000e-01 0.0000000000000000e+00 0.0000000000000000e+00 0.0000000000000000e+00
88 6.8359375000000000e-01 0.0000000000000000e+00 0.0000000000000000e+00 0.0000000000000000e+00
89 6.9140625000000000e-01 0.0000000000000000e+00 0.0000000000000000e+00 0.0000000000000000e+00
90 6.9921875000000000e-01 0.0000000000000000e+00 0.0000000000000000e+00 0.0000000000000000e+00
91 7.0703125000000000e-01 0.0000000000000000e+00 0.0000000000000000e+00 0.0000000000000000e+00
92 7.1484375000000000e-01 0.0000000000000000e+00 0.0000000000000000e+00 0.0000000000000000e+00
93 7.2265625000000000e-01 0.0000000000000000e+00 0.0000000000000000e+00 0.0000000000000000e+00
94 7.3046875000000000e-01 0.0000000000000000e+00 0.0000000000000000e+00 0.0000000000000000e+00
95 7.3828125000000000e-01 0.0000000000000000e+00 0.0000000000000000e+00 0.0000000000000000e+00
96 7.4609375000000000e-01 0.0000000000000000e+00 0.0000000000000000e+00 0.0000000000000000e+00
97 7.5390625000000000e-01 0.0000000000000000e+00 0.0000000000000000e+00 0.0000000000000000e+00
98 7.6171875000000000e-01 0.0000000000000000e+00 0.0000000000000000e+00 0.0000000000000000e+00
99 7.6953125000000000e-01 0.0000000000000000e+00 0.0000000000000000e+00 0.0000000000000000e+00
100 7.7734375000000000e-01 0.0000000000000000e+00 0.0000000000000000e+00 0.0000000000000000e+00
101 7.8515625000000000e-01 0.0000000000000000e+00 0.0000000000000000e+00 0.0000000000000000e+00
102 7.9296875000000000e-01 0.0000000000000000e+00 0.0000000000000000e+00 0.0000000000000000e+00
103 8.0078125000000000e-01 0.0000000000000000e+00 0.0000000000000000e+00 0.0000000000000000e+00
104 8.0859375000000000e-01 0.0000000000000000e+00 0.0000000000000000e+00 0.0000000000000000e+00
105 8.1640625000000000e-01 0.0000000000000000e+00 0.0000000000000000e+00 0.0000000000000000e+00
106 8.2421875000000000e-01 0.0000000000000000e+00 0.0000000000000000e+00 0.0000000000000000e+00
107 8.3203125000000000e-01 0.0000000000000000e+00 0.0000000000000000e+00 0.0000000000000000e+00
108 8.3984375000000000e-01 0.0000000000000000e+00 0.0000000000000000e+00 0.0000000000000000e+00
109 8.4765625000000000e-01 0.0000000000000000e+00 0.0000000000000000e+00 0.0000000000000000e+00
110 8.5546875000000000e-01 0.0000000000000000e+00 0.0000000000000000e+00 0.0000000000000000e+00
111 8.6328125000000000e-01 0.0000000000000000e+00 0.0000000000000000e+00 0.0000000000000000e+00
112 8.7109375000000000e-01 0.0000000000000000e+00 0.0000000000000000e+00 0.0000000000000000e+00
113 8.7890625000000000e-01 0.0000000000000000e+00 0.0000000000000000e+00 0.0000000000000000e+00
114 8.8671875000000000e-01 0.0000000000000000e+00 0.0000000000000000e+00 0.0000000000000000e+00
115 8.9453125000000000e-01 0.0000000000000000e+00 0.0000000000000000e+00 0.0000000000000000e+00
116 9.0234375000000000e-01 0.0000000000000000e+00 0.0000000000000000e+00 0.0000000000000000e+00
117 9.1015625000000000e-01 0.0000000000000000e+00 0.0000000000000000e+00 0.0000000000000000e+00
118 9.1796875000000000e-01 0.0000000000000000e+00 0.0000000000000000e+00 0.0000000000000000e+00
119 9.2578125000000000e-01 0.0000000000000000e+00 0.0000000000000000e+00 0.0000000000000000e+00
120 9.3359375000000000e-01 0.0000000000000000e+00 0.0000000000000000e+00 0.0000000000000000e+00
121 9.4140625000000000e-01 0.0000000000000000e+00 0.0000000000000000e+00 0.0000000000000000e+00
122 9.4921875000000000e-01 0.0000000000000000e+00 0.0000000000000000e+00 0.0000000000000000e+00
123 9.5703125000000000e-01 0.0000000000000000e+00 0.0000000000000000e+00 0.0000000000000000e+00
124 9.6484375000000000e-01 0.0000000000000000e+00 0.0000000000000000e+00 0.0000000000000000e+00
125 9.7265625000000000e-01 0.0000000000000000e+00 0.0000000000000000e+00 0.0000000000000000e+00
126 9.8046875000000000e-01 0.0000000000000000e+00 0.0000000000000000e+00 0.0000000000000000e+00
127 9.8828125000000000e-01 0.0000000000000000e+00 0.0000000000000000e+00 0.0000000000000000e+00
128 9.9609375000000000e-01 0.0000000000000000e+00 0.0000000000000000e+00 0.0000000000000000e+00
