# P x phi_num phi_exact phi_err
1 9.7656250000000000e-04 1.2285616409284805e+00 1.2285616413968907e+00 -4.6841019951671115e-10
2 2.9296875000000000e-03 1.2270077100540782e+00 1.2270077094703180e+00 5.8376015132921566e-10
3 4.8828125000000000e-03 1.2254724045475132e+00 1.2254724029258119e+00 1.6217012177577317e-09
4 6.8359375000000000e-03 1.2239556361236619e+00 1.2239556334781228e+00 2.6455391211044343e-09
5 8.7890625000000000e-03 1.2224573167863582e+00 1.2224573131309593e+00 3.6553988724818964e-09
6 1.0742187500000000e-02 1.2209773588294932e+00 1.2209773541780893e+00 4.6514039286904563e-09
7 1.2695312500000000e-02 1.2195156748381175e+00 1.2195156692044393e+00 5.6336781906196620e-09
8 1.4648437500000000e-02 1.2180721776895485e+00 1.2180721710872062e+00 6.6023422284899880e-09
9 1.6601562500000000e-02 1.2166467805544821e+00 1.2166467729969643e+00 7.5575177227449331e-09
10 1.8554687500000000e-02 1.2152393968981081e+00 1.2152393883987822e+00 8.4993259097387863e-09
11 2.0507812500000000e-02 1.2138499404812280e+00 1.2138499310533413e+00 9.4278866935582073e-09
12 2.2460937500000000e-02 1.2124783253613767e+00 1.2124783150180574e+00 1.0343319312156041e-08
13 2.4414062500000000e-02 1.2111244658939493e+00 1.2111244546482085e+00 1.1245740783039082e-08
14 2.6367187500000000e-02 1.2097882767333303e+00 1.2097882645980620e+00 1.2135268345758732e-08
15 2.8320312500000000e-02 1.2084696728340272e+00 1.2084696598220102e+00 1.3012017019420341e-08
16 3.0273437500000000e-02 1.2071685694518071e+00 1.2071685555757057e+00 1.3876101379040051e-08
17 3.2226562500000000e-02 1.2058848821448365e+00 1.2058848674172016e+00 1.4727634889410979e-08
18 3.4179687500000000e-02 1.2046185267748251e+00 1.2046185112080943e+00 1.5566730793281636e-08
19 3.6132812500000000e-02 1.2033694195081710e+00 1.2033694031146711e+00 1.6393499890909879e-08
20 3.8085937500000000e-02 1.2021374768171109e+00 1.2021374596090586e+00 1.7208052316419753e-08
21 4.0039062500000000e-02 1.2009226154808732e+00 1.2009225974703759e+00 1.8010497315756879e-08
22 4.1992187500000000e-02 1.1997247525868335e+00 1.1997247337858901e+00 1.8800943468733067e-08
23 4.3945312500000000e-02 1.1985438055316728e+00 1.1985437859521750e+00 1.9579497800847889e-08
24 4.5898437500000000e-02 1.1973796920225399e+00 1.1973796716762726e+00 2.0346267337600921e-08
25 4.7851562500000000e-02 1.1962323300782149e+00 1.1962323089768570e+00 2.1101357994268710e-08
26 4.9804687500000000e-02 1.1951016380302759e+00 1.1951016161854007e+00 2.1844875242038597e-08
27 5.1757812500000000e-02 1.1939875345242681e+00 1.1939875119473449e+00 2.2576923219830292e-08
28 5.3710937500000000e-02 1.1928899385208760e+00 1.1928899152232717e+00 2.3297604290206664e-08
29 5.5664062500000000e-02 1.1918087692970982e+00 1.1918087452900781e+00 2.4007020149596769e-08
30 5.7617187500000000e-02 1.1907439464474250e+00 1.1907439217421523e+00 2.4705272716474269e-08
31 5.9570312500000000e-02 1.1896953898850160e+00 1.1896953644925541e+00 2.5392461910911379e-08
32 6.1523437500000000e-02 1.1886630198428834e+00 1.1886629937741959e+00 2.6068687430935711e-08
33 6.3476562500000000e-02 1.1876467568750750e+00 1.1876467301410258e+00 2.6734049196619480e-08
34 6.5429687500000000e-02 1.1866465218578621e+00 1.1866464944692141e+00 2.7388648016213324e-08
35 6.7382812500000000e-02 1.1856622359909241e+00 1.1856622079583414e+00 2.8032582699566433e-08
36 6.9335937500000000e-02 1.1846938207985394e+00 1.1846937921325871e+00 2.8665952278572604e-08
37 7.1289062500000000e-02 1.1837411981307764e+00 1.1837411688419213e+00 2.9288855118991819e-08
38 7.3242187500000000e-02 1.1828042901646869e+00 1.1828042602633000e+00 2.9901386922048800e-08
39 7.5195312500000000e-02 1.1818830194055030e+00 1.1818829889018587e+00 3.0503644277146691e-08
40 7.7148437500000000e-02 1.1809773086878317e+00 1.1809772775921097e+00 3.1095721997331793e-08
41 7.9101562500000000e-02 1.1800870811768556e+00 1.1800870494991396e+00 3.1677716005873435e-08
42 8.1054687500000000e-02 1.1792122603695316e+00 1.1792122281198127e+00 3.2249718895371871e-08
43 8.3007812500000000e-02 1.1783527700957921e+00 1.1783527372839675e+00 3.2811824590694982e-08
44 8.4960937500000000e-02 1.1775085345197487e+00 1.1775085011556248e+00 3.3364123908086185e-08
45 8.6914062500000000e-02 1.1766794781408965e+00 1.1766794442341881e+00 3.3906708329922708e-08
46 8.8867187500000000e-02 1.1758655257953194e+00 1.1758654913556510e+00 3.4439668450403360e-08
47 9.0820312500000000e-02 1.1750666026568979e+00 1.1750665676938035e+00 3.4963094419637741e-08
48 9.2773437500000000e-02 1.1742826342385142e+00 1.1742825987614394e+00 3.5477074833423217e-08
49 9.4726562500000000e-02 1.1735135463932644e+00 1.1735135104115650e+00 3.5981699397780176e-08
50 9.6679687500000000e-02 1.1727592653156651e+00 1.1727592288386113e+00 3.6477053821926120e-08
51 9.8632812500000000e-02 1.1720197175428666e+00 1.1720196805796406e+00 3.6963226035524599e-08
52 1.0058593750000000e-01 1.1712948299558632e+00 1.1712947925155612e+00 3.7440301969837719e-08
53 1.0253906250000000e-01 1.1705845297807049e+00 1.1705844918723392e+00 3.7908365779770747e-08
54 1.0449218750000000e-01 1.1698887445897128e+00 1.1698887062222101e+00 3.8367502730451974e-08
55 1.0644531250000000e-01 1.1692074023026904e+00 1.1692073634848945e+00 3.8817795866563642e-08
56 1.0839843750000000e-01 1.1685404311881389e+00 1.1685403919288107e+00 3.9259328232787993e-08
57 1.1035156250000000e-01 1.1678877598644726e+00 1.1678877201722895e+00 3.9692183095851874e-08
58 1.1230468750000000e-01 1.1672493173012342e+00 1.1672492771847907e+00 4.0116443500437526e-08
59 1.1425781250000000e-01 1.1666250328203089e+00 1.1666249922881169e+00 4.0532192047137983e-08
60 1.1621093750000000e-01 1.1660148360971410e+00 1.1660147951576305e+00 4.0939510448367855e-08
61 1.1816406250000000e-01 1.1654186571619485e+00 1.1654186158234687e+00 4.1338479750407942e-08
62 1.2011718750000000e-01 1.1648364264009405e+00 1.1648363846717604e+00 4.1729180111360620e-08
63 1.2207031250000000e-01 1.1642680745575331e+00 1.1642680324458421e+00 4.2111691023194453e-08
64 1.2402343750000000e-01 1.1637135327335657e+00 1.1637134902474737e+00 4.2486091977878004e-08
65 1.2597656250000000e-01 1.1631727323905168e+00 1.1631726895380554e+00 4.2852461357156812e-08
66 1.2792968750000000e-01 1.1626456053507197e+00 1.1626455621398435e+00 4.3210876210508786e-08
67 1.2988281250000000e-01 1.1621320837985791e+00 1.1621320402371655e+00 4.3561413587411835e-08
68 1.3183593750000000e-01 1.1616321002817864e+00 1.1616320563776370e+00 4.3904149427120842e-08
69 1.3378906250000000e-01 1.1611455877125354e+00 1.1611455434733762e+00 4.4239159224801483e-08
70 1.3574218750000000e-01 1.1606724793687360e+00 1.1606724348022190e+00 4.4566516921307198e-08
71 1.3769531250000000e-01 1.1602127088952310e+00 1.1602126640089334e+00 4.4886297567714450e-08
72 1.3964843750000000e-01 1.1597662103050084e+00 1.1597661651064330e+00 4.5198575326921286e-08
73 1.4160156250000000e-01 1.1593329179804159e+00 1.1593328724769920e+00 4.5503423917736541e-08
74 1.4355468750000000e-01 1.1589127666743730e+00 1.1589127208734553e+00 4.5800917725102863e-08
75 1.4550781250000000e-01 1.1585056915115828e+00 1.1585056454204530e+00 4.6091129801695274e-08
76 1.4746093750000000e-01 1.1581116279897428e+00 1.1581115816156102e+00 4.6374132534054979e-08
77 1.4941406250000000e-01 1.1577305119807555e+00 1.1577304653307574e+00 4.6649998086678579e-08
78 1.5136718750000000e-01 1.1573622797319385e+00 1.1573622328131410e+00 4.6918797513839650e-08
79 1.5332031250000000e-01 1.1570068678672325e+00 1.1570068206866306e+00 4.7180601869811767e-08
80 1.5527343750000000e-01 1.1566642133884084e+00 1.1566641659529275e+00 4.7435480876600877e-08
81 1.5722656250000000e-01 1.1563342536762746e+00 1.1563342059927708e+00 4.7683503812123718e-08
82 1.5917968750000000e-01 1.1560169264918811e+00 1.1560168785671414e+00 4.7924739732252419e-08
83 1.6113281250000000e-01 1.1557121699777242e+00 1.1557121218184683e+00 4.8159255916502275e-08
84 1.6308593750000000e-01 1.1554199226589501e+00 1.1554198742718296e+00 4.8387120532566996e-08
85 1.6503906250000000e-01 1.1551401234445546e+00 1.1551400748361542e+00 4.8608400415872666e-08
86 1.6699218750000000e-01 1.1548727116285842e+00 1.1548726628054224e+00 4.8823161735711551e-08
87 1.6894531250000000e-01 1.1546176268913346e+00 1.1546175778598642e+00 4.9031470439331315e-08
88 1.7089843750000000e-01 1.1543748093005481e+00 1.1543747600671550e+00 4.9233393140113435e-08
89 1.7285156250000000e-01 1.1541441993126076e+00 1.1541441498836129e+00 4.9428994675082549e-08
90 1.7480468750000000e-01 1.1539257377737309e+00 1.1539256881553916e+00 4.9618339215129481e-08
91 1.7675781250000000e-01 1.1537193659211624e+00 1.1537193161196719e+00 4.9801490487055844e-08
92 1.7871093750000000e-01 1.1535250253843650e+00 1.1535249754058527e+00 4.9978512217663251e-08
93 1.8066406250000000e-01 1.1533426581862063e+00 1.1533426080367393e+00 5.0149467023530292e-08
94 1.8261718750000000e-01 1.1531722067441463e+00 1.1531721564297293e+00 5.0314417077146345e-08
95 1.8457031250000000e-01 1.1530136138714222e+00 1.1530135633979972e+00 5.0473424995089999e-08
96 1.8652343750000000e-01 1.1528668227782304e+00 1.1528667721516783e+00 5.0626552061672214e-08
97 1.8847656250000000e-01 1.1527317770729095e+00 1.1527317262990477e+00 5.0773861781649998e-08
98 1.9042968750000000e-01 1.1526084207631155e+00 1.1526083698476988e+00 5.0915416771601940e-08
99 1.9238281250000000e-01 1.1524966982569982e+00 1.1524966472057199e+00 5.1051278315838999e-08
100 1.9433593750000000e-01 1.1523965543643755e+00 1.1523965031828671e+00 5.1181508364805950e-08
101 1.9628906250000000e-01 1.1523079342979050e+00 1.1523078829917379e+00 5.1306167092590726e-08
102 1.9824218750000000e-01 1.1522307836742534e+00 1.1522307322489380e+00 5.1425315339415079e-08
103 2.0019531250000000e-01 1.1521650485152621e+00 1.1521649969762497e+00 5.1539012391188521e-08
104 2.0214843750000000e-01 1.1521106752491137e+00 1.1521106236017957e+00 5.1647317977909779e-08
105 2.0410156250000000e-01 1.1520676107114913e+00 1.1520675589612004e+00 5.1750290941399157e-08
106 2.0605468750000000e-01 1.1520358021467387e+00 1.1520357502987495e+00 5.1847989235298542e-08
107 2.0800781250000000e-01 1.1520151972090171e+00 1.1520151452685468e+00 5.1940470369160607e-08
108 2.0996093750000000e-01 1.1520057439634588e+00 1.1520056919356674e+00 5.2027791408448820e-08
109 2.1191406250000000e-01 1.1520073908873179e+00 1.1520073387773082e+00 5.2110009640671251e-08
110 2.1386718750000000e-01 1.1520200868711186e+00 1.1520200346839382e+00 5.2187180354934526e-08
111 2.1582031250000000e-01 1.1520437812198012e+00 1.1520437289604417e+00 5.2259359506479086e-08
112 2.1777343750000000e-01 1.1520784236538639e+00 1.1520783713272611e+00 5.2326602828500768e-08
113 2.1972656250000000e-01 1.1521239643105028e+00 1.1521239119215374e+00 5.2388965388061592e-08
114 2.2167968750000000e-01 1.1521803537447473e+00 1.1521803012982450e+00 5.2446502252223581e-08
115 2.2363281250000000e-01 1.1522475429305941e+00 1.1522474904313265e+00 5.2499267599870336e-08
116 2.2558593750000000e-01 1.1523254832621359e+00 1.1523254307148214e+00 5.2547314499662434e-08
117 2.2753906250000000e-01 1.1524141265546908e+00 1.1524140739639943e+00 5.2590696464349662e-08
118 2.2949218750000000e-01 1.1525134250459239e+00 1.1525133724164580e+00 5.2629465896458782e-08
119 2.3144531250000000e-01 1.1526233313969683e+00 1.1526232787332928e+00 5.2663675420561162e-08
120 2.3339843750000000e-01 1.1527437986935427e+00 1.1527437460001659e+00 5.2693376773049749e-08
121 2.3535156250000000e-01 1.1528747804470645e+00 1.1528747277284428e+00 5.2718621690317491e-08
122 2.3730468750000000e-01 1.1530162305957601e+00 1.1530161778562982e+00 5.2739461908757335e-08
123 2.3925781250000000e-01 1.1531681035057706e+00 1.1531680507498225e+00 5.2755948054539203e-08
124 2.4121093750000000e-01 1.1533303539722548e+00 1.1533303012041256e+00 5.2768129199520786e-08
125 2.4316406250000000e-01 1.1535029372204906e+00 1.1535028844444348e+00 5.2776055747827400e-08
126 2.4511718750000000e-01 1.1536858089069688e+00 1.1536857561271927e+00 5.2779776105182918e-08
127 2.4707031250000000e-01 1.1538789251204864e+00 1.1538788723411462e+00 5.2779340231623451e-08
128 2.4902343750000000e-01 1.1540822423832335e+00 1.1540821896084379e+00 5.2774795644694450e-08
129 2.5097656250000000e-01 1.1542957176518798e+00 1.1542956648856881e+00 5.2766191638298210e-08
130 2.5292968750000000e-01 1.1545193083186558e+00 1.1545192555650770e+00 5.2753578838604653e-08
131 2.5488281250000000e-01 1.1547529722124272e+00 1.1547529194754209e+00 5.2737006317471469e-08
132 2.5683593750000000e-01 1.1549966675997680e+00 1.1549966148832442e+00 5.2716523812890159e-08
133 2.5878906250000000e-01 1.1552503531860288e+00 1.1552503004938492e+00 5.2692179508539994e-08
134 2.6074218750000000e-01 1.1555139881164014e+00 1.1555139354523793e+00 5.2664022032189450e-08
135 2.6269531250000000e-01 1.1557875319769801e+00 1.1557874793448815e+00 5.2632098679339379e-08
136 2.6464843750000000e-01 1.1560709447958175e+00 1.1560708921993605e+00 5.2596456967535232e-08
137 2.6660156250000000e-01 1.1563641870439767e+00 1.1563641344868323e+00 5.2557144414322465e-08
138 2.6855468750000000e-01 1.1566672196365793e+00 1.1566671671223716e+00 5.2514207649068112e-08
139 2.7050781250000000e-01 1.1569800039338485e+00 1.1569799514661563e+00 5.2467692190916182e-08
140 2.7246093750000000e-01 1.1573025017421485e+00 1.1573024493245048e+00 5.2417643781055290e-08
141 2.7441406250000000e-01 1.1576346753150195e+00 1.1576346229509125e+00 5.2364107050451025e-08
142 2.7636718750000000e-01 1.1579764873542091e+00 1.1579764350470825e+00 5.2307126630068979e-08
143 2.7832031250000000e-01 1.1583279010106968e+00 1.1583278487639499e+00 5.2246746928830134e-08
144 2.8027343750000000e-01 1.1586888798857164e+00 1.1586888277027043e+00 5.2183012133610873e-08
145 2.8222656250000000e-01 1.1590593880317726e+00 1.1590593359158070e+00 5.2115965543109155e-08
146 2.8417968750000000e-01 1.1594393899536528e+00 1.1594393379080028e+00 5.2045650011933731e-08
147 2.8613281250000000e-01 1.1598288506094354e+00 1.1598287986373272e+00 5.1972108172648745e-08
148 2.8808593750000000e-01 1.1602277354114920e+00 1.1602276835161101e+00 5.1895381991684530e-08
149 2.9003906250000000e-01 1.1606360102274857e+00 1.1606359584119734e+00 5.1815512325248392e-08
150 2.9199218750000000e-01 1.1610536413813655e+00 1.1610535896488250e+00 5.1732540473636845e-08
151 2.9394531250000000e-01 1.1614805956543535e+00 1.1614805440078466e+00 5.1646506848967988e-08
152 2.9589843750000000e-01 1.1619168402859297e+00 1.1619167887284780e+00 5.1557451641315311e-08
153 2.9785156250000000e-01 1.1623623429748107e+00 1.1623622915093959e+00 5.1465414818707700e-08
154 2.9980468750000000e-01 1.1628170718799249e+00 1.1628170205094874e+00 5.1370437459397067e-08
155 3.0175781250000000e-01 1.1632809956213794e+00 1.1632809443488188e+00 5.1272560641635323e-08
156 3.0371093750000000e-01 1.1637540832814239e+00 1.1637540321096005e+00 5.1171823445272935e-08
157 3.0566406250000000e-01 1.1642363044054098e+00 1.1642362533371442e+00 5.1068265616294184e-08
158 3.0761718750000000e-01 1.1647276290027442e+00 1.1647275780408177e+00 5.0961926456594142e-08
159 3.0957031250000000e-01 1.1652280275478377e+00 1.1652279766949936e+00 5.0852844157844856e-08
160 3.1152343750000000e-01 1.1657374709810489e+00 1.1657374202399915e+00 5.0741057355807584e-08
161 3.1347656250000000e-01 1.1662559307096225e+00 1.1662558800830169e+00 5.0626605574422001e-08
162 3.1542968750000000e-01 1.1667833786086221e+00 1.1667833280990947e+00 5.0509527449449365e-08
163 3.1738281250000000e-01 1.1673197870218568e+00 1.1673197366319947e+00 5.0389862060740143e-08
164 3.1933593750000000e-01 1.1678651287628041e+00 1.1678650784951570e+00 5.0267647155877171e-08
165 3.2128906250000000e-01 1.1684193771155260e+00 1.1684193269726053e+00 5.0142920704487892e-08
166 3.2324218750000000e-01 1.1689825058355809e+00 1.1689824558198620e+00 5.0015718899842909e-08
167 3.2519531250000000e-01 1.1695544891509302e+00 1.1695544392648514e+00 4.9886078823391244e-08
168 3.2714843750000000e-01 1.1701353017628384e+00 1.1701352520088009e+00 4.9754037556581920e-08
169 3.2910156250000000e-01 1.1707249188467688e+00 1.1707248692271375e+00 4.9619631292685540e-08
170 3.3105468750000000e-01 1.1713233160532708e+00 1.1713232665703754e+00 4.9482895336794286e-08
171 3.3300781250000000e-01 1.1719304695088659e+00 1.1719304201650016e+00 4.9343864327866527e-08
172 3.3496093750000000e-01 1.1725463558169258e+00 1.1725463066143524e+00 4.9202573348949841e-08
173 3.3691406250000000e-01 1.1731709520585452e+00 1.1731709029994881e+00 4.9059057039002596e-08
174 3.3886718750000000e-01 1.1738042357934075e+00 1.1738041868800582e+00 4.8913349370849346e-08
175 3.4082031250000000e-01 1.1744461850606476e+00 1.1744461362951635e+00 4.8765484095270040e-08
176 3.4277343750000000e-01 1.1750967783797066e+00 1.1750967297642121e+00 4.8615494518955416e-08
177 3.4472656250000000e-01 1.1757559947511826e+00 1.1757559462877680e+00 4.8463414614730027e-08
178 3.4667968750000000e-01 1.1764238136576732e+00 1.1764237653483960e+00 4.8309277245195403e-08
179 3.4863281250000000e-01 1.1771002150646146e+00 1.1771001669114993e+00 4.8153115272953073e-08
180 3.5058593750000000e-01 1.1777851794211123e+00 1.1777851314261523e+00 4.7994960006292331e-08
181 3.5253906250000000e-01 1.1784786876607700e+00 1.1784786398259255e+00 4.7834844529859311e-08
182 3.5449218750000000e-01 1.1791807212025078e+00 1.1791806735297083e+00 4.7672799485809492e-08
183 3.5644531250000000e-01 1.1798912619513779e+00 1.1798912144425215e+00 4.7508856404476774e-08
184 3.5839843750000000e-01 1.1806102922993726e+00 1.1806102449563260e+00 4.7343046594150451e-08
185 3.6035156250000000e-01 1.1813377951262272e+00 1.1813377479508262e+00 4.7175400919030608e-08
186 3.6230468750000000e-01 1.1820737538002155e+00 1.1820737067942653e+00 4.7005950243317329e-08
187 3.6425781250000000e-01 1.1828181521789412e+00 1.1828181053442171e+00 4.6834724098943070e-08
188 3.6621093750000000e-01 1.1835709746101206e+00 1.1835709279483684e+00 4.6661752239884891e-08
189 3.6816406250000000e-01 1.1843322059323620e+00 1.1843321594452982e+00 4.6487063753986035e-08
190 3.7011718750000000e-01 1.1851018314759376e+00 1.1851017851652499e+00 4.6310687729089750e-08
191 3.7207031250000000e-01 1.1858798370635495e+00 1.1858797909308958e+00 4.6132653697128490e-08
192 3.7402343750000000e-01 1.1866662090110878e+00 1.1866661630580988e+00 4.5952988969588660e-08
193 3.7597656250000000e-01 1.1874609341283859e+00 1.1874608883566633e+00 4.5771722634313505e-08
194 3.7792968750000000e-01 1.1882639997199675e+00 1.1882639541310844e+00 4.5588883113012457e-08
195 3.7988281250000000e-01 1.1890753935857850e+00 1.1890753481812868e+00 4.5404498161261131e-08
196 3.8183593750000000e-01 1.1898951040219565e+00 1.1898950588033614e+00 4.5218595090545932e-08
197 3.8378906250000000e-01 1.1907231198214927e+00 1.1907230747902915e+00 4.5031201212353267e-08
198 3.8574218750000000e-01 1.1915594302750188e+00 1.1915593854326763e+00 4.4842342505901911e-08
199 3.8769531250000000e-01 1.1924040251714907e+00 1.1924039805194446e+00 4.4652046060633666e-08
200 3.8964843750000000e-01 1.1932568947989037e+00 1.1932568503385665e+00 4.4460337189633492e-08
201 3.9160156250000000e-01 1.1941180299449958e+00 1.1941179856777533e+00 4.4267242538253981e-08
202 3.9355468750000000e-01 1.1949874218979439e+00 1.1949873778251545e+00 4.4072789417981539e-08
203 3.9550781250000000e-01 1.1958650624470537e+00 1.1958650185700492e+00 4.3877004474168757e-08
204 3.9746093750000000e-01 1.1967509438834414e+00 1.1967509002035279e+00 4.3679913463989806e-08
205 3.9941406250000000e-01 1.1976450590007117e+00 1.1976450155191687e+00 4.3481543032797276e-08
206 4.0136718750000000e-01 1.1985474010956274e+00 1.1985473578137094e+00 4.3281918049586920e-08
207 4.0332031250000000e-01 1.1994579639687739e+00 1.1994579208877096e+00 4.3081064271532910e-08
208 4.0527343750000000e-01 1.2003767419252158e+00 1.2003766990462093e+00 4.2879006567630995e-08
209 4.0722656250000000e-01 1.2013037297751477e+00 1.2013036870993783e+00 4.2675769362787719e-08
210 4.0917968750000000e-01 1.2022389228345378e+00 1.2022388803631607e+00 4.2471377081909623e-08
211 4.1113281250000000e-01 1.2031823169257663e+00 1.2031822746599132e+00 4.2265853039680223e-08
212 4.1308593750000000e-01 1.2041339083782547e+00 1.2041338663190335e+00 4.2059221216916853e-08
213 4.1503906250000000e-01 1.2050936940290915e+00 1.2050936521775877e+00 4.1851503818080005e-08
214 4.1699218750000000e-01 1.2060616712236492e+00 1.2060616295809250e+00 4.1642724157853195e-08
215 4.1894531250000000e-01 1.2070378378161948e+00 1.2070377963832897e+00 4.1432905106830731e-08
216 4.2089843750000000e-01 1.2080221921704948e+00 1.2080221509484259e+00 4.1222068869473105e-08
217 4.2285156250000000e-01 1.2090147331604122e+00 1.2090146921501739e+00 4.1010238316374625e-08
218 4.2480468750000000e-01 1.2100154601704971e+00 1.2100154193730612e+00 4.0797435874040389e-08
219 4.2675781250000000e-01 1.2110243730965697e+00 1.2110243325128869e+00 4.0583682858752468e-08
220 4.2871093750000000e-01 1.2120414723462991e+00 1.2120414319772981e+00 4.0369001030882146e-08
221 4.3066406250000000e-01 1.2130667588397721e+00 1.2130667186863613e+00 4.0153410818533075e-08
222 4.3261718750000000e-01 1.2141002340100597e+00 1.2141001940731257e+00 3.9936933982076539e-08
223 4.3457031250000000e-01 1.2151418998037711e+00 1.2151418600841801e+00 3.9719590949616190e-08
224 4.3652343750000000e-01 1.2161917586816053e+00 1.2161917191802034e+00 3.9501401927211077e-08
225 4.3847656250000000e-01 1.2172498136188952e+00 1.2172497743365065e+00 3.9282388675232482e-08
226 4.4042968750000000e-01 1.2183160681061440e+00 1.2183160290435713e+00 3.9062572732007084e-08
227 4.4238281250000000e-01 1.2193905261495548e+00 1.2193904873075778e+00 3.8841976968129188e-08
228 4.4433593750000000e-01 1.2204731922715517e+00 1.2204731536509290e+00 3.8620622699880869e-08
229 4.4628906250000000e-01 1.2215640715112970e+00 1.2215640331127655e+00 3.8398531465588803e-08
230 4.4824218750000000e-01 1.2226631694251995e+00 1.2226631312494756e+00 3.8175723915401250e-08
231 4.5019531250000000e-01 1.2237704920874184e+00 1.2237704541351966e+00 3.7952221809689490e-08
232 4.5214843750000000e-01 1.2248860460903566e+00 1.2248860083623112e+00 3.7728045354512574e-08
233 4.5410156250000000e-01 1.2260098385451512e+00 1.2260098010419358e+00 3.7503215422063363e-08
234 4.5605468750000000e-01 1.2271418770821538e+00 1.2271418398044014e+00 3.7277752440445511e-08
235 4.5800781250000000e-01 1.2282821698514050e+00 1.2282821327997293e+00 3.7051675727539646e-08
236 4.5996093750000000e-01 1.2294307255231036e+00 1.2294306886980984e+00 3.6825005267360211e-08
237 4.6191406250000000e-01 1.2305875532880661e+00 1.2305875166903062e+00 3.6597759933698626e-08
238 4.6386718750000000e-01 1.2317526628581827e+00 1.2317526264882237e+00 3.6369959044435518e-08
239 4.6582031250000000e-01 1.2329260644668629e+00 1.2329260283252406e+00 3.6141622361540726e-08
240 4.6777343750000000e-01 1.2341077688694755e+00 1.2341077329567076e+00 3.5912767870627249e-08
241 4.6972656250000000e-01 1.2352977873437831e+00 1.2352977516603685e+00 3.5683414667531110e-08
242 4.7167968750000000e-01 1.2364961316903686e+00 1.2364960962367866e+00 3.5453582070132938e-08
243 4.7363281250000000e-01 1.2377028142330535e+00 1.2377027790097648e+00 3.5223288730179547e-08
244 4.7558593750000000e-01 1.2389178478193101e+00 1.2389178128267575e+00 3.4992552633283935e-08
245 4.7753906250000000e-01 1.2401412458206680e+00 1.2401412110592758e+00 3.4761392209148312e-08
246 4.7949218750000000e-01 1.2413730221331125e+00 1.2413729876032877e+00 3.4529824777251861e-08
247 4.8144531250000000e-01 1.2426131911774765e+00 1.2426131568796075e+00 3.4297868989341396e-08
248 4.8339843750000000e-01 1.2438617678998243e+00 1.2438617338342826e+00 3.4065541720806891e-08
249 4.8535156250000000e-01 1.2451187677718309e+00 1.2451187339389704e+00 3.3832860513172136e-08
250 4.8730468750000000e-01 1.2463842067911526e+00 1.2463841731913090e+00 3.3599843574094734e-08
251 4.8925781250000000e-01 1.2476581014817894e+00 1.2476580681152811e+00 3.3366508223053870e-08
252 4.9121093750000000e-01 1.2489404688944434e+00 1.2489404357615721e+00 3.3132871335439518e-08
253 4.9316406250000000e-01 1.2502313266068683e+00 1.2502312937079185e+00 3.2898949786641651e-08
254 4.9511718750000000e-01 1.2515306927242120e+00 1.2515306600594527e+00 3.2664759341827221e-08
255 4.9707031250000000e-01 1.2528385858793549e+00 1.2528385534490374e+00 3.2430317542520015e-08
256 4.9902343750000000e-01 1.2541550252332367e+00 1.2541549930375959e+00 3.2195640820020799e-08
257 5.0097656250000000e-01 1.2554800304751803e+00 1.2554799985144356e+00 3.1960744717451917e-08
258 5.0292968750000000e-01 1.2568136218232071e+00 1.2568135900975610e+00 3.1725646110203343e-08
259 5.0488281250000000e-01 1.2581558200243452e+00 1.2581557885339831e+00 3.1490362095709656e-08
260 5.0683593750000000e-01 1.2595066463549314e+00 1.2595066151000225e+00 3.1254908883227017e-08
261 5.0878906250000000e-01 1.2608661226209041e+00 1.2608660916016019e+00 3.1019302237922375e-08
262 5.1074218750000000e-01 1.2622342711580929e+00 1.2622342403745350e+00 3.0783557924962679e-08
263 5.1269531250000000e-01 1.2636111148324991e+00 1.2636110842848076e+00 3.0547691487470274e-08
264 5.1464843750000000e-01 1.2649966770405694e+00 1.2649966467288509e+00 3.0311718468567506e-08
265 5.1660156250000000e-01 1.2663909817094634e+00 1.2663909516338090e+00 3.0075654411376718e-08
266 5.1855468750000000e-01 1.2677940532973133e+00 1.2677940234577985e+00 2.9839514859020255e-08
267 5.2050781250000000e-01 1.2692059167934804e+00 1.2692058871901639e+00 2.9603316464843488e-08
268 5.2246093750000000e-01 1.2706265977187974e+00 1.2706265683517208e+00 2.9367076548325599e-08
269 5.2441406250000000e-01 1.2720561221258098e+00 1.2720560929949989e+00 2.9130810874633539e-08
270 5.2636718750000000e-01 1.2734945165990084e+00 1.2734944877044732e+00 2.8894535208934258e-08
271 5.2832031250000000e-01 1.2749418082550554e+00 1.2749417795967894e+00 2.8658265982528519e-08
272 5.3027343750000000e-01 1.2763980247430027e+00 1.2763979963209839e+00 2.8422018738538668e-08
273 5.3222656250000000e-01 1.2778631942445058e+00 1.2778631660586974e+00 2.8185808353953234e-08
274 5.3417968750000000e-01 1.2793373454740291e+00 1.2793373175243774e+00 2.7949651704162193e-08
275 5.3613281250000000e-01 1.2808205076790429e+00 1.2808204799654803e+00 2.7713562555931048e-08
276 5.3808593750000000e-01 1.2823127106402172e+00 1.2823126831626606e+00 2.7477556674426751e-08
277 5.4003906250000000e-01 1.2838139846716059e+00 1.2838139574299583e+00 2.7241647604370200e-08
278 5.4199218750000000e-01 1.2853243606208267e+00 1.2853243336149762e+00 2.7005850444794532e-08
279 5.4394531250000000e-01 1.2868438698692319e+00 1.2868438430990521e+00 2.6770179850643672e-08
280 5.4589843750000000e-01 1.2883725443320733e+00 1.2883725177974235e+00 2.6534649810727728e-08
281 5.4785156250000000e-01 1.2899104164586612e+00 1.2899103901593858e+00 2.6299275424079838e-08
282 5.4980468750000000e-01 1.2914575192325162e+00 1.2914574931684457e+00 2.6064070457465505e-08
283 5.5175781250000000e-01 1.2930138861715132e+00 1.2930138603424637e+00 2.5829049565828655e-08
284 5.5371093750000000e-01 1.2945795513280207e+00 1.2945795257337929e+00 2.5594227848202422e-08
285 5.5566406250000000e-01 1.2961545492890310e+00 1.2961545239294128e+00 2.5359618183173893e-08
286 5.5761718750000000e-01 1.2977389151762855e+00 1.2977388900510514e+00 2.5125234115463968e-08
287 5.5957031250000000e-01 1.2993326846463953e+00 1.2993326597553057e+00 2.4891089633882757e-08
288 5.6152343750000000e-01 1.3009358938909514e+00 1.3009358692337523e+00 2.4657199171329580e-08
289 5.6347656250000000e-01 1.3025485796366292e+00 1.3025485552130533e+00 2.4423575828436128e-08
290 5.6542968750000000e-01 1.3041707791452894e+00 1.3041707549550554e+00 2.4190234038101721e-08
291 5.6738281250000000e-01 1.3058025302140710e+00 1.3058025062568810e+00 2.3957190009582519e-08
292 5.6933593750000000e-01 1.3074438711754746e+00 1.3074438474510135e+00 2.3724461062357705e-08
293 5.7128906250000000e-01 1.3090948408974405e+00 1.3090948174053789e+00 2.3492061629326599e-08
294 5.7324218750000000e-01 1.3107554787834239e+00 1.3107554555234155e+00 2.3260008363834572e-08
295 5.7519531250000000e-01 1.3124258247724578e+00 1.3124258017441417e+00 2.3028316142870153e-08
296 5.7714843750000000e-01 1.3141059193392164e+00 1.3141058965422154e+00 2.2797000953644897e-08
297 5.7910156250000000e-01 1.3157958034940656e+00 1.3157957809279879e+00 2.2566077673147333e-08
298 5.8105468750000000e-01 1.3174955187831117e+00 1.3174954964475494e+00 2.2335562288589017e-08
299 5.8300781250000000e-01 1.3192051072882405e+00 1.3192050851827710e+00 2.2105469454913873e-08
300 5.8496093750000000e-01 1.3209246116271531e+00 1.3209245897513386e+00 2.1875814493199641e-08
301 5.8691406250000000e-01 1.3226540749533924e+00 1.3226540533067799e+00 2.1646612502479456e-08
302 5.8886718750000000e-01 1.3243935409563645e+00 1.3243935195384873e+00 2.1417877249518824e-08
303 5.9082031250000000e-01 1.3261430538613568e+00 1.3261430326717323e+00 2.1189624499484694e-08
304 5.9277343750000000e-01 1.3279026584295432e+00 1.3279026374676752e+00 2.0961868019142571e-08
305 5.9472656250000000e-01 1.3296723999579900e+00 1.3296723792233671e+00 2.0734622907525591e-08
306 5.9667968750000000e-01 1.3314523242796512e+00 1.3314523037717478e+00 2.0507903375488468e-08
307 5.9863281250000000e-01 1.3332424777633589e+00 1.3332424574816346e+00 2.0281724300019732e-08
308 6.0058593750000000e-01 1.3350429073138077e+00 1.3350428872577078e+00 2.0056099891974100e-08
309 6.0253906250000000e-01 1.3368536603715329e+00 1.3368536405404896e+00 1.9831043251983260e-08
310 6.0449218750000000e-01 1.3386747849128824e+00 1.3386747653063136e+00 1.9606568812946534e-08
311 6.0644531250000000e-01 1.3405063294499833e+00 1.3405063100672940e+00 1.9382689231406403e-08
312 6.0839843750000000e-01 1.3423483430307011e+00 1.3423483238712828e+00 1.9159418274128370e-08
313 6.1035156250000000e-01 1.3442008752385952e+00 1.3442008563018257e+00 1.8936769485833338e-08
314 6.1230468750000000e-01 1.3460639761928657e+00 1.3460639574781090e+00 1.8714756633286811e-08
315 6.1425781250000000e-01 1.3479376965482983e+00 1.3479376780549031e+00 1.8493395259611134e-08
316 6.1621093750000000e-01 1.3498220874951965e+00 1.3498220692224960e+00 1.8272700463839442e-08
317 6.1816406250000000e-01 1.3517172007593130e+00 1.3517171827066266e+00 1.8052686456826450e-08
318 6.2011718750000000e-01 1.3536230886017746e+00 1.3536230707684069e+00 1.7833367671471478e-08
319 6.2207031250000000e-01 1.3555398038190003e+00 1.3555397862042415e+00 1.7614758762718452e-08
320 6.2402343750000000e-01 1.3574673997426141e+00 1.3574673823457404e+00 1.7396873719377481e-08
321 6.2597656250000000e-01 1.3594059302393529e+00 1.3594059130596248e+00 1.7179728084570911e-08
322 6.2792968750000000e-01 1.3613554497109652e+00 1.3613554327476307e+00 1.6963334514841222e-08
323 6.2988281250000000e-01 1.3633160130941095e+00 1.3633159963464019e+00 1.6747707665132339e-08
324 6.3183593750000000e-01 1.3652876758602424e+00 1.3652876593273819e+00 1.6532860414031347e-08
325 6.3378906250000000e-01 1.3672704940155038e+00 1.3672704776966971e+00 1.6318806750348358e-08
326 6.3574218750000000e-01 1.3692645241005950e+00 1.3692645079950356e+00 1.6105559330625852e-08
327 6.3769531250000000e-01 1.3712698231906522e+00 1.3712698072975207e+00 1.5893131477540123e-08
328 6.3964843750000000e-01 1.3732864488951142e+00 1.3732864332135784e+00 1.5681535847633654e-08
329 6.4160156250000000e-01 1.3753144593575848e+00 1.3753144438867984e+00 1.5470786429716554e-08
330 6.4355468750000000e-01 1.3773539132556911e+00 1.3773538979947928e+00 1.5260898322821959e-08
331 6.4550781250000000e-01 1.3794048698009320e+00 1.3794048547490463e+00 1.5051885737804582e-08
332 6.4746093750000000e-01 1.3814673887385240e+00 1.3814673738947612e+00 1.4843762885519141e-08
333 6.4941406250000000e-01 1.3835415303472431e+00 1.3835415157106994e+00 1.4636543754775744e-08
334 6.5136718750000000e-01 1.3856273554392593e+00 1.3856273410090161e+00 1.4430243222562922e-08
335 6.5332031250000000e-01 1.3877249253599662e+00 1.3877249111350918e+00 1.4224874389512365e-08
336 6.5527343750000000e-01 1.3898343019878061e+00 1.3898342879673549e+00 1.4020451244434184e-08
337 6.5722656250000000e-01 1.3919555477340899e+00 1.3919555339171021e+00 1.3816987776138490e-08
338 6.5917968750000000e-01 1.3940887255428105e+00 1.3940887119283134e+00 1.3614497085256971e-08
339 6.6113281250000000e-01 1.3962338988904524e+00 1.3962338854774603e+00 1.3412992050376715e-08
340 6.6308593750000000e-01 1.3983911317857962e+00 1.3983911185733100e+00 1.3212486216218622e-08
341 6.6503906250000000e-01 1.4005604887697181e+00 1.4005604757567265e+00 1.3012991573191357e-08
342 6.6699218750000000e-01 1.4027420349149839e+00 1.4027420221004616e+00 1.2814522332149636e-08
343 6.6894531250000000e-01 1.4049358358260369e+00 1.4049358232089471e+00 1.2617089817368310e-08
344 6.7089843750000000e-01 1.4071419576387847e+00 1.4071419452180776e+00 1.2420707129479069e-08
345 6.7285156250000000e-01 1.4093604670203776e+00 1.4093604547949896e+00 1.2225388035247420e-08
346 6.7480468750000000e-01 1.4115914311689817e+00 1.4115914191378383e+00 1.2031143414859002e-08
347 6.7675781250000000e-01 1.4138349178135521e+00 1.4138349059755646e+00 1.1837987479168532e-08
348 6.7871093750000000e-01 1.4160909952135949e+00 1.4160909835676627e+00 1.1645932218584676e-08
349 6.8066406250000000e-01 1.4183597321589283e+00 1.4183597207039387e+00 1.1454989623516099e-08
350 6.8261718750000000e-01 1.4206411979694402e+00 1.4206411867042683e+00 1.1265171906416072e-08
351 6.8457031250000000e-01 1.4229354624948372e+00 1.4229354514183468e+00 1.1076490391559446e-08
352 6.8652343750000000e-01 1.4252425961143937e+00 1.4252425852254353e+00 1.0888958401622517e-08
353 6.8847656250000000e-01 1.4275626697366923e+00 1.4275626590341046e+00 1.0702587704969346e-08
354 6.9042968750000000e-01 1.4298957547993649e+00 1.4298957442819722e+00 1.0517392734499253e-08
355 6.9238281250000000e-01 1.4322419232688217e+00 1.4322419129354338e+00 1.0333387923111559e-08
356 6.9433593750000000e-01 1.4346012476399823e+00 1.4346012374893953e+00 1.0150587037571768e-08
357 6.9628906250000000e-01 1.4369738009359996e+00 1.4369737909669955e+00 9.9690040666899904e-09
358 6.9824218750000000e-01 1.4393596567079794e+00 1.4393596469193275e+00 9.7886518890533125e-09
359 7.0019531250000000e-01 1.4417588890346977e+00 1.4417588794251532e+00 9.6095444934718444e-09
360 7.0214843750000000e-01 1.4441715725223123e+00 1.4441715630906171e+00 9.4316952026218814e-09
361 7.0410156250000000e-01 1.4465977823040703e+00 1.4465977730489532e+00 9.2551171171351143e-09
362 7.0605468750000000e-01 1.4490375940400120e+00 1.4490375849601893e+00 9.0798226715094188e-09
363 7.0800781250000000e-01 1.4514910839166715e+00 1.4514910750108458e+00 8.9058256325103002e-09
364 7.0996093750000000e-01 1.4539583286467701e+00 1.4539583199136328e+00 8.7331373244126098e-09
365 7.1191406250000000e-01 1.4564394054689107e+00 1.4564393969071403e+00 8.5617704037588283e-09
366 7.1386718750000000e-01 1.4589343921472646e+00 1.4589343837555280e+00 8.3917366389130166e-09
367 7.1582031250000000e-01 1.4614433669712572e+00 1.4614433587482087e+00 8.2230484643730506e-09
368 7.1777343750000000e-01 1.4639664087552446e+00 1.4639664006995279e+00 8.0557167603245716e-09
369 7.1972656250000000e-01 1.4665035968381948e+00 1.4665035889484406e+00 7.8897541833100604e-09
370 7.2167968750000000e-01 1.4690550110833596e+00 1.4690550033581864e+00 7.7251731678273927e-09
371 7.2363281250000000e-01 1.4716207318779413e+00 1.4716207243159567e+00 7.5619845940622099e-09
372 7.2558593750000000e-01 1.4742008401327606e+00 1.4742008327325598e+00 7.4002008965123878e-09
373 7.2753906250000000e-01 1.4767954172819184e+00 1.4767954100420868e+00 7.2398316230959381e-09
374 7.2949218750000000e-01 1.4794045452824554e+00 1.4794045382015666e+00 7.0808887642215268e-09
375 7.3144531250000000e-01 1.4820283066140068e+00 1.4820282996906238e+00 6.9233829780301903e-09
376 7.3339843750000000e-01 1.4846667842784540e+00 1.4846667775111302e+00 6.7673238124399404e-09
377 7.3535156250000000e-01 1.4873200617995754e+00 1.4873200551868524e+00 6.6127230358148381e-09
378 7.3730468750000000e-01 1.4899882232226913e+00 1.4899882167631000e+00 6.4595913062959198e-09
379 7.3925781250000000e-01 1.4926713531143041e+00 1.4926713468063655e+00 6.3079386158904072e-09
380 7.4121093750000000e-01 1.4953695365617399e+00 1.4953695304039651e+00 6.1577747345609168e-09
381 7.4316406250000000e-01 1.4980828591727844e+00 1.4980828531636747e+00 6.0091096543146705e-09
382 7.4511718750000000e-01 1.5008114070753147e+00 1.5008114012133627e+00 5.8619520348912602e-09
383 7.4707031250000000e-01 1.5035552669169321e+00 1.5035552612006204e+00 5.7163116462533026e-09
384 7.4902343750000000e-01 1.5063145258645876e+00 1.5063145202923909e+00 5.5721967040511799e-09
385 7.5097656250000000e-01 1.5090892716042068e+00 1.5090892661745907e+00 5.4296160900690893e-09
386 7.5292968750000000e-01 1.5118795923403161e+00 1.5118795870517341e+00 5.2885820167603015e-09
387 7.5488281250000000e-01 1.5146855767956597e+00 1.5146855716465519e+00 5.1491078068011120e-09
388 7.5683593750000000e-01 1.5175073142108142e+00 1.5175073091996063e+00 5.0112078930908410e-09
389 7.5878906250000000e-01 1.5203448943438020e+00 1.5203448894689069e+00 4.8748951542165742e-09
390 7.6074218750000000e-01 1.5231984074697031e+00 1.5231984027295198e+00 4.7401833569438168e-09
391 7.6269531250000000e-01 1.5260679443802629e+00 1.5260679397731789e+00 4.6070840475920249e-09
392 7.6464843750000000e-01 1.5289535963834999e+00 1.5289535919078896e+00 4.4756103267928893e-09
393 7.6660156250000000e-01 1.5318554553033092e+00 1.5318554509575348e+00 4.3457744069996807e-09
394 7.6855468750000000e-01 1.5347736134790642e+00 1.5347736092614772e+00 4.2175869463534355e-09
395 7.7050781250000000e-01 1.5377081637652164e+00 1.5377081596741551e+00 4.0910612675304492e-09
396 7.7246093750000000e-01 1.5406591995308923e+00 1.5406591955646856e+00 3.9662066964041287e-09
397 7.7441406250000000e-01 1.5436268146594880e+00 1.5436268108164546e+00 3.8430334470263006e-09
398 7.7636718750000000e-01 1.5466111035482650e+00 1.5466110998267129e+00 3.7215521775380012e-09
399 7.7832031250000000e-01 1.5496121611079388e+00 1.5496121575061654e+00 3.6017733240356620e-09
400 7.8027343750000000e-01 1.5526300827622697e+00 1.5526300792785639e+00 3.4837057683034800e-09
401 7.8222656250000000e-01 1.5556649644476490e+00 1.5556649610802906e+00 3.3673583921256522e-09
402 7.8417968750000000e-01 1.5587169026126870e+00 1.5587168993599465e+00 3.2527405213755856e-09
403 7.8613281250000000e-01 1.5617859942177936e+00 1.5617859910779330e+00 3.1398605937482671e-09
404 7.8808593750000000e-01 1.5648723367347630e+00 1.5648723337060371e+00 3.0287259367156594e-09
405 7.9003906250000000e-01 1.5679760281463540e+00 1.5679760252270099e+00 2.9193440997943298e-09
406 7.9199218750000000e-01 1.5710971669458671e+00 1.5710971641341458e+00 2.8117213002332164e-09
407 7.9394531250000000e-01 1.5742358521367257e+00 1.5742358494308619e+00 2.7058637552812570e-09
408 7.9589843750000000e-01 1.5773921832320499e+00 1.5773921806302731e+00 2.6017767940089698e-09
409 7.9785156250000000e-01 1.5805662602542325e+00 1.5805662577547661e+00 2.4994664116206877e-09
410 7.9980468750000000e-01 1.5837581837345132e+00 1.5837581813355752e+00 2.3989379371869290e-09
411 8.0175781250000000e-01 1.5869680547125520e+00 1.5869680524123531e+00 2.3001989202242612e-09
412 8.0371093750000000e-01 1.5901959747359973e+00 1.5901959725327439e+00 2.2032533575355728e-09
413 8.0566406250000000e-01 1.5934420458600596e+00 1.5934420437519519e+00 2.1081076884144068e-09
414 8.0761718750000000e-01 1.5967063706470783e+00 1.5967063686323106e+00 2.0147676860204911e-09
415 8.0957031250000000e-01 1.5999890521660909e+00 1.5999890502428535e+00 1.9232373471567143e-09
416 8.1152343750000000e-01 1.6032901939923989e+00 1.6032901921588796e+00 1.8335193363583357e-09
417 8.1347656250000000e-01 1.6066099002071383e+00 1.6066098984615200e+00 1.7456183165620587e-09
418 8.1542968750000000e-01 1.6099482753968444e+00 1.6099482737373054e+00 1.6595389507045866e-09
419 8.1738281250000000e-01 1.6133054246530165e+00 1.6133054230777302e+00 1.5752863458118327e-09
420 8.1933593750000000e-01 1.6166814535716809e+00 1.6166814520788169e+00 1.4928640545974758e-09
421 8.2128906250000000e-01 1.6200764682529571e+00 1.6200764668406828e+00 1.4122742975075653e-09
422 8.2324218750000000e-01 1.6234905753006215e+00 1.6234905739671015e+00 1.3335199611219650e-09
423 8.2519531250000000e-01 1.6269238818216691e+00 1.6269238805650665e+00 1.2566025997529096e-09
424 8.2714843750000000e-01 1.6303764954258797e+00 1.6303764942443553e+00 1.1815244338464481e-09
425 8.2910156250000000e-01 1.6338485242253780e+00 1.6338485231170925e+00 1.1082854634025807e-09
426 8.3105468750000000e-01 1.6373400768341979e+00 1.6373400757973111e+00 1.0368867986443320e-09
427 8.3300781250000000e-01 1.6408512623678444e+00 1.6408512614005168e+00 9.6732755139328219e-10
428 8.3496093750000000e-01 1.6443821904428564e+00 1.6443821895432500e+00 8.9960638938180182e-10
429 8.3691406250000000e-01 1.6479329711763688e+00 1.6479329703426480e+00 8.3372087011923668e-10
430 8.3886718750000000e-01 1.6515037151856782e+00 1.6515037144160087e+00 7.6966943929335230e-10
431 8.4082031250000000e-01 1.6550945335878022e+00 1.6550945328803544e+00 7.0744787805665510e-10
432 8.4277343750000000e-01 1.6587055379990454e+00 1.6587055373519921e+00 6.4705329982928106e-10
433 8.4472656250000000e-01 1.6623368405345624e+00 1.6623368399460809e+00 5.8848148576373660e-10
434 8.4667968750000000e-01 1.6659885538079227e+00 1.6659885532761949e+00 5.3172777292331830e-10
435 8.4863281250000000e-01 1.6696607909306738e+00 1.6696607904538854e+00 4.7678838654974243e-10
436 8.5058593750000000e-01 1.6733536655119068e+00 1.6733536650882501e+00 4.2365666530486124e-10
437 8.5253906250000000e-01 1.6770672916578218e+00 1.6770672912854965e+00 3.7232528171671220e-10
438 8.5449218750000000e-01 1.6808017839712959e+00 1.6808017836485092e+00 3.2278668626872786e-10
439 8.5644531250000000e-01 1.6845572575514502e+00 1.6845572572764158e+00 2.7503443966736540e-10
440 8.5839843750000000e-01 1.6883338279932167e+00 1.6883338277641589e+00 2.2905788377158842e-10
441 8.6035156250000000e-01 1.6921316113869096e+00 1.6921316112020606e+00 1.8484902497561961e-10
442 8.6230468750000000e-01 1.6959507243177945e+00 1.6959507241753971e+00 1.4239742718302750e-10
443 8.6425781250000000e-01 1.6997912838656601e+00 1.6997912837639666e+00 1.0169354247580031e-10
444 8.6621093750000000e-01 1.7036534076043890e+00 1.7036534075416636e+00 6.2725380445272094e-11
445 8.6816406250000000e-01 1.7075372136015330e+00 1.7075372135760529e+00 2.5480062504357193e-11
446 8.7011718750000000e-01 1.7114428204178884e+00 1.7114428204279437e+00 -1.0055289934030043e-11
447 8.7207031250000000e-01 1.7153703471070720e+00 1.7153703471509669e+00 -4.3894887724604814e-11
448 8.7402343750000000e-01 1.7193199132150996e+00 1.7193199132911521e+00 -7.6052497632872473e-11
449 8.7597656250000000e-01 1.7232916387799642e+00 1.7232916388865096e+00 -1.0654543913801717e-10
450 8.7792968750000000e-01 1.7272856443312201e+00 1.7272856444666085e+00 -1.3538836718396396e-10
451 8.7988281250000000e-01 1.7313020508895640e+00 1.7313020510521615e+00 -1.6259749102687238e-10
452 8.8183593750000000e-01 1.7353409799664195e+00 1.7353409801546098e+00 -1.8819035219053148e-10
453 8.8378906250000000e-01 1.7394025535635227e+00 1.7394025537757087e+00 -2.1218604651096484e-10
454 8.8574218750000000e-01 1.7434868941725132e+00 1.7434868944071173e+00 -2.3460411391340585e-10
455 8.8769531250000000e-01 1.7475941247745230e+00 1.7475941250299885e+00 -2.5546542659071747e-10
456 8.8964843750000000e-01 1.7517243688397706e+00 1.7517243691145619e+00 -2.7479130082497250e-10
457 8.9160156250000000e-01 1.7558777503271550e+00 1.7558777506197585e+00 -2.9260349698745358e-10
458 8.9355468750000000e-01 1.7600543936838537e+00 1.7600543939927786e+00 -3.0892488567246801e-10
459 8.9550781250000000e-01 1.7642544238449240e+00 1.7642544241687013e+00 -3.2377722725129843e-10
460 8.9746093750000000e-01 1.7684779662329020e+00 1.7684779665700852e+00 -3.3718317027364719e-10
461 8.9941406250000000e-01 1.7727251467574074e+00 1.7727251471065755e+00 -3.4916802782447576e-10
462 9.0136718750000000e-01 1.7769960918147527e+00 1.7769960921745085e+00 -3.5975578072111603e-10
463 9.0332031250000000e-01 1.7812909282875504e+00 1.7812909286565237e+00 -3.6897329636076392e-10
464 9.0527343750000000e-01 1.7856097835443263e+00 1.7856097839211744e+00 -3.7684810827443016e-10
465 9.0722656250000000e-01 1.7899527854391364e+00 1.7899527858225448e+00 -3.8340841612694021e-10
466 9.0917968750000000e-01 1.7943200623111835e+00 1.7943200626998677e+00 -3.8868419593995895e-10
467 9.1113281250000000e-01 1.7987117429844397e+00 1.7987117433771449e+00 -3.9270520169054635e-10
468 9.1308593750000000e-01 1.8031279567672698e+00 1.8031279571627752e+00 -3.9550540620325592e-10
469 9.1503906250000000e-01 1.8075688334520590e+00 1.8075688338491764e+00 -3.9711745003501164e-10
470 9.1699218750000000e-01 1.8120345033148462e+00 1.8120345037124224e+00 -3.9757619418878676e-10
471 9.1894531250000000e-01 1.8165250971149562e+00 1.8165250975118716e+00 -3.9691538944452986e-10
472 9.2089843750000000e-01 1.8210407460946361e+00 1.8210407464898097e+00 -3.9517367156349792e-10
473 9.2285156250000000e-01 1.8255815819786998e+00 1.8255815823710877e+00 -3.9238789995010848e-10
474 9.2480468750000000e-01 1.8301477369741714e+00 1.8301477373627679e+00 -3.8859648832101357e-10
475 9.2675781250000000e-01 1.8347393437699329e+00 1.8347393441537712e+00 -3.8383829448207507e-10
476 9.2871093750000000e-01 1.8393565355363761e+00 1.8393565359145312e+00 -3.7815506281901889e-10
477 9.3066406250000000e-01 1.8439994459250599e+00 1.8439994462966487e+00 -3.7158875976217587e-10
478 9.3261718750000000e-01 1.8486682090683679e+00 1.8486682094325517e+00 -3.6418379423253100e-10
479 9.3457031250000000e-01 1.8533629595791765e+00 1.8533629599351606e+00 -3.5598413106185944e-10
480 9.3652343750000000e-01 1.8580838325505196e+00 1.8580838328975555e+00 -3.4703595552798561e-10
481 9.3847656250000000e-01 1.8628309635552611e+00 1.8628309638926477e+00 -3.3738656313175852e-10
482 9.4042968750000000e-01 1.8676044886457728e+00 1.8676044889728574e+00 -3.2708458164165677e-10
483 9.4238281250000000e-01 1.8724045443536175e+00 1.8724045446697941e+00 -3.1617664042471461e-10
484 9.4433593750000000e-01 1.8772312676892311e+00 1.8772312679939420e+00 -3.0471092316020076e-10
485 9.4628906250000000e-01 1.8820847961416112e+00 1.8820847964343490e+00 -2.9273783397343323e-10
486 9.4824218750000000e-01 1.8869652676780133e+00 1.8869652679583233e+00 -2.8030999743577922e-10
487 9.5019531250000000e-01 1.8918728207436502e+00 1.8918728210111297e+00 -2.6747959402939614e-10
488 9.5214843750000000e-01 1.8968075942613942e+00 1.8968075945156952e+00 -2.5430102468249061e-10
489 9.5410156250000000e-01 1.9017697276314875e+00 1.9017697278723178e+00 -2.4083024463550373e-10
490 9.5605468750000000e-01 1.9067593607312554e+00 1.9067593609583784e+00 -2.2712298708427170e-10
491 9.5800781250000000e-01 1.9117766339148243e+00 1.9117766341280633e+00 -2.1323898202751934e-10
492 9.5996093750000000e-01 1.9168216880128452e+00 1.9168216882120828e+00 -1.9923751537476164e-10
493 9.6191406250000000e-01 1.9218946643322241e+00 1.9218946645174058e+00 -1.8518164779379731e-10
494 9.6386718750000000e-01 1.9269957046558552e+00 1.9269957048269892e+00 -1.7113399586321520e-10
495 9.6582031250000000e-01 1.9321249512423622e+00 1.9321249513995220e+00 -1.5715984069686328e-10
496 9.6777343750000000e-01 1.9372825468258419e+00 1.9372825469691661e+00 -1.4332424136398458e-10
497 9.6972656250000000e-01 1.9424686346156157e+00 1.9424686347453117e+00 -1.2969603169210586e-10
498 9.7167968750000000e-01 1.9476833582959869e+00 1.9476833584123303e+00 -1.1634337937493910e-10
499 9.7363281250000000e-01 1.9529268620260025e+00 1.9529268621293370e+00 -1.0333445210619630e-10
500 9.7558593750000000e-01 1.9581992904392196e+00 1.9581992905299612e+00 -9.0741636427082994e-11
501 9.7753906250000000e-01 1.9635007886434803e+00 1.9635007887221179e+00 -7.8637540923409688e-11
502 9.7949218750000000e-01 1.9688315022206908e+00 1.9688315022877887e+00 -6.7097882805455811e-11
503 9.8144531250000000e-01 1.9741915772266085e+00 1.9741915772828067e+00 -5.6198157238895874e-11
504 9.8339843750000000e-01 1.9795811601906332e+00 1.9795811602366504e+00 -4.6017190058478263e-11
505 9.8535156250000000e-01 1.9850003981156055e+00 1.9850003981522399e+00 -3.6634473232766140e-11
506 9.8730468750000000e-01 1.9904494384776139e+00 1.9904494385057439e+00 -2.8129942819532516e-11
507 9.8925781250000000e-01 1.9959284292258050e+00 1.9959284292463897e+00 -2.0584645099575027e-11
508 9.9121093750000000e-01 2.0014375187822000e+00 2.0014375187962803e+00 -1.4080292487506085e-11
509 9.9316406250000000e-01 2.0069768560415189e+00 2.0069768560502204e+00 -8.7014839778021269e-12
510 9.9511718750000000e-01 2.0125465903710111e+00 2.0125465903755448e+00 -4.5337067433592892e-12
511 9.9707031250000000e-01 2.0181468716102939e+00 2.0181468716119606e+00 -1.6666668045672850e-12
512 9.9902343750000000e-01 2.0237778500711978e+00 2.0237778500713883e+00 -1.9051427102567686e-13
