# P x_center tau_phi
1 9.7656250000000000e-04 1.7201724052429199e+00
2 2.9296875000000000e-03 2.3974180221557617e-03
3 4.8828125000000000e-03 2.3936013907829646e-03
4 6.8359375000000000e-03 2.3906727790445701e-03
5 8.7890625000000000e-03 2.3875340759391276e-03
6 1.0742187500000000e-02 2.3849655741042305e-03
7 1.2695312500000000e-02 2.3818402150052164e-03
8 1.4648437500000000e-02 2.3791170999434754e-03
9 1.6601562500000000e-02 2.3763546181454973e-03
10 1.8554687500000000e-02 2.3735432893981119e-03
11 2.0507812500000000e-02 2.3709865545673767e-03
12 2.2460937500000000e-02 2.3680788801891672e-03
13 2.4414062500000000e-02 2.3655856359403437e-03
14 2.6367187500000000e-02 2.3628714784652925e-03
15 2.8320312500000000e-02 2.3603441416203148e-03
16 3.0273437500000000e-02 2.3577408027450585e-03
17 3.2226562500000000e-02 2.3553350765280010e-03
18 3.4179687500000000e-02 2.3528194277257480e-03
19 3.6132812500000000e-02 2.3504227580615298e-03
20 3.8085937500000000e-02 2.3480312375237927e-03
21 4.0039062500000000e-02 2.3456502401723728e-03
22 4.1992187500000000e-02 2.3432702334969992e-03
23 4.3945312500000000e-02 2.3409859875162184e-03
24 4.5898437500000000e-02 2.3386389467182373e-03
25 4.7851562500000000e-02 2.3365026832855035e-03
26 4.9804687500000000e-02 2.3342994202656467e-03
27 5.1757812500000000e-02 2.3320642987306791e-03
28 5.3710937500000000e-02 2.3299367613303350e-03
29 5.5664062500000000e-02 2.3278029242336865e-03
30 5.7617187500000000e-02 2.3256979082917576e-03
31 5.9570312500000000e-02 2.3236717283974008e-03
32 6.1523437500000000e-02 2.3216998863288801e-03
33 6.3476562500000000e-02 2.3197131728832348e-03
34 6.5429687500000000e-02 2.3176572723322252e-03
35 6.7382812500000000e-02 2.3158205877799598e-03
36 6.9335937500000000e-02 2.3139550724640273e-03
37 7.1289062500000000e-02 2.3120063864658490e-03
38 7.3242187500000000e-02 2.3101884023286178e-03
39 7.5195312500000000e-02 2.3083275537770735e-03
40 7.7148437500000000e-02 2.3068016086852400e-03
41 7.9101562500000000e-02 2.3047366283846897e-03
42 8.1054687500000000e-02 2.3033597287462002e-03
43 8.3007812500000000e-02 2.3014393246677291e-03
44 8.4960937500000000e-02 2.2998746875356468e-03
45 8.6914062500000000e-02 2.2983282826087789e-03
46 8.8867187500000000e-02 2.2965668733399662e-03
47 9.0820312500000000e-02 2.2950575676382173e-03
48 9.2773437500000000e-02 2.2936416143371774e-03
49 9.4726562500000000e-02 2.2919218332011909e-03
50 9.6679687500000000e-02 2.2906335215704433e-03
51 9.8632812500000000e-02 2.2890963556125021e-03
52 1.0058593750000000e-01 2.2876879828964379e-03
53 1.0253906250000000e-01 2.2863390049285923e-03
54 1.0449218750000000e-01 2.2849502094826526e-03
55 1.0644531250000000e-01 2.2835713843509884e-03
56 1.0839843750000000e-01 2.2823864160008145e-03
57 1.1035156250000000e-01 2.2809831324934436e-03
58 1.1230468750000000e-01 2.2798136170993528e-03
59 1.1425781250000000e-01 2.2785997838689481e-03
60 1.1621093750000000e-01 2.2773913598961564e-03
61 1.1816406250000000e-01 2.2763125653974276e-03
62 1.2011718750000000e-01 2.2750852763731323e-03
63 1.2207031250000000e-01 2.2740274022276484e-03
64 1.2402343750000000e-01 2.2728756938554771e-03
65 1.2597656250000000e-01 2.2718139235845605e-03
66 1.2792968750000000e-01 2.2708172339049957e-03
67 1.2988281250000000e-01 2.2698458523863676e-03
68 1.3183593750000000e-01 2.2688152891774983e-03
69 1.3378906250000000e-01 2.2678794588917948e-03
70 1.3574218750000000e-01 2.2669240409497297e-03
71 1.3769531250000000e-01 2.2661029212053610e-03
72 1.3964843750000000e-01 2.2651229360330580e-03
73 1.4160156250000000e-01 2.2643763604027062e-03
74 1.4355468750000000e-01 2.2634656927464705e-03
75 1.4550781250000000e-01 2.2626639685812931e-03
76 1.4746093750000000e-01 2.2620504929855290e-03
77 1.4941406250000000e-01 2.2611532125568073e-03
78 1.5136718750000000e-01 2.2605580406478698e-03
79 1.5332031250000000e-01 2.2597481888209682e-03
80 1.5527343750000000e-01 2.2591158234369878e-03
81 1.5722656250000000e-01 2.2584868505258066e-03
82 1.5917968750000000e-01 2.2578957759974011e-03
83 1.6113281250000000e-01 2.2572280776027749e-03
84 1.6308593750000000e-01 2.2567864488894848e-03
85 1.6503906250000000e-01 2.2561583107815718e-03
86 1.6699218750000000e-01 2.2555867182406757e-03
87 1.6894531250000000e-01 2.2551954997156905e-03
88 1.7089843750000000e-01 2.2547210360737632e-03
89 1.7285156250000000e-01 2.2541232080421393e-03
90 1.7480468750000000e-01 2.2537642099760280e-03
91 1.7675781250000000e-01 2.2534101718928064e-03
92 1.7871093750000000e-01 2.2529911185276003e-03
93 1.8066406250000000e-01 2.2525711668462539e-03
94 1.8261718750000000e-01 2.2523634270424538e-03
95 1.8457031250000000e-01 2.2519253396698739e-03
96 1.8652343750000000e-01 2.2517083962434875e-03
97 1.8847656250000000e-01 2.2514488136684586e-03
98 1.9042968750000000e-01 2.2511808130397937e-03
99 1.9238281250000000e-01 2.2509832997411258e-03
100 1.9433593750000000e-01 2.2507414447053599e-03
101 1.9628906250000000e-01 2.2506682248968658e-03
102 1.9824218750000000e-01 2.2505146616092625e-03
103 2.0019531250000000e-01 2.2503148783667958e-03
104 2.0214843750000000e-01 2.2502221879936585e-03
105 2.0410156250000000e-01 2.2501514645883909e-03
106 2.0605468750000000e-01 2.2500622654302860e-03
107 2.0800781250000000e-01 2.2499290285014698e-03
108 2.0996093750000000e-01 2.2501285025231278e-03
109 2.1191406250000000e-01 2.2499496306819002e-03
110 2.1386718750000000e-01 2.2500373409122254e-03
111 2.1582031250000000e-01 2.2501126680810266e-03
112 2.1777343750000000e-01 2.2500605386027300e-03
113 2.1972656250000000e-01 2.2502575958343422e-03
114 2.2167968750000000e-01 2.2502907000621422e-03
115 2.2363281250000000e-01 2.2504768467936781e-03
116 2.2558593750000000e-01 2.2506412713907686e-03
117 2.2753906250000000e-01 2.2506985942077271e-03
118 2.2949218750000000e-01 2.2510849541184097e-03
119 2.3144531250000000e-01 2.2511635841216716e-03
120 2.3339843750000000e-01 2.2514599853743281e-03
121 2.3535156250000000e-01 2.2517098749295396e-03
122 2.3730468750000000e-01 2.2520363773265821e-03
123 2.3925781250000000e-01 2.2522347687098168e-03
124 2.4121093750000000e-01 2.2526367440349852e-03
125 2.4316406250000000e-01 2.2527991147420143e-03
126 2.4511718750000000e-01 2.2533515526016977e-03
127 2.4707031250000000e-01 2.2535229968169458e-03
128 2.4902343750000000e-01 2.2541069849606396e-03
129 2.5097656250000000e-01 2.2544665194367541e-03
130 2.5292968750000000e-01 2.2548288461660577e-03
131 2.5488281250000000e-01 2.2553764836160395e-03
132 2.5683593750000000e-01 2.2557703855062283e-03
133 2.5878906250000000e-01 2.2563718358904923e-03
134 2.6074218750000000e-01 2.2567672340640457e-03
135 2.6269531250000000e-01 2.2574072221608343e-03
136 2.6464843750000000e-01 2.2579675572891242e-03
137 2.6660156250000000e-01 2.2585263031336192e-03
138 2.6855468750000000e-01 2.2590422891822400e-03
139 2.7050781250000000e-01 2.2598021454314984e-03
140 2.7246093750000000e-01 2.2603623198120433e-03
141 2.7441406250000000e-01 2.2609199848897844e-03
142 2.7636718750000000e-01 2.2616573866454243e-03
143 2.7832031250000000e-01 2.2624140188012322e-03
144 2.8027343750000000e-01 2.2631038552083753e-03
145 2.8222656250000000e-01 2.2637898555276162e-03
146 2.8417968750000000e-01 2.2645200523319364e-03
147 2.8613281250000000e-01 2.2652828474994877e-03
148 2.8808593750000000e-01 2.2660070120911063e-03
149 2.9003906250000000e-01 2.2668746106138081e-03
150 2.9199218750000000e-01 2.2676653498075773e-03
151 2.9394531250000000e-01 2.2684867354240898e-03
152 2.9589843750000000e-01 2.2693419384333044e-03
153 2.9785156250000000e-01 2.2700999925831487e-03
154 2.9980468750000000e-01 2.2711663465363255e-03
155 3.0175781250000000e-01 2.2719629453124730e-03
156 3.0371093750000000e-01 2.2729547880954819e-03
157 3.0566406250000000e-01 2.2738766899373167e-03
158 3.0761718750000000e-01 2.2747465606059898e-03
159 3.0957031250000000e-01 2.2757610963450234e-03
160 3.1152343750000000e-01 2.2768338437651747e-03
161 3.1347656250000000e-01 2.2777293101848804e-03
162 3.1542968750000000e-01 2.2789421320313988e-03
163 3.1738281250000000e-01 2.2797599237772449e-03
164 3.1933593750000000e-01 2.2810497949761199e-03
165 3.2128906250000000e-01 2.2819651935326105e-03
166 3.2324218750000000e-01 2.2830900506087860e-03
167 3.2519531250000000e-01 2.2842781121466052e-03
168 3.2714843750000000e-01 2.2852936886958858e-03
169 3.2910156250000000e-01 2.2865418122103957e-03
170 3.3105468750000000e-01 2.2876675267941779e-03
171 3.3300781250000000e-01 2.2888969931086113e-03
172 3.3496093750000000e-01 2.2899944069894734e-03
173 3.3691406250000000e-01 2.2913050806320640e-03
174 3.3886718750000000e-01 2.2925931519208152e-03
175 3.4082031250000000e-01 2.2937717412313194e-03
176 3.4277343750000000e-01 2.2950668641082521e-03
177 3.4472656250000000e-01 2.2963468789172839e-03
178 3.4667968750000000e-01 2.2976440273936409e-03
179 3.4863281250000000e-01 2.2989011148095706e-03
180 3.5058593750000000e-01 2.3003589400741806e-03
181 3.5253906250000000e-01 2.3015728190045326e-03
182 3.5449218750000000e-01 2.3029921073230326e-03
183 3.5644531250000000e-01 2.3044849856112513e-03
184 3.5839843750000000e-01 2.3057854940586875e-03
185 3.6035156250000000e-01 2.3073130962425158e-03
186 3.6230468750000000e-01 2.3086378594397196e-03
187 3.6425781250000000e-01 2.3102089892417209e-03
188 3.6621093750000000e-01 2.3115964924508015e-03
189 3.6816406250000000e-01 2.3131154035685164e-03
190 3.7011718750000000e-01 2.3146485929807330e-03
191 3.7207031250000000e-01 2.3160789005527357e-03
192 3.7402343750000000e-01 2.3177361703865355e-03
193 3.7597656250000000e-01 2.3191455532032314e-03
194 3.7792968750000000e-01 2.3208901514159032e-03
195 3.7988281250000000e-01 2.3223162402305521e-03
196 3.8183593750000000e-01 2.3240366626525004e-03
197 3.8378906250000000e-01 2.3255466436223858e-03
198 3.8574218750000000e-01 2.3273397548336690e-03
199 3.8769531250000000e-01 2.3287770486111088e-03
200 3.8964843750000000e-01 2.3305308482767795e-03
201 3.9160156250000000e-01 2.3323048704187478e-03
202 3.9355468750000000e-01 2.3339369107518992e-03
203 3.9550781250000000e-01 2.3356223614693430e-03
204 3.9746093750000000e-01 2.3373926705353813e-03
205 3.9941406250000000e-01 2.3390557369764205e-03
206 4.0136718750000000e-01 2.3408217595880590e-03
207 4.0332031250000000e-01 2.3427071904253242e-03
208 4.0527343750000000e-01 2.3444155254522606e-03
209 4.0722656250000000e-01 2.3462909787985604e-03
210 4.0917968750000000e-01 2.3480667851606789e-03
211 4.1113281250000000e-01 2.3500572926398074e-03
212 4.1308593750000000e-01 2.3516976488885365e-03
213 4.1503906250000000e-01 2.3536597659451070e-03
214 4.1699218750000000e-01 2.3556171460001989e-03
215 4.1894531250000000e-01 2.3573773695947514e-03
216 4.2089843750000000e-01 2.3593738338874640e-03
217 4.2285156250000000e-01 2.3612650434518441e-03
218 4.2480468750000000e-01 2.3632608135729406e-03
219 4.2675781250000000e-01 2.3652132993660438e-03
220 4.2871093750000000e-01 2.3672428444995973e-03
221 4.3066406250000000e-01 2.3692015393460275e-03
222 4.3261718750000000e-01 2.3713139708681080e-03
223 4.3457031250000000e-01 2.3732086470975022e-03
224 4.3652343750000000e-01 2.3753932120502558e-03
225 4.3847656250000000e-01 2.3773619982136555e-03
226 4.4042968750000000e-01 2.3794586716550277e-03
227 4.4238281250000000e-01 2.3815649297974743e-03
228 4.4433593750000000e-01 2.3837114489907024e-03
229 4.4628906250000000e-01 2.3857500589278720e-03
230 4.4824218750000000e-01 2.3879497890575523e-03
231 4.5019531250000000e-01 2.3900878977162823e-03
232 4.5214843750000000e-01 2.3922843371220019e-03
233 4.5410156250000000e-01 2.3945249161835373e-03
234 4.5605468750000000e-01 2.3966314981471171e-03
235 4.5800781250000000e-01 2.3989921574648562e-03
236 4.5996093750000000e-01 2.4011753717750016e-03
237 4.6191406250000000e-01 2.4033754345100730e-03
238 4.6386718750000000e-01 2.4057866061002256e-03
239 4.6582031250000000e-01 2.4079921663390791e-03
240 4.6777343750000000e-01 2.4103949258341383e-03
241 4.6972656250000000e-01 2.4126228017361563e-03
242 4.7167968750000000e-01 2.4150040326754753e-03
243 4.7363281250000000e-01 2.4172856788787916e-03
244 4.7558593750000000e-01 2.4198108138840033e-03
245 4.7753906250000000e-01 2.4220433095637726e-03
246 4.7949218750000000e-01 2.4246390975143396e-03
247 4.8144531250000000e-01 2.4269576751202761e-03
248 4.8339843750000000e-01 2.4293717855247490e-03
249 4.8535156250000000e-01 2.4318518073025534e-03
250 4.8730468750000000e-01 2.4343680857999081e-03
251 4.8925781250000000e-01 2.4367866249949549e-03
252 4.9121093750000000e-01 2.4393757269682223e-03
253 4.9316406250000000e-01 2.4418523175774171e-03
254 4.9511718750000000e-01 2.4443505219272736e-03
255 4.9707031250000000e-01 2.4470193330108532e-03
256 4.9902343750000000e-01 2.4493818617728307e-03
257 5.0097656250000000e-01 2.4520489706426687e-03
258 5.0292968750000000e-01 2.4546927156092226e-03
259 5.0488281250000000e-01 2.4572533402756717e-03
260 5.0683593750000000e-01 2.4598945723752728e-03
261 5.0878906250000000e-01 2.4626161935809021e-03
262 5.1074218750000000e-01 2.4652838418291571e-03
263 5.1269531250000000e-01 2.4679121333859126e-03
264 5.1464843750000000e-01 2.4706646628504282e-03
265 5.1660156250000000e-01 2.4734814741307343e-03
266 5.1855468750000000e-01 2.4759747523217350e-03
267 5.2050781250000000e-01 2.4789487421545270e-03
268 5.2246093750000000e-01 2.4816430331843983e-03
269 5.2441406250000000e-01 2.4843402630096052e-03
270 5.2636718750000000e-01 2.4872187278706728e-03
271 5.2832031250000000e-01 2.4901586675671293e-03
272 5.3027343750000000e-01 2.4927571666321507e-03
273 5.3222656250000000e-01 2.4958331716278433e-03
274 5.3417968750000000e-01 2.4985217647282287e-03
275 5.3613281250000000e-01 2.5015971226824626e-03
276 5.3808593750000000e-01 2.5044326799494622e-03
277 5.4003906250000000e-01 2.5074449191530290e-03
278 5.4199218750000000e-01 2.5103201329202580e-03
279 5.4394531250000000e-01 2.5132810226047228e-03
280 5.4589843750000000e-01 2.5164310472167578e-03
281 5.4785156250000000e-01 2.5192477839668416e-03
282 5.4980468750000000e-01 2.5223263641504928e-03
283 5.5175781250000000e-01 2.5255466303477185e-03
284 5.5371093750000000e-01 2.5283264561908325e-03
285 5.5566406250000000e-01 2.5316036008318638e-03
286 5.5761718750000000e-01 2.5345574535097261e-03
287 5.5957031250000000e-01 2.5377680797542997e-03
288 5.6152343750000000e-01 2.5408767391111448e-03
289 5.6347656250000000e-01 2.5440014954881476e-03
290 5.6542968750000000e-01 2.5471113684198861e-03
291 5.6738281250000000e-01 2.5504286644554251e-03
292 5.6933593750000000e-01 2.5534455005562541e-03
293 5.7128906250000000e-01 2.5568609550894565e-03
294 5.7324218750000000e-01 2.5600329693025135e-03
295 5.7519531250000000e-01 2.5633327308322261e-03
296 5.7714843750000000e-01 2.5665651506594257e-03
297 5.7910156250000000e-01 2.5698331305007496e-03
298 5.8105468750000000e-01 2.5731501326612359e-03
299 5.8300781250000000e-01 2.5764848835626297e-03
300 5.8496093750000000e-01 2.5799401877236623e-03
301 5.8691406250000000e-01 2.5832462883264920e-03
302 5.8886718750000000e-01 2.5867145415812698e-03
303 5.9082031250000000e-01 2.5900751262023722e-03
304 5.9277343750000000e-01 2.5935499270647658e-03
305 5.9472656250000000e-01 2.5969286632615690e-03
306 5.9667968750000000e-01 2.6004927601508132e-03
307 5.9863281250000000e-01 2.6040020704479888e-03
308 6.0058593750000000e-01 2.6073952288572268e-03
309 6.0253906250000000e-01 2.6111621811571312e-03
310 6.0449218750000000e-01 2.6144815391087352e-03
311 6.0644531250000000e-01 2.6182008127526059e-03
312 6.0839843750000000e-01 2.6217518701011321e-03
313 6.1035156250000000e-01 2.6254308148616901e-03
314 6.1230468750000000e-01 2.6289972773460464e-03
315 6.1425781250000000e-01 2.6326280888495472e-03
316 6.1621093750000000e-01 2.6363361364283751e-03
317 6.1816406250000000e-01 2.6400299676092621e-03
318 6.2011718750000000e-01 2.6437522090346534e-03
319 6.2207031250000000e-01 2.6474262467895589e-03
320 6.2402343750000000e-01 2.6513777671115374e-03
321 6.2597656250000000e-01 2.6550085531138086e-03
322 6.2792968750000000e-01 2.6589273509063441e-03
323 6.2988281250000000e-01 2.6626401896823644e-03
324 6.3183593750000000e-01 2.6665322362296427e-03
325 6.3378906250000000e-01 2.6703776788848492e-03
326 6.3574218750000000e-01 2.6742486984410209e-03
327 6.3769531250000000e-01 2.6781429391935924e-03
328 6.3964843750000000e-01 2.6822517299187124e-03
329 6.4160156250000000e-01 2.6861405200855927e-03
330 6.4355468750000000e-01 2.6900005774756867e-03
331 6.4550781250000000e-01 2.6941423487822948e-03
332 6.4746093750000000e-01 2.6981758958259210e-03
333 6.4941406250000000e-01 2.7023370989827794e-03
334 6.5136718750000000e-01 2.7062806632112656e-03
335 6.5332031250000000e-01 2.7103765191601355e-03
336 6.5527343750000000e-01 2.7144730268747197e-03
337 6.5722656250000000e-01 2.7186569351041953e-03
338 6.5917968750000000e-01 2.7228063465531416e-03
339 6.6113281250000000e-01 2.7271122586117538e-03
340 6.6308593750000000e-01 2.7310503833229936e-03
341 6.6503906250000000e-01 2.7354822112013281e-03
342 6.6699218750000000e-01 2.7397194825691112e-03
343 6.6894531250000000e-01 2.7439232746013092e-03
344 6.7089843750000000e-01 2.7484185480041445e-03
345 6.7285156250000000e-01 2.7525914611812863e-03
346 6.7480468750000000e-01 2.7571096433473587e-03
347 6.7675781250000000e-01 2.7613293925767106e-03
348 6.7871093750000000e-01 2.7659182802711700e-03
349 6.8066406250000000e-01 2.7702325468884625e-03
350 6.8261718750000000e-01 2.7745820785432806e-03
351 6.8457031250000000e-01 2.7793214362749792e-03
352 6.8652343750000000e-01 2.7837173678983695e-03
353 6.8847656250000000e-01 2.7880647729958338e-03
354 6.9042968750000000e-01 2.7927479298655369e-03
355 6.9238281250000000e-01 2.7973911294378977e-03
356 6.9433593750000000e-01 2.8019166578257329e-03
357 6.9628906250000000e-01 2.8065596975919462e-03
358 6.9824218750000000e-01 2.8112424790866543e-03
359 7.0019531250000000e-01 2.8159468095853984e-03
360 7.0214843750000000e-01 2.8205948641089017e-03
361 7.0410156250000000e-01 2.8253174064346680e-03
362 7.0605468750000000e-01 2.8301557659843983e-03
363 7.0800781250000000e-01 2.8349128263240563e-03
364 7.0996093750000000e-01 2.8397639728858885e-03
365 7.1191406250000000e-01 2.8445865408286489e-03
366 7.1386718750000000e-01 2.8494217511495536e-03
367 7.1582031250000000e-01 2.8544598096387659e-03
368 7.1777343750000000e-01 2.8593395524201849e-03
369 7.1972656250000000e-01 2.8642511319972690e-03
370 7.2167968750000000e-01 2.8691015523448285e-03
371 7.2363281250000000e-01 2.8743640352164763e-03
372 7.2558593750000000e-01 2.8791408693097514e-03
373 7.2753906250000000e-01 2.8844118635276833e-03
374 7.2949218750000000e-01 2.8894878707367080e-03
375 7.3144531250000000e-01 2.8945290841314447e-03
376 7.3339843750000000e-01 2.8997999792989212e-03
377 7.3535156250000000e-01 2.9048944539612313e-03
378 7.3730468750000000e-01 2.9102110430593298e-03
379 7.3925781250000000e-01 2.9153584946318215e-03
380 7.4121093750000000e-01 2.9206309849004429e-03
381 7.4316406250000000e-01 2.9260246417595025e-03
382 7.4511718750000000e-01 2.9313567541945085e-03
383 7.4707031250000000e-01 2.9365637956358243e-03
384 7.4902343750000000e-01 2.9420441507970116e-03
385 7.5097656250000000e-01 2.9475107263943132e-03
386 7.5292968750000000e-01 2.9528105151447950e-03
387 7.5488281250000000e-01 2.9584014330577210e-03
388 7.5683593750000000e-01 2.9637429941596523e-03
389 7.5878906250000000e-01 2.9694867813247761e-03
390 7.6074218750000000e-01 2.9748836443628315e-03
391 7.6269531250000000e-01 2.9806745254271350e-03
392 7.6464843750000000e-01 2.9863337443309726e-03
393 7.6660156250000000e-01 2.9917379287393506e-03
394 7.6855468750000000e-01 2.9978067642391186e-03
395 7.7050781250000000e-01 3.0031353320487779e-03
396 7.7246093750000000e-01 3.0092095155766531e-03
397 7.7441406250000000e-01 3.0148627685979944e-03
398 7.7636718750000000e-01 3.0208507718832711e-03
399 7.7832031250000000e-01 3.0265433755558985e-03
400 7.8027343750000000e-01 3.0324875989608882e-03
401 7.8222656250000000e-01 3.0383661717255442e-03
402 7.8417968750000000e-01 3.0444429465400387e-03
403 7.8613281250000000e-01 3.0504006087300056e-03
404 7.8808593750000000e-01 3.0564135600088006e-03
405 7.9003906250000000e-01 3.0626412791439836e-03
406 7.9199218750000000e-01 3.0686173744961971e-03
407 7.9394531250000000e-01 3.0746204909974269e-03
408 7.9589843750000000e-01 3.0810186592077730e-03
409 7.9785156250000000e-01 3.0870026967637909e-03
410 7.9980468750000000e-01 3.0934025279947715e-03
411 8.0175781250000000e-01 3.0994834344173078e-03
412 8.0371093750000000e-01 3.1057921766753337e-03
413 8.0566406250000000e-01 3.1122347448987141e-03
414 8.0761718750000000e-01 3.1186128006595350e-03
415 8.0957031250000000e-01 3.1249217003499856e-03
416 8.1152343750000000e-01 3.1314995069488608e-03
417 8.1347656250000000e-01 3.1378945019261834e-03
418 8.1542968750000000e-01 3.1443553015184054e-03
419 8.1738281250000000e-01 3.1511454034701784e-03
420 8.1933593750000000e-01 3.1575448093914445e-03
421 8.2128906250000000e-01 3.1642044083839416e-03
422 8.2324218750000000e-01 3.1708213960533783e-03
423 8.2519531250000000e-01 3.1776293907878651e-03
424 8.2714843750000000e-01 3.1842957479892679e-03
425 8.2910156250000000e-01 3.1912030600960394e-03
426 8.3105468750000000e-01 3.1979292383024285e-03
427 8.3300781250000000e-01 3.2047525300003682e-03
428 8.3496093750000000e-01 3.2117127457863826e-03
429 8.3691406250000000e-01 3.2187453700748721e-03
430 8.3886718750000000e-01 3.2254878461657685e-03
431 8.4082031250000000e-01 3.2326653843992859e-03
432 8.4277343750000000e-01 3.2397365788515951e-03
433 8.4472656250000000e-01 3.2467113491652794e-03
434 8.4667968750000000e-01 3.2541062372311094e-03
435 8.4863281250000000e-01 3.2611115645271721e-03
436 8.5058593750000000e-01 3.2684077517508743e-03
437 8.5253906250000000e-01 3.2754831099710592e-03
438 8.5449218750000000e-01 3.2831074335536135e-03
439 8.5644531250000000e-01 3.2900537448668846e-03
440 8.5839843750000000e-01 3.2976580497753767e-03
441 8.6035156250000000e-01 3.3049615592596650e-03
442 8.6230468750000000e-01 3.3125104856901837e-03
443 8.6425781250000000e-01 3.3200165606898577e-03
444 8.6621093750000000e-01 3.3274001165879905e-03
445 8.6816406250000000e-01 3.3351477144599080e-03
446 8.7011718750000000e-01 3.3426432142446040e-03
447 8.7207031250000000e-01 3.3504774549015237e-03
448 8.7402343750000000e-01 3.3579597606635779e-03
449 8.7597656250000000e-01 3.3659491618365893e-03
450 8.7792968750000000e-01 3.3736655464769935e-03
451 8.7988281250000000e-01 3.3815059800310528e-03
452 8.8183593750000000e-01 3.3894651824222903e-03
453 8.8378906250000000e-01 3.3972696386766373e-03
454 8.8574218750000000e-01 3.4053908780584570e-03
455 8.8769531250000000e-01 3.4132573349024559e-03
456 8.8964843750000000e-01 3.4214746218072141e-03
457 8.9160156250000000e-01 3.4295009486649403e-03
458 8.9355468750000000e-01 3.4376587795989823e-03
459 8.9550781250000000e-01 3.4459874437286764e-03
460 8.9746093750000000e-01 3.4540196179285443e-03
461 8.9941406250000000e-01 3.4624949605430791e-03
462 9.0136718750000000e-01 3.4706331990660283e-03
463 9.0332031250000000e-01 3.4791590660409842e-03
464 9.0527343750000000e-01 3.4875902879025651e-03
465 9.0722656250000000e-01 3.4960406256597382e-03
466 9.0917968750000000e-01 3.5047579390779064e-03
467 9.1113281250000000e-01 3.5129469951241110e-03
468 9.1308593750000000e-01 3.5220179212871010e-03
469 9.1503906250000000e-01 3.5303260958558930e-03
470 9.1699218750000000e-01 3.5393710311568856e-03
471 9.1894531250000000e-01 3.5479253162240543e-03
472 9.2089843750000000e-01 3.5568476920456171e-03
473 9.2285156250000000e-01 3.5655365753809801e-03
474 9.2480468750000000e-01 3.5747016749244007e-03
475 9.2675781250000000e-01 3.5835625731821755e-03
476 9.2871093750000000e-01 3.5925160345084174e-03
477 9.3066406250000000e-01 3.6016905926514135e-03
478 9.3261718750000000e-01 3.6107826381629998e-03
479 9.3457031250000000e-01 3.6199504882528880e-03
480 9.3652343750000000e-01 3.6292183405238036e-03
481 9.3847656250000000e-01 3.6384613719934664e-03
482 9.4042968750000000e-01 3.6477782683077310e-03
483 9.4238281250000000e-01 3.6572081018614814e-03
484 9.4433593750000000e-01 3.6667303319823340e-03
485 9.4628906250000000e-01 3.6760114853743153e-03
486 9.4824218750000000e-01 3.6856419526809427e-03
487 9.5019531250000000e-01 3.6952286400367632e-03
488 9.5214843750000000e-01 3.7047211725980394e-03
489 9.5410156250000000e-01 3.7146801156287407e-03
490 9.5605468750000000e-01 3.7240716028286852e-03
491 9.5800781250000000e-01 3.7342161442346852e-03
492 9.5996093750000000e-01 3.7438265397280995e-03
493 9.6191406250000000e-01 3.7539252624138441e-03
494 9.6386718750000000e-01 3.7636870348326159e-03
495 9.6582031250000000e-01 3.7739257008655696e-03
496 9.6777343750000000e-01 3.7838159704572227e-03
497 9.6972656250000000e-01 3.7939481578456325e-03
498 9.7167968750000000e-01 3.8043314261481560e-03
499 9.7363281250000000e-01 3.8143192817412085e-03
500 9.7558593750000000e-01 3.8248298474638873e-03
501 9.7753906250000000e-01 3.8350825085024676e-03
502 9.7949218750000000e-01 3.8455334413314730e-03
503 9.8144531250000000e-01 3.8558788582996988e-03
504 9.8339843750000000e-01 3.8665153216132144e-03
505 9.8535156250000000e-01 3.8771092320468506e-03
506 9.8730468750000000e-01 3.8876101080914400e-03
507 9.8925781250000000e-01 3.8985337082026294e-03
508 9.9121093750000000e-01 3.9090397811929831e-03
509 9.9316406250000000e-01 3.9201954207195924e-03
510 9.9511718750000000e-01 3.9307729380135339e-03
511 9.9707031250000000e-01 3.9418935775756836e-03
512 9.9902343750000000e-01 3.9558410644531250e-03
