# P x_center tau_phi
1 1.5625000000000000e-02 1.7635979376500472e+00
2 4.6875000000000000e-02 3.7733248223958071e-02
3 7.8125000000000000e-02 3.6928215689567695e-02
4 1.0937500000000000e-01 3.6490683388837097e-02
5 1.4062500000000000e-01 3.6169601744260260e-02
6 1.7187500000000000e-01 3.5956682065084455e-02
7 2.0312500000000000e-01 3.5844377460099053e-02
8 2.3437500000000000e-01 3.5825918548731905e-02
9 2.6562500000000000e-01 3.5895347721217996e-02
10 2.9687500000000000e-01 3.6047552399489813e-02
11 3.2812500000000000e-01 3.6278297275503191e-02
12 3.5937500000000000e-01 3.6584254030543495e-02
13 3.9062500000000000e-01 3.6963028996790437e-02
14 4.2187500000000000e-01 3.7413188663112606e-02
15 4.5312500000000000e-01 3.7934281806316750e-02
16 4.8437500000000000e-01 3.8526859301375227e-02
17 5.1562500000000000e-01 3.9192490381857514e-02
18 5.4687500000000000e-01 3.9933775873061017e-02
19 5.7812500000000000e-01 4.0754358884048103e-02
20 6.0937500000000000e-01 4.1658930995538634e-02
21 6.4062500000000000e-01 4.2653237163349789e-02
22 6.7187500000000000e-01 4.3744076291188483e-02
23 7.0312500000000000e-01 4.4939299886271100e-02
24 7.3437500000000000e-01 4.6247808434563109e-02
25 7.6562500000000000e-01 4.7679545017617120e-02
26 7.9687500000000000e-01 4.9245487848509073e-02
27 8.2812500000000000e-01 5.0957641609232274e-02
28 8.5937500000000000e-01 5.2829026984991756e-02
29 8.9062500000000000e-01 5.4873671366209409e-02
30 9.2187500000000000e-01 5.7106598373549478e-02
31 9.5312500000000000e-01 5.9587652292975690e-02
32 9.8437500000000000e-01 6.3466946594417095e-02
