# MMS4BGC Gaussian-pulse profile
# sample = 2  tau = 2.5000000000000001e-03  bv = 1.0000000000000000e-03  nx = 512
# xi phi
0.0000000000000000e+00 0.0000000000000000e+00
9.7656250000000000e-04 1.7413509399401801e-06
2.9296875000000000e-03 1.5311511045392134e-05
4.8828125000000000e-03 4.1557202978408863e-05
6.8359375000000000e-03 7.9590779655086777e-05
8.7890625000000000e-03 1.2856898982891942e-04
1.0742187500000000e-02 1.8768926490409814e-04
1.2695312500000000e-02 2.5618603774683478e-04
1.4648437500000000e-02 3.3332709994817394e-04
1.6601562500000000e-02 4.1841000367707397e-04
1.8554687500000000e-02 5.1075851401529533e-04
2.0507812500000000e-02 6.0971911747798480e-04
2.2460937500000000e-02 7.1465759228862185e-04
2.4414062500000000e-02 8.2495564588767108e-04
2.6367187500000000e-02 9.4000762510492700e-04
2.8320312500000000e-02 1.0592173044106860e-03
3.0273437500000000e-02 1.1819947576755811e-03
3.2226562500000000e-02 1.3077533189085940e-03
3.4179687500000000e-02 1.4359066375032275e-03
3.6132812500000000e-02 1.5658658335992422e-03
3.8085937500000000e-02 1.6970367592581330e-03
4.0039062500000000e-02 1.8288173712513968e-03
4.1992187500000000e-02 1.9605952213685098e-03
4.3945312500000000e-02 2.0917450702635748e-03
4.5898437500000000e-02 2.2216266309731335e-03
4.7851562500000000e-02 2.3495824483501563e-03
4.9804687500000000e-02 2.4749359207684061e-03
5.1757812500000000e-02 2.5969894705549358e-03
5.3710937500000000e-02 2.7150228697043919e-03
5.5664062500000000e-02 2.8282917275150050e-03
5.7617187500000000e-02 2.9360261468607913e-03
5.9570312500000000e-02 3.0374295558757312e-03
6.1523437500000000e-02 3.1316777218717918e-03
6.3476562500000000e-02 3.2179179543420080e-03
6.5429687500000000e-02 3.2952685039107760e-03
6.7382812500000000e-02 3.3628181640846279e-03
6.9335937500000000e-02 3.4196260826264762e-03
7.1289062500000000e-02 3.4647217893233311e-03
7.3242187500000000e-02 3.4971054468404803e-03
7.5195312500000000e-02 3.5157483312527882e-03
7.7148437500000000e-02 3.5195935487149360e-03
7.9101562500000000e-02 3.5075569945759899e-03
8.1054687500000000e-02 3.4785285610585779e-03
8.3007812500000000e-02 3.4313735994081474e-03
8.4960937500000000e-02 3.3649346421724961e-03
8.6914062500000000e-02 3.2780333909950225e-03
8.8867187500000000e-02 3.1694729749963298e-03
9.0820312500000000e-02 3.0380404844772245e-03
9.2773437500000000e-02 2.8825097843011675e-03
9.4726562500000000e-02 2.7016446109055527e-03
9.6679687500000000e-02 2.4942019564482393e-03
9.8632812500000000e-02 2.2589357431184870e-03
1.0058593750000000e-01 1.9946007901295386e-03
1.0253906250000000e-01 1.6999570753636318e-03
1.0449218750000000e-01 1.3737742930592278e-03
1.0644531250000000e-01 1.0148367083149558e-03
1.0839843750000000e-01 6.2194830853552123e-04
1.1035156250000000e-01 1.9393825126207422e-04
1.1230468750000000e-01 -2.7033339288612727e-04
1.1425781250000000e-01 -7.7196960417972530e-04
1.1621093750000000e-01 -1.3120300874570178e-03
1.1816406250000000e-01 -1.8915246591209116e-03
1.2011718750000000e-01 -2.5114063519029953e-03
1.2207031250000000e-01 -3.1725642427089394e-03
1.2402343750000000e-01 -3.8758160097520570e-03
1.2597656250000000e-01 -4.6219002260992504e-03
1.2792968750000000e-01 -5.4114683976939143e-03
1.2988281250000000e-01 -6.2450767548819152e-03
1.3183593750000000e-01 -7.1231778074472788e-03
1.3378906250000000e-01 -8.0461116741617090e-03
1.3574218750000000e-01 -9.0140971988641044e-03
1.3769531250000000e-01 -1.0027222866110323e-02
1.3964843750000000e-01 -1.1085437530467186e-02
1.4160156250000000e-01 -1.2188540974565025e-02
1.4355468750000000e-01 -1.3336174312067612e-02
1.4550781250000000e-01 -1.4527810252763498e-02
1.4746093750000000e-01 -1.5762743248026068e-02
1.4941406250000000e-01 -1.7040079535927410e-02
1.5136718750000000e-01 -1.8358727106320392e-02
1.5332031250000000e-01 -1.9717385607220427e-02
1.5527343750000000e-01 -2.1114536214820144e-02
1.5722656250000000e-01 -2.2548431490452721e-02
1.5917968750000000e-01 -2.4017085248779400e-02
1.6113281250000000e-01 -2.5518262462410297e-02
1.6308593750000000e-01 -2.7049469229070772e-02
1.6503906250000000e-01 -2.8607942828295027e-02
1.6699218750000000e-01 -3.0190641895460238e-02
1.6894531250000000e-01 -3.1794236741764480e-02
1.7089843750000000e-01 -3.3415099849496428e-02
1.7285156250000000e-01 -3.5049296572640457e-02
1.7480468750000000e-01 -3.6692576073502924e-02
1.7675781250000000e-01 -3.8340362526631387e-02
1.7871093750000000e-01 -3.9987746621823722e-02
1.8066406250000000e-01 -4.1629477398485222e-02
1.8261718750000000e-01 -4.3259954443985421e-02
1.8457031250000000e-01 -4.4873220488988438e-02
1.8652343750000000e-01 -4.6462954432978675e-02
1.8847656250000000e-01 -4.8022464833373385e-02
1.9042968750000000e-01 -4.9544683891703065e-02
1.9238281250000000e-01 -5.1022161970345571e-02
1.9433593750000000e-01 -5.2447062673218109e-02
1.9628906250000000e-01 -5.3811158523660335e-02
1.9824218750000000e-01 -5.5105827272479292e-02
2.0019531250000000e-01 -5.6322048868769174e-02
2.0214843750000000e-01 -5.7450403125666488e-02
2.0410156250000000e-01 -5.8481068112649651e-02
2.0605468750000000e-01 -5.9403819305341249e-02
2.0800781250000000e-01 -6.0208029523019672e-02
2.0996093750000000e-01 -6.0882669683192961e-02
2.1191406250000000e-01 -6.1416310401631362e-02
2.1386718750000000e-01 -6.1797124465195169e-02
2.1582031250000000e-01 -6.2012890203630745e-02
2.1777343750000000e-01 -6.2050995785240891e-02
2.1972656250000000e-01 -6.1898444459965597e-02
2.2167968750000000e-01 -6.1541860771936359e-02
2.2363281250000000e-01 -6.0967497761993665e-02
2.2558593750000000e-01 -6.0161245178982532e-02
2.2753906250000000e-01 -5.9108638716868868e-02
2.2949218750000000e-01 -5.7794870292849916e-02
2.3144531250000000e-01 -5.6204799379669018e-02
2.3339843750000000e-01 -5.4322965403290097e-02
2.3535156250000000e-01 -5.2133601214944099e-02
2.3730468750000000e-01 -4.9620647644331446e-02
2.3925781250000000e-01 -4.6767769138454776e-02
2.4121093750000000e-01 -4.3558370488168879e-02
2.4316406250000000e-01 -3.9975614642074705e-02
2.4511718750000000e-01 -3.6002441604855606e-02
2.4707031250000000e-01 -3.1621588414561842e-02
2.4902343750000000e-01 -2.6815610190698971e-02
2.5097656250000000e-01 -2.1566902242273020e-02
2.5292968750000000e-01 -1.5857723222195631e-02
2.5488281250000000e-01 -9.6702193116625333e-03
2.5683593750000000e-01 -2.9864494152942954e-03
2.5878906250000000e-01 4.2115886550233139e-03
2.6074218750000000e-01 1.1941931032534138e-02
2.6269531250000000e-01 2.0222619712061910e-02
2.6464843750000000e-01 2.9071673561227872e-02
2.6660156250000000e-01 3.8507058460037734e-02
2.6855468750000000e-01 4.8546656605320704e-02
2.7050781250000000e-01 5.9208235019367152e-02
2.7246093750000000e-01 7.0509413304950183e-02
2.7441406250000000e-01 8.2467630691721847e-02
2.7636718750000000e-01 9.5100112421739089e-02
2.7832031250000000e-01 1.0842383552458913e-01
2.8027343750000000e-01 1.2245549403524034e-01
2.8222656250000000e-01 1.3721146371033552e-01
2.8417968750000000e-01 1.5270776630116048e-01
2.8613281250000000e-01 1.6896003344395349e-01
2.8808593750000000e-01 1.8598347023056427e-01
2.9003906250000000e-01 2.0379281852471326e-01
2.9199218750000000e-01 2.2240232009123884e-01
2.9394531250000000e-01 2.4182567960773996e-01
2.9589843750000000e-01 2.6207602762992038e-01
2.9785156250000000e-01 2.8316588358370876e-01
2.9980468750000000e-01 3.0510711885885722e-01
3.0175781250000000e-01 3.2791092008020845e-01
3.0371093750000000e-01 3.5158775263415482e-01
3.0566406250000000e-01 3.7614732452898675e-01
3.0761718750000000e-01 4.0159855066884192e-01
3.0957031250000000e-01 4.2794951762180489e-01
3.1152343750000000e-01 4.5520744896337489e-01
3.1347656250000000e-01 4.8337867127700129e-01
3.1542968750000000e-01 5.1246858089368774e-01
3.1738281250000000e-01 5.4248161145277429e-01
3.1933593750000000e-01 5.7342120236591920e-01
3.2128906250000000e-01 6.0528976826602410e-01
3.2324218750000000e-01 6.3808866952236221e-01
3.2519531250000000e-01 6.7181818390248405e-01
3.2714843750000000e-01 7.0647747946058703e-01
3.2910156250000000e-01 7.4206458873094228e-01
3.3105468750000000e-01 7.7857638430366638e-01
3.3300781250000000e-01 8.1600855585862142e-01
3.3496093750000000e-01 8.5435558873150963e-01
3.3691406250000000e-01 8.9361074408431262e-01
3.3886718750000000e-01 9.3376604075009584e-01
3.4082031250000000e-01 9.7481223881987455e-01
3.4277343750000000e-01 1.0167388250367111e+00
3.4472656250000000e-01 1.0595340000594915e+00
3.4667968750000000e-01 1.1031846676559116e+00
3.4863281250000000e-01 1.1476764258811043e+00
3.5058593750000000e-01 1.1929935602950470e+00
3.5253906250000000e-01 1.2391190392684301e+00
3.5449218750000000e-01 1.2860345114230287e+00
3.5644531250000000e-01 1.3337203052488138e+00
3.5839843750000000e-01 1.3821554309360935e+00
3.6035156250000000e-01 1.4313175844568486e+00
3.6230468750000000e-01 1.4811831539251954e+00
3.6425781250000000e-01 1.5317272282625083e+00
3.6621093750000000e-01 1.5829236081882381e+00
3.6816406250000000e-01 1.6347448195528334e+00
3.7011718750000000e-01 1.6871621290244538e+00
3.7207031250000000e-01 1.7401455621363366e+00
3.7402343750000000e-01 1.7936639236967840e+00
3.7597656250000000e-01 1.8476848205587537e+00
3.7792968750000000e-01 1.9021746867410174e+00
3.7988281250000000e-01 1.9570988108877576e+00
3.8183593750000000e-01 2.0124213660483603e+00
3.8378906250000000e-01 2.0681054417540259e+00
3.8574218750000000e-01 2.1241130783626612e+00
3.8769531250000000e-01 2.1804053036383766e+00
3.8964843750000000e-01 2.2369421715267688e+00
3.9160156250000000e-01 2.2936828030820715e+00
3.9355468750000000e-01 2.3505854294971802e+00
3.9550781250000000e-01 2.4076074371825675e+00
3.9746093750000000e-01 2.4647054148351488e+00
3.9941406250000000e-01 2.5218352024332904e+00
4.0136718750000000e-01 2.5789519420894016e+00
4.0332031250000000e-01 2.6360101306868744e+00
4.0527343750000000e-01 2.6929636742235985e+00
4.0722656250000000e-01 2.7497659437798707e+00
4.0917968750000000e-01 2.8063698330242377e+00
4.1113281250000000e-01 2.8627278171667219e+00
4.1308593750000000e-01 2.9187920132649068e+00
4.1503906250000000e-01 2.9745142417846235e+00
4.1699218750000000e-01 3.0298460893133892e+00
4.1894531250000000e-01 3.0847389723213627e+00
4.2089843750000000e-01 3.1391442018614599e+00
4.2285156250000000e-01 3.1930130490972668e+00
4.2480468750000000e-01 3.2462968115447417e+00
4.2675781250000000e-01 3.2989468799111643e+00
4.2871093750000000e-01 3.3509148054126006e+00
4.3066406250000000e-01 3.4021523674491463e+00
4.3261718750000000e-01 3.4526116415155217e+00
4.3457031250000000e-01 3.5022450672231229e+00
4.3652343750000000e-01 3.5510055163084631e+00
4.3847656250000000e-01 3.5988463605020384e+00
4.4042968750000000e-01 3.6457215391310092e+00
4.4238281250000000e-01 3.6915856263288025e+00
4.4433593750000000e-01 3.7363938977246391e+00
4.4628906250000000e-01 3.7801023964862539e+00
4.4824218750000000e-01 3.8226679985896035e+00
4.5019531250000000e-01 3.8640484771901722e+00
4.5214843750000000e-01 3.9042025659715893e+00
4.5410156250000000e-01 3.9430900213486808e+00
4.5605468750000000e-01 3.9806716834037545e+00
4.5800781250000000e-01 4.0169095354368780e+00
4.5996093750000000e-01 4.0517667620131741e+00
4.6191406250000000e-01 4.0852078053926535e+00
4.6386718750000000e-01 4.1171984202309391e+00
4.6582031250000000e-01 4.1477057264422577e+00
4.6777343750000000e-01 4.1766982601194229e+00
4.6972656250000000e-01 4.2041460224090761e+00
4.7167968750000000e-01 4.2300205262442949e+00
4.7363281250000000e-01 4.2542948408407009e+00
4.7558593750000000e-01 4.2769436338665034e+00
4.7753906250000000e-01 4.2979432112013836e+00
4.7949218750000000e-01 4.3172715542038320e+00
4.8144531250000000e-01 4.3349083544114482e+00
4.8339843750000000e-01 4.3508350456037803e+00
4.8535156250000000e-01 4.3650348331625279e+00
4.8730468750000000e-01 4.3774927206693413e+00
4.8925781250000000e-01 4.3881955336870186e+00
4.9121093750000000e-01 4.3971319406755560e+00
4.9316406250000000e-01 4.4042924710003266e+00
4.9511718750000000e-01 4.4096695299955657e+00
4.9707031250000000e-01 4.4132574110523519e+00
4.9902343750000000e-01 4.4150523047063279e+00
5.0097656250000000e-01 4.4150523047065464e+00
5.0292968750000000e-01 4.4132574110530056e+00
5.0488281250000000e-01 4.4096695299966484e+00
5.0683593750000000e-01 4.4042924710018267e+00
5.0878906250000000e-01 4.3971319406774567e+00
5.1074218750000000e-01 4.3881955336893013e+00
5.1269531250000000e-01 4.3774927206719836e+00
5.1464843750000000e-01 4.3650348331655060e+00
5.1660156250000000e-01 4.3508350456070666e+00
5.1855468750000000e-01 4.3349083544150178e+00
5.2050781250000000e-01 4.3172715542076645e+00
5.2246093750000000e-01 4.2979432112054630e+00
5.2441406250000000e-01 4.2769436338708147e+00
5.2636718750000000e-01 4.2542948408452324e+00
5.2832031250000000e-01 4.2300205262490360e+00
5.3027343750000000e-01 4.2041460224140241e+00
5.3222656250000000e-01 4.1766982601245752e+00
5.3417968750000000e-01 4.1477057264476134e+00
5.3613281250000000e-01 4.1171984202364991e+00
5.3808593750000000e-01 4.0852078053984187e+00
5.4003906250000000e-01 4.0517667620191382e+00
5.4199218750000000e-01 4.0169095354430340e+00
5.4394531250000000e-01 3.9806716834100921e+00
5.4589843750000000e-01 3.9430900213551907e+00
5.4785156250000000e-01 3.9042025659782635e+00
5.4980468750000000e-01 3.8640484771970023e+00
5.5175781250000000e-01 3.8226679985965788e+00
5.5371093750000000e-01 3.7801023964933651e+00
5.5566406250000000e-01 3.7363938977318800e+00
5.5761718750000000e-01 3.6915856263361682e+00
5.5957031250000000e-01 3.6457215391384921e+00
5.6152343750000000e-01 3.5988463605096324e+00
5.6347656250000000e-01 3.5510055163161609e+00
5.6542968750000000e-01 3.5022450672309220e+00
5.6738281250000000e-01 3.4526116415234247e+00
5.6933593750000000e-01 3.4021523674571563e+00
5.7128906250000000e-01 3.3509148054207167e+00
5.7324218750000000e-01 3.2989468799193853e+00
5.7519531250000000e-01 3.2462968115530662e+00
5.7714843750000000e-01 3.1930130491056956e+00
5.7910156250000000e-01 3.1391442018699944e+00
5.8105468750000000e-01 3.0847389723300025e+00
5.8300781250000000e-01 3.0298460893221320e+00
5.8496093750000000e-01 2.9745142417934671e+00
5.8691406250000000e-01 2.9187920132738467e+00
5.8886718750000000e-01 2.8627278171757529e+00
5.9082031250000000e-01 2.8063698330333486e+00
5.9277343750000000e-01 2.7497659437890478e+00
5.9472656250000000e-01 2.6929636742328249e+00
5.9667968750000000e-01 2.6360101306961323e+00
5.9863281250000000e-01 2.5789519420986733e+00
6.0058593750000000e-01 2.5218352024425603e+00
6.0253906250000000e-01 2.4647054148444023e+00
6.0449218750000000e-01 2.4076074371917922e+00
6.0644531250000000e-01 2.3505854295063631e+00
6.0839843750000000e-01 2.2936828030912007e+00
6.1035156250000000e-01 2.2369421715358317e+00
6.1230468750000000e-01 2.1804053036473641e+00
6.1425781250000000e-01 2.1241130783715674e+00
6.1621093750000000e-01 2.0681054417628455e+00
6.1816406250000000e-01 2.0124213660570871e+00
6.2011718750000000e-01 1.9570988108963849e+00
6.2207031250000000e-01 1.9021746867495393e+00
6.2402343750000000e-01 1.8476848205671648e+00
6.2597656250000000e-01 1.7936639237050780e+00
6.2792968750000000e-01 1.7401455621445079e+00
6.2988281250000000e-01 1.6871621290324952e+00
6.3183593750000000e-01 1.6347448195607388e+00
6.3378906250000000e-01 1.5829236081959999e+00
6.3574218750000000e-01 1.5317272282701173e+00
6.3769531250000000e-01 1.4811831539326421e+00
6.3964843750000000e-01 1.4313175844641224e+00
6.4160156250000000e-01 1.3821554309431858e+00
6.4355468750000000e-01 1.3337203052557176e+00
6.4550781250000000e-01 1.2860345114297378e+00
6.4746093750000000e-01 1.2391190392749400e+00
6.4941406250000000e-01 1.1929935603013546e+00
6.5136718750000000e-01 1.1476764258872083e+00
6.5332031250000000e-01 1.1031846676618113e+00
6.5527343750000000e-01 1.0595340000651867e+00
6.5722656250000000e-01 1.0167388250422034e+00
6.5917968750000000e-01 9.7481223882516588e-01
6.6113281250000000e-01 9.3376604075518976e-01
6.6308593750000000e-01 8.9361074408921282e-01
6.6503906250000000e-01 8.5435558873621931e-01
6.6699218750000000e-01 8.1600855586314347e-01
6.6894531250000000e-01 7.7857638430800302e-01
6.7089843750000000e-01 7.4206458873509562e-01
6.7285156250000000e-01 7.0647747946455963e-01
6.7480468750000000e-01 6.7181818390627857e-01
6.7675781250000000e-01 6.3808866952598087e-01
6.7871093750000000e-01 6.0528976826946923e-01
6.8066406250000000e-01 5.7342120236919303e-01
6.8261718750000000e-01 5.4248161145587903e-01
6.8457031250000000e-01 5.1246858089662528e-01
6.8652343750000000e-01 4.8337867127977352e-01
6.8847656250000000e-01 4.5520744896598475e-01
6.9042968750000000e-01 4.2794951762425548e-01
6.9238281250000000e-01 4.0159855067113681e-01
6.9433593750000000e-01 3.7614732453113031e-01
6.9628906250000000e-01 3.5158775263615205e-01
6.9824218750000000e-01 3.2791092008206485e-01
7.0019531250000000e-01 3.0510711886057851e-01
7.0214843750000000e-01 2.8316588358530109e-01
7.0410156250000000e-01 2.6207602763138993e-01
7.0605468750000000e-01 2.4182567960909290e-01
7.0800781250000000e-01 2.2240232009248165e-01
7.0996093750000000e-01 2.0379281852585224e-01
7.1191406250000000e-01 1.8598347023160539e-01
7.1386718750000000e-01 1.6896003344490243e-01
7.1582031250000000e-01 1.5270776630202251e-01
7.1777343750000000e-01 1.3721146371111573e-01
7.1972656250000000e-01 1.2245549403594365e-01
7.2167968750000000e-01 1.0842383552522038e-01
7.2363281250000000e-01 9.5100112422302902e-02
7.2558593750000000e-01 8.2467630692222654e-02
7.2753906250000000e-01 7.0509413305392205e-02
7.2949218750000000e-01 5.9208235019754273e-02
7.3144531250000000e-01 4.8546656605656539e-02
7.3339843750000000e-01 3.8507058460325726e-02
7.3535156250000000e-01 2.9071673561471310e-02
7.3730468750000000e-01 2.0222619712263887e-02
7.3925781250000000e-01 1.1941931032697584e-02
7.4121093750000000e-01 4.2115886551509765e-03
7.4316406250000000e-01 -2.9864494151998038e-03
7.4511718750000000e-01 -9.6702193115987441e-03
7.4707031250000000e-01 -1.5857723222160218e-02
7.4902343750000000e-01 -2.1566902242263795e-02
7.5097656250000000e-01 -2.6815610190713862e-02
7.5292968750000000e-01 -3.1621588414598931e-02
7.5488281250000000e-01 -3.6002441604913130e-02
7.5683593750000000e-01 -3.9975614642150992e-02
7.5878906250000000e-01 -4.3558370488262332e-02
7.6074218750000000e-01 -4.6767769138563897e-02
7.6269531250000000e-01 -4.9620647644454841e-02
7.6464843750000000e-01 -5.2133601215080490e-02
7.6660156250000000e-01 -5.4322965403438318e-02
7.6855468750000000e-01 -5.6204799379827912e-02
7.7050781250000000e-01 -5.7794870293018399e-02
7.7246093750000000e-01 -5.9108638717045928e-02
7.7441406250000000e-01 -6.0161245179167232e-02
7.7636718750000000e-01 -6.0967497762185047e-02
7.7832031250000000e-01 -6.1541860772133430e-02
7.8027343750000000e-01 -6.1898444460167387e-02
7.8222656250000000e-01 -6.2050995785446414e-02
7.8417968750000000e-01 -6.2012890203839051e-02
7.8613281250000000e-01 -6.1797124465405417e-02
7.8808593750000000e-01 -6.1416310401842721e-02
7.9003906250000000e-01 -6.0882669683404660e-02
7.9199218750000000e-01 -6.0208029523230920e-02
7.9394531250000000e-01 -5.9403819305551178e-02
7.9589843750000000e-01 -5.8481068112857387e-02
7.9785156250000000e-01 -5.7450403125871158e-02
7.9980468750000000e-01 -5.6322048868970027e-02
8.0175781250000000e-01 -5.5105827272675614e-02
8.0371093750000000e-01 -5.3811158523851467e-02
8.0566406250000000e-01 -5.2447062673403474e-02
8.0761718750000000e-01 -5.1022161970524726e-02
8.0957031250000000e-01 -4.9544683891875628e-02
8.1152343750000000e-01 -4.8022464833539086e-02
8.1347656250000000e-01 -4.6462954433137381e-02
8.1542968750000000e-01 -4.4873220489140074e-02
8.1738281250000000e-01 -4.3259954444130007e-02
8.1933593750000000e-01 -4.1629477398622876e-02
8.2128906250000000e-01 -3.9987746621954597e-02
8.2324218750000000e-01 -3.8340362526755642e-02
8.2519531250000000e-01 -3.6692576073620725e-02
8.2714843750000000e-01 -3.5049296572751999e-02
8.2910156250000000e-01 -3.3415099849601913e-02
8.3105468750000000e-01 -3.1794236741864115e-02
8.3300781250000000e-01 -3.0190641895554229e-02
8.3496093750000000e-01 -2.8607942828383578e-02
8.3691406250000000e-01 -2.7049469229154098e-02
8.3886718750000000e-01 -2.5518262462488599e-02
8.4082031250000000e-01 -2.4017085248852849e-02
8.4277343750000000e-01 -2.2548431490521458e-02
8.4472656250000000e-01 -2.1114536214884305e-02
8.4667968750000000e-01 -1.9717385607280168e-02
8.4863281250000000e-01 -1.8358727106375879e-02
8.5058593750000000e-01 -1.7040079535978817e-02
8.5253906250000000e-01 -1.5762743248073568e-02
8.5449218750000000e-01 -1.4527810252807274e-02
8.5644531250000000e-01 -1.3336174312107847e-02
8.5839843750000000e-01 -1.2188540974601907e-02
8.6035156250000000e-01 -1.1085437530500921e-02
8.6230468750000000e-01 -1.0027222866141119e-02
8.6425781250000000e-01 -9.0140971988921688e-03
8.6621093750000000e-01 -8.0461116741872580e-03
8.6816406250000000e-01 -7.1231778074705215e-03
8.7011718750000000e-01 -6.2450767549030502e-03
8.7207031250000000e-01 -5.4114683977131246e-03
8.7402343750000000e-01 -4.6219002261167052e-03
8.7597656250000000e-01 -3.8758160097679168e-03
8.7792968750000000e-01 -3.1725642427233541e-03
8.7988281250000000e-01 -2.5114063519161085e-03
8.8183593750000000e-01 -1.8915246591328539e-03
8.8378906250000000e-01 -1.3120300874679121e-03
8.8574218750000000e-01 -7.7196960418968565e-04
8.8769531250000000e-01 -2.7033339289525907e-04
8.8964843750000000e-01 1.9393825125367509e-04
8.9160156250000000e-01 6.2194830852776734e-04
8.9355468750000000e-01 1.0148367083077684e-03
8.9550781250000000e-01 1.3737742930525370e-03
8.9746093750000000e-01 1.6999570753573740e-03
8.9941406250000000e-01 1.9946007901236571e-03
9.0136718750000000e-01 2.2589357431129324e-03
9.0332031250000000e-01 2.4942019564429692e-03
9.0527343750000000e-01 2.7016446109005316e-03
9.0722656250000000e-01 2.8825097842963662e-03
9.0917968750000000e-01 3.0380404844726192e-03
9.1113281250000000e-01 3.1694729749919019e-03
9.1308593750000000e-01 3.2780333909907537e-03
9.1503906250000000e-01 3.3649346421683701e-03
9.1699218750000000e-01 3.4313735994041441e-03
9.1894531250000000e-01 3.4785285610546795e-03
9.2089843750000000e-01 3.5075569945721809e-03
9.2285156250000000e-01 3.5195935487112042e-03
9.2480468750000000e-01 3.5157483312491231e-03
9.2675781250000000e-01 3.4971054468368699e-03
9.2871093750000000e-01 3.4647217893197671e-03
9.3066406250000000e-01 3.4196260826229565e-03
9.3261718750000000e-01 3.3628181640811519e-03
9.3457031250000000e-01 3.2952685039073447e-03
9.3652343750000000e-01 3.2179179543386214e-03
9.3847656250000000e-01 3.1316777218684507e-03
9.4042968750000000e-01 3.0374295558724426e-03
9.4238281250000000e-01 2.9360261468575665e-03
9.4433593750000000e-01 2.8282917275118547e-03
9.4628906250000000e-01 2.7150228697013254e-03
9.4824218750000000e-01 2.5969894705519607e-03
9.5019531250000000e-01 2.4749359207655313e-03
9.5214843750000000e-01 2.3495824483473916e-03
9.5410156250000000e-01 2.2216266309704898e-03
9.5605468750000000e-01 2.0917450702610607e-03
9.5800781250000000e-01 1.9605952213661323e-03
9.5996093750000000e-01 1.8288173712491631e-03
9.6191406250000000e-01 1.6970367592560502e-03
9.6386718750000000e-01 1.5658658335973147e-03
9.6582031250000000e-01 1.4359066375014566e-03
9.6777343750000000e-01 1.3077533189069788e-03
9.6972656250000000e-01 1.1819947576741192e-03
9.7167968750000000e-01 1.0592173044093737e-03
9.7363281250000000e-01 9.4000762510376029e-04
9.7558593750000000e-01 8.2495564588664467e-04
9.7753906250000000e-01 7.1465759228772998e-04
9.7949218750000000e-01 6.0971911747722130e-04
9.8144531250000000e-01 5.1075851401465348e-04
9.8339843750000000e-01 4.1841000367654624e-04
9.8535156250000000e-01 3.3332709994775153e-04
9.8730468750000000e-01 2.5618603774650838e-04
9.8925781250000000e-01 1.8768926490385769e-04
9.9121093750000000e-01 1.2856898982875373e-04
9.9316406250000000e-01 7.9590779654983601e-05
9.9511718750000000e-01 4.1557202978354680e-05
9.9707031250000000e-01 1.5311511045372063e-05
9.9902343750000000e-01 1.7413509399378855e-06
1.0000000000000000e+00 0.0000000000000000e+00
