# MMS4BGC Gaussian-pulse profile
# sample = 3  tau = 3.7500000000000003e-03  bv = 1.0000000000000000e-03  nx = 512
# xi phi
0.0000000000000000e+00 0.0000000000000000e+00
9.7656250000000000e-04 2.2294929319481024e-07
2.9296875000000000e-03 1.7282700543748867e-06
4.8828125000000000e-03 4.0308463943181837e-06
6.8359375000000000e-03 6.3950588600389739e-06
8.7890625000000000e-03 8.0867406065101181e-06
1.0742187500000000e-02 8.3714982729362542e-06
1.2695312500000000e-02 6.5133615188790674e-06
1.4648437500000000e-02 1.7737359498180559e-06
1.6601562500000000e-02 -6.5893635310865023e-06
1.8554687500000000e-02 -1.9321819774236117e-05
2.0507812500000000e-02 -3.7173679695695863e-05
2.2460937500000000e-02 -6.0899196889488119e-05
2.4414062500000000e-02 -9.1256665904492363e-05
2.6367187500000000e-02 -1.2900806201038829e-04
2.8320312500000000e-02 -1.7491849886392140e-04
3.0273437500000000e-02 -2.2975551519280701e-04
3.2226562500000000e-02 -2.9428820043267217e-04
3.4179687500000000e-02 -3.6928616817584909e-04
3.6132812500000000e-02 -4.5551838531328548e-04
3.8085937500000000e-02 -5.5375186386640875e-04
4.0039062500000000e-02 -6.6475022170891856e-04
4.1992187500000000e-02 -7.8927211766397127e-04
4.3945312500000000e-02 -9.2806956582514803e-04
4.5898437500000000e-02 -1.0818861333853538e-03
4.7851562500000000e-02 -1.2514550257620449e-03
4.9804687500000000e-02 -1.4374970623758172e-03
5.1757812500000000e-02 -1.6407185460685677e-03
5.3710937500000000e-02 -1.8618090288335162e-03
5.5664062500000000e-02 -2.1014389762689200e-03
5.7617187500000000e-02 -2.3602573329570709e-03
5.9570312500000000e-02 -2.6388889908070434e-03
6.1523437500000000e-02 -2.9379321622807837e-03
6.3476562500000000e-02 -3.2579556603446721e-03
6.5429687500000000e-02 -3.5994960869500572e-03
6.7382812500000000e-02 -3.9630549318439576e-03
6.9335937500000000e-02 -4.3490955835426863e-03
7.1289062500000000e-02 -4.7580402543643740e-03
7.3242187500000000e-02 -5.1902668215090091e-03
7.5195312500000000e-02 -5.6461055862946025e-03
7.7148437500000000e-02 -6.1258359538033632e-03
7.9101562500000000e-02 -6.6296830353604593e-03
8.1054687500000000e-02 -7.1578141764580992e-03
8.3007812500000000e-02 -7.7103354129475343e-03
8.4960937500000000e-02 -8.2872878585493488e-03
8.6914062500000000e-02 -8.8886440269764413e-03
8.8867187500000000e-02 -9.5143040922227359e-03
9.0820312500000000e-02 -1.0164092090842167e-02
9.2773437500000000e-02 -1.0837752070325474e-02
9.4726562500000000e-02 -1.1534944187975212e-02
9.6679687500000000e-02 -1.2255240764980522e-02
9.8632812500000000e-02 -1.2998122300701326e-02
1.0058593750000000e-01 -1.3762973452485240e-02
1.0253906250000000e-01 -1.4549078986658016e-02
1.0449218750000000e-01 -1.5355619706648668e-02
1.0644531250000000e-01 -1.6181668364532029e-02
1.0839843750000000e-01 -1.7026185562592947e-02
1.1035156250000000e-01 -1.7888015651836661e-02
1.1230468750000000e-01 -1.8765882634687255e-02
1.1425781250000000e-01 -1.9658386079429917e-02
1.1621093750000000e-01 -2.0563997054261027e-02
1.1816406250000000e-01 -2.1481054089112127e-02
1.2011718750000000e-01 -2.2407759173708252e-02
1.2207031250000000e-01 -2.3342173800606703e-02
1.2402343750000000e-01 -2.4282215062237746e-02
1.2597656250000000e-01 -2.5225651811233405e-02
1.2792968750000000e-01 -2.6170100893582335e-02
1.2988281250000000e-01 -2.7113023464387813e-02
1.3183593750000000e-01 -2.8051721396230026e-02
1.3378906250000000e-01 -2.8983333790342649e-02
1.3574218750000000e-01 -2.9904833601006063e-02
1.3769531250000000e-01 -3.0813024383734088e-02
1.3964843750000000e-01 -3.1704537177987595e-02
1.4160156250000000e-01 -3.2575827535284707e-02
1.4355468750000000e-01 -3.3423172703694354e-02
1.4550781250000000e-01 -3.4242668979794548e-02
1.4746093750000000e-01 -3.5030229239250456e-02
1.4941406250000000e-01 -3.5781580657217295e-02
1.5136718750000000e-01 -3.6492262629800244e-02
1.5332031250000000e-01 -3.7157624907805678e-02
1.5527343750000000e-01 -3.7772825953995982e-02
1.5722656250000000e-01 -3.8332831535011755e-02
1.5917968750000000e-01 -3.8832413559051447e-02
1.6113281250000000e-01 -3.9266149170297221e-02
1.6308593750000000e-01 -3.9628420110948220e-02
1.6503906250000000e-01 -3.9913412361566689e-02
1.6699218750000000e-01 -4.0115116070259020e-02
1.6894531250000000e-01 -4.0227325781002035e-02
1.7089843750000000e-01 -4.0243640971184734e-02
1.7285156250000000e-01 -4.0157466908167211e-02
1.7480468750000000e-01 -3.9962015834360397e-02
1.7675781250000000e-01 -3.9650308490004185e-02
1.7871093750000000e-01 -3.9215175982466238e-02
1.8066406250000000e-01 -3.8649262010499751e-02
1.8261718750000000e-01 -3.7945025451485752e-02
1.8457031250000000e-01 -3.7094743319244443e-02
1.8652343750000000e-01 -3.6090514099530860e-02
1.8847656250000000e-01 -3.4924261469832928e-02
1.9042968750000000e-01 -3.3587738409565734e-02
1.9238281250000000e-01 -3.2072531706204360e-02
1.9433593750000000e-01 -3.0370066862319536e-02
1.9628906250000000e-01 -2.8471613407877128e-02
1.9824218750000000e-01 -2.6368290621533716e-02
2.0019531250000000e-01 -2.4051073664007432e-02
2.0214843750000000e-01 -2.1510800125927054e-02
2.0410156250000000e-01 -1.8738176991863167e-02
2.0605468750000000e-01 -1.5723788021524764e-02
2.0800781250000000e-01 -1.2458101548363286e-02
2.0996093750000000e-01 -8.9314786950658656e-03
2.1191406250000000e-01 -5.1341820046404592e-03
2.1386718750000000e-01 -1.0563844849998567e-03
2.1582031250000000e-01 3.3118209358601347e-03
2.1777343750000000e-01 7.9804115478187970e-03
2.1972656250000000e-01 1.2959424594294278e-02
2.2167968750000000e-01 1.8258946611032532e-02
2.2363281250000000e-01 2.3889102374301155e-02
2.2558593750000000e-01 2.9860043465636098e-02
2.2753906250000000e-01 3.6181936461164438e-02
2.2949218750000000e-01 4.2864950754406168e-02
2.3144531250000000e-01 4.9919246022341206e-02
2.3339843750000000e-01 5.7354959345412515e-02
2.3535156250000000e-01 6.5182191993020056e-02
2.3730468750000000e-01 7.3410995886942665e-02
2.3925781250000000e-01 8.2051359756002293e-02
2.4121093750000000e-01 9.1113194996156832e-02
2.4316406250000000e-01 1.0060632125107143e-01
2.4511718750000000e-01 1.1054045172907205e-01
2.4707031250000000e-01 1.2092517827322635e-01
2.4902343750000000e-01 1.3176995620212523e-01
2.5097656250000000e-01 1.4308408893974969e-01
2.5292968750000000e-01 1.5487671245360163e-01
2.5488281250000000e-01 1.6715677952105215e-01
2.5683593750000000e-01 1.7993304384461176e-01
2.5878906250000000e-01 1.9321404403755507e-01
2.6074218750000000e-01 2.0700808750203570e-01
2.6269531250000000e-01 2.2132323422250111e-01
2.6464843750000000e-01 2.3616728049786129e-01
2.6660156250000000e-01 2.5154774263647889e-01
2.6855468750000000e-01 2.6747184063862844e-01
2.7050781250000000e-01 2.8394648189161509e-01
2.7246093750000000e-01 3.0097824490325198e-01
2.7441406250000000e-01 3.1857336309986301e-01
2.7636718750000000e-01 3.3673770871540648e-01
2.7832031250000000e-01 3.5547677679870060e-01
2.8027343750000000e-01 3.7479566936607422e-01
2.8222656250000000e-01 3.9469907972706342e-01
2.8417968750000000e-01 4.1519127701102543e-01
2.8613281250000000e-01 4.3627609092274516e-01
2.8808593750000000e-01 4.5795689675526208e-01
2.9003906250000000e-01 4.8023660068825136e-01
2.9199218750000000e-01 5.0311762540034277e-01
2.9394531250000000e-01 5.2660189602376550e-01
2.9589843750000000e-01 5.5069082646964906e-01
2.9785156250000000e-01 5.7538530615220851e-01
2.9980468750000000e-01 6.0068568713987658e-01
3.0175781250000000e-01 6.2659177176123426e-01
3.0371093750000000e-01 6.5310280069331650e-01
3.0566406250000000e-01 6.8021744155954134e-01
3.0761718750000000e-01 7.0793377806412883e-01
3.0957031250000000e-01 7.3624929968943509e-01
3.1152343750000000e-01 7.6516089198213255e-01
3.1347656250000000e-01 7.9466482745360900e-01
3.1542968750000000e-01 8.2475675711936003e-01
3.1738281250000000e-01 8.5543170270147517e-01
3.1933593750000000e-01 8.8668404951760849e-01
3.2128906250000000e-01 9.1850754007904434e-01
3.2324218750000000e-01 9.5089526841964600e-01
3.2519531250000000e-01 9.8383967517659787e-01
3.2714843750000000e-01 1.0173325434429150e+00
3.2910156250000000e-01 1.0513649954107198e+00
3.3105468750000000e-01 1.0859274898232487e+00
3.3300781250000000e-01 1.1210098202524761e+00
3.3496093750000000e-01 1.1566011142181150e+00
3.3691406250000000e-01 1.1926898331625910e+00
3.3886718750000000e-01 1.2292637732953633e+00
3.4082031250000000e-01 1.2663100673187226e+00
3.4277343750000000e-01 1.3038151870458889e+00
3.4472656250000000e-01 1.3417649469209172e+00
3.4667968750000000e-01 1.3801445084485364e+00
3.4863281250000000e-01 1.4189383855406676e+00
3.5058593750000000e-01 1.4581304507849153e+00
3.5253906250000000e-01 1.4977039426388914e+00
3.5449218750000000e-01 1.5376414735527313e+00
3.5644531250000000e-01 1.5779250390206643e+00
3.5839843750000000e-01 1.6185360275609744e+00
3.6035156250000000e-01 1.6594552316221372e+00
3.6230468750000000e-01 1.7006628594113762e+00
3.6425781250000000e-01 1.7421385476402995e+00
3.6621093750000000e-01 1.7838613751806982e+00
3.6816406250000000e-01 1.8258098776220177e+00
3.7011718750000000e-01 1.8679620627204163e+00
3.7207031250000000e-01 1.9102954267277465e+00
3.7402343750000000e-01 1.9527869715872017e+00
3.7597656250000000e-01 1.9954132229808099e+00
3.7792968750000000e-01 2.0381502492123817e+00
3.7988281250000000e-01 2.0809736809079697e+00
3.8183593750000000e-01 2.1238587315143631e+00
3.8378906250000000e-01 2.1667802185746181e+00
3.8574218750000000e-01 2.2097125857581434e+00
3.8769531250000000e-01 2.2526299256213815e+00
3.8964843750000000e-01 2.2955060030736876e+00
3.9160156250000000e-01 2.3383142795216116e+00
3.9355468750000000e-01 2.3810279376633958e+00
3.9550781250000000e-01 2.4236199069041908e+00
3.9746093750000000e-01 2.4660628893611873e+00
3.9941406250000000e-01 2.5083293864266087e+00
4.0136718750000000e-01 2.5503917258553130e+00
4.0332031250000000e-01 2.5922220893425951e+00
4.0527343750000000e-01 2.6337925405566831e+00
4.0722656250000000e-01 2.6750750535893753e+00
4.0917968750000000e-01 2.7160415417872668e+00
4.1113281250000000e-01 2.7566638869250952e+00
4.1308593750000000e-01 2.7969139686818574e+00
4.1503906250000000e-01 2.8367636943795502e+00
4.1699218750000000e-01 2.8761850289436506e+00
4.1894531250000000e-01 2.9151500250437690e+00
4.2089843750000000e-01 2.9536308533723177e+00
4.2285156250000000e-01 2.9915998330184941e+00
4.2480468750000000e-01 3.0290294618944449e+00
4.2675781250000000e-01 3.0658924471700648e+00
4.2871093750000000e-01 3.1021617356725817e+00
4.3066406250000000e-01 3.1378105442068649e+00
4.3261718750000000e-01 3.1728123897522074e+00
4.3457031250000000e-01 3.2071411194913026e+00
4.3652343750000000e-01 3.2407709406270677e+00
4.3847656250000000e-01 3.2736764499431228e+00
4.4042968750000000e-01 3.3058326630638208e+00
4.4238281250000000e-01 3.3372150433700196e+00
4.4433593750000000e-01 3.3677995305270820e+00
4.4628906250000000e-01 3.3975625685819781e+00
4.4824218750000000e-01 3.4264811335868539e+00
4.5019531250000000e-01 3.4545327607069729e+00
4.5214843750000000e-01 3.4816955707715818e+00
4.5410156250000000e-01 3.5079482962269384e+00
4.5605468750000000e-01 3.5332703064515441e+00
4.5800781250000000e-01 3.5576416323944713e+00
4.5996093750000000e-01 3.5810429904985908e+00
4.6191406250000000e-01 3.6034558058715285e+00
4.6386718750000000e-01 3.6248622346682460e+00
4.6582031250000000e-01 3.6452451856502668e+00
4.6777343750000000e-01 3.6645883408877822e+00
4.6972656250000000e-01 3.6828761755721429e+00
4.7167968750000000e-01 3.7000939769075556e+00
4.7363281250000000e-01 3.7162278620522153e+00
4.7558593750000000e-01 3.7312647950805249e+00
4.7753906250000000e-01 3.7451926029395741e+00
4.7949218750000000e-01 3.7579999903745862e+00
4.8144531250000000e-01 3.7696765537996471e+00
4.8339843750000000e-01 3.7802127940916552e+00
4.8535156250000000e-01 3.7896001282871543e+00
4.8730468750000000e-01 3.7978309001633868e+00
4.8925781250000000e-01 3.8048983896867101e+00
4.9121093750000000e-01 3.8107968213132870e+00
4.9316406250000000e-01 3.8155213711287823e+00
4.9511718750000000e-01 3.8190681728156499e+00
4.9707031250000000e-01 3.8214343224384719e+00
4.9902343750000000e-01 3.8226178820396872e+00
5.0097656250000000e-01 3.8226178820399452e+00
5.0292968750000000e-01 3.8214343224392424e+00
5.0488281250000000e-01 3.8190681728169276e+00
5.0683593750000000e-01 3.8155213711305573e+00
5.0878906250000000e-01 3.8107968213155461e+00
5.1074218750000000e-01 3.8048983896894359e+00
5.1269531250000000e-01 3.7978309001665602e+00
5.1464843750000000e-01 3.7896001282907541e+00
5.1660156250000000e-01 3.7802127940956569e+00
5.1855468750000000e-01 3.7696765538040293e+00
5.2050781250000000e-01 3.7579999903793309e+00
5.2246093750000000e-01 3.7451926029446652e+00
5.2441406250000000e-01 3.7312647950859481e+00
5.2636718750000000e-01 3.7162278620579587e+00
5.2832031250000000e-01 3.7000939769136099e+00
5.3027343750000000e-01 3.6828761755785036e+00
5.3222656250000000e-01 3.6645883408944471e+00
5.3417968750000000e-01 3.6452451856572345e+00
5.3613281250000000e-01 3.6248622346755157e+00
5.3808593750000000e-01 3.6034558058790984e+00
5.4003906250000000e-01 3.5810429905064578e+00
5.4199218750000000e-01 3.5576416324026270e+00
5.4394531250000000e-01 3.5332703064599782e+00
5.4589843750000000e-01 3.5079482962356412e+00
5.4785156250000000e-01 3.4816955707805461e+00
5.4980468750000000e-01 3.4545327607161878e+00
5.5175781250000000e-01 3.4264811335963077e+00
5.5371093750000000e-01 3.3975625685916619e+00
5.5566406250000000e-01 3.3677995305369888e+00
5.5761718750000000e-01 3.3372150433801431e+00
5.5957031250000000e-01 3.3058326630741544e+00
5.6152343750000000e-01 3.2736764499536584e+00
5.6347656250000000e-01 3.2407709406377947e+00
5.6542968750000000e-01 3.2071411195022170e+00
5.6738281250000000e-01 3.1728123897633105e+00
5.6933593750000000e-01 3.1378105442181545e+00
5.7128906250000000e-01 3.1021617356840570e+00
5.7324218750000000e-01 3.0658924471817204e+00
5.7519531250000000e-01 3.0290294619062763e+00
5.7714843750000000e-01 2.9915998330304991e+00
5.7910156250000000e-01 2.9536308533844964e+00
5.8105468750000000e-01 2.9151500250561173e+00
5.8300781250000000e-01 2.8761850289561623e+00
5.8496093750000000e-01 2.8367636943922201e+00
5.8691406250000000e-01 2.7969139686946805e+00
5.8886718750000000e-01 2.7566638869380617e+00
5.9082031250000000e-01 2.7160415418003625e+00
5.9277343750000000e-01 2.6750750536025834e+00
5.9472656250000000e-01 2.6337925405699836e+00
5.9667968750000000e-01 2.5922220893559671e+00
5.9863281250000000e-01 2.5503917258687379e+00
6.0058593750000000e-01 2.5083293864400669e+00
6.0253906250000000e-01 2.4660628893746614e+00
6.0449218750000000e-01 2.4236199069176654e+00
6.0644531250000000e-01 2.3810279376768548e+00
6.0839843750000000e-01 2.3383142795350391e+00
6.1035156250000000e-01 2.2955060030870671e+00
6.1230468750000000e-01 2.2526299256347007e+00
6.1425781250000000e-01 2.2097125857713942e+00
6.1621093750000000e-01 2.1667802185877902e+00
6.1816406250000000e-01 2.1238587315274469e+00
6.2011718750000000e-01 2.0809736809209545e+00
6.2207031250000000e-01 2.0381502492252581e+00
6.2402343750000000e-01 1.9954132229935688e+00
6.2597656250000000e-01 1.9527869715998332e+00
6.2792968750000000e-01 1.9102954267402399e+00
6.2988281250000000e-01 1.8679620627327607e+00
6.3183593750000000e-01 1.8258098776342024e+00
6.3378906250000000e-01 1.7838613751927117e+00
6.3574218750000000e-01 1.7421385476521283e+00
6.3769531250000000e-01 1.7006628594230049e+00
6.3964843750000000e-01 1.6594552316335507e+00
6.4160156250000000e-01 1.6185360275721605e+00
6.4355468750000000e-01 1.5779250390316113e+00
6.4550781250000000e-01 1.5376414735634287e+00
6.4746093750000000e-01 1.4977039426493313e+00
6.4941406250000000e-01 1.4581304507950916e+00
6.5136718750000000e-01 1.4189383855505759e+00
6.5332031250000000e-01 1.3801445084581736e+00
6.5527343750000000e-01 1.3417649469302806e+00
6.5722656250000000e-01 1.3038151870549775e+00
6.5917968750000000e-01 1.2663100673275363e+00
6.6113281250000000e-01 1.2292637733039040e+00
6.6308593750000000e-01 1.1926898331708606e+00
6.6503906250000000e-01 1.1566011142261154e+00
6.6699218750000000e-01 1.1210098202602079e+00
6.6894531250000000e-01 1.0859274898307116e+00
6.7089843750000000e-01 1.0513649954179141e+00
6.7285156250000000e-01 1.0173325434498410e+00
6.7480468750000000e-01 9.8383967518325610e-01
6.7675781250000000e-01 9.5089526842603656e-01
6.7871093750000000e-01 9.1850754008516788e-01
6.8066406250000000e-01 8.8668404952346558e-01
6.8261718750000000e-01 8.5543170270706614e-01
6.8457031250000000e-01 8.2475675712468555e-01
6.8652343750000000e-01 7.9466482745866962e-01
6.8847656250000000e-01 7.6516089198693005e-01
6.9042968750000000e-01 7.3624929969397246e-01
6.9238281250000000e-01 7.0793377806840996e-01
6.9433593750000000e-01 6.8021744156357167e-01
6.9628906250000000e-01 6.5310280069710247e-01
6.9824218750000000e-01 6.2659177176478320e-01
7.0019531250000000e-01 6.0068568714319681e-01
7.0214843750000000e-01 5.7538530615530914e-01
7.0410156250000000e-01 5.5069082647253931e-01
7.0605468750000000e-01 5.2660189602645502e-01
7.0800781250000000e-01 5.0311762540284177e-01
7.0996093750000000e-01 4.8023660069057000e-01
7.1191406250000000e-01 4.5795689675740986e-01
7.1386718750000000e-01 4.3627609092473080e-01
7.1582031250000000e-01 4.1519127701285730e-01
7.1777343750000000e-01 3.9469907972874946e-01
7.1972656250000000e-01 3.7479566936762237e-01
7.2167968750000000e-01 3.5547677680011874e-01
7.2363281250000000e-01 3.3673770871670222e-01
7.2558593750000000e-01 3.1857336310104378e-01
7.2753906250000000e-01 3.0097824490432457e-01
7.2949218750000000e-01 2.8394648189258564e-01
7.3144531250000000e-01 2.6747184063950252e-01
7.3339843750000000e-01 2.5154774263726182e-01
7.3535156250000000e-01 2.3616728049855829e-01
7.3730468750000000e-01 2.2132323422311706e-01
7.3925781250000000e-01 2.0700808750257521e-01
7.4121093750000000e-01 1.9321404403802250e-01
7.4316406250000000e-01 1.7993304384501146e-01
7.4511718750000000e-01 1.6715677952138822e-01
7.4707031250000000e-01 1.5487671245387802e-01
7.4902343750000000e-01 1.4308408893997013e-01
7.5097656250000000e-01 1.3176995620229318e-01
7.5292968750000000e-01 1.2092517827334523e-01
7.5488281250000000e-01 1.1054045172914524e-01
7.5683593750000000e-01 1.0060632125110223e-01
7.5878906250000000e-01 9.1113194996148297e-02
7.6074218750000000e-01 8.2051359755957343e-02
7.6269531250000000e-01 7.3410995886864061e-02
7.6464843750000000e-01 6.5182191992910518e-02
7.6660156250000000e-01 5.7354959345274688e-02
7.6855468750000000e-01 4.9919246022177607e-02
7.7050781250000000e-01 4.2864950754219165e-02
7.7246093750000000e-01 3.6181936460956299e-02
7.7441406250000000e-01 2.9860043465408988e-02
7.7636718750000000e-01 2.3889102374057142e-02
7.7832031250000000e-01 1.8258946610773555e-02
7.8027343750000000e-01 1.2959424594022146e-02
7.8222656250000000e-01 7.9804115475352322e-03
7.8417968750000000e-01 3.3118209355667704e-03
7.8613281250000000e-01 -1.0563844853014588e-03
7.8808593750000000e-01 -5.1341820049488132e-03
7.9003906250000000e-01 -8.9314786953795470e-03
7.9199218750000000e-01 -1.2458101548680931e-02
7.9394531250000000e-01 -1.5723788021845053e-02
7.9589843750000000e-01 -1.8738176992184843e-02
7.9785156250000000e-01 -2.1510800126248921e-02
7.9980468750000000e-01 -2.4051073664328404e-02
8.0175781250000000e-01 -2.6368290621852742e-02
8.0371093750000000e-01 -2.8471613408193239e-02
8.0566406250000000e-01 -3.0370066862631842e-02
8.0761718750000000e-01 -3.2072531706512072e-02
8.0957031250000000e-01 -3.3587738409868152e-02
8.1152343750000000e-01 -3.4924261470129440e-02
8.1347656250000000e-01 -3.6090514099820982e-02
8.1542968750000000e-01 -3.7094743319527744e-02
8.1738281250000000e-01 -3.7945025451761892e-02
8.1933593750000000e-01 -3.8649262010768501e-02
8.2128906250000000e-01 -3.9215175982727411e-02
8.2324218750000000e-01 -3.9650308490257601e-02
8.2519531250000000e-01 -3.9962015834605895e-02
8.2714843750000000e-01 -4.0157466908404660e-02
8.2910156250000000e-01 -4.0243640971414037e-02
8.3105468750000000e-01 -4.0227325781223122e-02
8.3300781250000000e-01 -4.0115116070471829e-02
8.3496093750000000e-01 -3.9913412361771171e-02
8.3691406250000000e-01 -3.9628420111144355e-02
8.3886718750000000e-01 -3.9266149170484987e-02
8.4082031250000000e-01 -3.8832413559230790e-02
8.4277343750000000e-01 -3.8332831535182604e-02
8.4472656250000000e-01 -3.7772825954158283e-02
8.4667968750000000e-01 -3.7157624907959430e-02
8.4863281250000000e-01 -3.6492262629945461e-02
8.5058593750000000e-01 -3.5781580657354053e-02
8.5253906250000000e-01 -3.5030229239378853e-02
8.5449218750000000e-01 -3.4242668979914723e-02
8.5644531250000000e-01 -3.3423172703806459e-02
8.5839843750000000e-01 -3.2575827535388943e-02
8.6035156250000000e-01 -3.1704537178084219e-02
8.6230468750000000e-01 -3.0813024383823395e-02
8.6425781250000000e-01 -2.9904833601088344e-02
8.6621093750000000e-01 -2.8983333790418262e-02
8.6816406250000000e-01 -2.8051721396299318e-02
8.7011718750000000e-01 -2.7113023464451123e-02
8.7207031250000000e-01 -2.6170100893639959e-02
8.7402343750000000e-01 -2.5225651811285624e-02
8.7597656250000000e-01 -2.4282215062284826e-02
8.7792968750000000e-01 -2.3342173800648899e-02
8.7988281250000000e-01 -2.2407759173745823e-02
8.8183593750000000e-01 -2.1481054089145298e-02
8.8378906250000000e-01 -2.0563997054290038e-02
8.8574218750000000e-01 -1.9658386079454991e-02
8.8769531250000000e-01 -1.8765882634708606e-02
8.8964843750000000e-01 -1.7888015651854498e-02
8.9160156250000000e-01 -1.7026185562607460e-02
8.9355468750000000e-01 -1.6181668364543426e-02
8.9550781250000000e-01 -1.5355619706657173e-02
8.9746093750000000e-01 -1.4549078986663841e-02
8.9941406250000000e-01 -1.3762973452488600e-02
9.0136718750000000e-01 -1.2998122300702426e-02
9.0332031250000000e-01 -1.2255240764979561e-02
9.0527343750000000e-01 -1.1534944187972400e-02
9.0722656250000000e-01 -1.0837752070321012e-02
9.0917968750000000e-01 -1.0164092090836255e-02
9.1113281250000000e-01 -9.5143040922155662e-03
9.1308593750000000e-01 -8.8886440269681927e-03
9.1503906250000000e-01 -8.2872878585401842e-03
9.1699218750000000e-01 -7.7103354129375960e-03
9.1894531250000000e-01 -7.1578141764475122e-03
9.2089843750000000e-01 -6.6296830353493371e-03
9.2285156250000000e-01 -6.1258359537918160e-03
9.2480468750000000e-01 -5.6461055862827283e-03
9.2675781250000000e-01 -5.1902668214968946e-03
9.2871093750000000e-01 -4.7580402543521009e-03
9.3066406250000000e-01 -4.3490955835303333e-03
9.3261718750000000e-01 -3.9630549318315977e-03
9.3457031250000000e-01 -3.5994960869377571e-03
9.3652343750000000e-01 -3.2579556603324913e-03
9.3847656250000000e-01 -2.9379321622687747e-03
9.4042968750000000e-01 -2.6388889907952577e-03
9.4238281250000000e-01 -2.3602573329455593e-03
9.4433593750000000e-01 -2.1014389762577272e-03
9.4628906250000000e-01 -1.8618090288226813e-03
9.4824218750000000e-01 -1.6407185460581249e-03
9.5019531250000000e-01 -1.4374970623657966e-03
9.5214843750000000e-01 -1.2514550257524723e-03
9.5410156250000000e-01 -1.0818861333762521e-03
9.5605468750000000e-01 -9.2806956581653632e-04
9.5800781250000000e-01 -7.8927211765586415e-04
9.5996093750000000e-01 -6.6475022170132665e-04
9.6191406250000000e-01 -5.5375186385934019e-04
9.6386718750000000e-01 -4.5551838530674438e-04
9.6582031250000000e-01 -3.6928616816983567e-04
9.6777343750000000e-01 -2.9428820042718312e-04
9.6972656250000000e-01 -2.2975551518783570e-04
9.7167968750000000e-01 -1.7491849885945825e-04
9.7363281250000000e-01 -1.2900806200642084e-04
9.7558593750000000e-01 -9.1256665901005081e-05
9.7753906250000000e-01 -6.0899196886462755e-05
9.7949218750000000e-01 -3.7173679693111315e-05
9.8144531250000000e-01 -1.9321819772068401e-05
9.8339843750000000e-01 -6.5893635293087004e-06
9.8535156250000000e-01 1.7737359512358474e-06
9.8730468750000000e-01 6.5133615199698214e-06
9.8925781250000000e-01 8.3714982737361159e-06
9.9121093750000000e-01 8.0867406070585093e-06
9.9316406250000000e-01 6.3950588603787341e-06
9.9511718750000000e-01 4.0308463944957226e-06
9.9707031250000000e-01 1.7282700544403477e-06
9.9902343750000000e-01 2.2294929320226027e-07
1.0000000000000000e+00 0.0000000000000000e+00
