# MMS4BGC Gaussian-pulse profile
# sample = 4  tau = 5.0000000000000001e-03  bv = 1.0000000000000000e-03  nx = 512
# xi phi
0.0000000000000000e+00 0.0000000000000000e+00
9.7656250000000000e-04 -4.4850654294091401e-06
2.9296875000000000e-03 -3.9641540510433946e-05
4.8828125000000000e-03 -1.0817412417953055e-04
6.8359375000000000e-03 -2.0834608645251327e-04
8.7890625000000000e-03 -3.3854025341073437e-04
1.0742187500000000e-02 -4.9725182326750559e-04
1.2695312500000000e-02 -6.8308132746570818e-04
1.4648437500000000e-02 -8.9472773579289222e-04
1.6601562500000000e-02 -1.1309817040377151e-03
1.8554687500000000e-02 -1.3907189623246431e-03
2.0507812500000000e-02 -1.6728938419450887e-03
2.2460937500000000e-02 -1.9765329382458552e-03
2.4414062500000000e-02 -2.3007289069337795e-03
2.6367187500000000e-02 -2.6446343910032735e-03
2.8320312500000000e-02 -3.0074560753859335e-03
3.0273437500000000e-02 -3.3884488663539097e-03
3.2226562500000000e-02 -3.7869101926771512e-03
3.4179687500000000e-02 -4.2021744255350112e-03
3.6132812500000000e-02 -4.6336074142117045e-03
3.8085937500000000e-02 -5.0806011346594187e-03
4.0039062500000000e-02 -5.5425684480897271e-03
4.1992187500000000e-02 -6.0189379668506978e-03
4.3945312500000000e-02 -6.5091490249612628e-03
4.5898437500000000e-02 -7.0126467508040266e-03
4.7851562500000000e-02 -7.5288772396205576e-03
4.9804687500000000e-02 -8.0572828236077382e-03
5.1757812500000000e-02 -8.5972974375781511e-03
5.3710937500000000e-02 -9.1483420783203418e-03
5.5664062500000000e-02 -9.7098203559747437e-03
5.7617187500000000e-02 -1.0281114135926903e-02
5.9570312500000000e-02 -1.0861579269910049e-02
6.1523437500000000e-02 -1.1450541415203326e-02
6.3476562500000000e-02 -1.2047291941008779e-02
6.5429687500000000e-02 -1.2651083921288929e-02
6.7382812500000000e-02 -1.3261128213546572e-02
6.9335937500000000e-02 -1.3876589623228290e-02
7.1289062500000000e-02 -1.4496583153632841e-02
7.3242187500000000e-02 -1.5120170341404005e-02
7.5195312500000000e-02 -1.5746355677884353e-02
7.7148437500000000e-02 -1.6374083116800883e-02
7.9101562500000000e-02 -1.7002232668945350e-02
8.1054687500000000e-02 -1.7629617084700656e-02
8.3007812500000000e-02 -1.8254978625449350e-02
8.4960937500000000e-02 -1.8876985925081028e-02
8.6914062500000000e-02 -1.9494230942991280e-02
8.8867187500000000e-02 -2.0105226010135924e-02
9.0820312500000000e-02 -2.0708400969869784e-02
9.2773437500000000e-02 -2.1302100415458981e-02
9.4726562500000000e-02 -2.1884581026309496e-02
9.6679687500000000e-02 -2.2454009005101784e-02
9.8632812500000000e-02 -2.3008457618161671e-02
1.0058593750000000e-01 -2.3545904841531008e-02
1.0253906250000000e-01 -2.4064231115327236e-02
1.0449218750000000e-01 -2.4561217209099175e-02
1.0644531250000000e-01 -2.5034542200996376e-02
1.0839843750000000e-01 -2.5481781573670873e-02
1.1035156250000000e-01 -2.5900405429923740e-02
1.1230468750000000e-01 -2.6287776831192596e-02
1.1425781250000000e-01 -2.6641150262051994e-02
1.1621093750000000e-01 -2.6957670223964284e-02
1.1816406250000000e-01 -2.7234369961574880e-02
1.2011718750000000e-01 -2.7468170324892554e-02
1.2207031250000000e-01 -2.7655878770732154e-02
1.2402343750000000e-01 -2.7794188506823417e-02
1.2597656250000000e-01 -2.7879677782006031e-02
1.2792968750000000e-01 -2.7908809325936406e-02
1.2988281250000000e-01 -2.7877929941727091e-02
1.3183593750000000e-01 -2.7783270254923598e-02
1.3378906250000000e-01 -2.7620944622197097e-02
1.3574218750000000e-01 -2.7386951203093476e-02
1.3769531250000000e-01 -2.7077172198130665e-02
1.3964843750000000e-01 -2.6687374256476031e-02
1.4160156250000000e-01 -2.6213209056364286e-02
1.4355468750000000e-01 -2.5650214061334171e-02
1.4550781250000000e-01 -2.4993813455268004e-02
1.4746093750000000e-01 -2.4239319259113146e-02
1.4941406250000000e-01 -2.3381932632047939e-02
1.5136718750000000e-01 -2.2416745359726962e-02
1.5332031250000000e-01 -2.1338741532101375e-02
1.5527343750000000e-01 -2.0142799413160165e-02
1.5722656250000000e-01 -1.8823693504776796e-02
1.5917968750000000e-01 -1.7376096806673687e-02
1.6113281250000000e-01 -1.5794583274334147e-02
1.6308593750000000e-01 -1.4073630476497727e-02
1.6503906250000000e-01 -1.2207622453671029e-02
1.6699218750000000e-01 -1.0190852778871764e-02
1.6894531250000000e-01 -8.0175278215994829e-03
1.7089843750000000e-01 -5.6817702157924733e-03
1.7285156250000000e-01 -3.1776225322866689e-03
1.7480468750000000e-01 -4.9905115603965443e-04
1.7675781250000000e-01 2.3600496318788417e-03
1.7871093750000000e-01 5.4058533677988308e-03
1.8066406250000000e-01 8.6445969150116177e-03
1.8261718750000000e-01 1.2082575770214635e-02
1.8457031250000000e-01 1.5726139167966856e-02
1.8652343750000000e-01 1.9581684984582768e-02
1.8847656250000000e-01 2.3655654443200169e-02
1.9042968750000000e-01 2.7954526622070364e-02
1.9238281250000000e-01 3.2484812768438363e-02
1.9433593750000000e-01 3.7253050420704627e-02
1.9628906250000000e-01 4.2265797341888629e-02
1.9824218750000000e-01 4.7529625267747080e-02
2.0019531250000000e-01 5.3051113473235975e-02
2.0214843750000000e-01 5.8836842161344459e-02
2.0410156250000000e-01 6.4893385678670160e-02
2.0605468750000000e-01 7.1227305562448398e-02
2.0800781250000000e-01 7.7845143424092281e-02
2.0996093750000000e-01 8.4753413674644826e-02
2.1191406250000000e-01 9.1958596097889408e-02
2.1386718750000000e-01 9.9467128277207800e-02
2.1582031250000000e-01 1.0728539788261771e-01
2.1777343750000000e-01 1.1541973482476149e-01
2.1972656250000000e-01 1.2387640328295485e-01
2.2167968750000000e-01 1.3266159361473795e-01
2.2363281250000000e-01 1.4178141415470097e-01
2.2558593750000000e-01 1.5124188291068011e-01
2.2753906250000000e-01 1.6104891916573966e-01
2.2949218750000000e-01 1.7120833499466767e-01
2.3144531250000000e-01 1.8172582670401821e-01
2.3339843750000000e-01 1.9260696620503173e-01
2.3535156250000000e-01 2.0385719232905342e-01
2.3730468750000000e-01 2.1548180209535103e-01
2.3925781250000000e-01 2.2748594194150323e-01
2.4121093750000000e-01 2.3987459892678989e-01
2.4316406250000000e-01 2.5265259191926476e-01
2.4511718750000000e-01 2.6582456277742827e-01
2.4707031250000000e-01 2.7939496753764342e-01
2.4902343750000000e-01 2.9336806761864814e-01
2.5097656250000000e-01 3.0774792105471721e-01
2.5292968750000000e-01 3.2253837376920819e-01
2.5488281250000000e-01 3.3774305090039913e-01
2.5683593750000000e-01 3.5336534819167403e-01
2.5878906250000000e-01 3.6940842345825348e-01
2.6074218750000000e-01 3.8587518814278682e-01
2.6269531250000000e-01 4.0276829897222843e-01
2.6464843750000000e-01 4.2009014972850311e-01
2.6660156250000000e-01 4.3784286314553961e-01
2.6855468750000000e-01 4.5602828294529762e-01
2.7050781250000000e-01 4.7464796602544657e-01
2.7246093750000000e-01 4.9370317481136677e-01
2.7441406250000000e-01 5.1319486978513496e-01
2.7636718750000000e-01 5.3312370220413341e-01
2.7832031250000000e-01 5.5349000702186990e-01
2.8027343750000000e-01 5.7429379602353214e-01
2.8222656250000000e-01 5.9553475118871080e-01
2.8417968750000000e-01 6.1721221829361739e-01
2.8613281250000000e-01 6.3932520076499300e-01
2.8808593750000000e-01 6.6187235379775677e-01
2.9003906250000000e-01 6.8485197874826753e-01
2.9199218750000000e-01 7.0826201781488407e-01
2.9394531250000000e-01 7.3210004901729331e-01
2.9589843750000000e-01 7.5636328148584286e-01
2.9785156250000000e-01 7.8104855107185889e-01
2.9980468750000000e-01 8.0615231628965256e-01
3.0175781250000000e-01 8.3167065460062772e-01
3.0371093750000000e-01 8.5759925904958001e-01
3.0566406250000000e-01 8.8393343526294244e-01
3.0761718750000000e-01 9.1066809881837685e-01
3.0957031250000000e-01 9.3779777299473355e-01
3.1152343750000000e-01 9.6531658691100641e-01
3.1347656250000000e-01 9.9321827406249386e-01
3.1542968750000000e-01 1.0214961712619512e+00
3.1738281250000000e-01 1.0501432179930590e+00
3.1933593750000000e-01 1.0791519561830745e+00
3.2128906250000000e-01 1.1085145304010413e+00
3.2324218750000000e-01 1.1382226884874378e+00
3.2519531250000000e-01 1.1682677826206234e+00
3.2714843750000000e-01 1.1986407708249152e+00
3.2910156250000000e-01 1.2293322189245837e+00
3.3105468750000000e-01 1.2603323029474911e+00
3.3300781250000000e-01 1.2916308119815307e+00
3.3496093750000000e-01 1.3232171514864408e+00
3.3691406250000000e-01 1.3550803470629726e+00
3.3886718750000000e-01 1.3872090486807920e+00
3.4082031250000000e-01 1.4195915353658728e+00
3.4277343750000000e-01 1.4522157203475217e+00
3.4472656250000000e-01 1.4850691566645535e+00
3.4667968750000000e-01 1.5181390432294808e+00
3.4863281250000000e-01 1.5514122313489671e+00
3.5058593750000000e-01 1.5848752316981207e+00
3.5253906250000000e-01 1.6185142217455759e+00
3.5449218750000000e-01 1.6523150536256490e+00
3.5644531250000000e-01 1.6862632624532061e+00
3.5839843750000000e-01 1.7203440750762224e+00
3.6035156250000000e-01 1.7545424192603611e+00
3.6230468750000000e-01 1.7888429332992590e+00
3.6425781250000000e-01 1.8232299760435426e+00
3.6621093750000000e-01 1.8576876373409683e+00
3.6816406250000000e-01 1.8921997488794282e+00
3.7011718750000000e-01 1.9267498954239473e+00
3.7207031250000000e-01 1.9613214264381573e+00
3.7402343750000000e-01 1.9958974680801258e+00
3.7597656250000000e-01 2.0304609355618024e+00
3.7792968750000000e-01 2.0649945458607575e+00
3.7988281250000000e-01 2.0994808307722983e+00
3.8183593750000000e-01 2.1339021502894728e+00
3.8378906250000000e-01 2.1682407062979165e+00
3.8574218750000000e-01 2.2024785565719536e+00
3.8769531250000000e-01 2.2365976290578353e+00
3.8964843750000000e-01 2.2705797364294833e+00
3.9160156250000000e-01 2.3044065909016189e+00
3.9355468750000000e-01 2.3380598192846676e+00
3.9550781250000000e-01 2.3715209782654001e+00
3.9746093750000000e-01 2.4047715698968135e+00
3.9941406250000000e-01 2.4377930572803490e+00
4.0136718750000000e-01 2.4705668804231533e+00
4.0332031250000000e-01 2.5030744722527216e+00
4.0527343750000000e-01 2.5352972747709064e+00
4.0722656250000000e-01 2.5672167553289778e+00
4.0917968750000000e-01 2.5988144230050980e+00
4.1113281250000000e-01 2.6300718450653213e+00
4.1308593750000000e-01 2.6609706634889805e+00
4.1503906250000000e-01 2.6914926115391058e+00
4.1699218750000000e-01 2.7216195303583435e+00
4.1894531250000000e-01 2.7513333855706548e+00
4.2089843750000000e-01 2.7806162838689708e+00
4.2285156250000000e-01 2.8094504895688548e+00
4.2480468750000000e-01 2.8378184411081651e+00
4.2675781250000000e-01 2.8657027674726554e+00
4.2871093750000000e-01 2.8930863045274307e+00
4.3066406250000000e-01 2.9199521112342000e+00
4.3261718750000000e-01 2.9462834857343072e+00
4.3457031250000000e-01 2.9720639812775977e+00
4.3652343750000000e-01 2.9972774219772673e+00
4.3847656250000000e-01 3.0219079183710016e+00
4.4042968750000000e-01 3.0459398827688369e+00
4.4238281250000000e-01 3.0693580443684101e+00
4.4433593750000000e-01 3.0921474641184648e+00
4.4628906250000000e-01 3.1142935493117276e+00
4.4824218750000000e-01 3.1357820678885640e+00
4.5019531250000000e-01 3.1565991624331282e+00
4.5214843750000000e-01 3.1767313638440537e+00
4.5410156250000000e-01 3.1961656046621032e+00
4.5605468750000000e-01 3.2148892320375890e+00
4.5800781250000000e-01 3.2328900203207973e+00
4.5996093750000000e-01 3.2501561832590808e+00
4.6191406250000000e-01 3.2666763857847796e+00
4.6386718750000000e-01 3.2824397553786087e+00
4.6582031250000000e-01 3.2974358929936880e+00
4.6777343750000000e-01 3.3116548835259167e+00
4.6972656250000000e-01 3.3250873058169650e+00
4.7167968750000000e-01 3.3377242421767646e+00
4.7363281250000000e-01 3.3495572874129556e+00
4.7558593750000000e-01 3.3605785573554114e+00
4.7753906250000000e-01 3.3707806968645819e+00
4.7949218750000000e-01 3.3801568873130865e+00
4.8144531250000000e-01 3.3887008535306538e+00
4.8339843750000000e-01 3.3964068702032115e+00
4.8535156250000000e-01 3.4032697677176418e+00
4.8730468750000000e-01 3.4092849374444421e+00
4.8925781250000000e-01 3.4144483364512817e+00
4.9121093750000000e-01 3.4187564916411866e+00
4.9316406250000000e-01 3.4222065033098410e+00
4.9511718750000000e-01 3.4247960481172726e+00
4.9707031250000000e-01 3.4265233814699716e+00
4.9902343750000000e-01 3.4273873393102630e+00
5.0097656250000000e-01 3.4273873393105507e+00
5.0292968750000000e-01 3.4265233814708327e+00
5.0488281250000000e-01 3.4247960481187030e+00
5.0683593750000000e-01 3.4222065033118314e+00
5.0878906250000000e-01 3.4187564916437250e+00
5.1074218750000000e-01 3.4144483364543521e+00
5.1269531250000000e-01 3.4092849374480272e+00
5.1464843750000000e-01 3.4032697677217225e+00
5.1660156250000000e-01 3.3964068702077648e+00
5.1855468750000000e-01 3.3887008535356595e+00
5.2050781250000000e-01 3.3801568873185288e+00
5.2246093750000000e-01 3.3707806968704466e+00
5.2441406250000000e-01 3.3605785573616855e+00
5.2636718750000000e-01 3.3495572874196280e+00
5.2832031250000000e-01 3.3377242421838260e+00
5.3027343750000000e-01 3.3250873058244106e+00
5.3222656250000000e-01 3.3116548835337425e+00
5.3417968750000000e-01 3.2974358930018934e+00
5.3613281250000000e-01 3.2824397553871907e+00
5.3808593750000000e-01 3.2666763857937364e+00
5.4003906250000000e-01 3.2501561832684089e+00
5.4199218750000000e-01 3.2328900203304873e+00
5.4394531250000000e-01 3.2148892320476299e+00
5.4589843750000000e-01 3.1961656046724851e+00
5.4785156250000000e-01 3.1767313638547692e+00
5.4980468750000000e-01 3.1565991624441665e+00
5.5175781250000000e-01 3.1357820678999131e+00
5.5371093750000000e-01 3.1142935493233774e+00
5.5566406250000000e-01 3.0921474641304068e+00
5.5761718750000000e-01 3.0693580443806363e+00
5.5957031250000000e-01 3.0459398827813389e+00
5.6152343750000000e-01 3.0219079183837718e+00
5.6347656250000000e-01 2.9972774219902951e+00
5.6542968750000000e-01 2.9720639812908773e+00
5.6738281250000000e-01 2.9462834857478364e+00
5.6933593750000000e-01 2.9199521112479752e+00
5.7128906250000000e-01 2.8930863045414474e+00
5.7324218750000000e-01 2.8657027674869084e+00
5.7519531250000000e-01 2.8378184411226490e+00
5.7714843750000000e-01 2.8094504895835648e+00
5.7910156250000000e-01 2.7806162838839041e+00
5.8105468750000000e-01 2.7513333855858053e+00
5.8300781250000000e-01 2.7216195303737050e+00
5.8496093750000000e-01 2.6914926115546693e+00
5.8691406250000000e-01 2.6609706635047381e+00
5.8886718750000000e-01 2.6300718450812623e+00
5.9082031250000000e-01 2.5988144230212051e+00
5.9277343750000000e-01 2.5672167553452323e+00
5.9472656250000000e-01 2.5352972747872866e+00
5.9667968750000000e-01 2.5030744722692049e+00
5.9863281250000000e-01 2.4705668804397183e+00
6.0058593750000000e-01 2.4377930572969735e+00
6.0253906250000000e-01 2.4047715699134784e+00
6.0449218750000000e-01 2.3715209782820881e+00
6.0644531250000000e-01 2.3380598193013600e+00
6.0839843750000000e-01 2.3044065909182980e+00
6.1035156250000000e-01 2.2705797364461309e+00
6.1230468750000000e-01 2.2365976290744367e+00
6.1425781250000000e-01 2.2024785565884972e+00
6.1621093750000000e-01 2.1682407063143905e+00
6.1816406250000000e-01 2.1339021503058646e+00
6.2011718750000000e-01 2.0994808307885950e+00
6.2207031250000000e-01 2.0649945458769463e+00
6.2402343750000000e-01 2.0304609355778713e+00
6.2597656250000000e-01 1.9958974680960628e+00
6.2792968750000000e-01 1.9613214264539482e+00
6.2988281250000000e-01 1.9267498954395788e+00
6.3183593750000000e-01 1.8921997488948870e+00
6.3378906250000000e-01 1.8576876373562403e+00
6.3574218750000000e-01 1.8232299760586108e+00
6.3769531250000000e-01 1.7888429333141056e+00
6.3964843750000000e-01 1.7545424192749683e+00
6.4160156250000000e-01 1.7203440750905743e+00
6.4355468750000000e-01 1.6862632624672884e+00
6.4550781250000000e-01 1.6523150536394491e+00
6.4746093750000000e-01 1.6185142217590838e+00
6.4941406250000000e-01 1.5848752317113282e+00
6.5136718750000000e-01 1.5514122313618666e+00
6.5332031250000000e-01 1.5181390432420667e+00
6.5527343750000000e-01 1.4850691566768213e+00
6.5722656250000000e-01 1.4522157203594690e+00
6.5917968750000000e-01 1.4195915353774975e+00
6.6113281250000000e-01 1.3872090486920947e+00
6.6308593750000000e-01 1.3550803470739539e+00
6.6503906250000000e-01 1.3232171514971005e+00
6.6699218750000000e-01 1.2916308119918685e+00
6.6894531250000000e-01 1.2603323029575046e+00
6.7089843750000000e-01 1.2293322189342717e+00
6.7285156250000000e-01 1.1986407708342766e+00
6.7480468750000000e-01 1.1682677826296572e+00
6.7675781250000000e-01 1.1382226884961431e+00
6.7871093750000000e-01 1.1085145304094166e+00
6.8066406250000000e-01 1.0791519561911191e+00
6.8261718750000000e-01 1.0501432180007724e+00
6.8457031250000000e-01 1.0214961712693322e+00
6.8652343750000000e-01 9.9321827406954222e-01
6.8847656250000000e-01 9.6531658691772315e-01
6.9042968750000000e-01 9.3779777300112122e-01
6.9238281250000000e-01 9.1066809882443922e-01
6.9433593750000000e-01 8.8393343526868529e-01
6.9628906250000000e-01 8.5759925905501089e-01
6.9824218750000000e-01 8.3167065460575496e-01
7.0019531250000000e-01 8.0615231629448625e-01
7.0214843750000000e-01 7.8104855107641014e-01
7.0410156250000000e-01 7.5636328149012322e-01
7.0605468750000000e-01 7.3210004902131465e-01
7.0800781250000000e-01 7.0826201781865905e-01
7.0996093750000000e-01 6.8485197875180892e-01
7.1191406250000000e-01 6.6187235380107634e-01
7.1386718750000000e-01 6.3932520076810184e-01
7.1582031250000000e-01 6.1721221829652573e-01
7.1777343750000000e-01 5.9553475119142862e-01
7.1972656250000000e-01 5.7429379602606911e-01
7.2167968750000000e-01 5.5349000702423601e-01
7.2363281250000000e-01 5.3312370220633831e-01
7.2558593750000000e-01 5.1319486978718787e-01
7.2753906250000000e-01 4.9370317481327630e-01
7.2949218750000000e-01 4.7464796602722042e-01
7.3144531250000000e-01 4.5602828294694242e-01
7.3339843750000000e-01 4.3784286314706194e-01
7.3535156250000000e-01 4.2009014972990938e-01
7.3730468750000000e-01 4.0276829897352445e-01
7.3925781250000000e-01 3.8587518814397803e-01
7.4121093750000000e-01 3.6940842345934516e-01
7.4316406250000000e-01 3.5336534819267174e-01
7.4511718750000000e-01 3.3774305090130818e-01
7.4707031250000000e-01 3.2253837377003347e-01
7.4902343750000000e-01 3.0774792105546334e-01
7.5097656250000000e-01 2.9336806761931949e-01
7.5292968750000000e-01 2.7939496753824450e-01
7.5488281250000000e-01 2.6582456277796351e-01
7.5683593750000000e-01 2.5265259191973855e-01
7.5878906250000000e-01 2.3987459892720622e-01
7.6074218750000000e-01 2.2748594194186594e-01
7.6269531250000000e-01 2.1548180209566387e-01
7.6464843750000000e-01 2.0385719232932006e-01
7.6660156250000000e-01 1.9260696620525583e-01
7.6855468750000000e-01 1.8172582670420309e-01
7.7050781250000000e-01 1.7120833499481652e-01
7.7246093750000000e-01 1.6104891916585548e-01
7.7441406250000000e-01 1.5124188291076585e-01
7.7636718750000000e-01 1.4178141415475926e-01
7.7832031250000000e-01 1.3266159361477114e-01
7.8027343750000000e-01 1.2387640328296501e-01
7.8222656250000000e-01 1.1541973482475047e-01
7.8417968750000000e-01 1.0728539788258729e-01
7.8613281250000000e-01 9.9467128277159686e-02
7.8808593750000000e-01 9.1958596097825210e-02
7.9003906250000000e-01 8.4753413674566055e-02
7.9199218750000000e-01 7.7845143424000257e-02
7.9394531250000000e-01 7.1227305562344287e-02
7.9589843750000000e-01 6.4893385678554946e-02
7.9785156250000000e-01 5.8836842161219031e-02
7.9980468750000000e-01 5.3051113473101187e-02
8.0175781250000000e-01 4.7529625267603751e-02
8.0371093750000000e-01 4.2265797341737535e-02
8.0566406250000000e-01 3.7253050420546517e-02
8.0761718750000000e-01 3.2484812768273974e-02
8.0957031250000000e-01 2.7954526621900441e-02
8.1152343750000000e-01 2.3655654443025451e-02
8.1347656250000000e-01 1.9581684984404008e-02
8.1542968750000000e-01 1.5726139167784797e-02
8.1738281250000000e-01 1.2082575770030008e-02
8.1933593750000000e-01 8.6445969148251454e-03
8.2128906250000000e-01 5.4058533676112127e-03
8.2324218750000000e-01 2.3600496316907435e-03
8.2519531250000000e-01 -4.9905115622759567e-04
8.2714843750000000e-01 -3.1776225324738430e-03
8.2910156250000000e-01 -5.6817702159783021e-03
8.3105468750000000e-01 -8.0175278217834173e-03
8.3300781250000000e-01 -1.0190852779053287e-02
8.3496093750000000e-01 -1.2207622453849657e-02
8.3691406250000000e-01 -1.4073630476673002e-02
8.3886718750000000e-01 -1.5794583274505634e-02
8.4082031250000000e-01 -1.7376096806840970e-02
8.4277343750000000e-01 -1.8823693504939478e-02
8.4472656250000000e-01 -2.0142799413317879e-02
8.4667968750000000e-01 -2.1338741532253798e-02
8.4863281250000000e-01 -2.2416745359873824e-02
8.5058593750000000e-01 -2.3381932632189021e-02
8.5253906250000000e-01 -2.4239319259248254e-02
8.5449218750000000e-01 -2.4993813455396991e-02
8.5644531250000000e-01 -2.5650214061456931e-02
8.5839843750000000e-01 -2.6213209056480759e-02
8.6035156250000000e-01 -2.6687374256586217e-02
8.6230468750000000e-01 -2.7077172198234595e-02
8.6425781250000000e-01 -2.7386951203191214e-02
8.6621093750000000e-01 -2.7620944622288771e-02
8.6816406250000000e-01 -2.7783270255009353e-02
8.7011718750000000e-01 -2.7877929941807052e-02
8.7207031250000000e-01 -2.7908809326010683e-02
8.7402343750000000e-01 -2.7879677782074737e-02
8.7597656250000000e-01 -2.7794188506886662e-02
8.7792968750000000e-01 -2.7655878770790048e-02
8.7988281250000000e-01 -2.7468170324945217e-02
8.8183593750000000e-01 -2.7234369961622425e-02
8.8378906250000000e-01 -2.6957670224006840e-02
8.8574218750000000e-01 -2.6641150262089693e-02
8.8769531250000000e-01 -2.6287776831225570e-02
8.8964843750000000e-01 -2.5900405429952131e-02
8.9160156250000000e-01 -2.5481781573694809e-02
8.9355468750000000e-01 -2.5034542201016034e-02
8.9550781250000000e-01 -2.4561217209114770e-02
8.9746093750000000e-01 -2.4064231115338969e-02
8.9941406250000000e-01 -2.3545904841539105e-02
9.0136718750000000e-01 -2.3008457618166344e-02
9.0332031250000000e-01 -2.2454009005103266e-02
9.0527343750000000e-01 -2.1884581026308043e-02
9.0722656250000000e-01 -2.1302100415454855e-02
9.0917968750000000e-01 -2.0708400969863244e-02
9.1113281250000000e-01 -2.0105226010127236e-02
9.1308593750000000e-01 -1.9494230942980695e-02
9.1503906250000000e-01 -1.8876985925068770e-02
9.1699218750000000e-01 -1.8254978625435615e-02
9.1894531250000000e-01 -1.7629617084685599e-02
9.2089843750000000e-01 -1.7002232668929133e-02
9.2285156250000000e-01 -1.6374083116783660e-02
9.2480468750000000e-01 -1.5746355677866263e-02
9.2675781250000000e-01 -1.5120170341385174e-02
9.2871093750000000e-01 -1.4496583153613393e-02
9.3066406250000000e-01 -1.3876589623208363e-02
9.3261718750000000e-01 -1.3261128213526289e-02
9.3457031250000000e-01 -1.2651083921268409e-02
9.3652343750000000e-01 -1.2047291940988131e-02
9.3847656250000000e-01 -1.1450541415182654e-02
9.4042968750000000e-01 -1.0861579269889461e-02
9.4238281250000000e-01 -1.0281114135906514e-02
9.4433593750000000e-01 -9.7098203559546660e-03
9.4628906250000000e-01 -9.1483420783006700e-03
9.4824218750000000e-01 -8.5972974375589737e-03
9.5019531250000000e-01 -8.0572828235891368e-03
9.5214843750000000e-01 -7.5288772396026101e-03
9.5410156250000000e-01 -7.0126467507868068e-03
9.5605468750000000e-01 -6.5091490249448341e-03
9.5800781250000000e-01 -6.0189379668351140e-03
9.5996093750000000e-01 -5.5425684480750357e-03
9.6191406250000000e-01 -5.0806011346456606e-03
9.6386718750000000e-01 -4.6336074141989109e-03
9.6582031250000000e-01 -4.2021744255231986e-03
9.6777343750000000e-01 -3.7869101926663274e-03
9.6972656250000000e-01 -3.3884488663440695e-03
9.7167968750000000e-01 -3.0074560753770652e-03
9.7363281250000000e-01 -2.6446343909953610e-03
9.7558593750000000e-01 -2.3007289069267973e-03
9.7753906250000000e-01 -1.9765329382397741e-03
9.7949218750000000e-01 -1.6728938419398743e-03
9.8144531250000000e-01 -1.3907189623202534e-03
9.8339843750000000e-01 -1.1309817040341017e-03
9.8535156250000000e-01 -8.9472773578999903e-04
9.8730468750000000e-01 -6.8308132746347299e-04
9.8925781250000000e-01 -4.9725182326585966e-04
9.9121093750000000e-01 -3.3854025340960121e-04
9.9316406250000000e-01 -2.0834608645180837e-04
9.9511718750000000e-01 -1.0817412417916078e-04
9.9707031250000000e-01 -3.9641540510297079e-05
9.9902343750000000e-01 -4.4850654293935064e-06
1.0000000000000000e+00 0.0000000000000000e+00
