# P x_center tau_U tau_V tau_Psi
1 0.0009765625 0.001856511937148753 -2.200977178290486e-10 0.001856511717051035
2 0.0029296875 -5.308174877427518e-08 -6.584741640836e-10 -5.374022293835878e-08
3 0.0048828125 -8.847200660966337e-08 -1.102307578548789e-09 -8.957431418821216e-08
4 0.0068359375 -1.238586264662445e-07 -1.542503014206886e-09 -1.254011294804513e-07
5 0.0087890625 -1.592306944075972e-07 -1.982698449864984e-09 -1.612133928574622e-07
6 0.0107421875 -1.946100383065641e-07 -2.422893885523081e-09 -1.970329321920872e-07
7 0.0126953125 -2.299711923114955e-07 -2.852175384759903e-09 -2.328233676962554e-07
8 0.0146484375 -2.653396222740412e-07 -3.310560714453459e-09 -2.686501829884946e-07
9 0.0166015625 -3.006789484061301e-07 -3.747118171304464e-09 -3.044260665774345e-07
10 0.0185546875 -3.360037226229906e-07 -4.176399670541286e-09 -3.401801222935319e-07
11 0.0205078125 -3.713357727974653e-07 -4.627509042620659e-09 -3.75963281840086e-07
12 0.0224609375 -4.0666782297194e-07 -5.078618414700031e-09 -4.117464413866401e-07
13 0.0244140625 -4.419271135702729e-07 -5.486072041094303e-09 -4.474131856113672e-07
14 0.0263671875 -4.772155079990625e-07 -5.937181413173676e-09 -4.831526894122362e-07
15 0.0283203125 -5.124747985973954e-07 -6.388290785253048e-09 -5.188630893826485e-07
16 0.0302734375 -5.477340891957283e-07 -6.83940015733242e-09 -5.545734893530607e-07
17 0.0322265625 -5.829206202179193e-07 -7.261405698955059e-09 -5.901820259168744e-07
18 0.0341796875 -6.181071512401104e-07 -7.683411240577698e-09 -6.257905624806881e-07
19 0.0361328125 -6.533082341775298e-07 -8.119968697428703e-09 -6.614282028749585e-07
20 0.0380859375 -6.884511094540358e-07 -8.585629984736443e-09 -6.970367394387722e-07
21 0.0400390625 -7.235939847305417e-07 -9.007635526359081e-09 -7.326016202569008e-07
22 0.0419921875 -7.586786523461342e-07 -9.444192983210087e-09 -7.681228453293443e-07
23 0.0439453125 -7.937633199617267e-07 -9.880750440061092e-09 -8.036440704017878e-07
24 0.0458984375 -8.287897799164057e-07 -1.033185981214046e-08 -8.391216397285461e-07
25 0.0478515625 -8.637725841253996e-07 -1.076841726899147e-08 -8.745410013943911e-07
26 0.0498046875 -8.987553883343935e-07 -1.114676706492901e-08 -9.099021553993225e-07
27 0.0517578125 -9.337672963738441e-07 -1.167063601315022e-08 -9.454379323869944e-07
28 0.0537109375 -9.685754776000977e-07 -1.201988197863102e-08 -9.805953595787287e-07
29 0.0556640625 -1.003529177978635e-06 -1.251464709639549e-08 -1.01604382507503e-06
30 0.0576171875 -1.038308255374432e-06 -1.292210072278976e-08 -1.051230356097221e-06
31 0.0595703125 -1.073087332770228e-06 -1.335865817964077e-08 -1.086445990949869e-06
32 0.0615234375 -1.107866410166025e-06 -1.379521563649178e-08 -1.121661625802517e-06
33 0.0634765625 -1.142587279900908e-06 -1.423177309334278e-08 -1.156819052994251e-06
34 0.0654296875 -1.177249941974878e-06 -1.466833055019379e-08 -1.191918272525072e-06
35 0.0673828125 -1.211854396387935e-06 -1.507578417658806e-08 -1.226930180564523e-06
36 0.0693359375 -1.246429746970534e-06 -1.551234163343906e-08 -1.261942088603973e-06
37 0.0712890625 -1.28094688989222e-06 -1.591979525983334e-08 -1.296866685152054e-06
38 0.0732421875 -1.31543492898345e-06 -1.635635271668434e-08 -1.331791281700134e-06
39 0.0751953125 -1.349864760413766e-06 -1.679291017353535e-08 -1.366657670587301e-06
40 0.0771484375 -1.384236384183168e-06 -1.722946763038635e-08 -1.401465851813555e-06
41 0.0791015625 -1.418549800291657e-06 -1.763692125678062e-08 -1.436186721548438e-06
42 0.0810546875 -1.45283411256969e-06 -1.807347871363163e-08 -1.470907591283321e-06
43 0.0830078125 -1.487060217186809e-06 -1.853914000093937e-08 -1.505599357187748e-06
44 0.0849609375 -1.521257217973471e-06 -1.894659362733364e-08 -1.540203811600804e-06
45 0.0869140625 -1.555366907268763e-06 -1.938315108418465e-08 -1.574750058352947e-06
46 0.0888671875 -1.589389285072684e-06 -1.976150088012218e-08 -1.609150785952806e-06
47 0.0908203125 -1.623353455215693e-06 -2.019805833697319e-08 -1.643551513552666e-06
48 0.0927734375 -1.657288521528244e-06 -2.060551196336746e-08 -1.677894033491611e-06
49 0.0947265625 -1.691223587840796e-06 -2.10711732506752e-08 -1.712294761091471e-06
50 0.0966796875 -1.724984031170607e-06 -2.153683453798294e-08 -1.74652086570859e-06
51 0.0986328125 -1.758744474500418e-06 -2.182787284255028e-08 -1.780572347342968e-06
52 0.1005859375 -1.792446710169315e-06 -2.229353412985802e-08 -1.814740244299173e-06
53 0.1025390625 -1.825974322855473e-06 -2.270098775625229e-08 -1.848675310611725e-06
54 0.1044921875 -1.85950193554163e-06 -2.316664904356003e-08 -1.88266858458519e-06
55 0.1064453125 -1.893029548227787e-06 -2.35741026699543e-08 -1.916603650897741e-06
56 0.1083984375 -1.926440745592117e-06 -2.398155629634857e-08 -1.950422301888466e-06
57 0.1103515625 -1.959735527634621e-06 -2.438900992274284e-08 -1.984124537557364e-06
58 0.1123046875 -1.992972102016211e-06 -2.485467121005058e-08 -2.017826773226261e-06
59 0.1142578125 -2.026150468736887e-06 -2.526212483644485e-08 -2.051412593573332e-06
60 0.1162109375 -2.059212420135736e-06 -2.561137080192566e-08 -2.084823790937662e-06
61 0.1181640625 -2.092274371534586e-06 -2.601882442831993e-08 -2.118293195962906e-06
62 0.1201171875 -2.125219907611609e-06 -2.648448571562767e-08 -2.151704393327236e-06
63 0.1220703125 -2.157990820705891e-06 -2.683373168110847e-08 -2.184824552386999e-06
64 0.1240234375 -2.190878149122e-06 -2.729939296841621e-08 -2.218177542090416e-06
65 0.1259765625 -2.223532646894455e-06 -2.764863893389702e-08 -2.251181285828352e-06
66 0.1279296875 -2.256070729345083e-06 -2.805609256029129e-08 -2.284126821905375e-06
67 0.1298828125 -2.288667019456625e-06 -2.840533852577209e-08 -2.317072357982397e-06
68 0.1318359375 -2.32114689424634e-06 -2.89292074739933e-08 -2.350076101720333e-06
69 0.1337890625 -2.353452146053314e-06 -2.933666110038757e-08 -2.382788807153702e-06
70 0.1357421875 -2.385757397860289e-06 -2.974411472678185e-08 -2.41550151258707e-06
71 0.1376953125 -2.417829819023609e-06 -3.003515303134918e-08 -2.447864972054958e-06
72 0.1396484375 -2.450018655508757e-06 -3.044260665774345e-08 -2.4804612621665e-06
73 0.1416015625 -2.48197466135025e-06 -3.096647560596466e-08 -2.512941136956215e-06
74 0.1435546875 -2.51387245953083e-06 -3.131572157144547e-08 -2.545188181102276e-06
75 0.1455078125 -2.545712050050497e-06 -3.166496753692627e-08 -2.577377017587423e-06
76 0.1474609375 -2.57731880992651e-06 -3.207242116332054e-08 -2.60939123108983e-06
77 0.1494140625 -2.608925569802523e-06 -3.242166712880135e-08 -2.641347236931324e-06
78 0.1513671875 -2.640590537339449e-06 -3.288732841610909e-08 -2.673477865755558e-06
79 0.1533203125 -2.671906258910894e-06 -3.329478204250336e-08 -2.705201040953398e-06
80 0.1552734375 -2.70322198048234e-06 -3.364402800798416e-08 -2.736866008490324e-06
81 0.1572265625 -2.734479494392872e-06 -3.405148163437843e-08 -2.76853097602725e-06
82 0.1591796875 -2.765562385320663e-06 -3.440072759985924e-08 -2.799963112920523e-06
83 0.1611328125 -2.796470653265715e-06 -3.469176590442657e-08 -2.831162419170141e-06
84 0.1630859375 -2.827378921210766e-06 -3.515742719173431e-08 -2.8625363484025e-06
85 0.1650390625 -2.85817077383399e-06 -3.556488081812859e-08 -2.893735654652119e-06
86 0.1669921875 -2.889020834118128e-06 -3.597233444452286e-08 -2.924993168562651e-06
87 0.1689453125 -2.919521648436785e-06 -3.637978807091713e-08 -2.955901436507702e-06
88 0.1708984375 -2.950080670416355e-06 -3.67872416973114e-08 -2.986867912113667e-06
89 0.1728515625 -2.980290446430445e-06 -3.702007234096527e-08 -3.01731051877141e-06
90 0.1748046875 -3.010616637766361e-06 -3.754394128918648e-08 -3.048160579055548e-06
91 0.1767578125 -3.040709998458624e-06 -3.771856427192688e-08 -3.078428562730551e-06
92 0.1787109375 -3.070745151489973e-06 -3.824243322014809e-08 -3.108987584710121e-06
93 0.1806640625 -3.100605681538582e-06 -3.853347152471542e-08 -3.139139153063297e-06
94 0.1826171875 -3.130408003926277e-06 -3.89409251511097e-08 -3.169348929077387e-06
95 0.1845703125 -3.160035703331232e-06 -3.934837877750397e-08 -3.199384082108736e-06
96 0.1865234375 -3.189605195075274e-06 -3.969762474298477e-08 -3.229302819818258e-06
97 0.1884765625 -3.219000063836575e-06 -4.004687070846558e-08 -3.25904693454504e-06
98 0.1904296875 -3.248336724936962e-06 -4.039611667394638e-08 -3.288732841610909e-06
99 0.1923828125 -3.277440555393696e-06 -4.074536263942719e-08 -3.318185918033123e-06
100 0.1943359375 -3.306660801172256e-06 -4.121102392673492e-08 -3.347871825098991e-06
101 0.1962890625 -3.335531800985336e-06 -4.156026989221573e-08 -3.377092070877552e-06
102 0.1982421875 -3.364402800798416e-06 -4.190951585769653e-08 -3.406312316656113e-06
103 0.2001953125 -3.392924554646015e-06 -4.225876182317734e-08 -3.435183316469193e-06
104 0.2021484375 -3.421562723815441e-06 -4.249159246683121e-08 -3.464054316282272e-06
105 0.2041015625 -3.45008447766304e-06 -4.307366907596588e-08 -3.493158146739006e-06
106 0.2060546875 -3.478256985545158e-06 -4.330649971961975e-08 -3.521563485264778e-06
107 0.2080078125 -3.50631307810545e-06 -4.365574568510056e-08 -3.54996882379055e-06
108 0.2099609375 -3.534602001309395e-06 -4.400499165058136e-08 -3.578606992959976e-06
109 0.2119140625 -3.562425263226032e-06 -4.435423761606216e-08 -3.606779500842094e-06
110 0.2138671875 -3.59024852514267e-06 -4.470348358154297e-08 -3.634952008724213e-06
111 0.2158203125 -3.617838956415653e-06 -4.516914486885071e-08 -3.663008101284504e-06
112 0.2177734375 -3.645196557044983e-06 -4.540197551250458e-08 -3.690598532557487e-06
113 0.2197265625 -3.67267057299614e-06 -4.575122147798538e-08 -3.718421794474125e-06
114 0.2216796875 -3.699911758303642e-06 -4.610046744346619e-08 -3.746012225747108e-06
115 0.2236328125 -3.726803697645664e-06 -4.644971340894699e-08 -3.773253411054611e-06
116 0.2255859375 -3.75392846763134e-06 -4.67989593744278e-08 -3.800727427005768e-06
117 0.2275390625 -3.780587576329708e-06 -4.703179001808167e-08 -3.82761936634779e-06
118 0.2294921875 -3.807363100349903e-06 -4.74974513053894e-08 -3.854860551655293e-06
119 0.2314453125 -3.833905793726444e-06 -4.773028194904327e-08 -3.881636075675488e-06
120 0.2333984375 -3.860099241137505e-06 -4.807952791452408e-08 -3.908178769052029e-06
121 0.2353515625 -3.886525519192219e-06 -4.842877388000488e-08 -3.934954293072224e-06
122 0.2373046875 -3.912486135959625e-06 -4.866160452365875e-08 -3.961147740483284e-06
123 0.2392578125 -3.938330337405205e-06 -4.901085048913956e-08 -3.987341187894344e-06
124 0.2412109375 -3.964290954172611e-06 -4.94765117764473e-08 -4.013767465949059e-06
125 0.2431640625 -3.98978590965271e-06 -4.970934242010117e-08 -4.039495252072811e-06
126 0.2451171875 -4.015280865132809e-06 -4.994217306375504e-08 -4.065223038196564e-06
127 0.2470703125 -4.04065940529108e-06 -5.029141902923584e-08 -4.090950824320316e-06
128 0.2490234375 -4.065805114805698e-06 -5.064066499471664e-08 -4.116445779800415e-06
129 0.2509765625 -4.090717993676662e-06 -5.087349563837051e-08 -4.141591489315033e-06
130 0.2529296875 -4.115630872547626e-06 -5.122274160385132e-08 -4.166853614151478e-06
131 0.2548828125 -4.140427336096764e-06 -5.157198756933212e-08 -4.191999323666096e-06
132 0.2568359375 -4.164990969002247e-06 -5.180481821298599e-08 -4.216795787215233e-06
133 0.2587890625 -4.189438186585903e-06 -5.21540641784668e-08 -4.24159225076437e-06
134 0.2607421875 -4.213768988847733e-06 -5.25033101439476e-08 -4.26627229899168e-06
135 0.2626953125 -4.237517714500427e-06 -5.261972546577454e-08 -4.290137439966202e-06
136 0.2646484375 -4.261499270796776e-06 -5.296897143125534e-08 -4.314468242228031e-06
137 0.2666015625 -4.285364411771297e-06 -5.343463271856308e-08 -4.338799044489861e-06
138 0.2685546875 -4.309113137423992e-06 -5.366746336221695e-08 -4.362780600786209e-06
139 0.2705078125 -4.332396201789379e-06 -5.390029400587082e-08 -4.38629649579525e-06
140 0.2724609375 -4.355562850832939e-06 -5.424953997135162e-08 -4.409812390804291e-06
141 0.2744140625 -4.378845915198326e-06 -5.448237061500549e-08 -4.433328285813332e-06
142 0.2763671875 -4.401779733598232e-06 -5.48316165804863e-08 -4.456611350178719e-06
143 0.2783203125 -4.424597136676311e-06 -5.506444722414017e-08 -4.479661583900452e-06
144 0.2802734375 -4.44706529378891e-06 -5.51808625459671e-08 -4.502246156334877e-06
145 0.2822265625 -4.469533450901508e-06 -5.553010851144791e-08 -4.525063559412956e-06
146 0.2841796875 -4.49188519269228e-06 -5.587935447692871e-08 -4.547764547169209e-06
147 0.2861328125 -4.514120519161224e-06 -5.611218512058258e-08 -4.570232704281807e-06
148 0.2880859375 -4.536006599664688e-06 -5.657784640789032e-08 -4.592584446072578e-06
149 0.2900390625 -4.557892680168152e-06 -5.669426172971725e-08 -4.614586941897869e-06
150 0.2919921875 -4.579313099384308e-06 -5.704350769519806e-08 -4.636356607079506e-06
151 0.2939453125 -4.600849933922291e-06 -5.727633833885193e-08 -4.658126272261143e-06
152 0.2958984375 -4.622037522494793e-06 -5.762558430433273e-08 -4.679663106799126e-06
153 0.2978515625 -4.643225111067295e-06 -5.797483026981354e-08 -4.701199941337109e-06
154 0.2998046875 -4.664063453674316e-06 -5.797483026981354e-08 -4.72203828394413e-06
155 0.3017578125 -4.684668965637684e-06 -5.832407623529434e-08 -4.742993041872978e-06
156 0.3037109375 -4.705274477601051e-06 -5.844049155712128e-08 -4.763714969158173e-06
157 0.3056640625 -4.725647158920765e-06 -5.890615284442902e-08 -4.784553311765194e-06
158 0.3076171875 -4.745903424918652e-06 -5.913898348808289e-08 -4.805042408406734e-06
159 0.3095703125 -4.765926860272884e-06 -5.925539880990982e-08 -4.825182259082794e-06
160 0.3115234375 -4.78583388030529e-06 -5.960464477539062e-08 -4.845438525080681e-06
161 0.3134765625 -4.805391654372215e-06 -5.972106009721756e-08 -4.865112714469433e-06
162 0.3154296875 -4.824833013117313e-06 -6.007030606269836e-08 -4.884903319180012e-06
163 0.3173828125 -4.844157956540585e-06 -6.030313670635223e-08 -4.904461093246937e-06
164 0.3193359375 -4.863250069320202e-06 -6.041955202817917e-08 -4.923669621348381e-06
165 0.3212890625 -4.882342182099819e-06 -6.100162863731384e-08 -4.943343810737133e-06
166 0.3232421875 -4.900968633592129e-06 -6.100162863731384e-08 -4.961970262229443e-06
167 0.3251953125 -4.919478669762611e-06 -6.123445928096771e-08 -4.980713129043579e-06
168 0.3271484375 -4.938105121254921e-06 -6.146728992462158e-08 -4.999572411179543e-06
169 0.3291015625 -4.956149496138096e-06 -6.170012056827545e-08 -5.017849616706371e-06
170 0.3310546875 -4.974193871021271e-06 -6.193295121192932e-08 -5.0361268222332e-06
171 0.3330078125 -4.992005415260792e-06 -6.216578185558319e-08 -5.054171197116375e-06
172 0.3349609375 -5.009351298213005e-06 -6.216578185558319e-08 -5.071517080068588e-06
173 0.3369140625 -5.027046427130699e-06 -6.274785846471786e-08 -5.089794285595417e-06
174 0.3388671875 -5.044392310082912e-06 -6.274785846471786e-08 -5.10714016854763e-06
175 0.3408203125 -5.061156116425991e-06 -6.274785846471786e-08 -5.123903974890709e-06
176 0.3427734375 -5.078152753412724e-06 -6.298068910837173e-08 -5.141133442521095e-06
177 0.3447265625 -5.095032975077629e-06 -6.356276571750641e-08 -5.158595740795135e-06
178 0.3466796875 -5.1113311201334e-06 -6.367918103933334e-08 -5.175010301172733e-06
179 0.3486328125 -5.127745680510998e-06 -6.367918103933334e-08 -5.191424861550331e-06
180 0.3505859375 -5.143810994923115e-06 -6.402842700481415e-08 -5.207839421927929e-06
181 0.3525390625 -5.159759894013405e-06 -6.426125764846802e-08 -5.224021151661873e-06
182 0.3544921875 -5.175475962460041e-06 -6.437767297029495e-08 -5.239853635430336e-06
183 0.3564453125 -5.19107561558485e-06 -6.461050361394882e-08 -5.255686119198799e-06
184 0.3583984375 -5.206442438066006e-06 -6.495974957942963e-08 -5.271402187645435e-06
185 0.3603515625 -5.221576429903507e-06 -6.507616490125656e-08 -5.286652594804764e-06
186 0.3623046875 -5.236128345131874e-06 -6.507616490125656e-08 -5.301204510033131e-06
187 0.3642578125 -5.251145921647549e-06 -6.542541086673737e-08 -5.316571332514286e-06
188 0.3662109375 -5.265814252197742e-06 -6.565824151039124e-08 -5.331472493708134e-06
189 0.3681640625 -5.279784090816975e-06 -6.565824151039124e-08 -5.345442332327366e-06
190 0.3701171875 -5.294103175401688e-06 -6.58910721540451e-08 -5.359994247555733e-06
191 0.3720703125 -5.30807301402092e-06 -6.600748747587204e-08 -5.374080501496792e-06
192 0.3740234375 -5.321810021996498e-06 -6.624031811952591e-08 -5.388050340116024e-06
193 0.3759765625 -5.335197784006596e-06 -6.624031811952591e-08 -5.401438102126122e-06
194 0.3779296875 -5.348585546016693e-06 -6.647314876317978e-08 -5.415058694779873e-06
195 0.3798828125 -5.361740477383137e-06 -6.670597940683365e-08 -5.42844645678997e-06
196 0.3818359375 -5.374778993427753e-06 -6.693881005048752e-08 -5.441717803478241e-06
197 0.3837890625 -5.387468263506889e-06 -6.705522537231445e-08 -5.454523488879204e-06
198 0.3857421875 -5.400041118264198e-06 -6.717164069414139e-08 -5.46721275895834e-06
199 0.3876953125 -5.41249755769968e-06 -6.728805601596832e-08 -5.479785613715649e-06
200 0.3896484375 -5.424488335847855e-06 -6.752088665962219e-08 -5.492009222507477e-06
201 0.3916015625 -5.436362698674202e-06 -6.775371730327606e-08 -5.504116415977478e-06
202 0.3935546875 -5.448004230856895e-06 -6.7870132625103e-08 -5.515874363481998e-06
203 0.3955078125 -5.459762178361416e-06 -6.798654794692993e-08 -5.527748726308346e-06
204 0.3974609375 -5.470821633934975e-06 -6.7870132625103e-08 -5.538691766560078e-06
205 0.3994140625 -5.48199750483036e-06 -6.833579391241074e-08 -5.550333298742771e-06
206 0.4013671875 -5.492940545082092e-06 -6.82193785905838e-08 -5.561159923672676e-06
207 0.4033203125 -5.50365075469017e-06 -6.856862455606461e-08 -5.572219379246235e-06
208 0.4052734375 -5.514011718332767e-06 -6.868503987789154e-08 -5.582696758210659e-06
209 0.4072265625 -5.524256266653538e-06 -6.868503987789154e-08 -5.592941306531429e-06
210 0.4091796875 -5.534384399652481e-06 -6.880145519971848e-08 -5.6031858548522e-06
211 0.4111328125 -5.544279702007771e-06 -6.880145519971848e-08 -5.613081157207489e-06
212 0.4130859375 -5.55417500436306e-06 -6.915070116519928e-08 -5.623325705528259e-06
213 0.4150390625 -5.563371814787388e-06 -6.926711648702621e-08 -5.632638931274414e-06
214 0.4169921875 -5.572452209889889e-06 -6.926711648702621e-08 -5.641719326376915e-06
215 0.4189453125 -5.58153260499239e-06 -6.938353180885315e-08 -5.650916136801243e-06
216 0.4208984375 -5.590380169451237e-06 -6.961636245250702e-08 -5.659996531903744e-06
217 0.4228515625 -5.59899490326643e-06 -6.973277777433395e-08 -5.668727681040764e-06
218 0.4248046875 -5.607493221759796e-06 -6.973277777433395e-08 -5.67722599953413e-06
219 0.4267578125 -5.615409463644028e-06 -6.984919309616089e-08 -5.685258656740189e-06
220 0.4287109375 -5.623558536171913e-06 -6.996560841798782e-08 -5.693524144589901e-06
221 0.4306640625 -5.631125532090664e-06 -7.008202373981476e-08 -5.701207555830479e-06
222 0.4326171875 -5.639041773974895e-06 -7.019843906164169e-08 -5.709240213036537e-06
223 0.4345703125 -5.646259523928165e-06 -7.031485438346863e-08 -5.716574378311634e-06
224 0.4365234375 -5.653244443237782e-06 -7.043126970529556e-08 -5.723675712943077e-06
225 0.4384765625 -5.660229362547398e-06 -7.043126970529556e-08 -5.730660632252693e-06
226 0.4404296875 -5.666865035891533e-06 -7.043126970529556e-08 -5.737296305596828e-06
227 0.4423828125 -5.673384293913841e-06 -7.05476850271225e-08 -5.743931978940964e-06
228 0.4443359375 -5.679554305970669e-06 -7.066410034894943e-08 -5.750218406319618e-06
229 0.4462890625 -5.685724318027496e-06 -7.05476850271225e-08 -5.756272003054619e-06
230 0.4482421875 -5.691545084118843e-06 -7.066410034894943e-08 -5.762209184467793e-06
231 0.4501953125 -5.697016604244709e-06 -7.078051567077637e-08 -5.767797119915485e-06
232 0.4521484375 -5.702837370336056e-06 -7.101334631443024e-08 -5.773850716650486e-06
233 0.4541015625 -5.707726813852787e-06 -7.08969309926033e-08 -5.77862374484539e-06
234 0.4560546875 -5.712849088013172e-06 -7.112976163625717e-08 -5.783978849649429e-06
235 0.4580078125 -5.717622116208076e-06 -7.101334631443024e-08 -5.788635462522507e-06
236 0.4599609375 -5.7220458984375e-06 -7.124617695808411e-08 -5.793292075395584e-06
237 0.4619140625 -5.726353265345097e-06 -7.136259227991104e-08 -5.797715857625008e-06
238 0.4638671875 -5.730311386287212e-06 -7.112976163625717e-08 -5.80144114792347e-06
239 0.4658203125 -5.734385922551155e-06 -7.124617695808411e-08 -5.805632099509239e-06
240 0.4677734375 -5.738227628171444e-06 -7.147900760173798e-08 -5.809706635773182e-06
241 0.4697265625 -5.741603672504425e-06 -7.147900760173798e-08 -5.813082680106163e-06
242 0.4716796875 -5.744746886193752e-06 -7.159542292356491e-08 -5.816342309117317e-06
243 0.4736328125 -5.74789009988308e-06 -7.159542292356491e-08 -5.819485522806644e-06
244 0.4755859375 -5.750800482928753e-06 -7.159542292356491e-08 -5.822395905852318e-06
245 0.4775390625 -5.753245204687119e-06 -7.159542292356491e-08 -5.824840627610683e-06
246 0.4794921875 -5.755689926445484e-06 -7.171183824539185e-08 -5.827401764690876e-06
247 0.4814453125 -5.757785402238369e-06 -7.159542292356491e-08 -5.829380825161934e-06
248 0.4833984375 -5.759997293353081e-06 -7.171183824539185e-08 -5.831709131598473e-06
249 0.4853515625 -5.761394277215004e-06 -7.159542292356491e-08 -5.832989700138569e-06
250 0.4873046875 -5.762907676398754e-06 -7.171183824539185e-08 -5.834619514644146e-06
251 0.4892578125 -5.764421075582504e-06 -7.171183824539185e-08 -5.836132913827896e-06
252 0.4912109375 -5.765468813478947e-06 -7.182825356721878e-08 -5.837297067046165e-06
253 0.4931640625 -5.766283720731735e-06 -7.159542292356491e-08 -5.8378791436553e-06
254 0.4951171875 -5.766982212662697e-06 -7.171183824539185e-08 -5.838694050908089e-06
255 0.4970703125 -5.767447873950005e-06 -7.194466888904572e-08 -5.83939254283905e-06
256 0.4990234375 -5.767680704593658e-06 -7.182825356721878e-08 -5.839508958160877e-06
257 0.5009765625 -5.767564289271832e-06 -7.182825356721878e-08 -5.83939254283905e-06
258 0.5029296875 -5.767447873950005e-06 -7.194466888904572e-08 -5.83939254283905e-06
259 0.5048828125 -5.766982212662697e-06 -7.171183824539185e-08 -5.838694050908089e-06
260 0.5068359375 -5.766167305409908e-06 -7.159542292356491e-08 -5.837762728333473e-06
261 0.5087890625 -5.765468813478947e-06 -7.182825356721878e-08 -5.837297067046165e-06
262 0.5107421875 -5.764421075582504e-06 -7.171183824539185e-08 -5.836132913827896e-06
263 0.5126953125 -5.762907676398754e-06 -7.171183824539185e-08 -5.834619514644146e-06
264 0.5146484375 -5.761394277215004e-06 -7.159542292356491e-08 -5.832989700138569e-06
265 0.5166015625 -5.759880878031254e-06 -7.171183824539185e-08 -5.831592716276646e-06
266 0.5185546875 -5.757785402238369e-06 -7.159542292356491e-08 -5.829380825161934e-06
267 0.5205078125 -5.755689926445484e-06 -7.171183824539185e-08 -5.827401764690876e-06
268 0.5224609375 -5.753361620008945e-06 -7.159542292356491e-08 -5.82495704293251e-06
269 0.5244140625 -5.750684067606926e-06 -7.159542292356491e-08 -5.822279490530491e-06
270 0.5263671875 -5.747773684561253e-06 -7.159542292356491e-08 -5.819369107484818e-06
271 0.5283203125 -5.744746886193752e-06 -7.159542292356491e-08 -5.816342309117317e-06
272 0.5302734375 -5.741603672504425e-06 -7.147900760173798e-08 -5.813082680106163e-06
273 0.5322265625 -5.738227628171444e-06 -7.147900760173798e-08 -5.809706635773182e-06
274 0.5341796875 -5.734385922551155e-06 -7.124617695808411e-08 -5.805632099509239e-06
275 0.5361328125 -5.730427801609039e-06 -7.112976163625717e-08 -5.801557563245296e-06
276 0.5380859375 -5.726353265345097e-06 -7.136259227991104e-08 -5.797715857625008e-06
277 0.5400390625 -5.7220458984375e-06 -7.124617695808411e-08 -5.793292075395584e-06
278 0.5419921875 -5.71750570088625e-06 -7.101334631443024e-08 -5.78851904720068e-06
279 0.5439453125 -5.712849088013172e-06 -7.112976163625717e-08 -5.783978849649429e-06
280 0.5458984375 -5.707726813852787e-06 -7.08969309926033e-08 -5.77862374484539e-06
281 0.5478515625 -5.702837370336056e-06 -7.101334631443024e-08 -5.773850716650486e-06
282 0.5498046875 -5.697133019566536e-06 -7.078051567077637e-08 -5.767913535237312e-06
283 0.5517578125 -5.69166149944067e-06 -7.08969309926033e-08 -5.762558430433273e-06
284 0.5537109375 -5.685724318027496e-06 -7.05476850271225e-08 -5.756272003054619e-06
285 0.5556640625 -5.679554305970669e-06 -7.066410034894943e-08 -5.750218406319618e-06
286 0.5576171875 -5.673267878592014e-06 -7.05476850271225e-08 -5.743815563619137e-06
287 0.5595703125 -5.666865035891533e-06 -7.043126970529556e-08 -5.737296305596828e-06
288 0.5615234375 -5.660345777869225e-06 -7.043126970529556e-08 -5.73077704757452e-06
289 0.5634765625 -5.653128027915955e-06 -7.031485438346863e-08 -5.723442882299423e-06
290 0.5654296875 -5.646259523928165e-06 -7.031485438346863e-08 -5.716574378311634e-06
291 0.5673828125 -5.639041773974895e-06 -7.019843906164169e-08 -5.709240213036537e-06
292 0.5693359375 -5.631125532090664e-06 -7.008202373981476e-08 -5.701207555830479e-06
293 0.5712890625 -5.623558536171913e-06 -6.996560841798782e-08 -5.693524144589901e-06
294 0.5732421875 -5.615525878965855e-06 -6.996560841798782e-08 -5.685491487383842e-06
295 0.5751953125 -5.607493221759796e-06 -6.973277777433395e-08 -5.67722599953413e-06
296 0.5771484375 -5.59899490326643e-06 -6.973277777433395e-08 -5.668727681040764e-06
297 0.5791015625 -5.590380169451237e-06 -6.961636245250702e-08 -5.659996531903744e-06
298 0.5810546875 -5.58153260499239e-06 -6.938353180885315e-08 -5.650916136801243e-06
299 0.5830078125 -5.572568625211716e-06 -6.926711648702621e-08 -5.641835741698742e-06
300 0.5849609375 -5.563255399465561e-06 -6.926711648702621e-08 -5.632522515952587e-06
301 0.5869140625 -5.554058589041233e-06 -6.915070116519928e-08 -5.623209290206432e-06
302 0.5888671875 -5.544279702007771e-06 -6.880145519971848e-08 -5.613081157207489e-06
303 0.5908203125 -5.534384399652481e-06 -6.880145519971848e-08 -5.6031858548522e-06
304 0.5927734375 -5.524256266653538e-06 -6.868503987789154e-08 -5.592941306531429e-06
305 0.5947265625 -5.514244548976421e-06 -6.880145519971848e-08 -5.58304600417614e-06
306 0.5966796875 -5.50365075469017e-06 -6.856862455606461e-08 -5.572219379246235e-06
307 0.5986328125 -5.492940545082092e-06 -6.82193785905838e-08 -5.561159923672676e-06
308 0.6005859375 -5.482113920152187e-06 -6.833579391241074e-08 -5.550449714064598e-06
309 0.6025390625 -5.470705218613148e-06 -6.7870132625103e-08 -5.538575351238251e-06
310 0.6044921875 -5.459762178361416e-06 -6.798654794692993e-08 -5.527748726308346e-06
311 0.6064453125 -5.448120646178722e-06 -6.7870132625103e-08 -5.515990778803825e-06
312 0.6083984375 -5.436479113996029e-06 -6.775371730327606e-08 -5.504232831299305e-06
313 0.6103515625 -5.424371920526028e-06 -6.752088665962219e-08 -5.49189280718565e-06
314 0.6123046875 -5.412381142377853e-06 -6.728805601596832e-08 -5.479669198393822e-06
315 0.6142578125 -5.400157533586025e-06 -6.717164069414139e-08 -5.467329174280167e-06
316 0.6162109375 -5.387351848185062e-06 -6.693881005048752e-08 -5.45429065823555e-06
317 0.6181640625 -5.374778993427753e-06 -6.693881005048752e-08 -5.441717803478241e-06
318 0.6201171875 -5.361740477383137e-06 -6.670597940683365e-08 -5.42844645678997e-06
319 0.6220703125 -5.34870196133852e-06 -6.647314876317978e-08 -5.4151751101017e-06
320 0.6240234375 -5.335430614650249e-06 -6.647314876317978e-08 -5.401903763413429e-06
321 0.6259765625 -5.321810021996498e-06 -6.624031811952591e-08 -5.388050340116024e-06
322 0.6279296875 -5.30807301402092e-06 -6.600748747587204e-08 -5.374080501496792e-06
323 0.6298828125 -5.294103175401688e-06 -6.58910721540451e-08 -5.359994247555733e-06
324 0.6318359375 -5.279784090816975e-06 -6.565824151039124e-08 -5.345442332327366e-06
325 0.6337890625 -5.265581421554089e-06 -6.55418261885643e-08 -5.331123247742653e-06
326 0.6357421875 -5.251145921647549e-06 -6.530899554491043e-08 -5.316454917192459e-06
327 0.6376953125 -5.236244760453701e-06 -6.507616490125656e-08 -5.301320925354958e-06
328 0.6396484375 -5.221576429903507e-06 -6.507616490125656e-08 -5.286652594804764e-06
329 0.6416015625 -5.206442438066006e-06 -6.495974957942963e-08 -5.271402187645435e-06
330 0.6435546875 -5.19107561558485e-06 -6.461050361394882e-08 -5.255686119198799e-06
331 0.6455078125 -5.175359547138214e-06 -6.437767297029495e-08 -5.239737220108509e-06
332 0.6474609375 -5.159643478691578e-06 -6.414484232664108e-08 -5.223788321018219e-06
333 0.6494140625 -5.143927410244942e-06 -6.402842700481415e-08 -5.207955837249756e-06
334 0.6513671875 -5.127745680510998e-06 -6.367918103933334e-08 -5.191424861550331e-06
335 0.6533203125 -5.1113311201334e-06 -6.367918103933334e-08 -5.175010301172733e-06
336 0.6552734375 -5.094916559755802e-06 -6.356276571750641e-08 -5.158479325473309e-06
337 0.6572265625 -5.078385584056377e-06 -6.32135197520256e-08 -5.141599103808403e-06
338 0.6591796875 -5.061272531747818e-06 -6.274785846471786e-08 -5.124020390212536e-06
339 0.6611328125 -5.044159479439259e-06 -6.274785846471786e-08 -5.106907337903976e-06
340 0.6630859375 -5.027046427130699e-06 -6.263144314289093e-08 -5.08967787027359e-06
341 0.6650390625 -5.009584128856659e-06 -6.239861249923706e-08 -5.071982741355896e-06
342 0.6669921875 -4.991888999938965e-06 -6.204936653375626e-08 -5.053938366472721e-06
343 0.6689453125 -4.974193871021271e-06 -6.193295121192932e-08 -5.0361268222332e-06
344 0.6708984375 -4.956149496138096e-06 -6.170012056827545e-08 -5.017849616706371e-06
345 0.6728515625 -4.937988705933094e-06 -6.146728992462158e-08 -4.999455995857716e-06
346 0.6748046875 -4.919595085084438e-06 -6.123445928096771e-08 -4.980829544365406e-06
347 0.6767578125 -4.900968633592129e-06 -6.100162863731384e-08 -4.961970262229443e-06
348 0.6787109375 -4.882225766777992e-06 -6.088521331548691e-08 -4.943110980093479e-06
349 0.6806640625 -4.863250069320202e-06 -6.041955202817917e-08 -4.923669621348381e-06
350 0.6826171875 -4.844157956540585e-06 -6.041955202817917e-08 -4.904577508568764e-06
351 0.6845703125 -4.824833013117313e-06 -6.007030606269836e-08 -4.884903319180012e-06
352 0.6865234375 -4.805275239050388e-06 -5.972106009721756e-08 -4.864996299147606e-06
353 0.6884765625 -4.78583388030529e-06 -5.960464477539062e-08 -4.845438525080681e-06
354 0.6904296875 -4.765926860272884e-06 -5.937181413173676e-08 -4.825298674404621e-06
355 0.6923828125 -4.745903424918652e-06 -5.913898348808289e-08 -4.805042408406734e-06
356 0.6943359375 -4.725530743598938e-06 -5.878973752260208e-08 -4.78432048112154e-06
357 0.6962890625 -4.705274477601051e-06 -5.844049155712128e-08 -4.763714969158173e-06
358 0.6982421875 -4.684785380959511e-06 -5.832407623529434e-08 -4.743109457194805e-06
359 0.7001953125 -4.664179868996143e-06 -5.809124559164047e-08 -4.722271114587784e-06
360 0.7021484375 -4.643225111067295e-06 -5.78584149479866e-08 -4.701083526015282e-06
361 0.7041015625 -4.622037522494793e-06 -5.762558430433273e-08 -4.679663106799126e-06
362 0.7060546875 -4.600966349244118e-06 -5.727633833885193e-08 -4.65824268758297e-06
363 0.7080078125 -4.579313099384308e-06 -5.692709237337112e-08 -4.636240191757679e-06
364 0.7099609375 -4.557776264846325e-06 -5.669426172971725e-08 -4.614470526576042e-06
365 0.7119140625 -4.535773769021034e-06 -5.634501576423645e-08 -4.592118784785271e-06
366 0.7138671875 -4.514120519161224e-06 -5.611218512058258e-08 -4.570232704281807e-06
367 0.7158203125 -4.49188519269228e-06 -5.587935447692871e-08 -4.547764547169209e-06
368 0.7177734375 -4.469649866223335e-06 -5.564652383327484e-08 -4.52529639005661e-06
369 0.7197265625 -4.44706529378891e-06 -5.51808625459671e-08 -4.502246156334877e-06
370 0.7216796875 -4.424480721354485e-06 -5.48316165804863e-08 -4.479312337934971e-06
371 0.7236328125 -4.401896148920059e-06 -5.48316165804863e-08 -4.456727765500546e-06
372 0.7255859375 -4.378845915198326e-06 -5.448237061500549e-08 -4.433328285813332e-06
373 0.7275390625 -4.355679266154766e-06 -5.424953997135162e-08 -4.409928806126118e-06
374 0.7294921875 -4.332279786467552e-06 -5.390029400587082e-08 -4.386180080473423e-06
375 0.7314453125 -4.309229552745819e-06 -5.366746336221695e-08 -4.362897016108036e-06
376 0.7333984375 -4.285364411771297e-06 -5.343463271856308e-08 -4.338799044489861e-06
377 0.7353515625 -4.26173210144043e-06 -5.320180207490921e-08 -4.314933903515339e-06
378 0.7373046875 -4.237750545144081e-06 -5.285255610942841e-08 -4.29060310125351e-06
379 0.7392578125 -4.213768988847733e-06 -5.25033101439476e-08 -4.26627229899168e-06
380 0.7412109375 -4.189438186585903e-06 -5.21540641784668e-08 -4.24159225076437e-06
381 0.7431640625 -4.164758138358593e-06 -5.168840289115906e-08 -4.216446541249752e-06
382 0.7451171875 -4.140427336096764e-06 -5.157198756933212e-08 -4.191999323666096e-06
383 0.7470703125 -4.115630872547626e-06 -5.122274160385132e-08 -4.166853614151478e-06
384 0.7490234375 -4.090834408998489e-06 -5.087349563837051e-08 -4.14170790463686e-06
385 0.7509765625 -4.065921530127525e-06 -5.064066499471664e-08 -4.116562195122242e-06
386 0.7529296875 -4.04065940529108e-06 -5.029141902923584e-08 -4.090950824320316e-06
387 0.7548828125 -4.015280865132809e-06 -5.005858838558197e-08 -4.065339453518391e-06
388 0.7568359375 -3.989902324974537e-06 -4.959292709827423e-08 -4.039495252072811e-06
389 0.7587890625 -3.964058123528957e-06 -4.924368113279343e-08 -4.013301804661751e-06
390 0.7607421875 -3.938330337405205e-06 -4.901085048913956e-08 -3.987341187894344e-06
391 0.7626953125 -3.912369720637798e-06 -4.866160452365875e-08 -3.961031325161457e-06
392 0.7646484375 -3.886292688548565e-06 -4.831235855817795e-08 -3.934605047106743e-06
393 0.7666015625 -3.860099241137505e-06 -4.807952791452408e-08 -3.908178769052029e-06
394 0.7685546875 -3.83367296308279e-06 -4.773028194904327e-08 -3.881403245031834e-06
395 0.7705078125 -3.807246685028076e-06 -4.74974513053894e-08 -3.854744136333466e-06
396 0.7724609375 -3.780587576329708e-06 -4.703179001808167e-08 -3.82761936634779e-06
397 0.7744140625 -3.753812052309513e-06 -4.668254405260086e-08 -3.800494596362114e-06
398 0.7763671875 -3.726920112967491e-06 -4.644971340894699e-08 -3.773369826376438e-06
399 0.7783203125 -3.699795342981815e-06 -4.610046744346619e-08 -3.745895810425282e-06
400 0.7802734375 -3.672554157674313e-06 -4.563480615615845e-08 -3.718188963830471e-06
401 0.7822265625 -3.64531297236681e-06 -4.540197551250458e-08 -3.690714947879314e-06
402 0.7841796875 -3.617838956415653e-06 -4.516914486885071e-08 -3.663008101284504e-06
403 0.7861328125 -3.590132109820843e-06 -4.470348358154297e-08 -3.634835593402386e-06
404 0.7880859375 -3.562425263226032e-06 -4.435423761606216e-08 -3.606779500842094e-06
405 0.7900390625 -3.534485585987568e-06 -4.400499165058136e-08 -3.578490577638149e-06
406 0.7919921875 -3.50631307810545e-06 -4.365574568510056e-08 -3.54996882379055e-06
407 0.7939453125 -3.478256985545158e-06 -4.342291504144669e-08 -3.521679900586605e-06
408 0.7958984375 -3.449968062341213e-06 -4.295725375413895e-08 -3.492925316095352e-06
409 0.7978515625 -3.421562723815441e-06 -4.249159246683121e-08 -3.464054316282272e-06
410 0.7998046875 -3.393157385289669e-06 -4.225876182317734e-08 -3.435416147112846e-06
411 0.8017578125 -3.364286385476589e-06 -4.190951585769653e-08 -3.406195901334286e-06
412 0.8037109375 -3.335415385663509e-06 -4.156026989221573e-08 -3.376975655555725e-06
413 0.8056640625 -3.30654438585043e-06 -4.109460860490799e-08 -3.347638994455338e-06
414 0.8076171875 -3.277440555393696e-06 -4.074536263942719e-08 -3.318185918033123e-06
415 0.8095703125 -3.248336724936962e-06 -4.039611667394638e-08 -3.288732841610909e-06
416 0.8115234375 -3.219116479158401e-06 -4.004687070846558e-08 -3.259163349866867e-06
417 0.8134765625 -3.189605195075274e-06 -3.969762474298477e-08 -3.229302819818258e-06
418 0.8154296875 -3.159977495670319e-06 -3.92901711165905e-08 -3.199267666786909e-06
419 0.8173828125 -3.130408003926277e-06 -3.89409251511097e-08 -3.169348929077387e-06
420 0.8193359375 -3.100605681538582e-06 -3.859167918562889e-08 -3.139197360724211e-06
421 0.8212890625 -3.07068694382906e-06 -3.818422555923462e-08 -3.108871169388294e-06
422 0.8232421875 -3.040709998458624e-06 -3.771856427192688e-08 -3.078428562730551e-06
423 0.8251953125 -3.010558430105448e-06 -3.754394128918648e-08 -3.048102371394634e-06
424 0.8271484375 -2.980348654091358e-06 -3.702007234096527e-08 -3.017368726432323e-06
425 0.8291015625 -2.949964255094528e-06 -3.672903403639793e-08 -2.986693289130926e-06
426 0.8310546875 -2.919463440775871e-06 -3.637978807091713e-08 -2.955843228846788e-06
427 0.8330078125 -2.888846211135387e-06 -3.597233444452286e-08 -2.92481854557991e-06
428 0.8349609375 -2.858287189155817e-06 -3.556488081812859e-08 -2.893852069973946e-06
429 0.8369140625 -2.827437128871679e-06 -3.521563485264778e-08 -2.862652763724327e-06
430 0.8388671875 -2.796645276248455e-06 -3.480818122625351e-08 -2.831453457474709e-06
431 0.8408203125 -2.76550417765975e-06 -3.440072759985924e-08 -2.799904905259609e-06
432 0.8427734375 -2.734479494392872e-06 -3.41096892952919e-08 -2.768589183688164e-06
433 0.8447265625 -2.703163772821426e-06 -3.358582034707069e-08 -2.736749593168497e-06
434 0.8466796875 -2.671848051249981e-06 -3.317836672067642e-08 -2.705026417970657e-06
435 0.8486328125 -2.640590537339449e-06 -3.288732841610909e-08 -2.673477865755558e-06
436 0.8505859375 -2.608983777463436e-06 -3.247987478971481e-08 -2.641463652253151e-06
437 0.8525390625 -2.57731880992651e-06 -3.207242116332054e-08 -2.60939123108983e-06
438 0.8544921875 -2.545653842389584e-06 -3.172317519783974e-08 -2.577377017587423e-06
439 0.8564453125 -2.513814251869917e-06 -3.1257513910532e-08 -2.545071765780449e-06
440 0.8583984375 -2.481916453689337e-06 -3.090826794505119e-08 -2.512824721634388e-06
441 0.8603515625 -2.45007686316967e-06 -3.050081431865692e-08 -2.480577677488327e-06
442 0.8623046875 -2.417829819023609e-06 -3.003515303134918e-08 -2.447864972054958e-06
443 0.8642578125 -2.385699190199375e-06 -2.968590706586838e-08 -2.415385097265244e-06
444 0.8662109375 -2.353393938392401e-06 -2.922024577856064e-08 -2.382614184170961e-06
445 0.8681640625 -2.321030478924513e-06 -2.881279215216637e-08 -2.349843271076679e-06
446 0.8701171875 -2.288667019456625e-06 -2.840533852577209e-08 -2.317072357982397e-06
447 0.8720703125 -2.256128937005997e-06 -2.805609256029129e-08 -2.284185029566288e-06
448 0.8740234375 -2.223532646894455e-06 -2.764863893389702e-08 -2.251181285828352e-06
449 0.8759765625 -2.190761733800173e-06 -2.724118530750275e-08 -2.218002919107676e-06
450 0.8779296875 -2.158049028366804e-06 -2.683373168110847e-08 -2.184882760047913e-06
451 0.8798828125 -2.125219907611609e-06 -2.64262780547142e-08 -2.151646185666323e-06
452 0.8818359375 -2.092274371534586e-06 -2.601882442831993e-08 -2.118293195962906e-06
453 0.8837890625 -2.059212420135736e-06 -2.561137080192566e-08 -2.084823790937662e-06
454 0.8857421875 -2.026150468736887e-06 -2.526212483644485e-08 -2.051412593573332e-06
455 0.8876953125 -1.993030309677124e-06 -2.485467121005058e-08 -2.017884980887175e-06
456 0.8896484375 -1.959735527634621e-06 -2.438900992274284e-08 -1.984124537557364e-06
457 0.8916015625 -1.926382537931204e-06 -2.398155629634857e-08 -1.950364094227552e-06
458 0.8935546875 -1.89291313290596e-06 -2.351589500904083e-08 -1.916429027915001e-06
459 0.8955078125 -1.85950193554163e-06 -2.316664904356003e-08 -1.88266858458519e-06
460 0.8974609375 -1.825974322855473e-06 -2.270098775625229e-08 -1.848675310611725e-06
461 0.8994140625 -1.792330294847488e-06 -2.223532646894455e-08 -1.814565621316433e-06
462 0.9013671875 -1.758744474500418e-06 -2.188608050346375e-08 -1.780630555003881e-06
463 0.9033203125 -1.72504223883152e-06 -2.147862687706947e-08 -1.74652086570859e-06
464 0.9052734375 -1.691165380179882e-06 -2.101296558976173e-08 -1.712178345769644e-06
465 0.9072265625 -1.657288521528244e-06 -2.060551196336746e-08 -1.677894033491611e-06
466 0.9091796875 -1.623353455215693e-06 -2.019805833697319e-08 -1.643551513552666e-06
467 0.9111328125 -1.589360181242228e-06 -1.976150088012218e-08 -1.60912168212235e-06
468 0.9130859375 -1.555366907268763e-06 -1.938315108418465e-08 -1.574750058352947e-06
469 0.9150390625 -1.521228114143014e-06 -1.891748979687691e-08 -1.540145603939891e-06
470 0.9169921875 -1.487089321017265e-06 -1.853914000093937e-08 -1.505628461018205e-06
471 0.9189453125 -1.45283411256969e-06 -1.810258254408836e-08 -1.470936695113778e-06
472 0.9208984375 -1.418578904122114e-06 -1.760781742632389e-08 -1.436186721548438e-06
473 0.9228515625 -1.384207280352712e-06 -1.722946763038635e-08 -1.401436747983098e-06
474 0.9248046875 -1.349922968074679e-06 -1.679291017353535e-08 -1.366715878248215e-06
475 0.9267578125 -1.315376721322536e-06 -1.635635271668434e-08 -1.331733074039221e-06
476 0.9287109375 -1.28094688989222e-06 -1.591979525983334e-08 -1.296866685152054e-06
477 0.9306640625 -1.246458850800991e-06 -1.551234163343906e-08 -1.26197119243443e-06
478 0.9326171875 -1.211825292557478e-06 -1.507578417658806e-08 -1.226901076734066e-06
479 0.9345703125 -1.177279045805335e-06 -1.466833055019379e-08 -1.191947376355529e-06
480 0.9365234375 -1.142529072239995e-06 -1.420266926288605e-08 -1.156731741502881e-06
481 0.9384765625 -1.107895513996482e-06 -1.379521563649178e-08 -1.121690729632974e-06
482 0.9404296875 -1.073087332770228e-06 -1.332955434918404e-08 -1.086416887119412e-06
483 0.9423828125 -1.038308255374432e-06 -1.292210072278976e-08 -1.051230356097221e-06
484 0.9443359375 -1.003470970317721e-06 -1.248554326593876e-08 -1.01595651358366e-06
485 0.9462890625 -9.685754776000977e-07 -1.204898580908775e-08 -9.806244634091854e-07
486 0.9482421875 -9.337381925433874e-07 -1.164153218269348e-08 -9.453797247260809e-07
487 0.9501953125 -8.987553883343935e-07 -1.117587089538574e-08 -9.099312592297792e-07
488 0.9521484375 -8.638016879558563e-07 -1.076841726899147e-08 -8.745701052248478e-07
489 0.9541015625 -8.287606760859489e-07 -1.033185981214046e-08 -8.390925358980894e-07
490 0.9560546875 -7.937633199617267e-07 -9.880750440061092e-09 -8.036440704017878e-07
491 0.9580078125 -7.586349966004491e-07 -9.42964106798172e-09 -7.680646376684308e-07
492 0.9599609375 -7.236085366457701e-07 -9.022187441587448e-09 -7.326307240873575e-07
493 0.9619140625 -6.88422005623579e-07 -8.571078069508076e-09 -6.969930836930871e-07
494 0.9638671875 -6.533227860927582e-07 -8.13452061265707e-09 -6.614573067054152e-07
495 0.9658203125 -6.181071512401104e-07 -7.683411240577698e-09 -6.257905624806881e-07
496 0.9677734375 -5.829206202179193e-07 -7.261405698955059e-09 -5.901820259168744e-07
497 0.9697265625 -5.477340891957283e-07 -6.824848242104053e-09 -5.545589374378324e-07
498 0.9716796875 -5.124602466821671e-07 -6.388290785253048e-09 -5.188485374674201e-07
499 0.9736328125 -4.772591637447476e-07 -5.937181413173676e-09 -4.831963451579213e-07
500 0.9755859375 -4.419271135702729e-07 -5.50062395632267e-09 -4.474277375265956e-07
501 0.9775390625 -4.0666782297194e-07 -5.078618414700031e-09 -4.117464413866401e-07
502 0.9794921875 -3.71321220882237e-07 -4.634785000234842e-09 -3.759560058824718e-07
503 0.9814453125 -3.360328264534473e-07 -4.18367562815547e-09 -3.402165020816028e-07
504 0.9833984375 -3.006571205332875e-07 -3.747118171304464e-09 -3.04404238704592e-07
505 0.9853515625 -2.653541741892695e-07 -3.310560714453459e-09 -2.68664734903723e-07
506 0.9873046875 -2.29949364438653e-07 -2.859451342374086e-09 -2.328088157810271e-07
507 0.9892578125 -1.946100383065641e-07 -2.422893885523081e-09 -1.970329321920872e-07
508 0.9912109375 -1.592525222804397e-07 -1.982698449864984e-09 -1.612352207303047e-07
509 0.9931640625 -1.238367985934019e-07 -1.542503014206886e-09 -1.253793016076088e-07
510 0.9951171875 -8.849201549310237e-08 -1.100488589145243e-09 -8.959250408224761e-08
511 0.9970703125 -5.306355888023973e-08 -6.602931534871459e-10 -5.372385203372687e-08
512 0.9990234375 0.001856511923961079 -2.205524651799351e-10 0.001856511703408614
