# P x_center tau_U tau_V tau_Psi
1 0.001953125 0.003712865282977873 -1.763510226737708e-09 0.003712863519467646
2 0.005859375 -4.246503522153944e-07 -5.289621185511351e-09 -4.299399734009057e-07
3 0.009765625 -7.076805559336208e-07 -8.815732144284993e-09 -7.164962880779058e-07
4 0.013671875 -9.90603439277038e-07 -1.234002411365509e-08 -1.002943463390693e-06
5 0.017578125 -1.273376255994663e-06 -1.586340658832341e-08 -1.289239662582986e-06
6 0.021484375 -1.555959897814319e-06 -1.938497007358819e-08 -1.575344867887907e-06
7 0.025390625 -1.838307071011513e-06 -2.290471456944942e-08 -1.861211785580963e-06
8 0.029296875 -2.120377757819369e-06 -2.641172613948584e-08 -2.146789483958855e-06
9 0.033203125 -2.402128302492201e-06 -2.992601366713643e-08 -2.432054316159338e-06
10 0.037109375 -2.683518687263131e-06 -3.342574927955866e-08 -2.71694443654269e-06
11 0.041015625 -2.964505256386474e-06 -3.692912287078798e-08 -3.001434379257262e-06
12 0.044921875 -3.245047992095351e-06 -4.04324964620173e-08 -3.285480488557369e-06
13 0.048828125 -3.525099600665271e-06 -4.392495611682534e-08 -3.569024556782097e-06
14 0.052734375 -3.804612788371742e-06 -4.740286385640502e-08 -3.852015652228147e-06
15 0.056640625 -4.083551175426692e-06 -5.086621968075633e-08 -4.134417395107448e-06
16 0.060546875 -4.361900209914893e-06 -5.434412742033601e-08 -4.416244337335229e-06
17 0.064453125 -4.639572580344975e-06 -5.780020728707314e-08 -4.697372787632048e-06
18 0.068359375 -4.916546458844095e-06 -6.124901119619608e-08 -4.977795470040292e-06
19 0.072265625 -5.192785465624183e-06 -6.469781510531902e-08 -5.257483280729502e-06
20 0.076171875 -5.46823866898194e-06 -6.812479114159942e-08 -5.536363460123539e-06
21 0.080078125 -5.742862413171679e-06 -7.154449122026563e-08 -5.814406904391944e-06
22 0.083984375 -6.016627594362944e-06 -7.494963938370347e-08 -6.091577233746648e-06
23 0.087890625 -6.289497832767665e-06 -7.835478754714131e-08 -6.367852620314807e-06
24 0.091796875 -6.5614003688097e-06 -8.173810783773661e-08 -6.643138476647437e-06
25 0.095703125 -6.832342478446662e-06 -8.511415217071772e-08 -6.91745663061738e-06
26 0.099609375 -7.102222298271954e-06 -8.847564458847046e-08 -7.190697942860425e-06
27 0.103515625 -7.371039828285575e-06 -9.182258509099483e-08 -7.46286241337657e-06
28 0.107421875 -7.63875141274184e-06 -9.515497367829084e-08 -7.733906386420131e-06
29 0.111328125 -7.905327947810292e-06 -9.850191418081522e-08 -8.003829861991107e-06
30 0.115234375 -8.170725777745247e-06 -1.018197508528829e-07 -8.27254552859813e-06
31 0.119140625 -8.434828487224877e-06 -1.05079379864037e-07 -8.539907867088914e-06
32 0.123046875 -8.697723387740552e-06 -1.083390088751912e-07 -8.806062396615744e-06
33 0.126953125 -8.959294063970447e-06 -1.116131898015738e-07 -9.07090725377202e-06
34 0.130859375 -9.219496860168874e-06 -1.148437149822712e-07 -9.334340575151145e-06
35 0.134765625 -9.478331776335835e-06 -1.180742401629686e-07 -9.596406016498804e-06
36 0.138671875 -9.735726052895188e-06 -1.212902134284377e-07 -9.857016266323626e-06
37 0.142578125 -9.991665137931705e-06 -1.244916347786784e-07 -1.011615677271038e-05
38 0.146484375 -1.02461053756997e-05 -1.27649400383234e-07 -1.037375477608293e-05
39 0.150390625 -1.04989594547078e-05 -1.307926140725613e-07 -1.062975206878036e-05
40 0.154296875 -1.075030013453215e-05 -1.339358277618885e-07 -1.088423596229404e-05
41 0.158203125 -1.099998189602047e-05 -1.37049937620759e-07 -1.113703183364123e-05
42 0.162109375 -1.124799018725753e-05 -1.401349436491728e-07 -1.13881251309067e-05
43 0.166015625 -1.149432500824332e-05 -1.431908458471298e-07 -1.163751585409045e-05
44 0.169921875 -1.173891359940171e-05 -1.462321961298585e-07 -1.188514579553157e-05
45 0.173828125 -1.19817559607327e-05 -1.492735464125872e-07 -1.213102950714529e-05
46 0.177734375 -1.22228084364906e-05 -1.522712409496307e-07 -1.237507967744023e-05
47 0.181640625 -1.246198371518403e-05 -1.552543835714459e-07 -1.261723809875548e-05
48 0.185546875 -1.269931090064347e-05 -1.58193870447576e-07 -1.285750477109104e-05
49 0.189453125 -1.293470268137753e-05 -1.611188054084778e-07 -1.309582148678601e-05
50 0.193359375 -1.316814450547099e-05 -1.640291884541512e-07 -1.333217369392514e-05
51 0.197265625 -1.339963637292385e-05 -1.669395714998245e-07 -1.356657594442368e-05
52 0.201171875 -1.362909097224474e-05 -1.697917468845844e-07 -1.379888271912932e-05
53 0.205078125 -1.385650830343366e-05 -1.726148184388876e-07 -1.402912312187254e-05
54 0.208984375 -1.408177195116878e-05 -1.754378899931908e-07 -1.425720984116197e-05
55 0.212890625 -1.430494012311101e-05 -1.782027538865805e-07 -1.448314287699759e-05
56 0.216796875 -1.452601281926036e-05 -1.809385139495134e-07 -1.470695133320987e-05
57 0.220703125 -1.474490272812545e-05 -1.837033778429031e-07 -1.492860610596836e-05
58 0.224609375 -1.496155164204538e-05 -1.864100340753794e-07 -1.514796167612076e-05
59 0.228515625 -1.517587224952877e-05 -1.890875864773989e-07 -1.536495983600616e-05
60 0.232421875 -1.538798096589744e-05 -1.917069312185049e-07 -1.557968789711595e-05
61 0.236328125 -1.559776137582958e-05 -1.943262759596109e-07 -1.579208765178919e-05
62 0.240234375 -1.580515527166426e-05 -1.968874130398035e-07 -1.600204268470407e-05
63 0.244140625 -1.601016265340149e-05 -1.994194462895393e-07 -1.620958209969103e-05
64 0.248046875 -1.621287083253264e-05 -2.020096872001886e-07 -1.641488051973283e-05
65 0.251953125 -1.641307608224452e-05 -2.04483512789011e-07 -1.661755959503353e-05
66 0.255859375 -1.661074929870665e-05 -2.069282345473766e-07 -1.681767753325403e-05
67 0.259765625 -1.680600689724088e-05 -2.093438524752855e-07 -1.701535074971616e-05
68 0.263671875 -1.699867425486445e-05 -2.117594704031944e-07 -1.721043372526765e-05
69 0.267578125 -1.71888095792383e-05 -2.141168806701899e-07 -1.740292645990849e-05
70 0.271484375 -1.737635466270149e-05 -2.164742909371853e-07 -1.759282895363867e-05
71 0.275390625 -1.756125129759312e-05 -2.187734935432673e-07 -1.778002479113638e-05
72 0.279296875 -1.774358679540455e-05 -2.210726961493492e-07 -1.79646594915539e-05
73 0.283203125 -1.792312832549214e-05 -2.23284587264061e-07 -1.81464129127562e-05
74 0.287109375 -1.810007961466908e-05 -2.25467374548316e-07 -1.83255469892174e-05
75 0.291015625 -1.827420783229172e-05 -2.27650161832571e-07 -1.850185799412429e-05
76 0.294921875 -1.84456876013428e-05 -2.298038452863693e-07 -1.867549144662917e-05
77 0.298828125 -1.861434429883957e-05 -2.318993210792542e-07 -1.884624361991882e-05
78 0.302734375 -1.878014882095158e-05 -2.339656930416822e-07 -1.901411451399326e-05
79 0.306640625 -1.894324668683112e-05 -2.360029611736536e-07 -1.917924964800477e-05
80 0.310546875 -1.910331775434315e-05 -2.379529178142548e-07 -1.934127067215741e-05
81 0.314453125 -1.926065306179225e-05 -2.399319782853127e-07 -1.950058504007757e-05
82 0.318359375 -1.941507798619568e-05 -2.418819349259138e-07 -1.96569599211216e-05
83 0.322265625 -1.956653431989253e-05 -2.437736839056015e-07 -1.981030800379813e-05
84 0.326171875 -1.971499295905232e-05 -2.456072252243757e-07 -1.99606001842767e-05
85 0.330078125 -1.986057031899691e-05 -2.474407665431499e-07 -2.010801108554006e-05
86 0.333984375 -2.000309177674353e-05 -2.49186996370554e-07 -2.025227877311409e-05
87 0.337890625 -2.014270285144448e-05 -2.50933226197958e-07 -2.039363607764244e-05
88 0.341796875 -2.027919981628656e-05 -2.526212483644485e-07 -2.053182106465101e-05
89 0.345703125 -2.041261177510023e-05 -2.542801667004824e-07 -2.066689194180071e-05
90 0.349609375 -2.054308424703777e-05 -2.559390850365162e-07 -2.079902333207428e-05
91 0.353515625 -2.067029708996415e-05 -2.575106918811798e-07 -2.092780778184533e-05
92 0.357421875 -2.079451223835349e-05 -2.590822987258434e-07 -2.105359453707933e-05
93 0.361328125 -2.09155841730535e-05 -2.605956979095936e-07 -2.11761798709631e-05
94 0.365234375 -2.103342558257282e-05 -2.620217856019735e-07 -2.129544736817479e-05
95 0.369140625 -2.114818198606372e-05 -2.634478732943535e-07 -2.141162985935807e-05
96 0.373046875 -2.125967876054347e-05 -2.6481575332582e-07 -2.152449451386929e-05
97 0.376953125 -2.13680905289948e-05 -2.662418410181999e-07 -2.1634332370013e-05
98 0.380859375 -2.147318446077406e-05 -2.674933057278395e-07 -2.17406777665019e-05
99 0.384765625 -2.157507697120309e-05 -2.687738742679358e-07 -2.184385084547102e-05
100 0.388671875 -2.167376806028187e-05 -2.700253389775753e-07 -2.194379339925945e-05
101 0.392578125 -2.176911220885813e-05 -2.712185960263014e-07 -2.204033080488443e-05
102 0.396484375 -2.186125493608415e-05 -2.723827492445707e-07 -2.213363768532872e-05
103 0.400390625 -2.195005072280765e-05 -2.734886948019266e-07 -2.222353941760957e-05
104 0.404296875 -2.203549956902862e-05 -2.745073288679123e-07 -2.231000689789653e-05
105 0.408203125 -2.211765968240798e-05 -2.75525962933898e-07 -2.239318564534187e-05
106 0.412109375 -2.219658927060664e-05 -2.765154931694269e-07 -2.247310476377606e-05
107 0.416015625 -2.227205550298095e-05 -2.774468157440424e-07 -2.254950231872499e-05
108 0.419921875 -2.234420389868319e-05 -2.783781383186579e-07 -2.262258203700185e-05
109 0.423828125 -2.241306356154382e-05 -2.792221494019032e-07 -2.269228571094573e-05
110 0.427734375 -2.247843076474965e-05 -2.800661604851484e-07 -2.275849692523479e-05
111 0.431640625 -2.254045102745295e-05 -2.807937562465668e-07 -2.282124478369951e-05
112 0.435546875 -2.259909524582326e-05 -2.815213520079851e-07 -2.288061659783125e-05
113 0.439453125 -2.265433431603014e-05 -2.822198439389467e-07 -2.293655415996909e-05
114 0.443359375 -2.270616823807359e-05 -2.828310243785381e-07 -2.298899926245213e-05
115 0.447265625 -2.275459701195359e-05 -2.834713086485863e-07 -2.303806832060218e-05
116 0.451171875 -2.279953332617879e-05 -2.840533852577209e-07 -2.308358671143651e-05
117 0.455078125 -2.284106449224055e-05 -2.845481503754854e-07 -2.312561264261603e-05
118 0.458984375 -2.287921961396933e-05 -2.850138116627932e-07 -2.316423342563212e-05
119 0.462890625 -2.291382406838238e-05 -2.854794729501009e-07 -2.319930354133248e-05
120 0.466796875 -2.2945023374632e-05 -2.858287189155817e-07 -2.323085209354758e-05
121 0.470703125 -2.297278842888772e-05 -2.861779648810625e-07 -2.325896639376879e-05
122 0.474609375 -2.29970901273191e-05 -2.864981070160866e-07 -2.328358823433518e-05
123 0.478515625 -2.301787026226521e-05 -2.867309376597404e-07 -2.330460119992495e-05
124 0.482421875 -2.303524524904788e-05 -2.869346644729376e-07 -2.332217991352081e-05
125 0.486328125 -2.304918598383665e-05 -2.871674951165915e-07 -2.333635347895324e-05
126 0.490234375 -2.30595760513097e-05 -2.872548066079617e-07 -2.334683085791767e-05
127 0.494140625 -2.306656097061932e-05 -2.874003257602453e-07 -2.335396129637957e-05
128 0.498046875 -2.306999522261322e-05 -2.874294295907021e-07 -2.335742465220392e-05
129 0.501953125 -2.306999522261322e-05 -2.874294295907021e-07 -2.335742465220392e-05
130 0.505859375 -2.306656097061932e-05 -2.874003257602453e-07 -2.335396129637957e-05
131 0.509765625 -2.305954694747925e-05 -2.872548066079617e-07 -2.334680175408721e-05
132 0.513671875 -2.304918598383665e-05 -2.871674951165915e-07 -2.333635347895324e-05
133 0.517578125 -2.303524524904788e-05 -2.869346644729376e-07 -2.332217991352081e-05
134 0.521484375 -2.301789936609566e-05 -2.867309376597404e-07 -2.33046303037554e-05
135 0.525390625 -2.299706102348864e-05 -2.864690031856298e-07 -2.328353002667427e-05
136 0.529296875 -2.297275932505727e-05 -2.861779648810625e-07 -2.325893728993833e-05
137 0.533203125 -2.2945023374632e-05 -2.858287189155817e-07 -2.323085209354758e-05
138 0.537109375 -2.291382406838238e-05 -2.854794729501009e-07 -2.319930354133248e-05
139 0.541015625 -2.287919051013887e-05 -2.850138116627932e-07 -2.316420432180166e-05
140 0.544921875 -2.284106449224055e-05 -2.845481503754854e-07 -2.312561264261603e-05
141 0.548828125 -2.279953332617879e-05 -2.840533852577209e-07 -2.308358671143651e-05
142 0.552734375 -2.275459701195359e-05 -2.834713086485863e-07 -2.303806832060218e-05
143 0.556640625 -2.270616823807359e-05 -2.828310243785381e-07 -2.298899926245213e-05
144 0.560546875 -2.265433431603014e-05 -2.822198439389467e-07 -2.293655415996909e-05
145 0.564453125 -2.259906614199281e-05 -2.815213520079851e-07 -2.288058749400079e-05
146 0.568359375 -2.254045102745295e-05 -2.807937562465668e-07 -2.282124478369951e-05
147 0.572265625 -2.247843076474965e-05 -2.800661604851484e-07 -2.275849692523479e-05
148 0.576171875 -2.241303445771337e-05 -2.792221494019032e-07 -2.269225660711527e-05
149 0.580078125 -2.234420389868319e-05 -2.783490344882011e-07 -2.262255293317139e-05
150 0.583984375 -2.22720846068114e-05 -2.774468157440424e-07 -2.254953142255545e-05
151 0.587890625 -2.219653106294572e-05 -2.765154931694269e-07 -2.247304655611515e-05
152 0.591796875 -2.211765968240798e-05 -2.75525962933898e-07 -2.239318564534187e-05
153 0.595703125 -2.203552867285907e-05 -2.745073288679123e-07 -2.231003600172698e-05
154 0.599609375 -2.195005072280765e-05 -2.734886948019266e-07 -2.222353941760957e-05
155 0.603515625 -2.186119672842324e-05 -2.72353645414114e-07 -2.213355037383735e-05
156 0.607421875 -2.176914131268859e-05 -2.712185960263014e-07 -2.204035990871489e-05
157 0.611328125 -2.167373895645142e-05 -2.700253389775753e-07 -2.194376429542899e-05
158 0.615234375 -2.157507697120309e-05 -2.688029780983925e-07 -2.184387994930148e-05
159 0.619140625 -2.147318446077406e-05 -2.674933057278395e-07 -2.17406777665019e-05
160 0.623046875 -2.136806142516434e-05 -2.661836333572865e-07 -2.163424505852163e-05
161 0.626953125 -2.125973696820438e-05 -2.648739609867334e-07 -2.152461092919111e-05
162 0.630859375 -2.114815288223326e-05 -2.634478732943535e-07 -2.141160075552762e-05
163 0.634765625 -2.103342558257282e-05 -2.620217856019735e-07 -2.129544736817479e-05
164 0.638671875 -2.09155841730535e-05 -2.605956979095936e-07 -2.11761798709631e-05
165 0.642578125 -2.079451223835349e-05 -2.590822987258434e-07 -2.105359453707933e-05
166 0.646484375 -2.067035529762506e-05 -2.575688995420933e-07 -2.092792419716716e-05
167 0.650390625 -2.054305514320731e-05 -2.559099812060595e-07 -2.079896512441337e-05
168 0.654296875 -2.041266998276114e-05 -2.543092705309391e-07 -2.066697925329208e-05
169 0.658203125 -2.027919981628656e-05 -2.526503521949053e-07 -2.053185016848147e-05
170 0.662109375 -2.014267374761403e-05 -2.509041223675013e-07 -2.039357786998153e-05
171 0.666015625 -2.000309177674353e-05 -2.49186996370554e-07 -2.025227877311409e-05
172 0.669921875 -1.986054121516645e-05 -2.474116627126932e-07 -2.010795287787914e-05
173 0.673828125 -1.971502206288278e-05 -2.456072252243757e-07 -1.996062928810716e-05
174 0.677734375 -1.956656342372298e-05 -2.438027877360582e-07 -1.981036621145904e-05
175 0.681640625 -1.941504888236523e-05 -2.418819349259138e-07 -1.965693081729114e-05
176 0.685546875 -1.926065306179225e-05 -2.399610821157694e-07 -1.950061414390802e-05
177 0.689453125 -1.910331775434315e-05 -2.379529178142548e-07 -1.934127067215741e-05
178 0.693359375 -1.89431884791702e-05 -2.359738573431969e-07 -1.91791623365134e-05
179 0.697265625 -1.878014882095158e-05 -2.339656930416822e-07 -1.901411451399326e-05
180 0.701171875 -1.861434429883957e-05 -2.318993210792542e-07 -1.884624361991882e-05
181 0.705078125 -1.844565849751234e-05 -2.297747414559126e-07 -1.867543323896825e-05
182 0.708984375 -1.827420783229172e-05 -2.27650161832571e-07 -1.850185799412429e-05
183 0.712890625 -1.810005051083863e-05 -2.25467374548316e-07 -1.832551788538694e-05
184 0.716796875 -1.792312832549214e-05 -2.23284587264061e-07 -1.81464129127562e-05
185 0.720703125 -1.774358679540455e-05 -2.210726961493492e-07 -1.79646594915539e-05
186 0.724609375 -1.756125129759312e-05 -2.187734935432673e-07 -1.778002479113638e-05
187 0.728515625 -1.737635466270149e-05 -2.164451871067286e-07 -1.759279984980822e-05
188 0.732421875 -1.718878047540784e-05 -2.140877768397331e-07 -1.740286825224757e-05
189 0.736328125 -1.699867425486445e-05 -2.117594704031944e-07 -1.721043372526765e-05
190 0.740234375 -1.680597779341042e-05 -2.093438524752855e-07 -1.701532164588571e-05
191 0.744140625 -1.661077840253711e-05 -2.069573383778334e-07 -1.681773574091494e-05
192 0.748046875 -1.641307608224452e-05 -2.04483512789011e-07 -1.661755959503353e-05
193 0.751953125 -1.621284172870219e-05 -2.020096872001886e-07 -1.641485141590238e-05
194 0.755859375 -1.601019175723195e-05 -1.994194462895393e-07 -1.620961120352149e-05
195 0.759765625 -1.580518437549472e-05 -1.968874130398035e-07 -1.600207178853452e-05
196 0.763671875 -1.559776137582958e-05 -1.943262759596109e-07 -1.579208765178919e-05
197 0.767578125 -1.538798096589744e-05 -1.917069312185049e-07 -1.557968789711595e-05
198 0.771484375 -1.517590135335922e-05 -1.890875864773989e-07 -1.536498893983662e-05
199 0.775390625 -1.496152253821492e-05 -1.863809302449226e-07 -1.514790346845984e-05
200 0.779296875 -1.474490272812545e-05 -1.837033778429031e-07 -1.492860610596836e-05
201 0.783203125 -1.452601281926036e-05 -1.809385139495134e-07 -1.470695133320987e-05
202 0.787109375 -1.430496922694147e-05 -1.782318577170372e-07 -1.44832010846585e-05
203 0.791015625 -1.408177195116878e-05 -1.754378899931908e-07 -1.425720984116197e-05
204 0.794921875 -1.385650830343366e-05 -1.726148184388876e-07 -1.402912312187254e-05
205 0.798828125 -1.362909097224474e-05 -1.697917468845844e-07 -1.379888271912932e-05
206 0.802734375 -1.339963637292385e-05 -1.669395714998245e-07 -1.356657594442368e-05
207 0.806640625 -1.316811540164053e-05 -1.640291884541512e-07 -1.333214459009469e-05
208 0.810546875 -1.293467357754707e-05 -1.611188054084778e-07 -1.309579238295555e-05
209 0.814453125 -1.269931090064347e-05 -1.58193870447576e-07 -1.285750477109104e-05
210 0.818359375 -1.24619691632688e-05 -1.552543835714459e-07 -1.261722354684025e-05
211 0.822265625 -1.222279388457537e-05 -1.522712409496307e-07 -1.2375065125525e-05
212 0.826171875 -1.19817559607327e-05 -1.492589944973588e-07 -1.213101495523006e-05
213 0.830078125 -1.173892815131694e-05 -1.462467480450869e-07 -1.188517489936203e-05
214 0.833984375 -1.149435411207378e-05 -1.432053977623582e-07 -1.163755950983614e-05
215 0.837890625 -1.124799018725753e-05 -1.401349436491728e-07 -1.13881251309067e-05
216 0.841796875 -1.099998189602047e-05 -1.37049937620759e-07 -1.113703183364123e-05
217 0.845703125 -1.075030013453215e-05 -1.339358277618885e-07 -1.088423596229404e-05
218 0.849609375 -1.049894490279257e-05 -1.307926140725613e-07 -1.062973751686513e-05
219 0.853515625 -1.024606171995401e-05 -1.276348484680057e-07 -1.037369656842202e-05
220 0.857421875 -9.991665137931705e-06 -1.244770828634501e-07 -1.011614222079515e-05
221 0.861328125 -9.735740604810417e-06 -1.213047653436661e-07 -9.857045370154083e-06
222 0.865234375 -9.478331776335835e-06 -1.180742401629686e-07 -9.596406016498804e-06
223 0.869140625 -9.219496860168874e-06 -1.148437149822712e-07 -9.334340575151145e-06
224 0.873046875 -8.959294063970447e-06 -1.116277417168021e-07 -9.070921805687249e-06
225 0.876953125 -8.697752491571009e-06 -1.083681127056479e-07 -8.806120604276657e-06
226 0.880859375 -8.434828487224877e-06 -1.05079379864037e-07 -8.539907867088914e-06
227 0.884765625 -8.17069667391479e-06 -1.018051989376545e-07 -8.272501872852445e-06
228 0.888671875 -7.905342499725521e-06 -9.850191418081522e-08 -8.003844413906336e-06
229 0.892578125 -7.638765964657068e-06 -9.515497367829084e-08 -7.733920938335359e-06
230 0.896484375 -7.371039828285575e-06 -9.182258509099483e-08 -7.46286241337657e-06
231 0.900390625 -7.102222298271954e-06 -8.849019650369883e-08 -7.190712494775653e-06
232 0.904296875 -6.832342478446662e-06 -8.511415217071772e-08 -6.91745663061738e-06
233 0.908203125 -6.5614003688097e-06 -8.173810783773661e-08 -6.643138476647437e-06
234 0.912109375 -6.289483280852437e-06 -7.835478754714131e-08 -6.367838068399578e-06
235 0.916015625 -6.01662031840533e-06 -7.494236342608929e-08 -6.091562681831419e-06
236 0.919921875 -5.742869689129293e-06 -7.154449122026563e-08 -5.814414180349559e-06
237 0.923828125 -5.468245944939554e-06 -6.812479114159942e-08 -5.536370736081153e-06
238 0.927734375 -5.192785465624183e-06 -6.469781510531902e-08 -5.257483280729502e-06
239 0.931640625 -4.916546458844095e-06 -6.124901119619608e-08 -4.977795470040292e-06
240 0.935546875 -4.639565304387361e-06 -5.779293132945895e-08 -4.69735823571682e-06
241 0.939453125 -4.361900209914893e-06 -5.434412742033601e-08 -4.416244337335229e-06
242 0.943359375 -4.083551175426692e-06 -5.086621968075633e-08 -4.134417395107448e-06
243 0.947265625 -3.804620064329356e-06 -4.739558789879084e-08 -3.852015652228147e-06
244 0.951171875 -3.525099600665271e-06 -4.391768015921116e-08 -3.569017280824482e-06
245 0.955078125 -3.245055268052965e-06 -4.04324964620173e-08 -3.285487764514983e-06
246 0.958984375 -2.964516170322895e-06 -3.693276084959507e-08 -3.00144893117249e-06
247 0.962890625 -2.683518687263131e-06 -3.342574927955866e-08 -2.71694443654269e-06
248 0.966796875 -2.402131940471008e-06 -2.992601366713643e-08 -2.432057954138145e-06
249 0.970703125 -2.120385033776984e-06 -2.641536411829293e-08 -2.146800397895277e-06
250 0.974609375 -1.838303433032706e-06 -2.290107659064233e-08 -1.861204509623349e-06
251 0.978515625 -1.555959897814319e-06 -1.938497007358819e-08 -1.575344867887907e-06
252 0.982421875 -1.273378074984066e-06 -1.586522557772696e-08 -1.289243300561793e-06
253 0.986328125 -9.906052582664415e-07 -1.234366209246218e-08 -1.002948920358904e-06
254 0.990234375 -7.076814654283226e-07 -8.816641638986766e-09 -7.164981070673093e-07
255 0.994140625 -4.246512617100962e-07 -5.291440174914896e-09 -4.29942701885011e-07
256 0.998046875 0.003712865293891809 -1.763737600413151e-09 0.003712863530154209
