# P x u_num u_exact u_err v_num v_exact v_err psi_num psi_exact psi_err
1 0.001953125 0.002257285209396902 0.00225726581582338 1.939357352183715e-08 0.0022572363334883 0.00225726581582338 -2.948233507934356e-08 0.004514521542885203 0.00451453163164676 -1.008876155707272e-08
2 0.005859375 0.006771541118202702 0.006771457511541153 8.360666154880181e-08 0.006771513601955669 0.006771457511541153 5.609041451616614e-08 0.01354305472015837 0.01354291502308231 1.39697076064968e-07
3 0.009765625 0.01128477726004416 0.01128462945066507 1.4780937909048e-07 0.01128477109541202 0.01128462945066507 1.416447469523852e-07 0.02256954835545618 0.02256925890133013 2.894541260428651e-07
4 0.013671875 0.015796313960406 0.01579610196610184 2.119943041598016e-07 0.0157963291315415 0.01579610196610184 2.271654396604483e-07 0.03159264309194749 0.03159220393220367 4.391597438202499e-07
5 0.017578125 0.02030547179406945 0.02030519564668514 2.761473843100604e-07 0.02030550829059409 0.02030519564668514 3.126439089458366e-07 0.04061098008466354 0.04061039129337029 5.88791293255897e-07
6 0.021484375 0.02481157169886514 0.02481123143949244 3.402593727053205e-07 0.02481162950626939 0.02481123143949244 3.980667769541701e-07 0.04962320120513454 0.04962246287898488 7.383261496629601e-07
7 0.025390625 0.02931393507931178 0.02931353075210783 4.04327203950422e-07 0.02931401416660702 0.02931353075210783 4.834144991909539e-07 0.0586279492459188 0.05862706150421566 8.877417031413759e-07
8 0.029296875 0.03381188388530976 0.03381141555481559 4.683304941702215e-07 0.03381198423968407 0.03381141555481559 5.686848684807733e-07 0.06762386812499384 0.06762283110963119 1.037015362650995e-06
9 0.033203125 0.03830474075460839 0.03830420848270896 5.322718994241193e-07 0.03830486233536833 0.03830420848270896 6.538526593699578e-07 0.07660960308997672 0.07660841696541792 1.186124558794077e-06
10 0.037109375 0.04279182906848195 0.04279123293769878 5.961307831675589e-07 0.04279197185366353 0.04279123293769878 7.38915964748621e-07 0.08558380092214547 0.08558246587539756 1.33504674791618e-06
11 0.041015625 0.0472724730942224 0.04727181319040671 6.599038156820947e-07 0.04727263704600532 0.04727181319040671 8.238555986028739e-07 0.09454511014022771 0.09454362638081343 1.48375941427803e-06
12 0.044921875 0.05174599805509686 0.05174527448192755 7.235731693047698e-07 0.05174618314883347 0.05174527448192755 9.086669059202301e-07 0.1034921812039303 0.1034905489638551 1.632240075225e-06
13 0.048828125 0.05621173027097426 0.05621094312544551 7.871455287439266e-07 0.05621193644619901 0.05621094312544551 9.933207534978949e-07 0.1124236667171733 0.112421886250891 1.780466282241822e-06
14 0.052734375 0.06066899719765954 0.06066814660768887 8.505899706662268e-07 0.06066922443334483 0.06066814660768887 1.077825655955433e-06 0.1213382216310044 0.1213362932153777 1.928415626614721e-06
15 0.056640625 0.06511712761000307 0.06511621369020809 9.139197949814548e-07 0.0651173758361545 0.06511621369020809 1.162145946406734e-06 0.1302345034461576 0.1302324273804162 2.076065741374311e-06
16 0.060546875 0.06955545161604515 0.06955447451046182 9.771055833329712e-07 0.06955572079918457 0.06955447451046182 1.246288722750455e-06 0.1391111724152297 0.1391089490209236 2.223394306083426e-06
17 0.064453125 0.07398330083237194 0.07398226068269574 1.040149676195812e-06 0.07398359091206744 0.07398226068269574 1.330229371696023e-06 0.1479668917444394 0.1479645213653915 2.370379047905713e-06
18 0.068359375 0.07840000842739603 0.07839890539859899 1.103028797036498e-06 0.07840031936754994 0.07839890539859899 1.413968950952915e-06 0.156800327794946 0.156797810797198 2.516997747975536e-06
19 0.072265625 0.08280490928633577 0.08280374352772304 1.165758612725609e-06 0.08280524099735137 0.08280374352772304 1.497469628325421e-06 0.1656101502836871 0.1656074870554461 2.66322824105103e-06
20 0.076171875 0.08719734001552729 0.08719611171764793 1.22829787935208e-06 0.08719769246819076 0.08719611171764793 1.580750542823361e-06 0.174395032483718 0.1743922234352959 2.809048422175442e-06
21 0.080078125 0.09157663916424451 0.09157534849388065 1.290670363862656e-06 0.09157701225976526 0.09157534849388065 1.663765884618584e-06 0.1831536514240098 0.1831506969877613 2.95443624848124e-06
22 0.083984375 0.09594214719775694 0.0959407943594708 1.352838286144964e-06 0.09594254089092819 0.0959407943594708 1.7465314573889e-06 0.1918846880886851 0.1918815887189416 3.099369743547742e-06
23 0.087890625 0.1002932067034548 0.1002917918943284 1.414809126437655e-06 0.1002936209122002 0.1002917918943284 1.829017871823879e-06 0.200586827615655 0.2005835837886568 3.243826998261534e-06
24 0.091796875 0.1046291624089745 0.1046276858542289 1.47655474563857e-06 0.1046295970856618 0.1046276858542289 1.911231432866201e-06 0.2092587594946363 0.2092553717084578 3.38778617850477e-06
25 0.095703125 0.1089493613690962 0.1089478232694906 1.538099605569165e-06 0.1089498163954073 0.1089478232694906 1.993125916671667e-06 0.2178991777645034 0.2178956465389812 3.531225522240833e-06
26 0.099609375 0.1132531529355794 0.1132515535433095 1.599392269860389e-06 0.1132536282743888 0.1132515535433095 2.074731079257375e-06 0.2265067812099682 0.2265031070866191 3.674123349117764e-06
27 0.103515625 0.1175398890166841 0.1175382285497368 1.660466947328576e-06 0.1175403845408484 0.1175382285497368 2.155991111571498e-06 0.2350802735575325 0.2350764570994736 3.816458058913952e-06
28 0.107421875 0.1218089240091157 0.1218072027312841 1.72127783161502e-06 0.1218094396615918 0.1218072027312841 2.236930307694673e-06 0.2436183636707074 0.2436144054625681 3.958208139309694e-06
29 0.111328125 0.1260596150330773 0.1260578331961421 1.781836935221826e-06 0.1260601507113707 0.1260578331961421 2.317515228694722e-06 0.2521197657444481 0.2521156663922841 4.099352163944303e-06
30 0.115234375 0.1302913219269953 0.1302894798149979 1.842111997385487e-06 0.1302918775718016 0.1302894798149979 2.39775680366261e-06 0.2605831994987968 0.2605789596299958 4.239868801048097e-06
31 0.119140625 0.1345034074533575 0.134501505317436 1.902135921494352e-06 0.1345039829183253 0.134501505317436 2.47760088931126e-06 0.2690073903716828 0.269003010634872 4.379736810777857e-06
32 0.123046875 0.1386952372353026 0.1386932753879087 1.961847393927574e-06 0.1386958324755684 0.1386932753879087 2.557087659754709e-06 0.277391069710871 0.2773865507758174 4.518935053654527e-06
33 0.126953125 0.1428661800521851 0.1428641587612619 2.021290923248653e-06 0.14286679491283 0.1428641587612619 2.636151568091716e-06 0.2857329749650151 0.2857283175225238 4.657442491340369e-06
34 0.130859375 0.1470156077290106 0.1470135273178013 2.080411209248734e-06 0.1470162421447832 0.1470135273178013 2.71482698183112e-06 0.2940318498737938 0.2940270546356027 4.795238191079854e-06
35 0.134765625 0.1511428954075018 0.151140756177885 2.139229616809901e-06 0.1511435492495936 0.151140756177885 2.793071708667716e-06 0.3022864446570954 0.3022815123557699 4.932301325477617e-06
36 0.138671875 0.1552474215011375 0.1552452237960276 2.197705109813208e-06 0.1552480947020996 0.1552452237960276 2.87090607198337e-06 0.3104955162032371 0.3104904475920553 5.068611181824334e-06
37 0.142578125 0.1593285679349604 0.1593263120545034 2.255880456963899e-06 0.1593292603212032 0.1593263120545034 2.948266699803748e-06 0.3186578282561636 0.3186526241090069 5.204147156767647e-06
38 0.146484375 0.163385720041299 0.163383406356432 2.313684867000232e-06 0.1633864315603323 0.163383406356432 3.025203900330897e-06 0.3267721516016313 0.326766812712864 5.338888767303374e-06
39 0.150390625 0.1674182668910558 0.1674158957183348 2.371172721005177e-06 0.1674189973612636 0.1674158957183348 3.101642928854398e-06 0.3348372642523194 0.3348317914366695 5.47281564988733e-06
40 0.154296875 0.1714256011437232 0.1714231728621464 2.428281576871694e-06 0.1714263504881351 0.1714231728621464 3.177625988726174e-06 0.3428519516318583 0.3428463457242927 5.605907565597867e-06
41 0.158203125 0.1754071193430325 0.1754046343066689 2.485036363575333e-06 0.1754078874147045 0.1754046343066689 3.253108035589092e-06 0.3508150067577369 0.3508092686133378 5.738144399136669e-06
42 0.162109375 0.1793622218515718 0.1793596804584539 2.541393117921897e-06 0.1793630085715048 0.1793596804584539 3.328113050954373e-06 0.3587252304230766 0.3587193609169077 5.869506168876271e-06
43 0.166015625 0.1832903131044842 0.1832877157020985 2.59740238572892e-06 0.1832911182727333 0.1832877157020985 3.402570634775115e-06 0.3665814313772174 0.366575431404197 5.999973020476279e-06
44 0.169921875 0.1871908014740482 0.1871881484899436 2.652984104678513e-06 0.1871916250310775 0.1871881484899436 3.476541133945465e-06 0.3743824265051258 0.3743762969798871 6.129525238651734e-06
45 0.173828125 0.1910630996337225 0.1910603914311582 2.708202564288831e-06 0.191063941371838 0.1910603914311582 3.549940679803409e-06 0.3821270410055605 0.3821207828623164 6.258143244064485e-06
46 0.177734375 0.1949066243683178 0.1949038613801986 2.762988119214826e-06 0.1949074841996819 0.1949038613801986 3.622819483267703e-06 0.3898141085679998 0.3898077227603973 6.385807602482529e-06
47 0.181640625 0.1987207968943498 0.198717979524628 2.817369721769269e-06 0.1987216746539264 0.198717979524628 3.695129298403321e-06 0.3974424715482762 0.397435959049256 6.512499020172591e-06
48 0.185546875 0.2025050427724271 0.2025021714722831 2.871300144036137e-06 0.2025059383704936 0.2025021714722831 3.766898210466607e-06 0.4050109811429207 0.4050043429445662 6.638198354502745e-06
49 0.189453125 0.206258792175343 0.206255867337776 2.92483756697548e-06 0.2062597053868165 0.206255867337776 3.838049040472136e-06 0.4125184975621595 0.412511734675552 6.762886607447616e-06
50 0.193359375 0.2099814797216864 0.2099785018283165 2.977893369865425e-06 0.2099824104798846 0.2099785018283165 3.908651568074184e-06 0.419963890201571 0.4199570036566331 6.886544937911854e-06
51 0.197265625 0.2136725448697964 0.2136695143288434 3.030540953019578e-06 0.2136734929425498 0.2136695143288434 3.978613706434597e-06 0.4273460378123462 0.4273390286576867 7.009154659454175e-06
52 0.201171875 0.2173314316902658 0.2173283489864505 3.08270381524367e-06 0.2173323969798809 0.2173283489864505 4.047993430400521e-06 0.4346638286701466 0.434656697972901 7.130697245616435e-06
53 0.205078125 0.2209575892098883 0.2209544547940968 3.134415791500311e-06 0.2209585715326335 0.2209544547940968 4.116738536646958e-06 0.4419161607425218 0.4419089095881937 7.251154328147269e-06
54 0.208984375 0.2245504712991207 0.2245472856735855 3.185625535251368e-06 0.2245514705557599 0.2245472856735855 4.184882174435023e-06 0.4491019418548806 0.449094571347171 7.370507709658636e-06
55 0.212890625 0.2281095369567646 0.2281063005578015 3.236398963130105e-06 0.2281105528981887 0.2281063005578015 4.252340387228548e-06 0.4562200898549533 0.456212601115603 7.488739350358653e-06
56 0.216796875 0.231634250111425 0.2316309634721944 3.286639230604127e-06 0.2316352826643504 0.2316309634721944 4.319192155904927e-06 0.4632695327757754 0.4632619269443889 7.60583138653681e-06
57 0.220703125 0.2351240800441348 0.2351207436154941 3.336428640671185e-06 0.2351251289529773 0.2351207436154941 4.385337483148177e-06 0.4702492089971121 0.4702414872309882 7.721766123847118e-06
58 0.224609375 0.2385785011239352 0.2385751154396474 3.385684287871005e-06 0.238579566281406 0.2385751154396474 4.450841758624202e-06 0.4771580674053413 0.4771502308792948 7.836526046522962e-06
59 0.228515625 0.2419969931731293 0.2419935587289637 3.434444165617556e-06 0.2419980743786106 0.2419935587289637 4.515649646930076e-06 0.4839950675517399 0.4839871174579273 7.950093812547632e-06
60 0.232421875 0.2453790413322075 0.2453755586784576 3.482653749886655e-06 0.245380138476973 0.2453755586784576 4.579798515369493e-06 0.4907591798091805 0.4907511173569152 8.062452265256148e-06
61 0.236328125 0.2487241363574892 0.2487206059713768 3.530386112393646e-06 0.2487252491696873 0.2487206059713768 4.64319831047777e-06 0.4974493855271765 0.4974412119427536 8.173584422899172e-06
62 0.240234375 0.2520317743925145 0.2520281968559031 3.577536611398813e-06 0.2520329027927865 0.2520281968559031 4.705936883397932e-06 0.5040646771853009 0.5040563937118061 8.283473494796745e-06
63 0.244140625 0.2553014574171515 0.2552978332210153 3.624196136142732e-06 0.2553026011277564 0.2552978332210153 4.767906741032224e-06 0.5106040585449079 0.5105956664420307 8.392102877174956e-06
64 0.248046875 0.2585326929471793 0.2585290226715038 3.670275675549117e-06 0.258533851851986 0.2585290226715038 4.829180482224249e-06 0.5170665447991654 0.5170580453430076 8.499456157773366e-06
65 0.251953125 0.2617249944196631 0.2617212786021224 3.715817540717037e-06 0.2617261683016952 0.2617212786021224 4.889699572796502e-06 0.5234511627213583 0.5234425572042448 8.605517113458028e-06
66 0.255859375 0.2648778810346744 0.26487412027087 3.760763804372402e-06 0.2648790697767896 0.26487412027087 4.949505919560337e-06 0.529756950811464 0.5297482405417401 8.71026972393274e-06
67 0.259765625 0.2679908780659287 0.2679870728713885 3.805194540240642e-06 0.2679920813750056 0.2679870728713885 5.008503617121018e-06 0.5359829594409342 0.5359741457427769 8.813698157306149e-06
68 0.263671875 0.2710635166025203 0.2710596676044664 3.848998053890273e-06 0.2710647343931999 0.2710596676044664 5.066788733576466e-06 0.5421282509957202 0.5421193352089327 8.915786787411228e-06
69 0.267578125 0.2740953340216503 0.2740914417486389 3.892273011452119e-06 0.2740965659958161 0.2740914417486389 5.124247177246133e-06 0.5481919000174664 0.5481828834972777 9.016520188698252e-06
70 0.271484375 0.2770858736560021 0.2770819387298716 3.934926130488847e-06 0.2770871196868858 0.2770819387298716 5.18095701418364e-06 0.5541729933428878 0.5541638774597432 9.115883144672488e-06
71 0.275390625 0.2800346851904831 0.2800307081903191 3.977000164079314e-06 0.2800359450507941 0.2800307081903191 5.236860475044125e-06 0.5600706302412772 0.5600614163806381 9.213860639123439e-06
72 0.279296875 0.2829413244940219 0.2829373060561469 4.01843787495304e-06 0.2829425980561447 0.2829373060561469 5.291999997825148e-06 0.5658839225501666 0.5658746121122938 9.310437872778188e-06
73 0.283203125 0.2858053539289387 0.285801294604408 4.059324530736319e-06 0.2858066408801276 0.285801294604408 5.346275719630977e-06 0.5716119948090663 0.571602589208816 9.405600250311785e-06
74 0.287109375 0.2886263420708521 0.2886222425289614 4.099541890734137e-06 0.2886276423204658 0.2886222425289614 5.399791504379081e-06 0.5772539843913179 0.5772444850579228 9.499333395113219e-06
75 0.291015625 0.2914038642016372 0.291399725005426 4.139196211117024e-06 0.2914051774323594 0.291399725005426 5.452426933338916e-06 0.5828090416339966 0.5827994500108521 9.591623144511452e-06
76 0.294921875 0.2941375019439501 0.2941333237551572 4.178188792891557e-06 0.2941388280219216 0.2941333237551572 5.504266764377874e-06 0.5882763299658718 0.5882666475103144 9.682455557324943e-06
77 0.298828125 0.2968268436750551 0.2968226271082383 4.216566816872547e-06 0.2968281823583298 0.2968226271082383 5.555250091549002e-06 0.5936550260333849 0.5936452542164765 9.771816908421549e-06
78 0.302734375 0.2994714843352993 0.2994672300654763 4.254269823034118e-06 0.2994728354893536 0.2994672300654763 5.605423877341753e-06 0.5989443198246529 0.5989344601309525 9.859693700375871e-06
79 0.306640625 0.3020710257486381 0.3020667343593934 4.291389244681643e-06 0.3020723890428009 0.3020667343593934 5.654683407463335e-06 0.604143414791439 0.6041334687187868 9.946072652144977e-06
80 0.310546875 0.3046250763151883 0.3046207485142049 4.327800983361385e-06 0.3046264516539356 0.3046207485142049 5.703139730750539e-06 0.609251527969124 0.6092414970284098 1.003094071416744e-05
81 0.314453125 0.3071332515230374 0.3071288879047732 4.363618264169311e-06 0.3071346385715739 0.3071288879047732 5.750666800696802e-06 0.6142678900946112 0.6142577758095464 1.01142850648106e-05
82 0.318359375 0.3095951735519053 0.3095907748145319 4.398737373401129e-06 0.3095965721702726 0.3095907748145319 5.797355740744248e-06 0.6191917457221779 0.6191815496290638 1.019609311414538e-05
83 0.322265625 0.3120104717024038 0.3120060384923679 4.433210035903468e-06 0.312011881634832 0.3120060384923679 5.843142464045936e-06 0.6240223533372358 0.6240120769847358 1.02763524999494e-05
84 0.326171875 0.3143787821810061 0.3143743152084555 4.466972550576376e-06 0.3143802032870059 0.3143743152084555 5.888078550453368e-06 0.628758985468012 0.628748630416911 1.035505110102974e-05
85 0.330078125 0.3166997484313046 0.3166952483090322 4.500122272377283e-06 0.3167011803637825 0.3166952483090322 5.932054750357185e-06 0.633400928795087 0.6333904966180643 1.043217702267896e-05
86 0.333984375 0.318973020799783 0.3189684882701102 4.532529672807151e-06 0.3189744634590528 0.3189684882701102 5.975188942630716e-06 0.6379474842588359 0.6379369765402204 1.050771861543787e-05
87 0.337890625 0.3211982570644798 0.3211936927501131 4.564314366739541e-06 0.3211997101002122 0.3211936927501131 6.017350099141172e-06 0.642397967164692 0.6423873855002261 1.058166446588071e-05
88 0.341796875 0.3233751220103051 0.323370526641431 4.595368874094063e-06 0.3233765852759611 0.323370526641431 6.058634530070606e-06 0.6467517072862662 0.646741053282862 1.065400340416467e-05
89 0.345703125 0.3255032878684501 0.3254986621208871 4.625747563047344e-06 0.3255047610978233 0.3254986621208871 6.098976936208533e-06 0.6510080489662734 0.6509973242417741 1.072472449925588e-05
90 0.349609375 0.3275824340845593 0.3275777786991058 4.655385453466998e-06 0.3275839171307242 0.3275777786991058 6.138431618396556e-06 0.6551663512152834 0.6551555573982116 1.079381707180804e-05
91 0.353515625 0.3296122476532696 0.3296075632687783 4.684384491249194e-06 0.3296137401549658 0.3296075632687783 6.176886187425623e-06 0.6592259878082354 0.6592151265375567 1.086127067873033e-05
92 0.357421875 0.3315924227624968 0.3315877101518144 4.712610682355844e-06 0.3315939246162625 0.3315877101518144 6.214464448039969e-06 0.6631863473787593 0.6631754203036289 1.092707513039581e-05
93 0.361328125 0.3335226613348652 0.3335179211453771 4.74018948815047e-06 0.3335241721763745 0.3335179211453771 6.251030997439511e-06 0.6670468335112398 0.6670358422907542 1.099122048564549e-05
94 0.365234375 0.3354026725766073 0.3353979055667907 4.767009816608603e-06 0.3354041922540297 0.3353979055667907 6.286687239065447e-06 0.670806864830637 0.6707958111335813 1.105369705567405e-05
95 0.369140625 0.3372321734261249 0.3372273802973163 4.793128808633362e-06 0.337233701663907 0.3372273802973163 6.321366590733568e-06 0.674465875090032 0.6744547605946326 1.111449539936693e-05
96 0.373046875 0.3390108883050404 0.3390060698247889 4.81848025146725e-06 0.3390124249508748 0.3390060698247889 6.355126085877405e-06 0.6780233132559152 0.6780121396495778 1.117360633740017e-05
97 0.376953125 0.3407385494554799 0.3407337062851082 4.843170371637839e-06 0.34074009413567 0.3407337062851082 6.387850561728747e-06 0.6814786435911498 0.6814674125702165 1.123102093336659e-05
98 0.380859375 0.3424148965640273 0.3424100295025782 4.867061449198573e-06 0.3424164491716449 0.3424100295025782 6.419669066781708e-06 0.6848313457356723 0.6848200590051563 1.128673051598028e-05
99 0.384765625 0.34403967731283 0.344034787029088 4.890283742009505e-06 0.3440412374720135 0.344034787029088 6.450442925465261e-06 0.6880809147848435 0.688069574058176 1.134072666741925e-05
100 0.388671875 0.3456126469056267 0.3456077341821307 4.912723495953397e-06 0.3456142144598692 0.3456077341821307 6.48027773847426e-06 0.6912268613654958 0.6912154683642614 1.139300123442766e-05
101 0.392578125 0.347133568522085 0.3471286340816507 4.934440434256615e-06 0.3471351431875333 0.3471286340816507 6.509105882568367e-06 0.6942687117096182 0.6942572681633015 1.144354631676947e-05
102 0.396484375 0.3486022130528286 0.3485972576857175 4.955367111147968e-06 0.3486037946728897 0.3485972576857175 6.536987172178765e-06 0.6972060077257183 0.697194515371435 1.149235428332673e-05
103 0.400390625 0.3500183594385755 0.3500133838250183 4.975613557223202e-06 0.3500199476292153 0.3500133838250183 6.563804197001755e-06 0.7000383070677908 0.7000267676500366 1.153941775422496e-05
104 0.404296875 0.351381794275242 0.3513767992361654 4.99503907652743e-06 0.3513833889267116 0.3513767992361654 6.589690546121574e-06 0.7027651832019535 0.7027535984723309 1.158472962259349e-05
105 0.408203125 0.352692312371962 0.3526872985938131 5.013778148821313e-06 0.3526939130987061 0.3526872985938131 6.614504892976658e-06 0.7053862254706681 0.7053745971876263 1.162828304179797e-05
106 0.412109375 0.353949716256193 0.3539446845415783 5.031714614689431e-06 0.3539513228983985 0.3539446845415783 6.638356820187763e-06 0.7079010391545916 0.7078893690831567 1.167007143487719e-05
107 0.416015625 0.3551538166329072 0.3551487677217626 5.048911144611701e-06 0.355155428899106 0.3551487677217626 6.661177343436631e-06 0.7103092455320132 0.7102975354435251 1.171008848810384e-05
108 0.419921875 0.3563044321027203 0.3562993668038676 5.065298852691136e-06 0.3563060498331743 0.3562993668038676 6.683029306675525e-06 0.7126104819358945 0.7125987336077352 1.174832815931115e-05
109 0.423828125 0.3574013895030466 0.3573963085119041 5.080991142492053e-06 0.3574030123054284 0.3573963085119041 6.703793524298618e-06 0.714804401808475 0.7147926170238083 1.178478466679067e-05
110 0.427734375 0.3584445234956473 0.3584394276504857 5.095845161562362e-06 0.3584461512578279 0.3584394276504857 6.723607342162818e-06 0.7168906747534751 0.7168788553009714 1.181945250372518e-05
111 0.431640625 0.3594336771285215 0.3594285671297069 5.109998814589733e-06 0.3594353094573253 0.3594285671297069 6.742327618325383e-06 0.7188689865858469 0.7188571342594139 1.185232643297063e-05
112 0.435546875 0.3603687013226201 0.3603635779888006 5.123333819523346e-06 0.3603703380564721 0.3603635779888006 6.760067671474079e-06 0.7207390393790922 0.7207271559776012 1.188340149105294e-05
113 0.439453125 0.3612494553350053 0.3612443194185705 5.135916434750865e-06 0.3612510961751175 0.3612443194185705 6.776756546922336e-06 0.7225005515101228 0.7224886388371411 1.191267298172871e-05
114 0.443359375 0.3620758064582569 0.3620706587825971 5.147675659789019e-06 0.3620774512434242 0.3620706587825971 6.792460827076408e-06 0.724153257701681 0.7241413175651942 1.194013648686543e-05
115 0.447265625 0.3628476303655614 0.3628424716372116 5.158728349885511e-06 0.3628492786967138 0.3628424716372116 6.807059502234036e-06 0.7256969090622752 0.7256849432744231 1.196578785211955e-05
116 0.451171875 0.3635648106799771 0.3635596417502369 5.168929740229089e-06 0.3635664624437016 0.3635596417502369 6.820693464693051e-06 0.7271312731236788 0.7271192835004738 1.198962320492214e-05
117 0.455078125 0.3642272395392148 0.3642220611184922 5.178420722562471e-06 0.3642288943367127 0.3642220611184922 6.833218220481108e-06 0.7284561338759274 0.7284441222369844 1.201163894304358e-05
118 0.458984375 0.3648348170654646 0.364829629984057 5.187081407509453e-06 0.3648364747343935 0.364829629984057 6.844750336409966e-06 0.729671291799858 0.7296592599681141 1.203183174391942e-05
119 0.462890625 0.3653874518308233 0.3653822568492952 5.194981528178211e-06 0.3653891120663213 0.3653822568492952 6.855217026147109e-06 0.7307765638971446 0.7307645136985903 1.205019855432532e-05
120 0.466796875 0.365885060538858 0.3658798584906333 5.202048224683953e-06 0.365886723179013 0.3658798584906333 6.864688379681905e-06 0.731771783717871 0.7317597169812666 1.206673660436586e-05
121 0.470703125 0.3663275683719348 0.3663223599710947 5.208400840062133e-06 0.3663292330136451 0.3663223599710947 6.873042550370467e-06 0.7326568013855799 0.7326447199421894 1.208144339048811e-05
122 0.474609375 0.3667149085455713 0.3667096946515839 5.213893987332519e-06 0.3667165750742881 0.3667096946515839 6.880422704136357e-06 0.7334314836198593 0.7334193893031679 1.209431669146888e-05
123 0.478515625 0.3670470228713654 0.3670418042009229 5.218670442508344e-06 0.3670486908850426 0.3670418042009229 6.886684119689068e-06 0.734095713756408 0.7340836084018458 1.210535456219741e-05
124 0.482421875 0.3673238612147119 0.3673186386046352 5.22261007679381e-06 0.3673255305498961 0.3673186386046352 6.891945260989463e-06 0.7346493917646081 0.7346372772092703 1.211455533778327e-05
125 0.486328125 0.3675453819565723 0.3675401561724776 5.225784094731178e-06 0.3675470523060081 0.3675401561724776 6.896133530498449e-06 0.7350924342625804 0.7350803123449552 1.212191762522963e-05
126 0.490234375 0.3677115516644353 0.3677063235447194 5.228119715816604e-06 0.3677132228653214 0.3677063235447194 6.899320601994052e-06 0.7354247745297566 0.7354126470894389 1.212744031775514e-05
127 0.494140625 0.3678223454346863 0.3678171156971656 5.229737520706657e-06 0.3678240170822204 0.3678171156971656 6.90138505482496e-06 0.7356463625169067 0.7356342313943312 1.213112257558713e-05
128 0.498046875 0.3678777464373437 0.3678725159449254 5.23049241829554e-06 0.3678794184163514 0.3678725159449254 6.902471425984658e-06 0.7357571648536951 0.7357450318898509 1.21329638442802e-05
129 0.501953125 0.3678777464733231 0.3678725159449254 5.230528397681677e-06 0.3678794183803731 0.3678725159449254 6.902435447708744e-06 0.7357571648536962 0.7357450318898509 1.213296384539042e-05
130 0.505859375 0.3678223454228151 0.3678171156971656 5.229725649480432e-06 0.3678240170940968 0.3678171156971656 6.901396931213721e-06 0.7356463625169118 0.7356342313943312 1.213112258069415e-05
131 0.509765625 0.3677115517007271 0.3677063235447194 5.2281560076195e-06 0.3677132228290359 0.3677063235447194 6.899284316463916e-06 0.735424774529763 0.7354126470894389 1.212744032408342e-05
132 0.513671875 0.3675453819201865 0.3675401561724776 5.225747708892392e-06 0.367547052342407 0.3675401561724776 6.896169929437868e-06 0.7350924342625935 0.7350803123449552 1.212191763833026e-05
133 0.517578125 0.3673238612267253 0.3673186386046352 5.222622090128581e-06 0.3673255305378973 0.3673186386046352 6.891933262143102e-06 0.7346493917646226 0.7346372772092703 1.211455535232719e-05
134 0.521484375 0.3670470228355444 0.3670418042009229 5.218634621495521e-06 0.3670486909208815 0.3670418042009229 6.886719958631993e-06 0.7340957137564259 0.7340836084018458 1.2105354580072e-05
135 0.525390625 0.3667149085813683 0.366709694651584 5.213929784364524e-06 0.3667165750385096 0.366709694651584 6.880386925589566e-06 0.7334314836198779 0.733419389303168 1.209431670989858e-05
136 0.529296875 0.3663275683601311 0.3663223599710947 5.208389036448491e-06 0.3663292330254717 0.3663223599710947 6.873054376965726e-06 0.7326568013856027 0.7326447199421894 1.208144341335871e-05
137 0.533203125 0.365885060575091 0.3658798584906333 5.202084457645029e-06 0.3658867231428049 0.3658798584906333 6.864652171589825e-06 0.7317717837178959 0.7317597169812666 1.206673662923485e-05
138 0.537109375 0.3653874517947128 0.3653822568492952 5.194945417674735e-06 0.3653891121024638 0.3653822568492952 6.85525316868052e-06 0.7307765638971766 0.7307645136985903 1.205019858629974e-05
139 0.541015625 0.3648348170772309 0.364829629984057 5.187093173875112e-06 0.3648364747226606 0.364829629984057 6.844738603573042e-06 0.7296712917998915 0.7296592599681141 1.203183177744815e-05
140 0.544921875 0.3642272395036421 0.3642220611184922 5.178385149906539e-06 0.3642288943723213 0.3642220611184922 6.833253829108266e-06 0.7284561338759634 0.7284441222369844 1.20116389790148e-05
141 0.548828125 0.3635648107155229 0.3635596417502369 5.168965286017624e-06 0.3635664624081904 0.3635596417502369 6.820657953487963e-06 0.7271312731237134 0.7271192835004738 1.19896232395611e-05
142 0.552734375 0.3628476303538442 0.3628424716372116 5.15871663264722e-06 0.3628492787084676 0.3628424716372116 6.807071256054176e-06 0.7256969090623118 0.7256849432744231 1.196578788864588e-05
143 0.556640625 0.3620758064940734 0.3620706587825971 5.14771147636095e-06 0.3620774512076431 0.3620706587825971 6.792425045976103e-06 0.7241532577017165 0.7241413175651942 1.194013652228154e-05
144 0.560546875 0.3612494552993004 0.3612443194185705 5.135880729811859e-06 0.3612510962108618 0.3612443194185705 6.776792291218747e-06 0.7225005515101621 0.7224886388371411 1.191267302103061e-05
145 0.564453125 0.3603687013336836 0.3603635779888006 5.12334488306232e-06 0.3603703380454468 0.3603635779888006 6.760056646182289e-06 0.7207390393791304 0.7207271559776012 1.188340152924461e-05
146 0.568359375 0.3594336770934916 0.3594285671297069 5.109963784610816e-06 0.3594353094923924 0.3594285671297069 6.742362685441261e-06 0.7188689865858839 0.7188571342594139 1.185232647005208e-05
147 0.572265625 0.3584445235307485 0.3584394276504857 5.095880262762087e-06 0.3584461512227594 0.3584394276504857 6.723572273659162e-06 0.7168906747535078 0.7168788553009714 1.181945253636574e-05
148 0.576171875 0.3574013894913731 0.3573963085119041 5.080979468941038e-06 0.3574030123171332 0.3573963085119041 6.7038052290469e-06 0.7148044018085062 0.7147926170238083 1.178478469798794e-05
149 0.580078125 0.3563044321379153 0.3562993668038676 5.065334047649195e-06 0.3563060497980094 0.3562993668038676 6.682994141748999e-06 0.7126104819359247 0.7125987336077353 1.174832818939819e-05
150 0.583984375 0.3551538165978417 0.3551487677217626 5.048876079161158e-06 0.3551554289342051 0.3551487677217626 6.661212442526931e-06 0.7103092455320468 0.7102975354435251 1.171008852163258e-05
151 0.587890625 0.3539497162666052 0.3539446845415783 5.031725026860556e-06 0.3539513228880179 0.3539446845415783 6.638346439602483e-06 0.7079010391546232 0.7078893690831567 1.167007146651855e-05
152 0.591796875 0.3526923123376046 0.3526872985938131 5.013743791415504e-06 0.3526939131330923 0.3526872985938131 6.614539279192755e-06 0.7053862254706968 0.7053745971876263 1.162828307055275e-05
153 0.595703125 0.3513817943095907 0.3513767992361654 4.9950734252735e-06 0.3513833888923866 0.3513767992361654 6.589656221134277e-06 0.7027651832019772 0.7027535984723309 1.158472964635227e-05
154 0.599609375 0.3500183594275553 0.3500133838250183 4.975602537038437e-06 0.3500199476402565 0.3500133838250183 6.563815238169735e-06 0.7000383070678118 0.7000267676500366 1.153941777520817e-05
155 0.603515625 0.3486022130872612 0.3485972576857175 4.955401543660365e-06 0.348603794638476 0.3485972576857175 6.536952758484649e-06 0.6972060077257372 0.6971945153714351 1.14923543020895e-05
156 0.607421875 0.3471335684878259 0.3471286340816507 4.934406175216566e-06 0.3471351432218148 0.3471286340816507 6.509140164090432e-06 0.6942687117096408 0.6942572681633015 1.1443546339307e-05
157 0.611328125 0.3456126469155242 0.3456077341821307 4.912733393536151e-06 0.3456142144499919 0.3456077341821307 6.480267861153077e-06 0.6912268613655161 0.6912154683642614 1.139300125474474e-05
158 0.615234375 0.3440396772792909 0.344034787029088 4.890250202838065e-06 0.3440412375055712 0.344034787029088 6.450476483177425e-06 0.6880809147848621 0.688069574058176 1.1340726686071e-05
159 0.619140625 0.3424148965975082 0.3424100295025782 4.867094930083304e-06 0.3424164491381783 0.3424100295025782 6.419635600107831e-06 0.6848313457356865 0.6848200590051563 1.128673053019114e-05
160 0.623046875 0.3407385494453002 0.3407337062851083 4.843160191891904e-06 0.3407400941458625 0.3407337062851083 6.387860754242247e-06 0.6814786435911627 0.6814674125702166 1.123102094613415e-05
161 0.626953125 0.3390108883385933 0.3390060698247889 4.818513804349944e-06 0.3390124249173327 0.3390060698247889 6.355092543819385e-06 0.678023313255926 0.6780121396495778 1.117360634816933e-05
162 0.630859375 0.337232173392903 0.3372273802973163 4.793095586708152e-06 0.3372337016971437 0.3372273802973163 6.321399827369234e-06 0.6744658750900467 0.6744547605946326 1.11144954141329e-05
163 0.634765625 0.3354026725862219 0.3353979055667907 4.767019431195507e-06 0.3354041922444284 0.3353979055667907 6.286677637745708e-06 0.6708068648306502 0.6707958111335813 1.10536970688857e-05
164 0.638671875 0.3335226613023348 0.3335179211453771 4.74015695772767e-06 0.3335241722089179 0.3335179211453771 6.251063540796409e-06 0.6670468335112527 0.6670358422907542 1.099122049852408e-05
165 0.642578125 0.3315924227949637 0.3315877101518144 4.712643149273887e-06 0.3315939245838052 0.3315877101518144 6.214431990725355e-06 0.6631863473787689 0.6631754203036289 1.092707514005475e-05
166 0.646484375 0.3296122476438488 0.3296075632687783 4.684375070451718e-06 0.3296137401643951 0.3296075632687783 6.176895616771816e-06 0.6592259878082438 0.6592151265375567 1.086127068716802e-05
167 0.650390625 0.3275824341169007 0.3275777786991059 4.655417794874328e-06 0.32758391709839 0.3275777786991059 6.138399284094653e-06 0.6551663512152908 0.6551555573982117 1.079381707902449e-05
168 0.654296875 0.3255032878363123 0.3254986621208871 4.625715425199406e-06 0.325504761129972 0.3254986621208871 6.099009084881146e-06 0.6510080489662842 0.6509973242417741 1.072472451002504e-05
169 0.658203125 0.3233751220196834 0.323370526641431 4.595378252425508e-06 0.3233765852665918 0.323370526641431 6.058625160787479e-06 0.6467517072862752 0.646741053282862 1.065400341315748e-05
170 0.662109375 0.3211982570331459 0.3211936927501131 4.564283032748584e-06 0.3211997101315553 0.3211936927501131 6.017381442235958e-06 0.6423979671647012 0.6423873855002262 1.058166447498454e-05
171 0.666015625 0.3189730208309409 0.3189684882701103 4.532560830605714e-06 0.3189744634279025 0.3189684882701103 5.975157792215136e-06 0.6379474842588433 0.6379369765402205 1.050771862276534e-05
172 0.669921875 0.3166997484222758 0.3166952483090321 4.500113243655068e-06 0.3167011803728187 0.3166952483090321 5.932063786628916e-06 0.6334009287950946 0.6333904966180642 1.04321770303395e-05
173 0.673828125 0.3143787822121136 0.3143743152084555 4.467003658137347e-06 0.3143802032559045 0.3143743152084555 5.888047448998623e-06 0.6287589854680181 0.628748630416911 1.035505110713597e-05
174 0.677734375 0.3120104716715323 0.312006038492368 4.4331791643204e-06 0.312011881665714 0.312006038492368 5.843173346009589e-06 0.6240223533372462 0.6240120769847359 1.027635251027448e-05
175 0.681640625 0.3095951735610689 0.309590774814532 4.39874653695993e-06 0.3095965721611192 0.309590774814532 5.797346587288477e-06 0.6191917457221882 0.6191815496290639 1.019609312424841e-05
176 0.685546875 0.3071332514930967 0.3071288879047732 4.363588323452738e-06 0.3071346386015249 0.3071288879047732 5.750696751682938e-06 0.6142678900946216 0.6142577758095464 1.011428507513568e-05
177 0.689453125 0.304625076344924 0.3046207485142049 4.327830719130787e-06 0.3046264516242085 0.3046207485142049 5.703110003640877e-06 0.6092515279691326 0.6092414970284098 1.003094072282718e-05
178 0.693359375 0.3020710257400253 0.3020667343593935 4.291380631793462e-06 0.3020723890514228 0.3020667343593935 5.65469202928881e-06 0.604143414791448 0.6041334687187869 9.946072661026761e-06
179 0.697265625 0.2994714843649481 0.2994672300654763 4.254299471762035e-06 0.2994728354597138 0.2994672300654763 5.60539423749562e-06 0.5989443198246619 0.5989344601309526 9.859693709257655e-06
180 0.701171875 0.2968268436457162 0.2968226271082383 4.216537477841342e-06 0.296828182387682 0.2968226271082383 5.55527944373635e-06 0.5936550260333981 0.5936452542164766 9.771816921522181e-06
181 0.705078125 0.2941375019522932 0.2941333237551573 4.178197135940032e-06 0.2941388280135915 0.2941333237551573 5.504258434207987e-06 0.5882763299658846 0.5882666475103145 9.682455570092507e-06
182 0.708984375 0.2914038641731826 0.291399725005426 4.139167756656015e-06 0.2914051774608272 0.291399725005426 5.452455401233625e-06 0.5828090416340099 0.582799450010852 9.591623157945151e-06
183 0.712890625 0.2886263420990056 0.2886222425289614 4.099570044213685e-06 0.2886276422923233 0.2886222425289614 5.399763361946253e-06 0.5772539843913289 0.5772444850579228 9.499333406104427e-06
184 0.716796875 0.2858053539207216 0.285801294604408 4.059316313587136e-06 0.2858066408883564 0.285801294604408 5.346283948381991e-06 0.571611994809078 0.571602589208816 9.405600261969127e-06
185 0.720703125 0.2829413245220424 0.2829373060561469 4.018465895483381e-06 0.2829425980281351 0.2829373060561469 5.291971988174993e-06 0.5658839225501775 0.5658746121122938 9.310437883658373e-06
186 0.724609375 0.2800346851628626 0.2800307081903191 3.976972543451307e-06 0.2800359450784285 0.2800307081903191 5.236888109383386e-06 0.560070630241291 0.5600614163806382 9.213860652779182e-06
187 0.728515625 0.2770858736636622 0.2770819387298716 3.934933790583628e-06 0.2770871196792388 0.2770819387298716 5.180949367189491e-06 0.554172993342901 0.5541638774597433 9.115883157773119e-06
188 0.732421875 0.2740953339949398 0.2740914417486389 3.892246300929436e-06 0.2740965660225398 0.2740914417486389 5.124273900869447e-06 0.5481919000174796 0.5481828834972778 9.016520201798883e-06
189 0.736328125 0.2710635166289846 0.2710596676044664 3.849024518165489e-06 0.2710647343667466 0.2710596676044664 5.066762280181436e-06 0.5421282509957313 0.5421193352089329 8.915786798402436e-06
190 0.740234375 0.2679908780580184 0.2679870728713885 3.80518662984608e-06 0.2679920813829271 0.2679870728713885 5.008511538562299e-06 0.5359829594409454 0.535974145742777 8.813698168408379e-06
191 0.744140625 0.2648778810609046 0.2648741202708701 3.760790034501582e-06 0.2648790697505694 0.2648741202708701 4.949479699312143e-06 0.529756950811474 0.5297482405417402 8.710269733813725e-06
192 0.748046875 0.261724994393807 0.2617212786021225 3.715791684510972e-06 0.2617261683275636 0.2617212786021225 4.889725441103998e-06 0.5234511627213705 0.5234425572042449 8.605517125559459e-06
193 0.751953125 0.2585326929554755 0.2585290226715037 3.670283971801691e-06 0.2585338518437008 0.2585290226715037 4.829172197073905e-06 0.5170665447991764 0.5170580453430075 8.499456168875597e-06
194 0.755859375 0.2553014573922547 0.2552978332210153 3.624171239391405e-06 0.2553026011526642 0.2552978332210153 4.767931648885781e-06 0.510604058544919 0.5105956664420307 8.392102888277186e-06
195 0.759765625 0.2520317744171054 0.2520281968559031 3.577561202339208e-06 0.2520329027682046 0.2520281968559031 4.705912301505855e-06 0.5040646771853099 0.5040563937118061 8.283473503789551e-06
196 0.763671875 0.2487241363510665 0.2487206059713768 3.530379689697938e-06 0.2487252491761183 0.2487206059713768 4.643204741500151e-06 0.4974493855271849 0.4974412119427536 8.173584431225844e-06
197 0.767578125 0.2453790413564997 0.2453755586784576 3.482678042010523e-06 0.2453801384526882 0.2453755586784576 4.579774230517586e-06 0.4907591798091878 0.4907511173569153 8.062452272528109e-06
198 0.771484375 0.241996993149234 0.2419935587289637 3.434420270315153e-06 0.2419980744025164 0.2419935587289637 4.515673552724087e-06 0.4839950675517504 0.4839871174579274 7.950093823039239e-06
199 0.775390625 0.2385785011315995 0.2385751154396474 3.385691952101366e-06 0.2385795662737517 0.2385751154396474 4.450834104274826e-06 0.4771580674053512 0.4771502308792948 7.836526056348436e-06
200 0.779296875 0.2351240800211935 0.2351207436154942 3.336405699355671e-06 0.2351251289759282 0.2351207436154942 4.385360434011609e-06 0.4702492089971217 0.4702414872309884 7.721766133395036e-06
201 0.783203125 0.2316342501340101 0.2316309634721945 3.28666181553805e-06 0.2316352826417723 0.2316309634721945 4.319169577798876e-06 0.4632695327757824 0.4632619269443891 7.605831393364682e-06
202 0.787109375 0.2281095369502333 0.2281063005578016 3.236392431743562e-06 0.2281105529047271 0.2281063005578016 4.252346925526229e-06 0.4562200898549604 0.4562126011156032 7.488739357242036e-06
203 0.791015625 0.2245504713212876 0.2245472856735856 3.185647701992034e-06 0.2245514705335993 0.2245472856735856 4.184860013717318e-06 0.4491019418548868 0.4490945713471711 7.370507715709351e-06
204 0.794921875 0.2209575891880237 0.2209544547940968 3.134393926934598e-06 0.2209585715545069 0.2209544547940968 4.116760410122211e-06 0.4419161607425306 0.4419089095881936 7.251154337029053e-06
205 0.798828125 0.2173314316973836 0.2173283489864505 3.082710933050015e-06 0.2173323969727702 0.2173283489864505 4.047986319699604e-06 0.4346638286701537 0.434656697972901 7.130697252721863e-06
206 0.802734375 0.2136725448489911 0.2136695143288434 3.030520147689897e-06 0.2136734929633617 0.2136695143288434 3.978634518314594e-06 0.4273460378123528 0.4273390286576867 7.009154666004491e-06
207 0.806640625 0.209981479742179 0.2099785018283165 2.977913862417525e-06 0.2099824104593966 0.2099785018283165 3.908631080018488e-06 0.4199638902015755 0.4199570036566331 6.886544942463768e-06
208 0.810546875 0.2062587921689736 0.2062558673377761 2.92483119748721e-06 0.2062597053931897 0.2062558673377761 3.838055413596386e-06 0.4125184975621632 0.4125117346755521 6.762886611055841e-06
209 0.814453125 0.2025050427924467 0.2025021714722831 2.871320163522206e-06 0.2025059383504769 0.2025021714722831 3.766878193811607e-06 0.4050109811429236 0.4050043429445663 6.638198357333813e-06
210 0.818359375 0.1987207968746547 0.198717979524628 2.817350026718124e-06 0.1987216746736269 0.198717979524628 3.695148998839048e-06 0.3974424715482816 0.397435959049256 6.512499025557172e-06
211 0.822265625 0.1949066243746388 0.1949038613801987 2.762994440047573e-06 0.194907484193366 0.1949038613801987 3.622813167236671e-06 0.3898141085680047 0.3898077227603974 6.385807607256488e-06
212 0.826171875 0.1910630996150732 0.1910603914311583 2.708183914956752e-06 0.1910639413904918 0.1910603914311583 3.549959333548625e-06 0.382127041005565 0.3821207828623165 6.258143248505377e-06
213 0.830078125 0.1871908014923914 0.1871881484899437 2.653002447727815e-06 0.1871916250127371 0.1871881484899437 3.476522793477432e-06 0.3743824265051285 0.3743762969798873 6.129525241205247e-06
214 0.833984375 0.1832903130991428 0.1832877157020984 2.597397044334926e-06 0.1832911182780773 0.1832877157020984 3.4025759788614e-06 0.36658143137722 0.3665754314041968 5.999973023196326e-06
215 0.837890625 0.1793622218693011 0.1793596804584538 2.541410847323178e-06 0.1793630085537775 0.1793596804584538 3.328095323718028e-06 0.3587252304230786 0.3587193609169076 5.869506171041206e-06
216 0.841796875 0.1754071193257143 0.1754046343066689 2.485019045372905e-06 0.1754078874320268 0.1754046343066689 3.253125357899345e-06 0.350815006757741 0.3508092686133378 5.738144403244494e-06
217 0.845703125 0.1714256011495894 0.1714231728621464 2.428287443068111e-06 0.1714263504822721 0.1714231728621464 3.177620125721647e-06 0.3428519516318616 0.3428463457242927 5.605907568817514e-06
218 0.849609375 0.1674182668746966 0.1674158957183348 2.371156361841154e-06 0.1674189973776261 0.1674158957183348 3.101659291321335e-06 0.3348372642523227 0.3348317914366696 5.472815653162488e-06
219 0.853515625 0.1633857200572336 0.1633834063564321 2.313700801503948e-06 0.1633864315443996 0.1633834063564321 3.025187967548026e-06 0.3267721516016332 0.3267668127128641 5.33888876907973e-06
220 0.857421875 0.1593285679293749 0.1593263120545035 2.255874871431862e-06 0.1593292603267905 0.1593263120545035 2.948272287001119e-06 0.3186578282561653 0.3186526241090069 5.204147158432981e-06
221 0.861328125 0.1552474215164796 0.1552452237960277 2.197720451929674e-06 0.1552480946867581 0.1552452237960277 2.870890730366504e-06 0.3104955162032377 0.3104904475920554 5.068611182268423e-06
222 0.865234375 0.1511428953925802 0.1511407561778851 2.13921469516265e-06 0.1511435492645171 0.1511407561778851 2.793086632063568e-06 0.3022864446570973 0.3022815123557701 4.932301327198463e-06
223 0.869140625 0.1470156077345765 0.1470135273178014 2.080416775102067e-06 0.1470162421392183 0.1470135273178014 2.71482141689372e-06 0.2940318498737948 0.2940270546356029 4.795238191968032e-06
224 0.873046875 0.142866180038211 0.142864158761262 2.02127694901022e-06 0.142866794926805 0.142864158761262 2.636165543051794e-06 0.285732974965016 0.285728317522524 4.657442492062014e-06
225 0.876953125 0.1386952372488589 0.1386932753879086 1.961860950305816e-06 0.1386958324620115 0.1386932753879086 2.557074102904622e-06 0.2773910697108705 0.2773865507758173 4.518935053210438e-06
226 0.880859375 0.1345034074483518 0.134501505317436 1.902130915887312e-06 0.1345039829233297 0.134501505317436 2.477605893697055e-06 0.2690073903716815 0.2690030106348719 4.379736809612123e-06
227 0.884765625 0.1302913219398915 0.1302894798149979 1.842124893541852e-06 0.1302918775589034 0.1302894798149979 2.397743905480088e-06 0.2605831994987948 0.2605789596299958 4.239868798994184e-06
228 0.888671875 0.1260596150206006 0.1260578331961421 1.78182445856323e-06 0.1260601507238465 0.1260578331961421 2.317527704409628e-06 0.2521197657444472 0.2521156663922842 4.099352163000614e-06
229 0.892578125 0.1218089240125104 0.1218072027312841 1.72128122635784e-06 0.1218094396581954 0.1218072027312841 2.236926911328152e-06 0.2436183636707058 0.2436144054625682 3.958208137672115e-06
230 0.896484375 0.1175398890052375 0.1175382285497368 1.66045550069327e-06 0.1175403845522935 0.1175382285497368 2.156002556652492e-06 0.235080273557531 0.2350764570994737 3.816458057331884e-06
231 0.900390625 0.1132531529466112 0.1132515535433096 1.599403301633107e-06 0.1132536282633543 0.1132515535433096 2.074720044722977e-06 0.2265067812099655 0.2265031070866192 3.674123346369962e-06
232 0.904296875 0.1089493613656238 0.1089478232694907 1.538096133152367e-06 0.1089498163988768 0.1089478232694907 1.993129386118619e-06 0.2178991777645006 0.2178956465389814 3.531225519270986e-06
233 0.908203125 0.1046291624193251 0.104627685854229 1.476565096136806e-06 0.1046295970753079 0.104627685854229 1.911221078898517e-06 0.209258759494633 0.209255371708458 3.387786175035323e-06
234 0.912109375 0.1002932066935531 0.1002917918943285 1.414799224636054e-06 0.1002936209220998 0.1002917918943285 1.82902777130789e-06 0.2005868276156529 0.200583583788657 3.243826995930066e-06
235 0.916015625 0.09594214720056826 0.09594079435947092 1.352841097340685e-06 0.09594254088811437 0.09594079435947092 1.746528643445378e-06 0.1918846880886826 0.1918815887189418 3.09936974079994e-06
236 0.919921875 0.09157663915530144 0.09157534849388063 1.290661420808026e-06 0.09157701226870596 0.09157534849388063 1.663774825327868e-06 0.1831536514240074 0.1831506969877613 2.954436246149772e-06
237 0.923828125 0.08719734002403361 0.08719611171764792 1.228306385686606e-06 0.08719769245968144 0.08719611171764792 1.580742033518989e-06 0.174395032483715 0.1743922234352958 2.809048419205595e-06
238 0.927734375 0.08280490928390097 0.08280374352772304 1.165756177923249e-06 0.08280524099978322 0.08280374352772304 1.497472060171812e-06 0.1656101502836842 0.1656074870554461 2.663228238108939e-06
239 0.931640625 0.07840000843514683 0.07839890539859901 1.103036547822622e-06 0.07840031935979619 0.07839890539859901 1.413961197183067e-06 0.156800327794943 0.156797810797198 2.516997745005689e-06
240 0.935546875 0.07398330082504165 0.07398226068269578 1.040142345865025e-06 0.07398359091939591 0.07398226068269578 1.330236700125553e-06 0.1479668917444376 0.1479645213653916 2.370379045990578e-06
241 0.939453125 0.06955545161804012 0.06955447451046187 9.771075782510907e-07 0.0695557207971878 0.06955447451046187 1.246286725931078e-06 0.1391111724152279 0.1391089490209237 2.223394304168291e-06
242 0.943359375 0.06511712760364372 0.06511621369020816 9.139134355545808e-07 0.06511737584251223 0.06511621369020816 1.162152304071129e-06 0.1302345034461559 0.1302324273804163 2.07606573962571e-06
243 0.947265625 0.06066899720358448 0.06066814660768895 8.505958955309922e-07 0.06066922442741782 0.06066814660768895 1.077819728870222e-06 0.1213382216310023 0.1213362932153779 1.928415624394275e-06
244 0.951171875 0.05621173026918808 0.05621094312544561 7.871437424714078e-07 0.05621193644798324 0.05621094312544561 9.933225376262955e-07 0.1124236667171713 0.1124218862508912 1.780466280104642e-06
245 0.955078125 0.05174599806020583 0.05174527448192768 7.235782781486733e-07 0.0517461831437226 0.05174527448192768 9.086617949183307e-07 0.1034921812039284 0.1034905489638554 1.632240073060065e-06
246 0.958984375 0.04727247308955736 0.04727181319040668 6.598991506776009e-07 0.04727263705066927 0.04727181319040668 8.238602625942892e-07 0.09454511014022662 0.09454362638081336 1.483759413264951e-06
247 0.962890625 0.04279182906949772 0.04279123293769876 5.961317989591763e-07 0.0427919718526468 0.04279123293769876 7.389149480341306e-07 0.08558380092214452 0.08558246587539753 1.335046746986368e-06
248 0.966796875 0.03830474075086448 0.03830420848270896 5.322681555230968e-07 0.03830486233911155 0.03830420848270896 6.538564025909688e-07 0.07660960308997602 0.07660841696541791 1.186124558114066e-06
249 0.970703125 0.03381188388861568 0.0338114155548156 4.683338000743831e-07 0.03381198423637735 0.0338114155548156 5.686815617508834e-07 0.06762386812499302 0.0676228311096312 1.037015361818328e-06
250 0.974609375 0.02931393507835403 0.02931353075210786 4.043262461783659e-07 0.02931401416756411 0.02931353075210786 4.834154562517734e-07 0.05862794924591815 0.05862706150421571 8.877417024336087e-07
251 0.978515625 0.02481157170131921 0.02481123143949248 3.402618267249469e-07 0.02481162950381467 0.02481123143949248 3.980643221886127e-07 0.04962320120513388 0.04962246287898497 7.383261489135595e-07
252 0.982421875 0.02030547179206068 0.0203051956466852 2.761453754829279e-07 0.0203055082926026 0.0203051956466852 3.126459173982687e-07 0.04061098008466328 0.0406103912933704 5.887912928811967e-07
253 0.986328125 0.01579631395991398 0.01579610196610191 2.119938120707932e-07 0.01579632913203341 0.01579610196610191 2.271659314961871e-07 0.03159264309194738 0.03159220393220382 4.391597435635108e-07
254 0.990234375 0.01128477725957224 0.01128462945066515 1.478089070826305e-07 0.01128477109588391 0.01128462945066515 1.416452187590067e-07 0.02256954835545615 0.02256925890133031 2.894541258416372e-07
255 0.994140625 0.006771541117663425 0.006771457511541256 8.360612216862934e-08 0.00677151360249499 0.006771457511541256 5.609095373414197e-08 0.01354305472015841 0.01354291502308251 1.396970759019039e-07
256 0.998046875 0.002257285209397354 0.002257265815823499 1.939357385447038e-08 0.002257236333487859 0.002257265815823499 -2.948233564009292e-08 0.004514521542885213 0.004514531631646998 -1.008876178518886e-08
