# P x_center tau_U tau_V tau_Psi
1 0.015625 0.02959641864120499 -9.025795009165449e-07 0.02959551606170407
2 0.046875 -0.0002165812278462909 -2.699046149245987e-06 -0.0002192802739955368
3 0.078125 -0.0003586504159329706 -4.469519581107306e-06 -0.000363119935514078
4 0.109375 -0.0004972656047357304 -6.196949016157305e-06 -0.0005034625537518878
5 0.140625 -0.0006310918536200916 -7.864698545745341e-06 -0.0006389565521658369
6 0.171875 -0.0007588403432237101 -9.456706720811781e-06 -0.0007682970499445219
7 0.203125 -0.0008792807857389562 -1.095764173442149e-05 -0.0008902384274733777
8 0.234375 -0.0009912532727867074 -1.235304853253183e-05 -0.001003606321319239
9 0.265625 -0.001093679450150375 -1.362948887617677e-05 -0.001107308939026552
10 0.296875 -0.001185572894428333 -1.477466958021978e-05 -0.001200347564008553
11 0.328125 -0.001266048626348493 -1.577756211190717e-05 -0.0012818261884604
12 0.359375 -0.001334331616362761 -1.662850763750612e-05 -0.001350960124000267
13 0.390625 -0.001389764262967219 -1.731931251924834e-05 -0.001407083575486467
14 0.421875 -0.001431812721421011 -1.784332243914832e-05 -0.001449656043860159
15 0.453125 -0.001460072039208171 -1.819549152060063e-05 -0.001478267530728772
16 0.484375 -0.001474270065955352 -1.837242780311499e-05 -0.001492642493758467
17 0.515625 -0.001474270065955352 -1.837242780311499e-05 -0.001492642493758467
18 0.546875 -0.001460072039662919 -1.819549152060063e-05 -0.001478267531183519
19 0.578125 -0.001431812721421011 -1.784332243914832e-05 -0.001449656043860159
20 0.609375 -0.001389764262512472 -1.731931251924834e-05 -0.00140708357503172
21 0.640625 -0.001334331615908013 -1.662850763750612e-05 -0.001350960123545519
22 0.671875 -0.001266048626348493 -1.577756211190717e-05 -0.0012818261884604
23 0.703125 -0.001185572894428333 -1.477466912547243e-05 -0.001200347563553805
24 0.734375 -0.001093679449695628 -1.362948842142941e-05 -0.001107308938117058
25 0.765625 -0.0009912532727867074 -1.235304853253183e-05 -0.001003606321319239
26 0.796875 -0.0008792807852842088 -1.095764127967414e-05 -0.000890238426563883
27 0.828125 -0.0007588403432237101 -9.456706493438105e-06 -0.0007682970497171482
28 0.859375 -0.0006310918538474652 -7.864698773119017e-06 -0.0006389565526205843
29 0.890625 -0.0004972656049631041 -6.19694924353098e-06 -0.0005034625542066351
30 0.921875 -0.0003586504160466575 -4.469519581107306e-06 -0.0003631199356277648
31 0.953125 -0.0002165812279599777 -2.699046149245987e-06 -0.0002192802741092237
32 0.984375 0.02959641864111973 -9.025795293382544e-07 0.02959551606159039
