# P x_center tau_U tau_V tau_Psi
1 0.0078125 0.01483877591232385 -1.128535700445354e-07 0.01483866305875381
2 0.0234375 -2.715265918595833e-05 -3.382888280611951e-07 -2.749094801401952e-05
3 0.0390625 -4.518174455370172e-05 -5.629092356684851e-07 -4.57446537893702e-05
4 0.0546875 -6.310198386927368e-05 -7.861735866754316e-07 -6.388815745594911e-05
5 0.0703125 -8.087020341918105e-05 -1.00754323284491e-06 -8.187774665202596e-05
6 0.0859375 -9.84436023827584e-05 -1.226487256644759e-06 -9.967008963940316e-05
7 0.1015625 -0.0001157798387794173 -1.442475877411198e-06 -0.0001172223146568285
8 0.1171875 -0.0001328371536146733 -1.65498840942746e-06 -0.0001344921420241008
9 0.1328125 -0.0001495744509156793 -1.86351371667115e-06 -0.0001514379646323505
10 0.1484375 -0.0001659514109633164 -2.067551577056292e-06 -0.0001680189625403727
11 0.1640625 -0.0001819285798774217 -2.266607225465123e-06 -0.0001841951871028868
12 0.1796875 -0.000197467465113732 -2.460202267684508e-06 -0.0001999276673814165
13 0.1953125 -0.0002125306364177959 -2.647871951921843e-06 -0.0002151785083697177
14 0.2109375 -0.0002270818022225285 -2.829163349815644e-06 -0.0002299109655723441
15 0.2265625 -0.0002410859069641447 -3.003635356435552e-06 -0.0002440895423205802
16 0.2421875 -0.0002545092156651663 -3.170873242197558e-06 -0.0002576800889073638
17 0.2578125 -0.0002673193866939982 -3.330471372464672e-06 -0.0002706498580664629
18 0.2734375 -0.000279485568171367 -3.482051397440955e-06 -0.000282967619568808
19 0.2890625 -0.0002909784379880875 -3.625234967330471e-06 -0.000294603672955418
20 0.3046875 -0.0003017703184013953 -3.759691026061773e-06 -0.0003055300094274571
21 0.3203125 -0.000311835203319788 -3.885083060595207e-06 -0.0003157202863803832
22 0.3359375 -0.000321148858347442 -4.001121851615608e-06 -0.0003251499801990576
23 0.3515625 -0.0003296888335171388 -4.107521817786619e-06 -0.0003337963553349255
24 0.3671875 -0.0003374345560587244 -4.20402102463413e-06 -0.0003416385770833585
25 0.3828125 -0.0003443673722358653 -4.290397555450909e-06 -0.0003486577697913162
26 0.3984375 -0.00035047057463089 -4.366431312519126e-06 -0.0003548370059434092
27 0.4140625 -0.0003557294658094179 -4.431953129824251e-06 -0.0003601614189392421
28 0.4296875 -0.0003601313728722744 -4.486793841351755e-06 -0.0003646181667136261
29 0.4453125 -0.0003636656947492156 -4.5308315748116e-06 -0.0003681965263240272
30 0.4609375 -0.0003663239076558966 -4.56394991488196e-06 -0.0003708878575707786
31 0.4765625 -0.0003680996214825427 -4.586072464007884e-06 -0.0003726856939465506
32 0.4921875 -0.0003689885415951721 -4.597144652507268e-06 -0.0003735856862476794
33 0.5078125 -0.0003689885415951721 -4.597144652507268e-06 -0.0003735856862476794
34 0.5234375 -0.0003680996214825427 -4.586072464007884e-06 -0.0003726856939465506
35 0.5390625 -0.000366323909474886 -4.56394991488196e-06 -0.000370887859389768
36 0.5546875 -0.0003636656947492156 -4.5308315748116e-06 -0.0003681965263240272
37 0.5703125 -0.0003601313728722744 -4.486793841351755e-06 -0.0003646181667136261
38 0.5859375 -0.0003557294639904285 -4.431953129824251e-06 -0.0003601614171202527
39 0.6015625 -0.00035047057463089 -4.366431312519126e-06 -0.0003548370059434092
40 0.6171875 -0.0003443673740548547 -4.290397555450909e-06 -0.0003486577716103056
41 0.6328125 -0.000337434554239735 -4.20402102463413e-06 -0.0003416385752643691
42 0.6484375 -0.0003296888316981494 -4.107519998797216e-06 -0.0003337963516969467
43 0.6640625 -0.0003211488547094632 -4.001120032626204e-06 -0.0003251499747420894
44 0.6796875 -0.0003118352051387774 -3.88508487958461e-06 -0.000315720290018362
45 0.6953125 -0.0003017703202203847 -3.759691026061773e-06 -0.0003055300112464465
46 0.7109375 -0.0002909784379880875 -3.625234967330471e-06 -0.000294603672955418
47 0.7265625 -0.0002794855663523776 -3.482047759462148e-06 -0.0002829676141118398
48 0.7421875 -0.0002673193866939982 -3.330471372464672e-06 -0.0002706498580664629
49 0.7578125 -0.0002545092120271875 -3.170871423208155e-06 -0.0002576800834503956
50 0.7734375 -0.0002410859069641447 -3.003635356435552e-06 -0.0002440895423205802
51 0.7890625 -0.0002270818004035391 -2.829163349815644e-06 -0.0002299109637533547
52 0.8046875 -0.0002125306364177959 -2.647873770911247e-06 -0.0002151785101887072
53 0.8203125 -0.000197467465113732 -2.460202267684508e-06 -0.0001999276673814165
54 0.8359375 -0.0001819285807869164 -2.266608134959824e-06 -0.0001841951889218763
55 0.8515625 -0.0001659514118728111 -2.067552486550994e-06 -0.0001680189643593621
56 0.8671875 -0.0001495744509156793 -1.86351371667115e-06 -0.0001514379646323505
57 0.8828125 -0.0001328371536146733 -1.65498840942746e-06 -0.0001344921420241008
58 0.8984375 -0.0001157798387794173 -1.442475877411198e-06 -0.0001172223146568285
59 0.9140625 -9.844360192801105e-05 -1.226486801897408e-06 -9.967008872990846e-05
60 0.9296875 -8.087020432867575e-05 -1.007544142339611e-06 -8.187774847101537e-05
61 0.9453125 -6.310198386927368e-05 -7.861735866754316e-07 -6.388815745594911e-05
62 0.9609375 -4.518174478107539e-05 -5.629092356684851e-07 -4.574465401674388e-05
63 0.9765625 -2.715265895858465e-05 -3.382890554348705e-07 -2.749094801401952e-05
64 0.9921875 0.01483877591203964 -1.128536268879543e-07 0.01483866305841275
