# P x_center tau_U tau_V tau_Psi
1 0.00390625 0.007424461888263068 -1.410762706655078e-08 0.007424447780636001
2 0.01171875 -3.396585725568002e-06 -4.231424099998549e-08 -3.438899966567988e-06
3 0.01953125 -5.65870186619577e-06 -7.049447958706878e-08 -5.729196345782839e-06
4 0.02734375 -7.917409675428644e-06 -9.863379091257229e-08 -8.016043466341216e-06
5 0.03515625 -1.017134854919277e-05 -1.267117113457061e-07 -1.029806026053848e-05
6 0.04296875 -1.241916197614046e-05 -1.547159627079964e-07 -1.257387793884845e-05
7 0.05078125 -1.465949389967136e-05 -1.826247171266004e-07 -1.484211861679796e-05
8 0.05859375 -1.689099372015335e-05 -2.104243321809918e-07 -1.710141805233434e-05
9 0.06640625 -1.91123199329013e-05 -2.380966179771349e-07 -1.935041655087844e-05
10 0.07421875 -2.132213558070362e-05 -2.656270225998014e-07 -2.158776260330342e-05
11 0.08203125 -2.351910370634869e-05 -2.929973561549559e-07 -2.381210106250364e-05
12 0.08984375 -2.570190918049775e-05 -3.201894287485629e-07 -2.602209860924631e-05
13 0.09765625 -2.786922777886502e-05 -3.471868694759905e-07 -2.821641464834101e-05
14 0.10546875 -3.001976438099518e-05 -3.739842213690281e-07 -3.039374860236421e-05
15 0.11328125 -3.215221295249648e-05 -4.005451046396047e-07 -3.255275805713609e-05
16 0.12109375 -3.426529656280763e-05 -4.268695192877203e-07 -3.469216608209535e-05
17 0.12890625 -3.635774555732496e-05 -4.529429133981466e-07 -3.681068847072311e-05
18 0.13671875 -3.842829028144479e-05 -4.787361831404269e-07 -3.890702646458521e-05
19 0.14453125 -4.047568654641509e-05 -5.042420525569469e-07 -4.097992859897204e-05
20 0.15234375 -4.249869380146265e-05 -5.294386937748641e-07 -4.302813249523751e-05
21 0.16015625 -4.449611151358113e-05 -5.543261067941785e-07 -4.505043762037531e-05
22 0.16796875 -4.646672459784895e-05 -5.788788257632405e-07 -4.704560342361219e-05
23 0.17578125 -4.840934707317501e-05 -6.030786607880145e-07 -4.901242573396303e-05
24 0.18359375 -5.032281114836223e-05 -6.269110599532723e-07 -5.094972220831551e-05
25 0.19140625 -5.220596358412877e-05 -6.503760232590139e-07 -5.285633960738778e-05
26 0.19921875 -5.405765841715038e-05 -6.734408088959754e-07 -5.473109922604635e-05
27 0.20703125 -5.587680061580613e-05 -6.960981409065425e-07 -5.657289875671268e-05
28 0.21484375 -5.766228423453867e-05 -7.183480192907155e-07 -5.838063225382939e-05
29 0.22265625 -5.941303970757872e-05 -7.401540642604232e-07 -6.015319377183914e-05
30 0.23046875 -6.112799019319937e-05 -7.615235517732799e-07 -6.188951374497265e-05
31 0.23828125 -6.280613160924986e-05 -7.824273779988289e-07 -6.358855898724869e-05
32 0.24609375 -6.44464380457066e-05 -8.028582669794559e-07 -6.524929631268606e-05
33 0.25390625 -6.604793452424929e-05 -8.228162187151611e-07 -6.687075074296445e-05
34 0.26171875 -6.76096387906e-05 -8.422721293754876e-07 -6.845191091997549e-05
35 0.26953125 -6.913061224622652e-05 -8.612187230028212e-07 -6.999183096922934e-05
36 0.27734375 -7.060993812046945e-05 -8.796414476819336e-07 -7.148957956815138e-05
37 0.28515625 -7.204674329841509e-05 -8.975403034128249e-07 -7.294428360182792e-05
38 0.29296875 -7.344015466514975e-05 -9.149080142378807e-07 -7.435506267938763e-05
39 0.30078125 -7.478931365767494e-05 -9.317082003690302e-07 -7.572102185804397e-05
40 0.30859375 -7.609343447256833e-05 -9.479554137215018e-07 -7.704138988628983e-05
41 0.31640625 -7.735170947853476e-05 -9.636278264224529e-07 -7.831533730495721e-05
42 0.32421875 -7.856339652789757e-05 -9.787254384718835e-07 -7.954212196636945e-05
43 0.33203125 -7.972776074893773e-05 -9.932409739121795e-07 -8.072100172284991e-05
44 0.33984375 -8.084409637376666e-05 -1.007145328912884e-06 -8.185124170267954e-05
45 0.34765625 -8.191174856619909e-05 -1.020438503473997e-06 -8.293218706967309e-05
46 0.35546875 -8.293004793813452e-05 -1.033127773553133e-06 -8.396317571168765e-05
47 0.36328125 -8.389840513700619e-05 -1.045198587235063e-06 -8.494360372424126e-05
48 0.37109375 -8.481619443045929e-05 -1.056629116646945e-06 -8.587282354710624e-05
49 0.37890625 -8.568291377741843e-05 -1.067426637746394e-06 -8.675034041516483e-05
50 0.38671875 -8.649801020510495e-05 -1.07757659861818e-06 -8.757558680372313e-05
51 0.39453125 -8.726101805223152e-05 -1.087078999262303e-06 -8.834809705149382e-05
52 0.40234375 -8.797145710559562e-05 -1.09592656372115e-06 -8.906738366931677e-05
53 0.41015625 -8.862891991157085e-05 -1.104126567952335e-06 -8.973304647952318e-05
54 0.41796875 -8.923298446461558e-05 -1.111657184083015e-06 -9.03446416486986e-05
55 0.42578125 -8.978328696684912e-05 -1.118496584240347e-06 -9.090178355108947e-05
56 0.43359375 -9.027952182805166e-05 -1.124695700127631e-06 -9.140421752817929e-05
57 0.44140625 -9.072136890608817e-05 -1.130196324083954e-06 -9.185156523017213e-05
58 0.44921875 -9.110857354244217e-05 -1.135013008024544e-06 -9.224358655046672e-05
59 0.45703125 -9.144088835455477e-05 -1.139153027907014e-06 -9.258004138246179e-05
60 0.46484375 -9.171813144348562e-05 -1.142609107773751e-06 -9.286074055125937e-05
61 0.47265625 -9.194012091029435e-05 -1.145373971667141e-06 -9.308549488196149e-05
62 0.48046875 -9.210675489157438e-05 -1.147462171502411e-06 -9.325421706307679e-05
63 0.48828125 -9.221787331625819e-05 -1.148837327491492e-06 -9.336671064374968e-05
64 0.49609375 -9.227345435647294e-05 -1.149528543464839e-06 -9.342298289993778e-05
65 0.50390625 -9.227345435647294e-05 -1.149528543464839e-06 -9.342298289993778e-05
66 0.51171875 -9.221786604030058e-05 -1.148837327491492e-06 -9.336670336779207e-05
67 0.51953125 -9.210675489157438e-05 -1.147462171502411e-06 -9.325421706307679e-05
68 0.52734375 -9.194012818625197e-05 -1.145373971667141e-06 -9.308550215791911e-05
69 0.53515625 -9.171813144348562e-05 -1.142609107773751e-06 -9.286074055125937e-05
70 0.54296875 -9.144089563051239e-05 -1.139153027907014e-06 -9.25800486584194e-05
71 0.55078125 -9.110856626648456e-05 -1.135013008024544e-06 -9.22435792745091e-05
72 0.55859375 -9.072136890608817e-05 -1.130196324083954e-06 -9.185156523017213e-05
73 0.56640625 -9.027952182805166e-05 -1.124695700127631e-06 -9.140421752817929e-05
74 0.57421875 -8.978328696684912e-05 -1.118503860197961e-06 -9.090179082704708e-05
75 0.58203125 -8.923297718865797e-05 -1.111657184083015e-06 -9.034463437274098e-05
76 0.58984375 -8.862892718752846e-05 -1.104133843909949e-06 -8.973306103143841e-05
77 0.59765625 -8.797146438155323e-05 -1.095933839678764e-06 -8.9067398221232e-05
78 0.60546875 -8.726103260414675e-05 -1.087093551177531e-06 -8.834812615532428e-05
79 0.61328125 -8.649801748106256e-05 -1.07757659861818e-06 -8.757559407968074e-05
80 0.62109375 -8.568291377741843e-05 -1.067412085831165e-06 -8.67503258632496e-05
81 0.62890625 -8.481619443045929e-05 -1.056629116646945e-06 -8.587282354710624e-05
82 0.63671875 -8.389839058509097e-05 -1.045184035319835e-06 -8.49435746204108e-05
83 0.64453125 -8.293004066217691e-05 -1.033120497595519e-06 -8.396316115977243e-05
84 0.65234375 -8.191174856619909e-05 -1.020438503473997e-06 -8.293218706967309e-05
85 0.66015625 -8.084409637376666e-05 -1.007145328912884e-06 -8.185124170267954e-05
86 0.66796875 -7.972775347298011e-05 -9.932409739121795e-07 -8.072099444689229e-05
87 0.67578125 -7.856339652789757e-05 -9.787254384718835e-07 -7.954212196636945e-05
88 0.68359375 -7.735170947853476e-05 -9.636351023800671e-07 -7.831534458091483e-05
89 0.69140625 -7.609344174852595e-05 -9.479699656367302e-07 -7.704141171416268e-05
90 0.69921875 -7.478931365767494e-05 -9.317082003690302e-07 -7.572102185804397e-05
91 0.70703125 -7.344014738919213e-05 -9.149007382802665e-07 -7.43550481274724e-05
92 0.71484375 -7.204675057437271e-05 -8.975403034128249e-07 -7.294429087778553e-05
93 0.72265625 -7.060994539642707e-05 -8.796487236395478e-07 -7.148959412006661e-05
94 0.73046875 -6.913061224622652e-05 -8.612187230028212e-07 -6.999183096922934e-05
95 0.73828125 -6.76096387906e-05 -8.422721293754876e-07 -6.845191091997549e-05
96 0.74609375 -6.604792724829167e-05 -8.228089427575469e-07 -6.687073619104922e-05
97 0.75390625 -6.444644532166421e-05 -8.028582669794559e-07 -6.524930358864367e-05
98 0.76171875 -6.280613160924986e-05 -7.824273779988289e-07 -6.358855898724869e-05
99 0.76953125 -6.112798291724175e-05 -7.615235517732799e-07 -6.188950646901503e-05
100 0.77734375 -5.94130324316211e-05 -7.401540642604232e-07 -6.015318649588153e-05
101 0.78515625 -5.766228423453867e-05 -7.183480192907155e-07 -5.838063225382939e-05
102 0.79296875 -5.587680789176375e-05 -6.961054168641567e-07 -5.65729133086279e-05
103 0.80078125 -5.405765841715038e-05 -6.734335329383612e-07 -5.473109195008874e-05
104 0.80859375 -5.220595630817115e-05 -6.503760232590139e-07 -5.285633233143017e-05
105 0.81640625 -5.032281114836223e-05 -6.269110599532723e-07 -5.094972220831551e-05
106 0.82421875 -4.840934707317501e-05 -6.030786607880145e-07 -4.901242573396303e-05
107 0.83203125 -4.646672095987014e-05 -5.788715498056263e-07 -4.704559250967577e-05
108 0.83984375 -4.449611878953874e-05 -5.543333827517927e-07 -4.505045217229053e-05
109 0.84765625 -4.249869380146265e-05 -5.29435055796057e-07 -4.302812885725871e-05
110 0.85546875 -4.047567927045748e-05 -5.042347765993327e-07 -4.097991404705681e-05
111 0.86328125 -3.842829028144479e-05 -4.787361831404269e-07 -3.890702646458521e-05
112 0.87109375 -3.635773828136735e-05 -4.529356374405324e-07 -3.681067391880788e-05
113 0.87890625 -3.426529656280763e-05 -4.268731572665274e-07 -3.469216972007416e-05
114 0.88671875 -3.215222386643291e-05 -4.005523805972189e-07 -3.255277624703012e-05
115 0.89453125 -3.001976438099518e-05 -3.73980583390221e-07 -3.039374496438541e-05
116 0.90234375 -2.786923505482264e-05 -3.471905074547976e-07 -2.821642556227744e-05
117 0.91015625 -2.570190918049775e-05 -3.201894287485629e-07 -2.602209860924631e-05
118 0.91796875 -2.351910552533809e-05 -2.929973561549559e-07 -2.381210288149305e-05
119 0.92578125 -2.132213739969302e-05 -2.656270225998014e-07 -2.158776442229282e-05
120 0.93359375 -1.91123199329013e-05 -2.380984369665384e-07 -1.935041836986784e-05
121 0.94140625 -1.689099735813215e-05 -2.104279701597989e-07 -1.710142532829195e-05
122 0.94921875 -1.465949389967136e-05 -1.826247171266004e-07 -1.484211861679796e-05
123 0.95703125 -1.241916197614046e-05 -1.547159627079964e-07 -1.257387793884845e-05
124 0.96484375 -1.017134945868747e-05 -1.267126208404079e-07 -1.029806207952788e-05
125 0.97265625 -7.917408765933942e-06 -9.863379091257229e-08 -8.016042556846514e-06
126 0.98046875 -5.658703230437823e-06 -7.049538908177055e-08 -5.729198619519593e-06
127 0.98828125 -3.396585270820651e-06 -4.231424099998549e-08 -3.438899511820637e-06
128 0.99609375 0.007424461889286249 -1.410751337971305e-08 0.007424447781772869
