# P x u_num u_exact u_err v_num v_exact v_err psi_num psi_exact psi_err
1 0.015625 0.01805968722433454 0.01805098861115287 8.698613181673531e-06 0.01803622201826944 0.01805098861115287 -1.476659288342924e-05 0.03609590924260398 0.03610197722230574 -6.06797970175571e-06
2 0.046875 0.05401822424075675 0.05397912494545908 3.909929529767597e-05 0.0540085901512746 0.05397912494545908 2.94652058155237e-05 0.1080268143920314 0.1079582498909182 6.856450111319967e-05
3 0.078125 0.08945659228584919 0.08938741279854924 6.917948729995294e-05 0.08946048564658975 0.08938741279854924 7.307284804050629e-05 0.1789170779324389 0.1787748255970985 0.0001422523353404592
4 0.109375 0.1240334821475699 0.1239348510022591 9.863114531087624e-05 0.1240504836131139 0.1239348510022591 0.0001156326108548711 0.2480839657606839 0.2478697020045181 0.0002142637561657612
5 0.140625 0.1574158817208328 0.157288728841136 0.0001271528796968346 0.1574454602998887 0.157288728841136 0.0001567314587526958 0.3148613420207215 0.314577457682272 0.0002838843384495027
6 0.171875 0.1892822832438281 0.1891278302385073 0.0001544530053207982 0.1893238011938417 0.1891278302385073 0.0001959709553343847 0.3786060844376699 0.3782556604770147 0.0003504239606551551
7 0.203125 0.2193257797325699 0.2191455272428932 0.0001802524896766244 0.2193784982809448 0.2191455272428932 0.0002329710380515604 0.4387042780135146 0.4382910544857865 0.0004132235277281571
8 0.234375 0.2472570207946291 0.247052733022799 0.000204287771830125 0.2473201066408525 0.247052733022799 0.0002673736180535402 0.4945771274354817 0.494105466045598 0.000471661389883693
9 0.265625 0.2728069993531559 0.2725806859309337 0.0002263134222222352 0.2728795319039201 0.2725806859309337 0.0002988459729864057 0.545686531257076 0.5451613718618673 0.0005251593952086964
10 0.296875 0.2957296424470222 0.2954835378257933 0.0002461046212288709 0.2958106217220866 0.2954835378257933 0.0003270838962932676 0.5915402641691088 0.5909670756515866 0.000573188517522194
11 0.328125 0.3158041811469928 0.3155407217236581 0.0002634594233346665 0.3158925363054111 0.3155407217236581 0.0003518145817530405 0.631696717452404 0.6310814434473162 0.0006152740050877625
12 0.359375 0.3328372767746107 0.3325590759792195 0.0002782007953912036 0.3329318751841734 0.3325590759792195 0.0003727992049538664 0.6657691519587841 0.665118151958439 0.0006510000003450145
13 0.390625 0.3466648829368923 0.3463747045378178 0.000290178399074581 0.3467645397247663 0.3463747045378178 0.0003898351869485173 0.6934294226616586 0.6927494090756355 0.0006800135860230982
14 0.421875 0.3571538254498739 0.3568545553440427 0.0002992701058311953 0.3572573134566933 0.3568545553440427 0.0004027581126505586 0.7144111389065672 0.7137091106880854 0.0007020282184817539
15 0.453125 0.3642030849314741 0.3638977017057613 0.0003053832257127742 0.3643091449951384 0.3638977017057613 0.0004114432893771447 0.7285122299266125 0.7277954034115226 0.0007168265150898634
16 0.484375 0.367744769717173 0.3674363142733346 0.0003084554438383402 0.3678521211981799 0.3674363142733346 0.0004158069248452745 0.7355968909153529 0.7348726285466692 0.0007242623686836147
17 0.515625 0.3677447697169847 0.3674363142733346 0.0003084554436501019 0.3678521211983701 0.3674363142733346 0.0004158069250355112 0.7355968909153549 0.7348726285466692 0.0007242623686856131
18 0.546875 0.3642030849313994 0.3638977017057613 0.0003053832256380562 0.364309144995214 0.3638977017057613 0.0004114432894526954 0.7285122299266134 0.7277954034115226 0.0007168265150907516
19 0.578125 0.357153825449545 0.3568545553440427 0.0002992701055023472 0.3572573134570223 0.3568545553440427 0.0004027581129795732 0.7144111389065673 0.7137091106880854 0.0007020282184818649
20 0.609375 0.3466648829372146 0.3463747045378178 0.0002901783993968232 0.3467645397244412 0.3463747045378178 0.000389835186623444 0.6934294226616557 0.6927494090756355 0.0006800135860202117
21 0.640625 0.3328372767746755 0.3325590759792196 0.0002782007954559296 0.3329318751841046 0.3325590759792196 0.0003727992048850326 0.6657691519587801 0.6651181519584392 0.0006510000003409067
22 0.671875 0.315804181147156 0.3155407217236581 0.0002634594234979248 0.3158925363052436 0.3155407217236581 0.0003518145815855078 0.6316967174523996 0.6310814434473162 0.0006152740050834327
23 0.703125 0.2957296424468731 0.2954835378257933 0.0002461046210797679 0.2958106217222342 0.2954835378257933 0.0003270838964408718 0.5915402641691073 0.5909670756515867 0.0005731885175206397
24 0.734375 0.2728069993530964 0.2725806859309337 0.0002263134221627272 0.2728795319039777 0.2725806859309337 0.0002988459730440818 0.5456865312570741 0.5451613718618673 0.000525159395206809
25 0.765625 0.2472570207943977 0.2470527330227991 0.0002042877715986713 0.2473201066410818 0.2470527330227991 0.0002673736182827458 0.4945771274354795 0.4941054660455981 0.000471661389881417
26 0.796875 0.2193257797327774 0.2191455272428933 0.0001802524898840974 0.2193784982807327 0.2191455272428933 0.0002329710378393968 0.4387042780135101 0.4382910544857866 0.0004132235277234941
27 0.828125 0.189282283243862 0.1891278302385074 0.0001544530053546322 0.1893238011938025 0.1891278302385074 0.0001959709552951105 0.3786060844376645 0.3782556604770148 0.000350423960649715
28 0.859375 0.1574158817209112 0.157288728841136 0.0001271528797752164 0.1574454602998045 0.157288728841136 0.0001567314586685686 0.3148613420207157 0.3145774576822719 0.000283884338443785
29 0.890625 0.1240334821475756 0.1239348510022591 9.863114531648287e-05 0.1240504836131036 0.1239348510022591 0.000115632610844435 0.2480839657606792 0.2478697020045183 0.000214263756160904
30 0.921875 0.08945659228590142 0.08938741279854931 6.917948735210566e-05 0.0894604856465338 0.08938741279854931 7.307284798449554e-05 0.1789170779324352 0.1787748255970986 0.0001422523353366012
31 0.953125 0.05401822424076418 0.0539791249454591 3.909929530508671e-05 0.05400859015126451 0.0539791249454591 2.946520580541373e-05 0.1080268143920287 0.1079582498909182 6.85645011104935e-05
32 0.984375 0.01805968722433418 0.01805098861115285 8.698613181336995e-06 0.01803622201826896 0.01805098861115285 -1.476659288388721e-05 0.03609590924260314 0.0361019772223057 -6.067979702553683e-06
