# MMS4BGC Gaussian-pulse profile
# sample = 2  tau = 2.5000000000000001e-03  bv = 5.0000000000000001e-04  nx = 512
# xi phi
0.0000000000000000e+00 0.0000000000000000e+00
9.7656250000000000e-04 1.3532203950544074e-07
2.9296875000000000e-03 1.2054827586472093e-06
4.8828125000000000e-03 3.3183221593071897e-06
6.8359375000000000e-03 6.4525853325306437e-06
8.7890625000000000e-03 1.0594334936972506e-05
1.0742187500000000e-02 1.5736421287597658e-05
1.2695312500000000e-02 2.1877890765030067e-05
1.4648437500000000e-02 2.9023340512747986e-05
1.6601562500000000e-02 3.7182226226383659e-05
1.8554687500000000e-02 4.6368128823635618e-05
2.0507812500000000e-02 5.6597984901729035e-05
2.2460937500000000e-02 6.7891285130209446e-05
2.4414062500000000e-02 8.0269244079504465e-05
2.6367187500000000e-02 9.3753944440535240e-05
2.8320312500000000e-02 1.0836745813902047e-04
3.0273437500000000e-02 1.2413094648213211e-04
3.2226562500000000e-02 1.4106374118771429e-04
3.4179687500000000e-02 1.5918240793090301e-04
3.6132812500000000e-02 1.7849979389381325e-04
3.8085937500000000e-02 1.9902406071564181e-04
4.0039062500000000e-02 2.2075770420818048e-04
4.1992187500000000e-02 2.4369656222086470e-04
4.3945312500000000e-02 2.6782881210597574e-04
4.5898437500000000e-02 2.9313395934465916e-04
4.7851562500000000e-02 3.1958181904447882e-04
4.9804687500000000e-02 3.4713149220598873e-04
5.1757812500000000e-02 3.7573033887616537e-04
5.3710937500000000e-02 4.0531295055756258e-04
5.5664062500000000e-02 4.3580012452093476e-04
5.7617187500000000e-02 4.6709784297312547e-04
5.9570312500000000e-02 4.9909626035866224e-04
6.1523437500000000e-02 5.3166870242019764e-04
6.3476562500000000e-02 5.6467068100723604e-04
6.5429687500000000e-02 5.9793892900204750e-04
6.7382812500000000e-02 6.3129046012389369e-04
6.9335937500000000e-02 6.6452165877527408e-04
7.1289062500000000e-02 6.9740740550444679e-04
7.3242187500000000e-02 7.2970024407459388e-04
7.5195312500000000e-02 7.6112959654923355e-04
7.7148437500000000e-02 7.9140103322341952e-04
7.9101562500000000e-02 8.2019560464840677e-04
8.1054687500000000e-02 8.4716924341130949e-04
8.3007812500000000e-02 8.7195224373828623e-04
8.4960937500000000e-02 8.9414882738737139e-04
8.6914062500000000e-02 9.1333680468264316e-04
8.8867187500000000e-02 9.2906733991228734e-04
9.0820312500000000e-02 9.4086483066664367e-04
9.2773437500000000e-02 9.4822691102576702e-04
9.4726562500000000e-02 9.5062458881667972e-04
9.6679687500000000e-02 9.4750252744557216e-04
9.8632812500000000e-02 9.3827948306695848e-04
1.0058593750000000e-01 9.2234890807743348e-04
1.0253906250000000e-01 8.9907973211343780e-04
1.0449218750000000e-01 8.6781733188754577e-04
1.0644531250000000e-01 8.2788470131350031e-04
1.0839843750000000e-01 7.7858383344382275e-04
1.1035156250000000e-01 7.1919732577261860e-04
1.1230468750000000e-01 6.4899022043760058e-04
1.1425781250000000e-01 5.6721209078674150e-04
1.1621093750000000e-01 4.7309938565390892e-04
1.1816406250000000e-01 3.6587804251190056e-04
1.2011718750000000e-01 2.4476638043820518e-04
1.2207031250000000e-01 1.0897828353638189e-04
1.2402343750000000e-01 -4.2273314897867235e-05
1.2597656250000000e-01 -2.0977263759395945e-04
1.2792968750000000e-01 -3.9429694851718426e-04
1.2988281250000000e-01 -5.9661210923182416e-04
1.3183593750000000e-01 -8.1746779819220612e-04
1.3378906250000000e-01 -1.0575923854230665e-03
1.3574218750000000e-01 -1.3176874558065231e-03
1.3769531250000000e-01 -1.5984219750196525e-03
1.3964843750000000e-01 -1.9004260930646569e-03
1.4160156250000000e-01 -2.2242845813030647e-03
1.4355468750000000e-01 -2.5705298999462636e-03
1.4550781250000000e-01 -2.9396348940665977e-03
1.4746093750000000e-01 -3.3320051173755527e-03
1.4941406250000000e-01 -3.7479707842673171e-03
1.5136718750000000e-01 -4.1877783519458497e-03
1.5332031250000000e-01 -4.6515817358399759e-03
1.5527343750000000e-01 -5.1394331629619778e-03
1.5722656250000000e-01 -5.6512736693783306e-03
1.5917968750000000e-01 -6.1869232495339200e-03
1.6113281250000000e-01 -6.7460706668004749e-03
1.6308593750000000e-01 -7.3282629363023285e-03
1.6503906250000000e-01 -7.9328944928045465e-03
1.6699218750000000e-01 -8.5591960582256325e-03
1.6894531250000000e-01 -9.2062232251549688e-03
1.7089843750000000e-01 -9.8728447746091550e-03
1.7285156250000000e-01 -1.0557730748146090e-02
1.7480468750000000e-01 -1.1259340296365532e-02
1.7675781250000000e-01 -1.1975909327754105e-02
1.7871093750000000e-01 -1.2705437983774957e-02
1.8066406250000000e-01 -1.3445677968051049e-02
1.8261718750000000e-01 -1.4194119759439310e-02
1.8457031250000000e-01 -1.4947979740733797e-02
1.8652343750000000e-01 -1.5704187276661560e-02
1.8847656250000000e-01 -1.6459371776738049e-02
1.9042968750000000e-01 -1.7209849780421071e-02
1.9238281250000000e-01 -1.7951612103835706e-02
1.9433593750000000e-01 -1.8680311089128539e-02
1.9628906250000000e-01 -1.9391247999240035e-02
1.9824218750000000e-01 -2.0079360602549411e-02
2.0019531250000000e-01 -2.0739210993438784e-02
2.0214843750000000e-01 -2.1364973696333629e-02
2.0410156250000000e-01 -2.1950424102195585e-02
2.0605468750000000e-01 -2.2488927287762570e-02
2.0800781250000000e-01 -2.2973427269041106e-02
2.0996093750000000e-01 -2.3396436741647826e-02
2.1191406250000000e-01 -2.3750027361562395e-02
2.1386718750000000e-01 -2.4025820620684247e-02
2.1582031250000000e-01 -2.4214979372271621e-02
2.1777343750000000e-01 -2.4308200061875545e-02
2.1972656250000000e-01 -2.4295705719755742e-02
2.2167968750000000e-01 -2.4167239770971519e-02
2.2363281250000000e-01 -2.3912060719371752e-02
2.2558593750000000e-01 -2.3518937761557349e-02
2.2753906250000000e-01 -2.2976147386549441e-02
2.2949218750000000e-01 -2.2271471016362003e-02
2.3144531250000000e-01 -2.1392193741942317e-02
2.3339843750000000e-01 -2.0325104208001682e-02
2.3535156250000000e-01 -1.9056495699107927e-02
2.3730468750000000e-01 -1.7572168478046019e-02
2.3925781250000000e-01 -1.5857433425870718e-02
2.4121093750000000e-01 -1.3897117031272849e-02
2.4316406250000000e-01 -1.1675567774856914e-02
2.4511718750000000e-01 -9.1766639516806820e-03
2.4707031250000000e-01 -6.3838229729375100e-03
2.4902343750000000e-01 -3.2800121849694127e-03
2.5097656250000000e-01 1.5223875911518498e-04
2.5292968750000000e-01 3.9308239430782682e-03
2.5488281250000000e-01 8.0740456176523773e-03
2.5683593750000000e-01 1.2600596991874427e-02
2.5878906250000000e-01 1.7529543364192633e-02
2.6074218750000000e-01 2.2880301575856760e-02
2.6269531250000000e-01 2.8672617773267659e-02
2.6464843750000000e-01 3.4926543470315333e-02
2.6660156250000000e-01 4.1662409906267052e-02
2.6855468750000000e-01 4.8900800699468894e-02
2.7050781250000000e-01 5.6662522801985193e-02
2.7246093750000000e-01 6.4968575765309608e-02
2.7441406250000000e-01 7.3840119332427054e-02
2.7636718750000000e-01 8.3298439376773864e-02
2.7832031250000000e-01 9.3364912214021670e-02
2.8027343750000000e-01 1.0406096731808315e-01
2.8222656250000000e-01 1.1540804847828941e-01
2.8417968750000000e-01 1.2742757344030550e-01
2.8613281250000000e-01 1.4014089207901240e-01
2.8808593750000000e-01 1.5356924315727494e-01
2.9003906250000000e-01 1.6773370973022003e-01
2.9199218750000000e-01 1.8265517326034386e-01
2.9394531250000000e-01 1.9835426651443777e-01
2.9589843750000000e-01 2.1485132531894605e-01
2.9785156250000000e-01 2.3216633925592819e-01
2.9980468750000000e-01 2.5031890138727142e-01
3.0175781250000000e-01 2.6932815710016650e-01
3.0371093750000000e-01 2.8921275217210035e-01
3.0566406250000000e-01 3.0999078015871362e-01
3.0761718750000000e-01 3.3167972921279737e-01
3.0957031250000000e-01 3.5429642844744041e-01
3.1152343750000000e-01 3.7785699396086803e-01
3.1347656250000000e-01 4.0237677464481264e-01
3.1542968750000000e-01 4.2787029790230918e-01
3.1738281250000000e-01 4.5435121540459028e-01
3.1933593750000000e-01 4.8183224902024907e-01
3.2128906250000000e-01 5.1032513705303217e-01
3.2324218750000000e-01 5.3984058092748455e-01
3.2519531250000000e-01 5.7038819246419359e-01
3.2714843750000000e-01 6.0197644188854738e-01
3.2910156250000000e-01 6.3461260671871489e-01
3.3105468750000000e-01 6.6830272167995652e-01
3.3300781250000000e-01 7.0305152979338137e-01
3.3496093750000000e-01 7.3886243478785707e-01
3.3691406250000000e-01 7.7573745498393643e-01
3.3886718750000000e-01 8.1367717879840096e-01
3.4082031250000000e-01 8.5268072201729994e-01
3.4277343750000000e-01 8.9274568698419488e-01
3.4472656250000000e-01 9.3386812384870010e-01
3.4667968750000000e-01 9.7604249401831389e-01
3.4863281250000000e-01 1.0192616359539814e+00
3.5058593750000000e-01 1.0635167334468143e+00
3.5253906250000000e-01 1.1087972865098896e+00
3.5449218750000000e-01 1.1550910850151122e+00
3.5644531250000000e-01 1.2023841852006896e+00
3.5839843750000000e-01 1.2506608891698998e+00
3.6035156250000000e-01 1.2999037274965071e+00
3.6230468750000000e-01 1.3500934450464017e+00
3.6425781250000000e-01 1.4012089901188385e+00
3.6621093750000000e-01 1.4532275070040228e+00
3.6816406250000000e-01 1.5061243320467568e+00
3.7011718750000000e-01 1.5598729932984237e+00
3.7207031250000000e-01 1.6144452138317884e+00
3.7402343750000000e-01 1.6698109187849175e+00
3.7597656250000000e-01 1.7259382461920125e+00
3.7792968750000000e-01 1.7827935616501320e+00
3.7988281250000000e-01 1.8403414768616455e+00
3.8183593750000000e-01 1.8985448720828619e+00
3.8378906250000000e-01 1.9573649224996390e+00
3.8574218750000000e-01 2.0167611285408977e+00
3.8769531250000000e-01 2.0766913501309152e+00
3.8964843750000000e-01 2.1371118448710313e+00
3.9160156250000000e-01 2.1979773101310416e+00
3.9355468750000000e-01 2.2592409290200792e+00
3.9550781250000000e-01 2.3208544201962380e+00
3.9746093750000000e-01 2.3827680914635954e+00
3.9941406250000000e-01 2.4449308970946975e+00
4.0136718750000000e-01 2.5072904988059928e+00
4.0332031250000000e-01 2.5697933303031744e+00
4.0527343750000000e-01 2.6323846653029426e+00
4.0722656250000000e-01 2.6950086889274183e+00
4.0917968750000000e-01 2.7576085723572588e+00
4.1113281250000000e-01 2.8201265506195643e+00
4.1308593750000000e-01 2.8825040033769418e+00
4.1503906250000000e-01 2.9446815385745828e+00
4.1699218750000000e-01 3.0065990787930392e+00
4.1894531250000000e-01 3.0681959501454901e+00
4.2089843750000000e-01 3.1294109735497813e+00
4.2285156250000000e-01 3.1901825581973751e+00
4.2480468750000000e-01 3.2504487970336280e+00
4.2675781250000000e-01 3.3101475640565190e+00
4.2871093750000000e-01 3.3692166132341295e+00
4.3066406250000000e-01 3.4275936788348780e+00
4.3261718750000000e-01 3.4852165769586612e+00
4.3457031250000000e-01 3.5420233080518382e+00
4.3652343750000000e-01 3.5979521601842470e+00
4.3847656250000000e-01 3.6529418128623452e+00
4.4042968750000000e-01 3.7069314411490435e+00
4.4238281250000000e-01 3.7598608198578907e+00
4.4433593750000000e-01 3.8116704275870044e+00
4.4628906250000000e-01 3.8623015503564906e+00
4.4824218750000000e-01 3.9116963846121404e+00
4.5019531250000000e-01 3.9597981393578676e+00
4.5214843750000000e-01 4.0065511371796694e+00
4.5410156250000000e-01 4.0519009139249640e+00
4.5605468750000000e-01 4.0957943168028077e+00
4.5800781250000000e-01 4.1381796006728688e+00
4.5996093750000000e-01 4.1790065222940660e+00
4.6191406250000000e-01 4.2182264323074818e+00
4.6386718750000000e-01 4.2557923647324838e+00
4.6582031250000000e-01 4.2916591237600095e+00
4.6777343750000000e-01 4.3257833676325914e+00
4.6972656250000000e-01 4.3581236894069058e+00
4.7167968750000000e-01 4.3886406944015643e+00
4.7363281250000000e-01 4.4172970741402384e+00
4.7558593750000000e-01 4.4440576766082156e+00
4.7753906250000000e-01 4.4688895726490667e+00
4.7949218750000000e-01 4.4917621183371468e+00
4.8144531250000000e-01 4.5126470131712058e+00
4.8339843750000000e-01 4.5315183539444339e+00
4.8535156250000000e-01 4.5483526841566988e+00
4.8730468750000000e-01 4.5631290388456280e+00
4.8925781250000000e-01 4.5758289847244118e+00
4.9121093750000000e-01 4.5864366555257936e+00
4.9316406250000000e-01 4.5949387824635819e+00
4.9511718750000000e-01 4.6013247197352154e+00
4.9707031250000000e-01 4.6055864650012515e+00
4.9902343750000000e-01 4.6077186747902799e+00
5.0097656250000000e-01 4.6077186747904681e+00
5.0292968750000000e-01 4.6055864650018172e+00
5.0488281250000000e-01 4.6013247197361586e+00
5.0683593750000000e-01 4.5949387824649026e+00
5.0878906250000000e-01 4.5864366555274882e+00
5.1074218750000000e-01 4.5758289847264768e+00
5.1269531250000000e-01 4.5631290388480590e+00
5.1464843750000000e-01 4.5483526841594912e+00
5.1660156250000000e-01 4.5315183539475843e+00
5.1855468750000000e-01 4.5126470131747078e+00
5.2050781250000000e-01 4.4917621183409926e+00
5.2246093750000000e-01 4.4688895726532465e+00
5.2441406250000000e-01 4.4440576766127222e+00
5.2636718750000000e-01 4.4172970741450639e+00
5.2832031250000000e-01 4.3886406944066945e+00
5.3027343750000000e-01 4.3581236894123290e+00
5.3222656250000000e-01 4.3257833676382962e+00
5.3417968750000000e-01 4.2916591237659780e+00
5.3613281250000000e-01 4.2557923647386975e+00
5.3808593750000000e-01 4.2182264323139265e+00
5.4003906250000000e-01 4.1790065223007238e+00
5.4199218750000000e-01 4.1381796006797211e+00
5.4394531250000000e-01 4.0957943168098376e+00
5.4589843750000000e-01 4.0519009139321565e+00
5.4785156250000000e-01 4.0065511371870119e+00
5.4980468750000000e-01 3.9597981393653487e+00
5.5175781250000000e-01 3.9116963846197459e+00
5.5371093750000000e-01 3.8623015503642111e+00
5.5566406250000000e-01 3.8116704275948310e+00
5.5761718750000000e-01 3.7598608198658146e+00
5.5957031250000000e-01 3.7069314411570513e+00
5.6152343750000000e-01 3.6529418128704254e+00
5.6347656250000000e-01 3.5979521601923863e+00
5.6542968750000000e-01 3.5420233080600267e+00
5.6738281250000000e-01 3.4852165769668901e+00
5.6933593750000000e-01 3.4275936788431407e+00
5.7128906250000000e-01 3.3692166132424202e+00
5.7324218750000000e-01 3.3101475640648292e+00
5.7519531250000000e-01 3.2504487970419484e+00
5.7714843750000000e-01 3.1901825582056973e+00
5.7910156250000000e-01 3.1294109735580995e+00
5.8105468750000000e-01 3.0681959501537981e+00
5.8300781250000000e-01 3.0065990788013295e+00
5.8496093750000000e-01 2.9446815385828513e+00
5.8691406250000000e-01 2.8825040033851836e+00
5.8886718750000000e-01 2.8201265506277737e+00
5.9082031250000000e-01 2.7576085723654282e+00
5.9277343750000000e-01 2.6950086889355394e+00
5.9472656250000000e-01 2.6323846653110063e+00
5.9667968750000000e-01 2.5697933303111724e+00
5.9863281250000000e-01 2.5072904988139153e+00
6.0058593750000000e-01 2.4449308971025361e+00
6.0253906250000000e-01 2.3827680914713434e+00
6.0449218750000000e-01 2.3208544202038888e+00
6.0644531250000000e-01 2.2592409290276261e+00
6.0839843750000000e-01 2.1979773101384792e+00
6.1035156250000000e-01 2.1371118448783566e+00
6.1230468750000000e-01 2.0766913501381237e+00
6.1425781250000000e-01 2.0167611285479845e+00
6.1621093750000000e-01 1.9573649225065983e+00
6.1816406250000000e-01 1.8985448720896900e+00
6.2011718750000000e-01 1.8403414768683379e+00
6.2207031250000000e-01 1.7827935616566837e+00
6.2402343750000000e-01 1.7259382461984181e+00
6.2597656250000000e-01 1.6698109187911736e+00
6.2792968750000000e-01 1.6144452138378906e+00
6.2988281250000000e-01 1.5598729933043693e+00
6.3183593750000000e-01 1.5061243320525441e+00
6.3378906250000000e-01 1.4532275070096505e+00
6.3574218750000000e-01 1.4012089901243052e+00
6.3769531250000000e-01 1.3500934450517061e+00
6.3964843750000000e-01 1.2999037275016490e+00
6.4160156250000000e-01 1.2506608891748794e+00
6.4355468750000000e-01 1.2023841852055075e+00
6.4550781250000000e-01 1.1550910850197693e+00
6.4746093750000000e-01 1.1087972865143880e+00
6.4941406250000000e-01 1.0635167334511564e+00
6.5136718750000000e-01 1.0192616359581692e+00
6.5332031250000000e-01 9.7604249402234977e-01
6.5527343750000000e-01 9.3386812385258711e-01
6.5722656250000000e-01 8.9274568698793488e-01
6.5917968750000000e-01 8.5268072202089507e-01
6.6113281250000000e-01 8.1367717880185275e-01
6.6308593750000000e-01 7.7573745498724589e-01
6.6503906250000000e-01 7.3886243479102576e-01
6.6699218750000000e-01 7.0305152979641050e-01
6.6894531250000000e-01 6.6830272168284766e-01
6.7089843750000000e-01 6.3461260672147013e-01
6.7285156250000000e-01 6.0197644189116872e-01
6.7480468750000000e-01 5.7038819246668382e-01
6.7675781250000000e-01 5.3984058092984688e-01
6.7871093750000000e-01 5.1032513705526950e-01
6.8066406250000000e-01 4.8183224902236454e-01
6.8261718750000000e-01 4.5435121540658729e-01
6.8457031250000000e-01 4.2787029790419079e-01
6.8652343750000000e-01 4.0237677464658184e-01
6.8847656250000000e-01 3.7785699396252836e-01
6.9042968750000000e-01 3.5429642844899567e-01
6.9238281250000000e-01 3.3167972921425148e-01
6.9433593750000000e-01 3.0999078016007098e-01
6.9628906250000000e-01 2.8921275217336517e-01
6.9824218750000000e-01 2.6932815710134289e-01
7.0019531250000000e-01 2.5031890138836332e-01
7.0214843750000000e-01 2.3216633925693955e-01
7.0410156250000000e-01 2.1485132531988085e-01
7.0605468750000000e-01 1.9835426651529986e-01
7.0800781250000000e-01 1.8265517326113703e-01
7.0996093750000000e-01 1.6773370973094803e-01
7.1191406250000000e-01 1.5356924315794149e-01
7.1386718750000000e-01 1.4014089207962113e-01
7.1582031250000000e-01 1.2742757344085989e-01
7.1777343750000000e-01 1.1540804847879303e-01
7.1972656250000000e-01 1.0406096731853949e-01
7.2167968750000000e-01 9.3364912214433979e-02
7.2363281250000000e-01 8.3298439377145206e-02
7.2558593750000000e-01 7.3840119332760357e-02
7.2753906250000000e-01 6.4968575765607592e-02
7.2949218750000000e-01 5.6662522802250377e-02
7.3144531250000000e-01 4.8900800699703637e-02
7.3339843750000000e-01 4.1662409906473546e-02
7.3535156250000000e-01 3.4926543470495668e-02
7.3730468750000000e-01 2.8672617773423781e-02
7.3925781250000000e-01 2.2880301575990497e-02
7.4121093750000000e-01 1.7529543364305702e-02
7.4316406250000000e-01 1.2600596991968447e-02
7.4511718750000000e-01 8.0740456177288648e-03
7.4707031250000000e-01 3.9308239431386375e-03
7.4902343750000000e-01 1.5223875916075823e-04
7.5097656250000000e-01 -3.2800121849373949e-03
7.5292968750000000e-01 -6.3838229729178851e-03
7.5488281250000000e-01 -9.1766639516723588e-03
7.5683593750000000e-01 -1.1675567774858875e-02
7.5878906250000000e-01 -1.3897117031284146e-02
7.6074218750000000e-01 -1.5857433425890462e-02
7.6269531250000000e-01 -1.7572168478073375e-02
7.6464843750000000e-01 -1.9056495699142112e-02
7.6660156250000000e-01 -2.0325104208041983e-02
7.6855468750000000e-01 -2.1392193741988055e-02
7.7050781250000000e-01 -2.2271471016412542e-02
7.7246093750000000e-01 -2.2976147386604199e-02
7.7441406250000000e-01 -2.3518937761615788e-02
7.7636718750000000e-01 -2.3912060719433342e-02
7.7832031250000000e-01 -2.4167239771035763e-02
7.8027343750000000e-01 -2.4295705719822144e-02
7.8222656250000000e-01 -2.4308200061943640e-02
7.8417968750000000e-01 -2.4214979372340979e-02
7.8613281250000000e-01 -2.4025820620754430e-02
7.8808593750000000e-01 -2.3750027361632998e-02
7.9003906250000000e-01 -2.3396436741718492e-02
7.9199218750000000e-01 -2.2973427269111512e-02
7.9394531250000000e-01 -2.2488927287832406e-02
7.9589843750000000e-01 -2.1950424102264575e-02
7.9785156250000000e-01 -2.1364973696401533e-02
7.9980468750000000e-01 -2.0739210993505394e-02
8.0175781250000000e-01 -2.0079360602614536e-02
8.0371093750000000e-01 -1.9391247999303494e-02
8.0566406250000000e-01 -1.8680311089190195e-02
8.0761718750000000e-01 -1.7951612103895436e-02
8.0957031250000000e-01 -1.7209849780478743e-02
8.1152343750000000e-01 -1.6459371776793550e-02
8.1347656250000000e-01 -1.5704187276714823e-02
8.1542968750000000e-01 -1.4947979740784767e-02
8.1738281250000000e-01 -1.4194119759487952e-02
8.1933593750000000e-01 -1.3445677968097355e-02
8.2128906250000000e-01 -1.2705437983818941e-02
8.2324218750000000e-01 -1.1975909327795776e-02
8.2519531250000000e-01 -1.1259340296404916e-02
8.2714843750000000e-01 -1.0557730748183213e-02
8.2910156250000000e-01 -9.8728447746440559e-03
8.3105468750000000e-01 -9.2062232251876996e-03
8.3300781250000000e-01 -8.5591960582562573e-03
8.3496093750000000e-01 -7.9328944928331348e-03
8.3691406250000000e-01 -7.3282629363289557e-03
8.3886718750000000e-01 -6.7460706668252251e-03
8.4082031250000000e-01 -6.1869232495568773e-03
8.4277343750000000e-01 -5.6512736693995844e-03
8.4472656250000000e-01 -5.1394331629816175e-03
8.4667968750000000e-01 -4.6515817358580829e-03
8.4863281250000000e-01 -4.1877783519625109e-03
8.5058593750000000e-01 -3.7479707842826104e-03
8.5253906250000000e-01 -3.3320051173895558e-03
8.5449218750000000e-01 -2.9396348940793873e-03
8.5644531250000000e-01 -2.5705298999579127e-03
8.5839843750000000e-01 -2.2242845813136430e-03
8.6035156250000000e-01 -1.9004260930742328e-03
8.6230468750000000e-01 -1.5984219750282919e-03
8.6425781250000000e-01 -1.3176874558142903e-03
8.6621093750000000e-01 -1.0575923854300230e-03
8.6816406250000000e-01 -8.1746779819841123e-04
8.7011718750000000e-01 -5.9661210923733505e-04
8.7207031250000000e-01 -3.9429694852205531e-04
8.7402343750000000e-01 -2.0977263759824237e-04
8.7597656250000000e-01 -4.2273314901611270e-05
8.7792968750000000e-01 1.0897828353312989e-04
8.7988281250000000e-01 2.4476638043540095e-04
8.8183593750000000e-01 3.6587804250950263e-04
8.8378906250000000e-01 4.7309938565187826e-04
8.8574218750000000e-01 5.6721209078504137e-04
8.8769531250000000e-01 6.4899022043619654e-04
8.8964843750000000e-01 7.1919732577147867e-04
8.9160156250000000e-01 7.7858383344291755e-04
8.9355468750000000e-01 8.2788470131280230e-04
8.9550781250000000e-01 8.6781733188702904e-04
8.9746093750000000e-01 8.9907973211307915e-04
8.9941406250000000e-01 9.2234890807721133e-04
9.0136718750000000e-01 9.3827948306685321e-04
9.0332031250000000e-01 9.4750252744556587e-04
9.0527343750000000e-01 9.5062458881675681e-04
9.0722656250000000e-01 9.4822691102591393e-04
9.0917968750000000e-01 9.4086483066684783e-04
9.1113281250000000e-01 9.2906733991253757e-04
9.1308593750000000e-01 9.1333680468292928e-04
9.1503906250000000e-01 8.9414882738768364e-04
9.1699218750000000e-01 8.7195224373861583e-04
9.1894531250000000e-01 8.4716924341164831e-04
9.2089843750000000e-01 8.2019560464874743e-04
9.2285156250000000e-01 7.9140103322375606e-04
9.2480468750000000e-01 7.6112959654956055e-04
9.2675781250000000e-01 7.2970024407490721e-04
9.2871093750000000e-01 6.9740740550474321e-04
9.3066406250000000e-01 6.6452165877555131e-04
9.3261718750000000e-01 6.3129046012415032e-04
9.3457031250000000e-01 5.9793892900228244e-04
9.3652343750000000e-01 5.6467068100744919e-04
9.3847656250000000e-01 5.3166870242038998e-04
9.4042968750000000e-01 4.9909626035883517e-04
9.4238281250000000e-01 4.6709784297328046e-04
9.4433593750000000e-01 4.3580012452107295e-04
9.4628906250000000e-01 4.0531295055768520e-04
9.4824218750000000e-01 3.7573033887627335e-04
9.5019531250000000e-01 3.4713149220608295e-04
9.5214843750000000e-01 3.1958181904455986e-04
9.5410156250000000e-01 2.9313395934472790e-04
9.5605468750000000e-01 2.6782881210603304e-04
9.5800781250000000e-01 2.4369656222091124e-04
9.5996093750000000e-01 2.2075770420821727e-04
9.6191406250000000e-01 1.9902406071566989e-04
9.6386718750000000e-01 1.7849979389383369e-04
9.6582031250000000e-01 1.5918240793091686e-04
9.6777343750000000e-01 1.4106374118772263e-04
9.6972656250000000e-01 1.2413094648213612e-04
9.7167968750000000e-01 1.0836745813902130e-04
9.7363281250000000e-01 9.3753944440533817e-05
9.7558593750000000e-01 8.0269244079501592e-05
9.7753906250000000e-01 6.7891285130205800e-05
9.7949218750000000e-01 5.6597984901725125e-05
9.8144531250000000e-01 4.6368128823631803e-05
9.8339843750000000e-01 3.7182226226380169e-05
9.8535156250000000e-01 2.9023340512744984e-05
9.8730468750000000e-01 2.1877890765027621e-05
9.8925781250000000e-01 1.5736421287595768e-05
9.9121093750000000e-01 1.0594334936971152e-05
9.9316406250000000e-01 6.4525853325297746e-06
9.9511718750000000e-01 3.3183221593067200e-06
9.9707031250000000e-01 1.2054827586470305e-06
9.9902343750000000e-01 1.3532203950541978e-07
1.0000000000000000e+00 0.0000000000000000e+00
