# MMS4BGC Gaussian-pulse profile
# sample = 4  tau = 5.0000000000000001e-03  bv = 5.0000000000000001e-04  nx = 512
# xi phi
0.0000000000000000e+00 0.0000000000000000e+00
9.7656250000000000e-04 -1.2513781384703099e-06
2.9296875000000000e-03 -1.1004161906870174e-05
4.8828125000000000e-03 -2.9888617659105420e-05
6.8359375000000000e-03 -5.7322638730834253e-05
8.7890625000000000e-03 -9.2788264127363651e-05
1.0742187500000000e-02 -1.3582677543470443e-04
1.2695312500000000e-02 -1.8603398890123347e-04
1.4648437500000000e-02 -2.4305573400318334e-04
1.6601562500000000e-02 -3.0658350945898653e-04
1.8554687500000000e-02 -3.7635030742424157e-04
2.0507812500000000e-02 -4.5212659646466988e-04
2.2460937500000000e-02 -5.3371645385479917e-04
2.4414062500000000e-02 -6.2095383777288746e-04
2.6367187500000000e-02 -7.1369899004700837e-04
2.8320312500000000e-02 -8.1183496024382368e-04
3.0273437500000000e-02 -9.1526424207218917e-04
3.2226562500000000e-02 -1.0239055132912564e-03
3.4179687500000000e-02 -1.1376904705609832e-03
3.6132812500000000e-02 -1.2565607509466179e-03
3.8085937500000000e-02 -1.3804649320832212e-03
4.0039062500000000e-02 -1.5093556033176619e-03
4.1992187500000000e-02 -1.6431865004704397e-03
4.3945312500000000e-02 -1.7819096971952639e-03
4.5898437500000000e-02 -1.9254728462581145e-03
4.7851562500000000e-02 -2.0738164644075112e-03
4.9804687500000000e-02 -2.2268712548621245e-03
5.1757812500000000e-02 -2.3845554617993175e-03
5.3710937500000000e-02 -2.5467722515874142e-03
5.5664062500000000e-02 -2.7134071158645668e-03
5.7617187500000000e-02 -2.8843252919270907e-03
5.9570312500000000e-02 -3.0593691962495276e-03
6.1523437500000000e-02 -3.2383558673168074e-03
6.3476562500000000e-02 -3.4210744143054039e-03
6.5429687500000000e-02 -3.6072834685048354e-03
6.7382812500000000e-02 -3.7967086347231002e-03
6.9335937500000000e-02 -3.9890399402693309e-03
7.1289062500000000e-02 -4.1839292794539568e-03
7.3242187500000000e-02 -4.3809878518908749e-03
7.5195312500000000e-02 -4.5797835932273288e-03
7.7148437500000000e-02 -4.7798385972653472e-03
7.9101562500000000e-02 -4.9806265287735763e-03
8.1054687500000000e-02 -5.1815700266200238e-03
8.3007812500000000e-02 -5.3820380971845638e-03
8.4960937500000000e-02 -5.5813434983348316e-03
8.6914062500000000e-02 -5.7787401145703949e-03
8.8867187500000000e-02 -5.9734203242574882e-03
9.0820312500000000e-02 -6.1645123601901516e-03
9.2773437500000000e-02 -6.3510776650231096e-03
9.4726562500000000e-02 -6.5321082434268351e-03
9.6679687500000000e-02 -6.7065240131160692e-03
9.8632812500000000e-02 -6.8731701571989948e-03
1.0058593750000000e-01 -7.0308144805853092e-03
1.0253906250000000e-01 -7.1781447734772779e-03
1.0449218750000000e-01 -7.3137661852480948e-03
1.0644531250000000e-01 -7.4361986122862414e-03
1.0839843750000000e-01 -7.5438741036528518e-03
1.1035156250000000e-01 -7.6351342886606336e-03
1.1230468750000000e-01 -7.7082278307377501e-03
1.1425781250000000e-01 -7.7613079121873953e-03
1.1621093750000000e-01 -7.7924297546935082e-03
1.1816406250000000e-01 -7.7995481806545797e-03
1.2011718750000000e-01 -7.7805152206504354e-03
1.2207031250000000e-01 -7.7330777725606757e-03
1.2402343750000000e-01 -7.6548753180578260e-03
1.2597656250000000e-01 -7.5434377023925105e-03
1.2792968750000000e-01 -7.3961829835718683e-03
1.2988281250000000e-01 -7.2104153572051808e-03
1.3183593750000000e-01 -6.9833231634521516e-03
1.3378906250000000e-01 -6.7119769826585844e-03
1.3574218750000000e-01 -6.3933278264012268e-03
1.3769531250000000e-01 -6.0242054307874104e-03
1.3964843750000000e-01 -5.6013166589656792e-03
1.4160156250000000e-01 -5.1212440199000777e-03
1.4355468750000000e-01 -4.5804443105428713e-03
1.4550781250000000e-01 -3.9752473886076308e-03
1.4746093750000000e-01 -3.3018550831963715e-03
1.4941406250000000e-01 -2.5563402505703850e-03
1.5136718750000000e-01 -1.7346459823740531e-03
1.5332031250000000e-01 -8.3258497362384684e-04
1.5527343750000000e-01 1.5416094223941754e-04
1.5722656250000000e-01 1.2300410839686516e-03
1.5917968750000000e-01 2.3996360315820166e-03
1.6113281250000000e-01 3.6676575467387029e-03
1.6308593750000000e-01 5.0389482973559798e-03
1.6503906250000000e-01 6.5184813795095510e-03
1.6699218750000000e-01 8.1113596297832762e-03
1.6894531250000000e-01 9.8228147213776200e-03
1.7089843750000000e-01 1.1658206037448991e-02
1.7285156250000000e-01 1.3623019315334496e-02
1.7480468750000000e-01 1.5722865055518721e-02
1.7675781250000000e-01 1.7963476689421082e-02
1.7871093750000000e-01 2.0350708500324131e-02
1.8066406250000000e-01 2.2890533292024704e-02
1.8261718750000000e-01 2.5589039800071333e-02
1.8457031250000000e-01 2.8452429840752479e-02
1.8652343750000000e-01 3.1487015193320873e-02
1.8847656250000000e-01 3.4699214211279410e-02
1.9042968750000000e-01 3.8095548158913563e-02
1.9238281250000000e-01 4.1682637269633394e-02
1.9433593750000000e-01 4.5467196523085222e-02
1.9628906250000000e-01 4.9456031138408192e-02
1.9824218750000000e-01 5.3656031781444083e-02
2.0019531250000000e-01 5.8074169484158659e-02
2.0214843750000000e-01 6.2717490275000523e-02
2.0410156250000000e-01 6.7593109519406586e-02
2.0605468750000000e-01 7.2708205970162573e-02
2.0800781250000000e-01 7.8070015527840819e-02
2.0996093750000000e-01 8.3685824712066606e-02
2.1191406250000000e-01 8.9562963844905433e-02
2.1386718750000000e-01 9.5708799948219167e-02
2.1582031250000000e-01 1.0213072935740455e-01
2.1777343750000000e-01 1.0883617005450538e-01
2.1972656250000000e-01 1.1583255372427742e-01
2.2167968750000000e-01 1.2312731753738089e-01
2.2363281250000000e-01 1.3072789566547965e-01
2.2558593750000000e-01 1.3864171053363755e-01
2.2753906250000000e-01 1.4687616381601962e-01
2.2949218750000000e-01 1.5543862718152598e-01
2.3144531250000000e-01 1.6433643279661259e-01
2.3339843750000000e-01 1.7357686359317806e-01
2.3535156250000000e-01 1.8316714331002532e-01
2.3730468750000000e-01 1.9311442631703182e-01
2.3925781250000000e-01 2.0342578723179036e-01
2.4121093750000000e-01 2.1410821033910027e-01
2.4316406250000000e-01 2.2516857882431171e-01
2.4511718750000000e-01 2.3661366383213275e-01
2.4707031250000000e-01 2.4845011336311626e-01
2.4902343750000000e-01 2.6068444102063776e-01
2.5097656250000000e-01 2.7332301462175973e-01
2.5292968750000000e-01 2.8637204468595417e-01
2.5488281250000000e-01 2.9983757281621254e-01
2.5683593750000000e-01 3.1372545998761892e-01
2.5878906250000000e-01 3.2804137475899187e-01
2.6074218750000000e-01 3.4279078142371244e-01
2.6269531250000000e-01 3.5797892811634940e-01
2.6464843750000000e-01 3.7361083489216224e-01
2.6660156250000000e-01 3.8969128179701734e-01
2.6855468750000000e-01 4.0622479694567715e-01
2.7050781250000000e-01 4.2321564462682609e-01
2.7246093750000000e-01 4.4066781345357170e-01
2.7441406250000000e-01 4.5858500457851270e-01
2.7636718750000000e-01 4.7697061999278251e-01
2.7832031250000000e-01 4.9582775092876974e-01
2.8027343750000000e-01 5.1515916638647663e-01
2.8222656250000000e-01 5.3496730180370344e-01
2.8417968750000000e-01 5.5525424789044242e-01
2.8613281250000000e-01 5.7602173964802361e-01
2.8808593750000000e-01 5.9727114559367911e-01
2.9003906250000000e-01 6.1900345721128280e-01
2.9199218750000000e-01 6.4121927864907202e-01
2.9394531250000000e-01 6.6391881668516850e-01
2.9589843750000000e-01 6.8710187098169639e-01
2.9785156250000000e-01 7.1076782464822097e-01
2.9980468750000000e-01 7.3491563513513669e-01
3.0175781250000000e-01 7.5954382547747856e-01
3.0371093750000000e-01 7.8465047590945036e-01
3.0566406250000000e-01 8.1023321586973007e-01
3.0761718750000000e-01 8.3628921641734744e-01
3.0957031250000000e-01 8.6281518307761784e-01
3.1152343750000000e-01 8.8980734913725623e-01
3.1347656250000000e-01 9.1726146940740694e-01
3.1542968750000000e-01 9.4517281447288537e-01
3.1738281250000000e-01 9.7353616544545074e-01
3.1933593750000000e-01 1.0023458092384037e+00
3.2128906250000000e-01 1.0315955343792493e+00
3.2324218750000000e-01 1.0612786273765604e+00
3.2519531250000000e-01 1.0913878696565305e+00
3.2714843750000000e-01 1.1219155350840340e+00
3.2910156250000000e-01 1.1528533880822882e+00
3.3105468750000000e-01 1.1841926823644477e+00
3.3300781250000000e-01 1.2159241602896784e+00
3.3496093750000000e-01 1.2480380528554265e+00
3.3691406250000000e-01 1.2805240803367268e+00
3.3886718750000000e-01 1.3133714535825085e+00
3.4082031250000000e-01 1.3465688759779162e+00
3.4277343750000000e-01 1.3801045460807089e+00
3.4472656250000000e-01 1.4139661609388146e+00
3.4667968750000000e-01 1.4481409200950957e+00
3.4863281250000000e-01 1.4826155302843345e+00
3.5058593750000000e-01 1.5173762108263926e+00
3.5253906250000000e-01 1.5524086997183941e+00
3.5449218750000000e-01 1.5876982604276899e+00
3.5644531250000000e-01 1.6232296893862135e+00
3.5839843750000000e-01 1.6589873241857060e+00
3.6035156250000000e-01 1.6949550524721257e+00
3.6230468750000000e-01 1.7311163215363874e+00
3.6425781250000000e-01 1.7674541485973856e+00
3.6621093750000000e-01 1.8039511317720802e+00
3.6816406250000000e-01 1.8405894617262160e+00
3.7011718750000000e-01 1.8773509339980550e+00
3.7207031250000000e-01 1.9142169619862963e+00
3.7402343750000000e-01 1.9511685905921652e+00
3.7597656250000000e-01 1.9881865105044509e+00
3.7792968750000000e-01 2.0252510731150890e+00
3.7988281250000000e-01 2.0623423060517116e+00
3.8183593750000000e-01 2.0994399293124006e+00
3.8378906250000000e-01 2.1365233719867440e+00
3.8574218750000000e-01 2.1735717895461457e+00
3.8769531250000000e-01 2.2105640816852161e+00
3.8964843750000000e-01 2.2474789106949875e+00
3.9160156250000000e-01 2.2842947203475905e+00
3.9355468750000000e-01 2.3209897552710164e+00
3.9550781250000000e-01 2.3575420807915308e+00
3.9746093750000000e-01 2.3939296032203408e+00
3.9941406250000000e-01 2.4301300905601231e+00
4.0136718750000000e-01 2.4661211936061376e+00
4.0332031250000000e-01 2.5018804674157278e+00
4.0527343750000000e-01 2.5373853931191737e+00
4.0722656250000000e-01 2.5726134000440468e+00
4.0917968750000000e-01 2.6075418881244721e+00
4.1113281250000000e-01 2.6421482505659388e+00
4.1308593750000000e-01 2.6764098967356795e+00
4.1503906250000000e-01 2.7103042752479656e+00
4.1699218750000000e-01 2.7438088972131132e+00
4.1894531250000000e-01 2.7769013596184777e+00
4.2089843750000000e-01 2.8095593688092091e+00
4.2285156250000000e-01 2.8417607640361600e+00
4.2480468750000000e-01 2.8734835410379604e+00
4.2675781250000000e-01 2.9047058756239577e+00
4.2871093750000000e-01 2.9354061472244806e+00
4.3066406250000000e-01 2.9655629623747179e+00
4.3261718750000000e-01 2.9951551780983281e+00
4.3457031250000000e-01 3.0241619251568612e+00
4.3652343750000000e-01 3.0525626311310563e+00
4.3847656250000000e-01 3.0803370433001112e+00
4.4042968750000000e-01 3.1074652512851566e+00
4.4238281250000000e-01 3.1339277094233240e+00
4.4433593750000000e-01 3.1597052588390402e+00
4.4628906250000000e-01 3.1847791491794628e+00
4.4824218750000000e-01 3.2091310599813485e+00
4.5019531250000000e-01 3.2327431216370397e+00
4.5214843750000000e-01 3.2555979359277418e+00
4.5410156250000000e-01 3.2776785960927999e+00
4.5605468750000000e-01 3.2989687064042736e+00
4.5800781250000000e-01 3.3194524012167670e+00
4.5996093750000000e-01 3.3391143634631546e+00
4.6191406250000000e-01 3.3579398425676525e+00
4.6386718750000000e-01 3.3759146717484527e+00
4.6582031250000000e-01 3.3930252846830431e+00
4.6777343750000000e-01 3.4092587315102376e+00
4.6972656250000000e-01 3.4246026941439132e+00
4.7167968750000000e-01 3.4390455008744900e+00
4.7363281250000000e-01 3.4525761402352249e+00
4.7558593750000000e-01 3.4651842741115151e+00
4.7753906250000000e-01 3.4768602500725572e+00
4.7949218750000000e-01 3.4875951129058929e+00
4.8144531250000000e-01 3.4973806153366032e+00
4.8339843750000000e-01 3.5062092279141854e+00
4.8535156250000000e-01 3.5140741480514133e+00
4.8730468750000000e-01 3.5209693082008484e+00
4.8925781250000000e-01 3.5268893831559969e+00
4.9121093750000000e-01 3.5318297964654937e+00
4.9316406250000000e-01 3.5357867259500888e+00
4.9511718750000000e-01 3.5387571083136593e+00
4.9707031250000000e-01 3.5407386428408807e+00
4.9902343750000000e-01 3.5417297941756578e+00
5.0097656250000000e-01 3.5417297941758852e+00
5.0292968750000000e-01 3.5407386428415641e+00
5.0488281250000000e-01 3.5387571083147984e+00
5.0683593750000000e-01 3.5357867259516826e+00
5.0878906250000000e-01 3.5318297964675400e+00
5.1074218750000000e-01 3.5268893831584918e+00
5.1269531250000000e-01 3.5209693082037870e+00
5.1464843750000000e-01 3.5140741480547919e+00
5.1660156250000000e-01 3.5062092279180002e+00
5.1855468750000000e-01 3.4973806153408487e+00
5.2050781250000000e-01 3.4875951129105616e+00
5.2246093750000000e-01 3.4768602500776429e+00
5.2441406250000000e-01 3.4651842741170111e+00
5.2636718750000000e-01 3.4525761402411237e+00
5.2832031250000000e-01 3.4390455008807810e+00
5.3027343750000000e-01 3.4246026941505865e+00
5.3222656250000000e-01 3.4092587315172813e+00
5.3417968750000000e-01 3.3930252846904438e+00
5.3613281250000000e-01 3.3759146717561941e+00
5.3808593750000000e-01 3.3579398425757194e+00
5.4003906250000000e-01 3.3391143634715346e+00
5.4199218750000000e-01 3.3194524012254440e+00
5.4394531250000000e-01 3.2989687064132336e+00
5.4589843750000000e-01 3.2776785961020289e+00
5.4785156250000000e-01 3.2555979359372289e+00
5.4980468750000000e-01 3.2327431216467728e+00
5.5175781250000000e-01 3.2091310599913174e+00
5.5371093750000000e-01 3.1847791491896573e+00
5.5566406250000000e-01 3.1597052588494501e+00
5.5761718750000000e-01 3.1339277094339395e+00
5.5957031250000000e-01 3.1074652512959653e+00
5.6152343750000000e-01 3.0803370433111006e+00
5.6347656250000000e-01 3.0525626311422140e+00
5.6542968750000000e-01 3.0241619251681771e+00
5.6738281250000000e-01 2.9951551781097923e+00
5.6933593750000000e-01 2.9655629623863238e+00
5.7128906250000000e-01 2.9354061472362196e+00
5.7324218750000000e-01 2.9047058756358206e+00
5.7519531250000000e-01 2.8734835410499371e+00
5.7714843750000000e-01 2.8417607640482401e+00
5.7910156250000000e-01 2.8095593688213847e+00
5.8105468750000000e-01 2.7769013596307399e+00
5.8300781250000000e-01 2.7438088972254535e+00
5.8496093750000000e-01 2.7103042752603761e+00
5.8691406250000000e-01 2.6764098967481531e+00
5.8886718750000000e-01 2.6421482505784666e+00
5.9082031250000000e-01 2.6075418881370434e+00
5.9277343750000000e-01 2.5726134000566510e+00
5.9472656250000000e-01 2.5373853931317973e+00
5.9667968750000000e-01 2.5018804674283599e+00
5.9863281250000000e-01 2.4661211936187644e+00
6.0058593750000000e-01 2.4301300905727339e+00
6.0253906250000000e-01 2.3939296032329245e+00
6.0449218750000000e-01 2.3575420808040763e+00
6.0644531250000000e-01 2.3209897552835135e+00
6.0839843750000000e-01 2.2842947203600303e+00
6.1035156250000000e-01 2.2474789107073621e+00
6.1230468750000000e-01 2.2105640816975165e+00
6.1425781250000000e-01 2.1735717895583617e+00
6.1621093750000000e-01 2.1365233719988668e+00
6.1816406250000000e-01 2.0994399293244208e+00
6.2011718750000000e-01 2.0623423060636203e+00
6.2207031250000000e-01 2.0252510731268756e+00
6.2402343750000000e-01 1.9881865105161050e+00
6.2597656250000000e-01 1.9511685906036778e+00
6.2792968750000000e-01 1.9142169619976577e+00
6.2988281250000000e-01 1.8773509340092573e+00
6.3183593750000000e-01 1.8405894617372525e+00
6.3378906250000000e-01 1.8039511317829444e+00
6.3574218750000000e-01 1.7674541486080715e+00
6.3769531250000000e-01 1.7311163215468888e+00
6.3964843750000000e-01 1.6949550524824377e+00
6.4160156250000000e-01 1.6589873241958242e+00
6.4355468750000000e-01 1.6232296893961342e+00
6.4550781250000000e-01 1.5876982604374092e+00
6.4746093750000000e-01 1.5524086997279101e+00
6.4941406250000000e-01 1.5173762108357034e+00
6.5136718750000000e-01 1.4826155302934383e+00
6.5332031250000000e-01 1.4481409201039903e+00
6.5527343750000000e-01 1.4139661609474985e+00
6.5722656250000000e-01 1.3801045460891797e+00
6.5917968750000000e-01 1.3465688759861714e+00
6.6113281250000000e-01 1.3133714535905445e+00
6.6308593750000000e-01 1.2805240803445399e+00
6.6503906250000000e-01 1.2480380528630139e+00
6.6699218750000000e-01 1.2159241602970376e+00
6.6894531250000000e-01 1.1841926823715760e+00
6.7089843750000000e-01 1.1528533880891838e+00
6.7285156250000000e-01 1.1219155350906955e+00
6.7480468750000000e-01 1.0913878696629575e+00
6.7675781250000000e-01 1.0612786273827544e+00
6.7871093750000000e-01 1.0315955343852112e+00
6.8066406250000000e-01 1.0023458092441349e+00
6.8261718750000000e-01 9.7353616545095301e-01
6.8457031250000000e-01 9.4517281447816026e-01
6.8652343750000000e-01 9.1726146941245612e-01
6.8847656250000000e-01 8.8980734914208293e-01
6.9042968750000000e-01 8.6281518308222571e-01
6.9238281250000000e-01 8.3628921642174103e-01
6.9433593750000000e-01 8.1023321587391550e-01
6.9628906250000000e-01 7.8465047591343373e-01
6.9824218750000000e-01 7.5954382548126531e-01
7.0019531250000000e-01 7.3491563513873270e-01
7.0214843750000000e-01 7.1076782465163235e-01
7.0410156250000000e-01 6.8710187098492936e-01
7.0605468750000000e-01 6.6391881668822916e-01
7.0800781250000000e-01 6.4121927865196693e-01
7.0996093750000000e-01 6.1900345721401906e-01
7.1191406250000000e-01 5.9727114559626360e-01
7.1386718750000000e-01 5.7602173965046355e-01
7.1582031250000000e-01 5.5525424789274513e-01
7.1777343750000000e-01 5.3496730180587637e-01
7.1972656250000000e-01 5.1515916638852732e-01
7.2167968750000000e-01 4.9582775093070530e-01
7.2363281250000000e-01 4.7697061999460988e-01
7.2558593750000000e-01 4.5858500458023821e-01
7.2753906250000000e-01 4.4066781345520128e-01
7.2949218750000000e-01 4.2321564462836531e-01
7.3144531250000000e-01 4.0622479694713104e-01
7.3339843750000000e-01 3.8969128179839074e-01
7.3535156250000000e-01 3.7361083489346003e-01
7.3730468750000000e-01 3.5797892811757598e-01
7.3925781250000000e-01 3.4279078142487190e-01
7.4121093750000000e-01 3.2804137476008849e-01
7.4316406250000000e-01 3.1372545998865686e-01
7.4511718750000000e-01 2.9983757281719547e-01
7.4707031250000000e-01 2.8637204468688554e-01
7.4902343750000000e-01 2.7332301462264280e-01
7.5097656250000000e-01 2.6068444102147581e-01
7.5292968750000000e-01 2.4845011336391212e-01
7.5488281250000000e-01 2.3661366383288870e-01
7.5683593750000000e-01 2.2516857882502997e-01
7.5878906250000000e-01 2.1410821033978292e-01
7.6074218750000000e-01 2.0342578723243931e-01
7.6269531250000000e-01 1.9311442631764877e-01
7.6464843750000000e-01 1.8316714331061187e-01
7.6660156250000000e-01 1.7357686359373592e-01
7.6855468750000000e-01 1.6433643279714313e-01
7.7050781250000000e-01 1.5543862718203058e-01
7.7246093750000000e-01 1.4687616381649959e-01
7.7441406250000000e-01 1.3864171053409421e-01
7.7636718750000000e-01 1.3072789566591414e-01
7.7832031250000000e-01 1.2312731753779425e-01
7.8027343750000000e-01 1.1583255372467050e-01
7.8222656250000000e-01 1.0883617005487893e-01
7.8417968750000000e-01 1.0213072935775926e-01
7.8613281250000000e-01 9.5708799948555592e-02
7.8808593750000000e-01 8.9562963845224094e-02
7.9003906250000000e-01 8.3685824712368045e-02
7.9199218750000000e-01 7.8070015528125578e-02
7.9394531250000000e-01 7.2708205970431150e-02
7.9589843750000000e-01 6.7593109519659481e-02
7.9785156250000000e-01 6.2717490275238250e-02
7.9980468750000000e-01 5.8074169484381752e-02
8.0175781250000000e-01 5.3656031781653062e-02
8.0371093750000000e-01 4.9456031138603543e-02
8.0566406250000000e-01 4.5467196523267459e-02
8.0761718750000000e-01 4.1682637269803015e-02
8.0957031250000000e-01 3.8095548159071006e-02
8.1152343750000000e-01 3.4699214211425126e-02
8.1347656250000000e-01 3.1487015193455335e-02
8.1542968750000000e-01 2.8452429840876158e-02
8.1738281250000000e-01 2.5589039800184701e-02
8.1933593750000000e-01 2.2890533292128281e-02
8.2128906250000000e-01 2.0350708500418424e-02
8.2324218750000000e-01 1.7963476689506576e-02
8.2519531250000000e-01 1.5722865055595888e-02
8.2714843750000000e-01 1.3623019315403799e-02
8.2910156250000000e-01 1.1658206037510872e-02
8.3105468750000000e-01 9.8228147214325223e-03
8.3300781250000000e-01 8.1113596298316402e-03
8.3496093750000000e-01 6.5184813795518019e-03
8.3691406250000000e-01 5.0389482973925313e-03
8.3886718750000000e-01 3.6676575467699600e-03
8.4082031250000000e-01 2.3996360316083688e-03
8.4277343750000000e-01 1.2300410839904750e-03
8.4472656250000000e-01 1.5416094225707600e-04
8.4667968750000000e-01 -8.3258497361000526e-04
8.4863281250000000e-01 -1.7346459823636962e-03
8.5058593750000000e-01 -2.5563402505631946e-03
8.5253906250000000e-01 -3.3018550831920472e-03
8.5449218750000000e-01 -3.9752473886058900e-03
8.5644531250000000e-01 -4.5804443105434403e-03
8.5839843750000000e-01 -5.1212440199027041e-03
8.6035156250000000e-01 -5.6013166589701287e-03
8.6230468750000000e-01 -6.0242054307934603e-03
8.6425781250000000e-01 -6.3933278264086697e-03
8.6621093750000000e-01 -6.7119769826672311e-03
8.6816406250000000e-01 -6.9833231634618262e-03
8.7011718750000000e-01 -7.2104153572157209e-03
8.7207031250000000e-01 -7.3961829835831197e-03
8.7402343750000000e-01 -7.5434377024043353e-03
8.7597656250000000e-01 -7.6548753180700974e-03
8.7792968750000000e-01 -7.7330777725732854e-03
8.7988281250000000e-01 -7.7805152206632758e-03
8.8183593750000000e-01 -7.7995481806675650e-03
8.8378906250000000e-01 -7.7924297547065551e-03
8.8574218750000000e-01 -7.7613079122004274e-03
8.8769531250000000e-01 -7.7082278307506946e-03
8.8964843750000000e-01 -7.6351342886734263e-03
8.9160156250000000e-01 -7.5438741036654364e-03
8.9355468750000000e-01 -7.4361986122985658e-03
8.9550781250000000e-01 -7.3137661852601061e-03
8.9746093750000000e-01 -7.1781447734889378e-03
8.9941406250000000e-01 -7.0308144805965814e-03
9.0136718750000000e-01 -6.8731701572098541e-03
9.0332031250000000e-01 -6.7065240131264896e-03
9.0527343750000000e-01 -6.5321082434367994e-03
9.0722656250000000e-01 -6.3510776650326107e-03
9.0917968750000000e-01 -6.1645123601991834e-03
9.1113281250000000e-01 -5.9734203242660473e-03
9.1308593750000000e-01 -5.7787401145784831e-03
9.1503906250000000e-01 -5.5813434983424462e-03
9.1699218750000000e-01 -5.3820380971917022e-03
9.1894531250000000e-01 -5.1815700266266852e-03
9.2089843750000000e-01 -4.9806265287797614e-03
9.2285156250000000e-01 -4.7798385972710631e-03
9.2480468750000000e-01 -4.5797835932325807e-03
9.2675781250000000e-01 -4.3809878518956714e-03
9.2871093750000000e-01 -4.1839292794583127e-03
9.3066406250000000e-01 -3.9890399402732635e-03
9.3261718750000000e-01 -3.7967086347266274e-03
9.3457031250000000e-01 -3.6072834685079783e-03
9.3652343750000000e-01 -3.4210744143081877e-03
9.3847656250000000e-01 -3.2383558673192586e-03
9.4042968750000000e-01 -3.0593691962516748e-03
9.4238281250000000e-01 -2.8843252919289620e-03
9.4433593750000000e-01 -2.7134071158661861e-03
9.4628906250000000e-01 -2.5467722515888063e-03
9.4824218750000000e-01 -2.3845554618005019e-03
9.5019531250000000e-01 -2.2268712548631198e-03
9.5214843750000000e-01 -2.0738164644083339e-03
9.5410156250000000e-01 -1.9254728462587817e-03
9.5605468750000000e-01 -1.7819096971957908e-03
9.5800781250000000e-01 -1.6431865004708408e-03
9.5996093750000000e-01 -1.5093556033179518e-03
9.6191406250000000e-01 -1.3804649320834149e-03
9.6386718750000000e-01 -1.2565607509467300e-03
9.6582031250000000e-01 -1.1376904705610272e-03
9.6777343750000000e-01 -1.0239055132912453e-03
9.6972656250000000e-01 -9.1526424207213648e-04
9.7167968750000000e-01 -8.1183496024374226e-04
9.7363281250000000e-01 -7.1369899004690874e-04
9.7558593750000000e-01 -6.2095383777277849e-04
9.7753906250000000e-01 -5.3371645385468826e-04
9.7949218750000000e-01 -4.5212659646456292e-04
9.8144531250000000e-01 -3.7635030742414291e-04
9.8339843750000000e-01 -3.0658350945889925e-04
9.8535156250000000e-01 -2.4305573400310921e-04
9.8730468750000000e-01 -1.8603398890117327e-04
9.8925781250000000e-01 -1.3582677543465810e-04
9.9121093750000000e-01 -9.2788264127330528e-05
9.9316406250000000e-01 -5.7322638730812928e-05
9.9511718750000000e-01 -2.9888617659093877e-05
9.9707031250000000e-01 -1.1004161906865778e-05
9.9902343750000000e-01 -1.2513781384697942e-06
1.0000000000000000e+00 0.0000000000000000e+00
