# MMS4BGC Gaussian-pulse profile
# sample = 3  tau = 3.7500000000000003e-03  bv = 5.0000000000000001e-04  nx = 512
# xi phi
0.0000000000000000e+00 0.0000000000000000e+00
9.7656250000000000e-04 3.9916107904154562e-07
2.9296875000000000e-03 3.4294342574750620e-06
4.8828125000000000e-03 9.0855071061210976e-06
6.8359375000000000e-03 1.6964509335743374e-05
8.7890625000000000e-03 2.6680999443119460e-05
1.0742187500000000e-02 3.7864464427096677e-05
1.2695312500000000e-02 5.0157065957908563e-05
1.4648437500000000e-02 6.3211610446701382e-05
1.6601562500000000e-02 7.6689723046952874e-05
1.8554687500000000e-02 9.0260207976301010e-05
2.0507812500000000e-02 1.0359757969463784e-04
2.2460937500000000e-02 1.1638075142913671e-04
2.4414062500000000e-02 1.2829186931481316e-04
2.6367187500000000e-02 1.3901528203467113e-04
2.8320312500000000e-02 1.4823663730969641e-04
3.0273437500000000e-02 1.5564209791809345e-04
3.2226562500000000e-02 1.6091767112637721e-04
3.4179687500000000e-02 1.6374864650245730e-04
3.6132812500000000e-02 1.6381913806204338e-04
3.8085937500000000e-02 1.6081172758312549e-04
4.0039062500000000e-02 1.5440720671674424e-04
4.1992187500000000e-02 1.4428441623290137e-04
4.3945312500000000e-02 1.3012018137475236e-04
4.5898437500000000e-02 1.1158934285807890e-04
4.7851562500000000e-02 8.8364883551820164e-05
4.9804687500000000e-02 6.0118151314009427e-05
5.1757812500000000e-02 2.6519178840224969e-05
5.3710937500000000e-02 -1.2762898287399989e-05
5.5664062500000000e-02 -5.8059323879851901e-05
5.7617187500000000e-02 -1.0970110204111396e-04
5.9570312500000000e-02 -1.6801827478409904e-04
6.1523437500000000e-02 -2.3333909430226421e-04
6.3476562500000000e-02 -3.0598908771738278e-04
6.5429687500000000e-02 -3.8629001203976119e-04
6.7382812500000000e-02 -4.7455869702606580e-04
6.9335937500000000e-02 -5.7110577360016746e-04
7.1289062500000000e-02 -6.7623428551249738e-04
7.3242187500000000e-02 -7.9023818195198003e-04
7.5195312500000000e-02 -9.1340068889043274e-04
7.7148437500000000e-02 -1.0459925570313021e-03
7.9101562500000000e-02 -1.1882701843517662e-03
8.1054687500000000e-02 -1.3404736113686489e-03
8.3007812500000000e-02 -1.5028243874234629e-03
8.4960937500000000e-02 -1.6755233064694812e-03
8.6914062500000000e-02 -1.8587480110533168e-03
8.8867187500000000e-02 -2.0526504634144349e-03
9.0820312500000000e-02 -2.2573542828777061e-03
9.2773437500000000e-02 -2.4729519489859546e-03
9.4726562500000000e-02 -2.6995018701108531e-03
9.6679687500000000e-02 -2.9370253175909629e-03
9.8632812500000000e-02 -3.1855032257745554e-03
1.0058593750000000e-01 -3.4448728586915969e-03
1.0253906250000000e-01 -3.7150243444432677e-03
1.0449218750000000e-01 -3.9957970787780402e-03
1.0644531250000000e-01 -4.2869759997200482e-03
1.0839843750000000e-01 -4.5882877355274965e-03
1.1035156250000000e-01 -4.8993966286855649e-03
1.1230468750000000e-01 -5.2199006390788779e-03
1.1425781250000000e-01 -5.5493271299423335e-03
1.1621093750000000e-01 -5.8871285406550972e-03
1.1816406250000000e-01 -6.2326779509199893e-03
1.2011718750000000e-01 -6.5852645413584281e-03
1.2207031250000000e-01 -6.9440889560484524e-03
1.2402343750000000e-01 -7.3082585730391289e-03
1.2597656250000000e-01 -7.6767826893878758e-03
1.2792968750000000e-01 -8.0485676277865358e-03
1.2988281250000000e-01 -8.4224117723663249e-03
1.3183593750000000e-01 -8.7970005417997970e-03
1.3378906250000000e-01 -9.1709013083482727e-03
1.3574218750000000e-01 -9.5425582720345247e-03
1.3769531250000000e-01 -9.9102872996513422e-03
1.3964843750000000e-01 -1.0272270738845408e-02
1.4160156250000000e-01 -1.0626552218041364e-02
1.4355468750000000e-01 -1.0971031443491040e-02
1.4550781250000000e-01 -1.1303459005246354e-02
1.4746093750000000e-01 -1.1621431204359260e-02
1.4941406250000000e-01 -1.1922384914107062e-02
1.5136718750000000e-01 -1.2203592488524113e-02
1.5332031250000000e-01 -1.2462156731989931e-02
1.5527343750000000e-01 -1.2695005944077388e-02
1.5722656250000000e-01 -1.2898889054300412e-02
1.5917968750000000e-01 -1.3070370861817429e-02
1.6113281250000000e-01 -1.3205827395542128e-02
1.6308593750000000e-01 -1.3301441410485412e-02
1.6503906250000000e-01 -1.3353198036499691e-02
1.6699218750000000e-01 -1.3356880595916913e-02
1.6894531250000000e-01 -1.3308066606863216e-02
1.7089843750000000e-01 -1.3202123989293825e-02
1.7285156250000000e-01 -1.3034207491019920e-02
1.7480468750000000e-01 -1.2799255351192997e-02
1.7675781250000000e-01 -1.2491986218869589e-02
1.7871093750000000e-01 -1.2106896344398934e-02
1.8066406250000000e-01 -1.1638257061455798e-02
1.8261718750000000e-01 -1.1080112577579170e-02
1.8457031250000000e-01 -1.0426278091073025e-02
1.8652343750000000e-01 -9.6703382520763569e-03
1.8847656250000000e-01 -8.8056459855146291e-03
1.9042968750000000e-01 -7.8253216935026525e-03
1.9238281250000000e-01 -6.7222528545778891e-03
1.9433593750000000e-01 -5.4890940369025200e-03
1.9628906250000000e-01 -4.1182673422811540e-03
1.9824218750000000e-01 -2.6019632974974981e-03
2.0019531250000000e-01 -9.3214220907732062e-04
2.0214843750000000e-01 8.9946400286462064e-04
2.0410156250000000e-01 2.9013494765395714e-03
2.0605468750000000e-01 5.0822315715657491e-03
2.0800781250000000e-01 7.4510475092323513e-03
2.0996093750000000e-01 1.0016950476631706e-02
2.1191406250000000e-01 1.2789305182067827e-02
2.1386718750000000e-01 1.5777682849927720e-02
2.1582031250000000e-01 1.8991855644034574e-02
2.1777343750000000e-01 2.2441790509389034e-02
2.1972656250000000e-01 2.6137642423145469e-02
2.2167968750000000e-01 3.0089747046663628e-02
2.2363281250000000e-01 3.4308612771521557e-02
2.2558593750000000e-01 3.8804912153472017e-02
2.2753906250000000e-01 4.3589472729470204e-02
2.2949218750000000e-01 4.8673267214094547e-02
2.3144531250000000e-01 5.4067403072922390e-02
2.3339843750000000e-01 5.9783111471706916e-02
2.3535156250000000e-01 6.5831735601529121e-02
2.3730468750000000e-01 7.2224718381466005e-02
2.3925781250000000e-01 7.8973589541721539e-02
2.4121093750000000e-01 8.6089952091608093e-02
2.4316406250000000e-01 9.3585468178239650e-02
2.4511718750000000e-01 1.0147184434330174e-01
2.4707031250000000e-01 1.0976081618679322e-01
2.4902343750000000e-01 1.1846413244818947e-01
2.5097656250000000e-01 1.2759353851705063e-01
2.5292968750000000e-01 1.3716075938669017e-01
2.5488281250000000e-01 1.4717748206612352e-01
2.5683593750000000e-01 1.5765533746713037e-01
2.5878906250000000e-01 1.6860588178488325e-01
2.6074218750000000e-01 1.8004057739221846e-01
2.6269531250000000e-01 1.9197077326924145e-01
2.6464843750000000e-01 2.0440768499157261e-01
2.6660156250000000e-01 2.1736237430214056e-01
2.6855468750000000e-01 2.3084572829301578e-01
2.7050781250000000e-01 2.4486843822534299e-01
2.7246093750000000e-01 2.5944097801697369e-01
2.7441406250000000e-01 2.7457358242891389e-01
2.7636718750000000e-01 2.9027622498318156e-01
2.7832031250000000e-01 3.0655859564611010e-01
2.8027343750000000e-01 3.2343007831253612e-01
2.8222656250000000e-01 3.4089972812766106e-01
2.8417968750000000e-01 3.5897624868467864e-01
2.8613281250000000e-01 3.7766796913750589e-01
2.8808593750000000e-01 3.9698282126914025e-01
2.9003906250000000e-01 4.1692831655728707e-01
2.9199218750000000e-01 4.3751152327995135e-01
2.9394531250000000e-01 4.5873904370466745e-01
2.9589843750000000e-01 4.8061699140594005e-01
2.9785156250000000e-01 5.0315096875628906e-01
2.9980468750000000e-01 5.2634604463702672e-01
3.0175781250000000e-01 5.5020673241553730e-01
3.0371093750000000e-01 5.7473696823638620e-01
3.0566406250000000e-01 5.9994008967403623e-01
3.0761718750000000e-01 6.2581881479531387e-01
3.0957031250000000e-01 6.5237522168001938e-01
3.1152343750000000e-01 6.7961072844822279e-01
3.1347656250000000e-01 7.0752607384283772e-01
3.1542968750000000e-01 7.3612129841599461e-01
3.1738281250000000e-01 7.6539572636755837e-01
3.1933593750000000e-01 7.9534794808384135e-01
3.2128906250000000e-01 8.2597580342416099e-01
3.2324218750000000e-01 8.5727636580236732e-01
3.2519531250000000e-01 8.8924592710981964e-01
3.2714843750000000e-01 9.2187998352554223e-01
3.2910156250000000e-01 9.5517322225841073e-01
3.3105468750000000e-01 9.8911950926522108e-01
3.3300781250000000e-01 1.0237118779873877e+00
3.3496093750000000e-01 1.0589425191477837e+00
3.3691406250000000e-01 1.0948027716478925e+00
3.3886718750000000e-01 1.1312831146039726e+00
3.4082031250000000e-01 1.1683731605593721e+00
3.4277343750000000e-01 1.2060616499084276e+00
3.4472656250000000e-01 1.2443364465656013e+00
3.4667968750000000e-01 1.2831845349115971e+00
3.4863281250000000e-01 1.3225920180461825e+00
3.5058593750000000e-01 1.3625441173753485e+00
3.5253906250000000e-01 1.4030251735582187e+00
3.5449218750000000e-01 1.4440186488368263e+00
3.5644531250000000e-01 1.4855071307694838e+00
3.5839843750000000e-01 1.5274723373859924e+00
3.6035156250000000e-01 1.5698951237803860e+00
3.6230468750000000e-01 1.6127554901542744e+00
3.6425781250000000e-01 1.6560325913211387e+00
3.6621093750000000e-01 1.6997047476791713e+00
3.6816406250000000e-01 1.7437494576574326e+00
3.7011718750000000e-01 1.7881434116372066e+00
3.7207031250000000e-01 1.8328625073475167e+00
3.7402343750000000e-01 1.8778818667308030e+00
3.7597656250000000e-01 1.9231758542717463e+00
3.7792968750000000e-01 1.9687180967792166e+00
3.7988281250000000e-01 2.0144815046082756e+00
3.8183593750000000e-01 2.0604382943060759e+00
3.8378906250000000e-01 2.1065600126624822e+00
3.8574218750000000e-01 2.1528175621431278e+00
3.8769531250000000e-01 2.1991812276796052e+00
3.8964843750000000e-01 2.2456207047884340e+00
3.9160156250000000e-01 2.2921051289874232e+00
3.9355468750000000e-01 2.3386031064751021e+00
3.9550781250000000e-01 2.3850827460359181e+00
3.9746093750000000e-01 2.4315116921310183e+00
3.9941406250000000e-01 2.4778571591315792e+00
4.0136718750000000e-01 2.5240859666489013e+00
4.0332031250000000e-01 2.5701645759127425e+00
4.0527343750000000e-01 2.6160591271467388e+00
4.0722656250000000e-01 2.6617354778872251e+00
4.0917968750000000e-01 2.7071592421892996e+00
4.1113281250000000e-01 2.7522958306616094e+00
4.1308593750000000e-01 2.7971104912690907e+00
4.1503906250000000e-01 2.8415683508407370e+00
4.1699218750000000e-01 2.8856344572174391e+00
4.1894531250000000e-01 2.9292738219730508e+00
4.2089843750000000e-01 2.9724514636400237e+00
4.2285156250000000e-01 3.0151324513693369e+00
4.2480468750000000e-01 3.0572819489529257e+00
4.2675781250000000e-01 3.0988652591354531e+00
4.2871093750000000e-01 3.1398478681410436e+00
4.3066406250000000e-01 3.1801954903395604e+00
4.3261718750000000e-01 3.2198741129760680e+00
4.3457031250000000e-01 3.2588500408863936e+00
4.3652343750000000e-01 3.2970899411211141e+00
4.3847656250000000e-01 3.3345608873998587e+00
4.4042968750000000e-01 3.3712304043175814e+00
4.4238281250000000e-01 3.4070665112243632e+00
4.4433593750000000e-01 3.4420377657003867e+00
4.4628906250000000e-01 3.4761133065479810e+00
4.4824218750000000e-01 3.5092628962230727e+00
4.5019531250000000e-01 3.5414569626289687e+00
4.5214843750000000e-01 3.5726666401961471e+00
4.5410156250000000e-01 3.6028638101727180e+00
4.5605468750000000e-01 3.6320211400512776e+00
4.5800781250000000e-01 3.6601121220591839e+00
4.5996093750000000e-01 3.6871111106407040e+00
4.6191406250000000e-01 3.7129933588611088e+00
4.6386718750000000e-01 3.7377350536645277e+00
4.6582031250000000e-01 3.7613133499193170e+00
4.6777343750000000e-01 3.7837064031867453e+00
4.6972656250000000e-01 3.8048934011510260e+00
4.7167968750000000e-01 3.8248545936511000e+00
4.7363281250000000e-01 3.8435713212570555e+00
4.7558593750000000e-01 3.8610260423366891e+00
4.7753906250000000e-01 3.8772023585605164e+00
4.7949218750000000e-01 3.8920850387963624e+00
4.8144531250000000e-01 3.9056600413476961e+00
4.8339843750000000e-01 3.9179145344929616e+00
4.8535156250000000e-01 3.9288369152863378e+00
4.8730468750000000e-01 3.9384168265836879e+00
4.8925781250000000e-01 3.9466451722608049e+00
4.9121093750000000e-01 3.9535141305945363e+00
4.9316406250000000e-01 3.9590171657808710e+00
4.9511718750000000e-01 3.9631490375676983e+00
4.9707031250000000e-01 3.9659058089835333e+00
4.9902343750000000e-01 3.9672848521472392e+00
5.0097656250000000e-01 3.9672848521474506e+00
5.0292968750000000e-01 3.9659058089841683e+00
5.0488281250000000e-01 3.9631490375687570e+00
5.0683593750000000e-01 3.9590171657823543e+00
5.0878906250000000e-01 3.9535141305964405e+00
5.1074218750000000e-01 3.9466451722631262e+00
5.1269531250000000e-01 3.9384168265864203e+00
5.1464843750000000e-01 3.9288369152894775e+00
5.1660156250000000e-01 3.9179145344965054e+00
5.1855468750000000e-01 3.9056600413516382e+00
5.2050781250000000e-01 3.8920850388006945e+00
5.2246093750000000e-01 3.8772023585652309e+00
5.2441406250000000e-01 3.8610260423417793e+00
5.2636718750000000e-01 3.8435713212625129e+00
5.2832031250000000e-01 3.8248545936569140e+00
5.3027343750000000e-01 3.8048934011571856e+00
5.3222656250000000e-01 3.7837064031932406e+00
5.3417968750000000e-01 3.7613133499261311e+00
5.3613281250000000e-01 3.7377350536716443e+00
5.3808593750000000e-01 3.7129933588685122e+00
5.4003906250000000e-01 3.6871111106483796e+00
5.4199218750000000e-01 3.6601121220671158e+00
5.4394531250000000e-01 3.6320211400594502e+00
5.4589843750000000e-01 3.6028638101811157e+00
5.4785156250000000e-01 3.5726666402047584e+00
5.4980468750000000e-01 3.5414569626377816e+00
5.5175781250000000e-01 3.5092628962320762e+00
5.5371093750000000e-01 3.4761133065571648e+00
5.5566406250000000e-01 3.4420377657097423e+00
5.5761718750000000e-01 3.4070665112338778e+00
5.5957031250000000e-01 3.3712304043272439e+00
5.6152343750000000e-01 3.3345608874096557e+00
5.6347656250000000e-01 3.2970899411310342e+00
5.6542968750000000e-01 3.2588500408964260e+00
5.6738281250000000e-01 3.2198741129862034e+00
5.6933593750000000e-01 3.1801954903497913e+00
5.7128906250000000e-01 3.1398478681513620e+00
5.7324218750000000e-01 3.0988652591458505e+00
5.7519531250000000e-01 3.0572819489633933e+00
5.7714843750000000e-01 3.0151324513798650e+00
5.7910156250000000e-01 2.9724514636506050e+00
5.8105468750000000e-01 2.9292738219836769e+00
5.8300781250000000e-01 2.8856344572281025e+00
5.8496093750000000e-01 2.8415683508514311e+00
5.8691406250000000e-01 2.7971104912798093e+00
5.8886718750000000e-01 2.7522958306723435e+00
5.9082031250000000e-01 2.7071592422000412e+00
5.9277343750000000e-01 2.6617354778979645e+00
5.9472656250000000e-01 2.6160591271574645e+00
5.9667968750000000e-01 2.5701645759234428e+00
5.9863281250000000e-01 2.5240859666595643e+00
6.0058593750000000e-01 2.4778571591421947e+00
6.0253906250000000e-01 2.4315116921415778e+00
6.0449218750000000e-01 2.3850827460464123e+00
6.0644531250000000e-01 2.3386031064855217e+00
6.0839843750000000e-01 2.2921051289977603e+00
6.1035156250000000e-01 2.2456207047986831e+00
6.1230468750000000e-01 2.1991812276897584e+00
6.1425781250000000e-01 2.1528175621531767e+00
6.1621093750000000e-01 2.1065600126724191e+00
6.1816406250000000e-01 2.0604382943158948e+00
6.2011718750000000e-01 2.0144815046179683e+00
6.2207031250000000e-01 1.9687180967887752e+00
6.2402343750000000e-01 1.9231758542811619e+00
6.2597656250000000e-01 1.8778818667400698e+00
6.2792968750000000e-01 1.8328625073566271e+00
6.2988281250000000e-01 1.7881434116461545e+00
6.3183593750000000e-01 1.7437494576662138e+00
6.3378906250000000e-01 1.6997047476877816e+00
6.3574218750000000e-01 1.6560325913295737e+00
6.3769531250000000e-01 1.6127554901625303e+00
6.3964843750000000e-01 1.5698951237884591e+00
6.4160156250000000e-01 1.5274723373938806e+00
6.4355468750000000e-01 1.4855071307771857e+00
6.4550781250000000e-01 1.4440186488443394e+00
6.4746093750000000e-01 1.4030251735655428e+00
6.4941406250000000e-01 1.3625441173824837e+00
6.5136718750000000e-01 1.3225920180531290e+00
6.5332031250000000e-01 1.2831845349183548e+00
6.5527343750000000e-01 1.2443364465721705e+00
6.5722656250000000e-01 1.2060616499148074e+00
6.5917968750000000e-01 1.1683731605655627e+00
6.6113281250000000e-01 1.1312831146099724e+00
6.6308593750000000e-01 1.0948027716537003e+00
6.6503906250000000e-01 1.0589425191533985e+00
6.6699218750000000e-01 1.0237118779928085e+00
6.6894531250000000e-01 9.8911950927044756e-01
6.7089843750000000e-01 9.5517322226344259e-01
6.7285156250000000e-01 9.2187998353037937e-01
6.7480468750000000e-01 8.8924592711446304e-01
6.7675781250000000e-01 8.5727636580681899e-01
6.7871093750000000e-01 8.2597580342842281e-01
6.8066406250000000e-01 7.9534794808791587e-01
6.8261718750000000e-01 7.6539572637144837e-01
6.8457031250000000e-01 7.3612129841970209e-01
6.8652343750000000e-01 7.0752607384636523e-01
6.8847656250000000e-01 6.7961072845157378e-01
6.9042968750000000e-01 6.5237522168319773e-01
6.9238281250000000e-01 6.2581881479832413e-01
6.9433593750000000e-01 5.9994008967688361e-01
6.9628906250000000e-01 5.7473696823907661e-01
6.9824218750000000e-01 5.5020673241807561e-01
7.0019531250000000e-01 5.2634604463941792e-01
7.0214843750000000e-01 5.0315096875853849e-01
7.0410156250000000e-01 4.8061699140805297e-01
7.0605468750000000e-01 4.5873904370664897e-01
7.0800781250000000e-01 4.3751152328180698e-01
7.0996093750000000e-01 4.1692831655902246e-01
7.1191406250000000e-01 3.9698282127076112e-01
7.1386718750000000e-01 3.7766796913901801e-01
7.1582031250000000e-01 3.5897624868608774e-01
7.1777343750000000e-01 3.4089972812897301e-01
7.1972656250000000e-01 3.2343007831375670e-01
7.2167968750000000e-01 3.0655859564724480e-01
7.2363281250000000e-01 2.9027622498423572e-01
7.2558593750000000e-01 2.7457358242989244e-01
7.2753906250000000e-01 2.5944097801788130e-01
7.2949218750000000e-01 2.4486843822618398e-01
7.3144531250000000e-01 2.3084572829379410e-01
7.3339843750000000e-01 2.1736237430285990e-01
7.3535156250000000e-01 2.0440768499223658e-01
7.3730468750000000e-01 1.9197077326985348e-01
7.3925781250000000e-01 1.8004057739278170e-01
7.4121093750000000e-01 1.6860588178540087e-01
7.4316406250000000e-01 1.5765533746760541e-01
7.4511718750000000e-01 1.4717748206655884e-01
7.4707031250000000e-01 1.3716075938708835e-01
7.4902343750000000e-01 1.2759353851741426e-01
7.5097656250000000e-01 1.1846413244852097e-01
7.5292968750000000e-01 1.0976081618709473e-01
7.5488281250000000e-01 1.0147184434357519e-01
7.5683593750000000e-01 9.3585468178486883e-02
7.5878906250000000e-01 8.6089952091830832e-02
7.6074218750000000e-01 7.8973589541921366e-02
7.6269531250000000e-01 7.2224718381644418e-02
7.6464843750000000e-01 6.5831735601687508e-02
7.6660156250000000e-01 5.9783111471846617e-02
7.6855468750000000e-01 5.4067403073044674e-02
7.7050781250000000e-01 4.8673267214200622e-02
7.7246093750000000e-01 4.3589472729561221e-02
7.7441406250000000e-01 3.8804912153549087e-02
7.7636718750000000e-01 3.4308612771585721e-02
7.7832031250000000e-01 3.0089747046715840e-02
7.8027343750000000e-01 2.6137642423186634e-02
7.8222656250000000e-01 2.2441790509419988e-02
7.8417968750000000e-01 1.8991855644056106e-02
7.8613281250000000e-01 1.5777682849940567e-02
7.8808593750000000e-01 1.2789305182072684e-02
7.9003906250000000e-01 1.0016950476629235e-02
7.9199218750000000e-01 7.4510475092231868e-03
7.9394531250000000e-01 5.0822315715504966e-03
7.9589843750000000e-01 2.9013494765188002e-03
7.9785156250000000e-01 8.9946400283887789e-04
7.9980468750000000e-01 -9.3214220910751663e-04
8.0175781250000000e-01 -2.6019632975316535e-03
8.0371093750000000e-01 -4.1182673423187984e-03
8.0566406250000000e-01 -5.4890940369432114e-03
8.0761718750000000e-01 -6.7222528546212025e-03
8.0957031250000000e-01 -7.8253216935481856e-03
8.1152343750000000e-01 -8.8056459855619974e-03
8.1347656250000000e-01 -9.6703382521252119e-03
8.1542968750000000e-01 -1.0426278091123046e-02
8.1738281250000000e-01 -1.1080112577630056e-02
8.1933593750000000e-01 -1.1638257061507288e-02
8.2128906250000000e-01 -1.2106896344450779e-02
8.2324218750000000e-01 -1.2491986218921553e-02
8.2519531250000000e-01 -1.2799255351244867e-02
8.2714843750000000e-01 -1.3034207491071498e-02
8.2910156250000000e-01 -1.3202123989344925e-02
8.3105468750000000e-01 -1.3308066606913685e-02
8.3300781250000000e-01 -1.3356880595966623e-02
8.3496093750000000e-01 -1.3353198036548530e-02
8.3691406250000000e-01 -1.3301441410533283e-02
8.3886718750000000e-01 -1.3205827395588950e-02
8.4082031250000000e-01 -1.3070370861863133e-02
8.4277343750000000e-01 -1.2898889054344947e-02
8.4472656250000000e-01 -1.2695005944120711e-02
8.4667968750000000e-01 -1.2462156732031993e-02
8.4863281250000000e-01 -1.2203592488564875e-02
8.5058593750000000e-01 -1.1922384914146489e-02
8.5253906250000000e-01 -1.1621431204397315e-02
8.5449218750000000e-01 -1.1303459005283017e-02
8.5644531250000000e-01 -1.0971031443526288e-02
8.5839843750000000e-01 -1.0626552218075182e-02
8.6035156250000000e-01 -1.0272270738877799e-02
8.6230468750000000e-01 -9.9102872996823053e-03
8.6425781250000000e-01 -9.5425582720640653e-03
8.6621093750000000e-01 -9.1709013083764012e-03
8.6816406250000000e-01 -8.7970005418265378e-03
8.7011718750000000e-01 -8.4224117723917021e-03
8.7207031250000000e-01 -8.0485676278105774e-03
8.7402343750000000e-01 -7.6767826894106120e-03
8.7597656250000000e-01 -7.3082585730605961e-03
8.7792968750000000e-01 -6.9440889560686931e-03
8.7988281250000000e-01 -6.5852645413774858e-03
8.8183593750000000e-01 -6.2326779509379116e-03
8.8378906250000000e-01 -5.8871285406719336e-03
8.8574218750000000e-01 -5.5493271299581291e-03
8.8769531250000000e-01 -5.2199006390936725e-03
8.8964843750000000e-01 -4.8993966286994019e-03
8.9160156250000000e-01 -4.5882877355404219e-03
8.9355468750000000e-01 -4.2869759997321028e-03
8.9550781250000000e-01 -3.9957970787892622e-03
8.9746093750000000e-01 -3.7150243444536964e-03
8.9941406250000000e-01 -3.4448728587012740e-03
9.0136718750000000e-01 -3.1855032257835209e-03
9.0332031250000000e-01 -2.9370253175992548e-03
9.0527343750000000e-01 -2.6995018701185115e-03
9.0722656250000000e-01 -2.4729519489930193e-03
9.0917968750000000e-01 -2.2573542828842161e-03
9.1113281250000000e-01 -2.0526504634204271e-03
9.1308593750000000e-01 -1.8587480110588267e-03
9.1503906250000000e-01 -1.6755233064745412e-03
9.1699218750000000e-01 -1.5028243874281037e-03
9.1894531250000000e-01 -1.3404736113728985e-03
9.2089843750000000e-01 -1.1882701843556516e-03
9.2285156250000000e-01 -1.0459925570348485e-03
9.2480468750000000e-01 -9.1340068889366453e-04
9.2675781250000000e-01 -7.9023818195492006e-04
9.2871093750000000e-01 -6.7623428551516734e-04
9.3066406250000000e-01 -5.7110577360258848e-04
9.3261718750000000e-01 -4.7455869702825736e-04
9.3457031250000000e-01 -3.8629001204174148e-04
9.3652343750000000e-01 -3.0598908771916944e-04
9.3847656250000000e-01 -2.3333909430387382e-04
9.4042968750000000e-01 -1.6801827478554710e-04
9.4238281250000000e-01 -1.0970110204241491e-04
9.4433593750000000e-01 -5.8059323881019119e-05
9.4628906250000000e-01 -1.2762898288445839e-05
9.4824218750000000e-01 2.6519178839289109e-05
9.5019531250000000e-01 6.0118151313173115e-05
9.5214843750000000e-01 8.8364883551073867e-05
9.5410156250000000e-01 1.1158934285741403e-04
9.5605468750000000e-01 1.3012018137416103e-04
9.5800781250000000e-01 1.4428441623237645e-04
9.5996093750000000e-01 1.5440720671627939e-04
9.6191406250000000e-01 1.6081172758271504e-04
9.6386718750000000e-01 1.6381913806168220e-04
9.6582031250000000e-01 1.6374864650214079e-04
9.6777343750000000e-01 1.6091767112610131e-04
9.6972656250000000e-01 1.5564209791785460e-04
9.7167968750000000e-01 1.4823663730949147e-04
9.7363281250000000e-01 1.3901528203449698e-04
9.7558593750000000e-01 1.2829186931466696e-04
9.7753906250000000e-01 1.1638075142901566e-04
9.7949218750000000e-01 1.0359757969453927e-04
9.8144531250000000e-01 9.0260207976222283e-05
9.8339843750000000e-01 7.6689723046891468e-05
9.8535156250000000e-01 6.3211610446654856e-05
9.8730468750000000e-01 5.0157065957874580e-05
9.8925781250000000e-01 3.7864464427073000e-05
9.9121093750000000e-01 2.6680999443104037e-05
9.9316406250000000e-01 1.6964509335734293e-05
9.9511718750000000e-01 9.0855071061165846e-06
9.9707031250000000e-01 3.4294342574734789e-06
9.9902343750000000e-01 3.9916107904137410e-07
1.0000000000000000e+00 0.0000000000000000e+00
