# MMS4BGC Gaussian-pulse profile
# sample = 1  tau = 1.2500000000000000e-03  bv = 1.0000000000000000e-04  nx = 512
# xi phi
0.0000000000000000e+00 0.0000000000000000e+00
9.7656250000000000e-04 2.7270469281448527e-12
2.9296875000000000e-03 2.4040983040847666e-11
4.8828125000000000e-03 6.5805182764172870e-11
6.8359375000000000e-03 1.2779900952871514e-10
8.7890625000000000e-03 2.1040725557284560e-10
1.0742187500000000e-02 3.1449521418444932e-10
1.2695312500000000e-02 4.4127140247400576e-10
1.4648437500000000e-02 5.9213886725761329e-10
1.6601562500000000e-02 7.6853499258255810e-10
1.8554687500000000e-02 9.7175903689009974e-10
2.0507812500000000e-02 1.2027862142381641e-09
2.2460937500000000e-02 1.4620669627898540e-09
2.4414062500000000e-02 1.7493100901698283e-09
2.6367187500000000e-02 2.0632487326446881e-09
2.8320312500000000e-02 2.4013885032734044e-09
3.0273437500000000e-02 2.7597378282341157e-09
3.2226562500000000e-02 3.1325212794146371e-09
3.4179687500000000e-02 3.5118777067788565e-09
3.6132812500000000e-02 3.8875461594080982e-09
3.8085937500000000e-02 4.2465439635387101e-09
4.0039062500000000e-02 4.5728429030771162e-09
4.1992187500000000e-02 4.8470512252721661e-09
4.3945312500000000e-02 5.0461111713092918e-09
4.5898437500000000e-02 5.1430239048720536e-09
4.7851562500000000e-02 5.1066160728430756e-09
4.9804687500000000e-02 4.9013647671067601e-09
5.1757812500000000e-02 4.4873003436447669e-09
5.3710937500000000e-02 3.8200093652557344e-09
5.5664062500000000e-02 2.8507628281651126e-09
5.7617187500000000e-02 1.5267977604955820e-09
5.9570312500000000e-02 -2.0821682020823978e-10
6.1523437500000000e-02 -2.4134958082537818e-09
6.3476562500000000e-02 -5.1501993876395638e-09
6.5429687500000000e-02 -8.4802012056142966e-09
6.7382812500000000e-02 -1.2464522787695192e-08
6.9335937500000000e-02 -1.7161392333453062e-08
7.1289062500000000e-02 -2.2623885453548425e-08
7.3242187500000000e-02 -2.8897105737273201e-08
7.5195312500000000e-02 -3.6014864475792983e-08
7.7148437500000000e-02 -4.3995821628432158e-08
7.9101562500000000e-02 -5.2839054445641561e-08
8.1054687500000000e-02 -6.2519026308533095e-08
8.3007812500000000e-02 -7.2979936583089184e-08
8.4960937500000000e-02 -8.4129442903348383e-08
8.6914062500000000e-02 -9.5831760588985561e-08
8.8867187500000000e-02 -1.0790016017284776e-07
9.0820312500000000e-02 -1.2008890356971945e-07
9.2773437500000000e-02 -1.3208468256218187e-07
9.4726562500000000e-02 -1.4349765030623519e-07
9.6679687500000000e-02 -1.5385216774387242e-07
9.8632812500000000e-02 -1.6257742240064575e-07
1.0058593750000000e-01 -1.6899811725486514e-07
1.0253906250000000e-01 -1.7232547235401442e-07
1.0449218750000000e-01 -1.7164883172410292e-07
1.0644531250000000e-01 -1.6592822289375130e-07
1.0839843750000000e-01 -1.5398827596985175e-07
1.1035156250000000e-01 -1.3451397347990482e-07
1.1230468750000000e-01 -1.0604877083480634e-07
1.1425781250000000e-01 -6.6995699815525975e-08
1.1621093750000000e-01 -1.5622143331115448e-08
1.1816406250000000e-01 4.9930951971786659e-08
1.2011718750000000e-01 1.3163457886331221e-07
1.2207031250000000e-01 2.3155096203921482e-07
1.2402343750000000e-01 3.5180563483934132e-07
1.2597656250000000e-01 4.9455121937558941e-07
1.2792968750000000e-01 6.6192175879010779e-07
1.2988281250000000e-01 8.5597638748504446e-07
1.3183593750000000e-01 1.0786310726581418e-06
1.3378906250000000e-01 1.3315771214861842e-06
1.3574218750000000e-01 1.6161851263506684e-06
1.3769531250000000e-01 1.9333930195303389e-06
1.3964843750000000e-01 2.2835769331424965e-06
1.4160156250000000e-01 2.6664036145728905e-06
1.4355468750000000e-01 3.0806632373950925e-06
1.4550781250000000e-01 3.5240815784752060e-06
1.4746093750000000e-01 3.9931107096388387e-06
1.4941406250000000e-01 4.4826975834050203e-06
1.5136718750000000e-01 4.9860301837151187e-06
1.5332031250000000e-01 5.4942612715121566e-06
1.5527343750000000e-01 5.9962101889887902e-06
1.5722656250000000e-01 6.4780437031282233e-06
1.5917968750000000e-01 6.9229374768397792e-06
1.6113281250000000e-01 7.3107204627209242e-06
1.6308593750000000e-01 7.6175053285171892e-06
1.6503906250000000e-01 7.8153089529435920e-06
1.6699218750000000e-01 7.8716680838033497e-06
1.6894531250000000e-01 7.7492564351914711e-06
1.7089843750000000e-01 7.4055108245472095e-06
1.7285156250000000e-01 6.7922754204748674e-06
1.7480468750000000e-01 5.8554747950005305e-06
1.7675781250000000e-01 4.5348282548853980e-06
1.7871093750000000e-01 2.7636198704144235e-06
1.8066406250000000e-01 4.6854073020759786e-07
1.8261718750000000e-01 -2.4303777707980707e-06
1.8457031250000000e-01 -6.0197183553761910e-06
1.8652343750000000e-01 -1.0392496129633620e-05
1.8847656250000000e-01 -1.5647814039398092e-05
1.9042968750000000e-01 -2.1890325926573818e-05
1.9238281250000000e-01 -2.9229474502795462e-05
1.9433593750000000e-01 -3.7778468324164161e-05
1.9628906250000000e-01 -4.7652958488648887e-05
1.9824218750000000e-01 -5.8969372302887511e-05
2.0019531250000000e-01 -7.1842857596796699e-05
2.0214843750000000e-01 -8.6384787725108400e-05
2.0410156250000000e-01 -1.0269977361068880e-04
2.0605468750000000e-01 -1.2088212548487844e-04
2.0800781250000000e-01 -1.4101170329844706e-04
2.0996093750000000e-01 -1.6314909115020765e-04
2.1191406250000000e-01 -1.8733002754982737e-04
2.1386718750000000e-01 -2.1355901994168989e-04
2.1582031250000000e-01 -2.4180206871636617e-04
2.1777343750000000e-01 -2.7197842297760702e-04
2.1972656250000000e-01 -3.0395128767160703e-04
2.2167968750000000e-01 -3.3751739938080893e-04
2.2363281250000000e-01 -3.7239538619905399e-04
2.2558593750000000e-01 -4.0821282570358827e-04
2.2753906250000000e-01 -4.4449191418992757e-04
2.2949218750000000e-01 -4.8063366010751764e-04
2.3144531250000000e-01 -5.1590051509867825e-04
2.3339843750000000e-01 -5.4939735727269361e-04
2.3535156250000000e-01 -5.8005074341361694e-04
2.3730468750000000e-01 -6.0658634979664401e-04
2.3925781250000000e-01 -6.2750452524492869e-04
2.4121093750000000e-01 -6.4105388506575098e-04
2.4316406250000000e-01 -6.4520288062856865e-04
2.4511718750000000e-01 -6.3760928665059771e-04
2.4707031250000000e-01 -6.1558755679648968e-04
2.4902343750000000e-01 -5.7607400803011053e-04
2.5097656250000000e-01 -5.1558980532445643e-04
2.5292968750000000e-01 -4.3020173087874962e-04
2.5488281250000000e-01 -3.1548073593935024e-04
2.5683593750000000e-01 -1.6645828869311550e-04
2.5878906250000000e-01 2.2419451492903953e-05
2.6074218750000000e-01 2.5733958497609939e-04
2.6269531250000000e-01 5.4517247972834257e-04
2.6464843750000000e-01 8.9352374701876772e-04
2.6660156250000000e-01 1.3107880733236245e-03
2.6855468750000000e-01 1.8062047732458179e-03
2.7050781250000000e-01 2.3899149033733652e-03
2.7246093750000000e-01 3.0730197510451238e-03
2.7441406250000000e-01 3.8676404850355329e-03
2.7636718750000000e-01 4.7869787273476733e-03
2.7832031250000000e-01 5.8453777767638136e-03
2.8027343750000000e-01 7.0583841857113586e-03
2.8222656250000000e-01 8.4428093625446617e-03
2.8417968750000000e-01 1.0016790841722349e-02
2.8613281250000000e-01 1.1799852834796379e-02
2.8808593750000000e-01 1.3812965645860301e-02
2.9003906250000000e-01 1.6078603506383765e-02
2.9199218750000000e-01 1.8620800356456586e-02
2.9394531250000000e-01 2.1465203072660838e-02
2.9589843750000000e-01 2.4639121617377593e-02
2.9785156250000000e-01 2.8171575560620627e-02
2.9980468750000000e-01 3.2093336403785151e-02
3.0175781250000000e-01 3.6436965115324342e-02
3.0371093750000000e-01 4.1236844271642571e-02
3.0566406250000000e-01 4.6529204182745490e-02
3.0761718750000000e-01 5.2352142371733724e-02
3.0957031250000000e-01 5.8745635770387779e-02
3.1152343750000000e-01 6.5751544990173674e-02
3.1347656250000000e-01 7.3413610029300899e-02
3.1542968750000000e-01 8.1777436782267163e-02
3.1738281250000000e-01 9.0890473728896568e-02
3.1933593750000000e-01 1.0080197819545940e-01
3.2128906250000000e-01 1.1156297160127163e-01
3.2324218750000000e-01 1.2322618313040187e-01
3.2519531250000000e-01 1.3584598129991896e-01
3.2714843750000000e-01 1.4947829293361675e-01
3.2910156250000000e-01 1.6418050909343990e-01
3.3105468750000000e-01 1.8001137756994484e-01
3.3300781250000000e-01 1.9703088158806467e-01
3.3496093750000000e-01 2.1530010444515404e-01
3.3691406250000000e-01 2.3488107986467191e-01
3.3886718750000000e-01 2.5583662792076950e-01
3.4082031250000000e-01 2.7823017646627990e-01
3.4277343750000000e-01 3.0212556807890673e-01
3.4472656250000000e-01 3.2758685262746001e-01
3.4667968750000000e-01 3.5467806565143123e-01
3.4863281250000000e-01 3.8346299284261282e-01
3.5058593750000000e-01 4.1400492101636904e-01
3.5253906250000000e-01 4.4636637606203772e-01
3.5449218750000000e-01 4.8060884846619528e-01
3.5644531250000000e-01 5.1679250710853408e-01
3.5839843750000000e-01 5.5497590213719861e-01
3.6035156250000000e-01 5.9521565783789376e-01
3.6230468750000000e-01 6.3756615651816062e-01
3.6425781250000000e-01 6.8207921453411791e-01
3.6621093750000000e-01 7.2880375169088807e-01
3.6816406250000000e-01 7.7778545534900634e-01
3.7011718750000000e-01 8.2906644066650825e-01
3.7207031250000000e-01 8.8268490849922687e-01
3.7402343750000000e-01 9.3867480256924185e-01
3.7597656250000000e-01 9.9706546759253478e-01
3.7792968750000000e-01 1.0578813101308577e+00
3.7988281250000000e-01 1.1211414639987820e+00
3.8183593750000000e-01 1.1868594621140500e+00
3.8378906250000000e-01 1.2550429167269077e+00
3.8574218750000000e-01 1.3256932100013334e+00
3.8769531250000000e-01 1.3988051969472930e+00
3.8964843750000000e-01 1.4743669227177252e+00
3.9160156250000000e-01 1.5523593562863207e+00
3.9355468750000000e-01 1.6327561425118036e+00
3.9550781250000000e-01 1.7155233745709448e+00
3.9746093750000000e-01 1.8006193887056177e+00
3.9941406250000000e-01 1.8879945831785658e+00
4.0136718750000000e-01 1.9775912632680934e+00
4.0332031250000000e-01 2.0693435140535201e+00
4.0527343750000000e-01 2.1631771026510851e+00
4.0722656250000000e-01 2.2590094114541217e+00
4.0917968750000000e-01 2.3567494038121097e+00
4.1113281250000000e-01 2.4562976234509888e+00
4.1308593750000000e-01 2.5575462287924031e+00
4.1503906250000000e-01 2.6603790631729138e+00
4.1699218750000000e-01 2.7646717617964303e+00
4.1894531250000000e-01 2.8702918960749604e+00
4.2089843750000000e-01 2.9770991558251785e+00
4.2285156250000000e-01 3.0849455695923265e+00
4.2480468750000000e-01 3.1936757631696171e+00
4.2675781250000000e-01 3.3031272561719214e+00
4.2871093750000000e-01 3.4131307963082635e+00
4.3066406250000000e-01 3.5235107307798859e+00
4.3261718750000000e-01 3.6340854140108410e+00
4.3457031250000000e-01 3.7446676506975782e+00
4.3652343750000000e-01 3.8550651729443972e+00
4.3847656250000000e-01 3.9650811500344090e+00
4.4042968750000000e-01 4.0745147291723507e+00
4.4238281250000000e-01 4.1831616053276948e+00
4.4433593750000000e-01 4.2908146181056743e+00
4.4628906250000000e-01 4.3972643733815042e+00
4.4824218750000000e-01 4.5022998872506372e+00
4.5019531250000000e-01 4.6057092496770151e+00
4.5214843750000000e-01 4.7072803050630849e+00
4.5410156250000000e-01 4.8068013468213291e+00
4.5605468750000000e-01 4.9040618228983286e+00
4.5800781250000000e-01 4.9988530490901066e+00
4.5996093750000000e-01 5.0909689268927982e+00
4.6191406250000000e-01 5.1802066625562819e+00
4.6386718750000000e-01 5.2663674839512797e+00
4.6582031250000000e-01 5.3492573518231286e+00
4.6777343750000000e-01 5.4286876619885254e+00
4.6972656250000000e-01 5.5044759350354058e+00
4.7167968750000000e-01 5.5764464901109605e+00
4.7363281250000000e-01 5.6444310994287221e+00
4.7558593750000000e-01 5.7082696201926169e+00
4.7753906250000000e-01 5.7678106007235517e+00
4.7949218750000000e-01 5.8229118576822172e+00
4.8144531250000000e-01 5.8734410214097350e+00
4.8339843750000000e-01 5.9192760465548409e+00
4.8535156250000000e-01 5.9603056853218019e+00
4.8730468750000000e-01 5.9964299208559453e+00
4.8925781250000000e-01 6.0275603584827442e+00
4.9121093750000000e-01 6.0536205727303711e+00
4.9316406250000000e-01 6.0745464082933198e+00
4.9511718750000000e-01 6.0902862333345009e+00
4.9707031250000000e-01 6.1008011437736727e+00
4.9902343750000000e-01 6.1060651174695435e+00
5.0097656250000000e-01 6.1060651174695622e+00
5.0292968750000000e-01 6.1008011437737304e+00
5.0488281250000000e-01 6.0902862333345986e+00
5.0683593750000000e-01 6.0745464082934628e+00
5.0878906250000000e-01 6.0536205727305603e+00
5.1074218750000000e-01 6.0275603584829796e+00
5.1269531250000000e-01 5.9964299208562180e+00
5.1464843750000000e-01 5.9603056853221066e+00
5.1660156250000000e-01 5.9192760465551748e+00
5.1855468750000000e-01 5.8734410214100912e+00
5.2050781250000000e-01 5.8229118576825867e+00
5.2246093750000000e-01 5.7678106007239238e+00
5.2441406250000000e-01 5.7082696201929810e+00
5.2636718750000000e-01 5.6444310994290694e+00
5.2832031250000000e-01 5.5764464901112847e+00
5.3027343750000000e-01 5.5044759350357042e+00
5.3222656250000000e-01 5.4286876619887954e+00
5.3417968750000000e-01 5.3492573518233764e+00
5.3613281250000000e-01 5.2663674839515124e+00
5.3808593750000000e-01 5.1802066625565049e+00
5.4003906250000000e-01 5.0909689268930167e+00
5.4199218750000000e-01 4.9988530490903260e+00
5.4394531250000000e-01 4.9040618228985533e+00
5.4589843750000000e-01 4.8068013468215627e+00
5.4785156250000000e-01 4.7072803050633283e+00
5.4980468750000000e-01 4.6057092496772736e+00
5.5175781250000000e-01 4.5022998872509152e+00
5.5371093750000000e-01 4.3972643733818080e+00
5.5566406250000000e-01 4.2908146181060136e+00
5.5761718750000000e-01 4.1831616053280793e+00
5.5957031250000000e-01 4.0745147291727930e+00
5.6152343750000000e-01 3.9650811500349157e+00
5.6347656250000000e-01 3.8550651729449781e+00
5.6542968750000000e-01 3.7446676506982377e+00
5.6738281250000000e-01 3.6340854140115768e+00
5.6933593750000000e-01 3.5235107307806941e+00
5.7128906250000000e-01 3.4131307963091393e+00
5.7324218750000000e-01 3.3031272561728597e+00
5.7519531250000000e-01 3.1936757631706132e+00
5.7714843750000000e-01 3.0849455695933776e+00
5.7910156250000000e-01 2.9770991558262798e+00
5.8105468750000000e-01 2.8702918960761088e+00
5.8300781250000000e-01 2.7646717617976235e+00
5.8496093750000000e-01 2.6603790631741466e+00
5.8691406250000000e-01 2.5575462287936688e+00
5.8886718750000000e-01 2.4562976234522802e+00
5.9082031250000000e-01 2.3567494038134176e+00
5.9277343750000000e-01 2.2590094114554344e+00
5.9472656250000000e-01 2.1631771026523872e+00
5.9667968750000000e-01 2.0693435140547982e+00
5.9863281250000000e-01 1.9775912632693375e+00
6.0058593750000000e-01 1.8879945831797702e+00
6.0253906250000000e-01 1.8006193887067778e+00
6.0449218750000000e-01 1.7155233745720599e+00
6.0644531250000000e-01 1.6327561425128732e+00
6.0839843750000000e-01 1.5523593562873463e+00
6.1035156250000000e-01 1.4743669227187077e+00
6.1230468750000000e-01 1.3988051969482334e+00
6.1425781250000000e-01 1.3256932100022309e+00
6.1621093750000000e-01 1.2550429167277615e+00
6.1816406250000000e-01 1.1868594621148592e+00
6.2011718750000000e-01 1.1211414639995463e+00
6.2207031250000000e-01 1.0578813101315776e+00
6.2402343750000000e-01 9.9706546759321113e-01
6.2597656250000000e-01 9.3867480256987612e-01
6.2792968750000000e-01 8.8268490849982184e-01
6.2988281250000000e-01 8.2906644066706670e-01
6.3183593750000000e-01 7.7778545534953059e-01
6.3378906250000000e-01 7.2880375169138056e-01
6.3574218750000000e-01 6.8207921453458065e-01
6.3769531250000000e-01 6.3756615651859527e-01
6.3964843750000000e-01 5.9521565783830199e-01
6.4160156250000000e-01 5.5497590213758119e-01
6.4355468750000000e-01 5.1679250710889213e-01
6.4550781250000000e-01 4.8060884846652957e-01
6.4746093750000000e-01 4.4636637606234841e-01
6.4941406250000000e-01 4.1400492101665659e-01
6.5136718750000000e-01 3.8346299284287816e-01
6.5332031250000000e-01 3.5467806565167548e-01
6.5527343750000000e-01 3.2758685262768400e-01
6.5722656250000000e-01 3.0212556807911162e-01
6.5917968750000000e-01 2.7823017646646681e-01
6.6113281250000000e-01 2.5583662792093981e-01
6.6308593750000000e-01 2.3488107986482695e-01
6.6503906250000000e-01 2.1530010444529493e-01
6.6699218750000000e-01 1.9703088158819262e-01
6.6894531250000000e-01 1.8001137757006097e-01
6.7089843750000000e-01 1.6418050909354520e-01
6.7285156250000000e-01 1.4947829293371209e-01
6.7480468750000000e-01 1.3584598130000514e-01
6.7675781250000000e-01 1.2322618313047969e-01
6.7871093750000000e-01 1.1156297160134179e-01
6.8066406250000000e-01 1.0080197819552258e-01
6.8261718750000000e-01 9.0890473728953369e-02
6.8457031250000000e-01 8.1777436782318247e-02
6.8652343750000000e-01 7.3413610029346918e-02
6.8847656250000000e-01 6.5751544990215044e-02
6.9042968750000000e-01 5.8745635770424853e-02
6.9238281250000000e-01 5.2352142371766844e-02
6.9433593750000000e-01 4.6529204182774876e-02
6.9628906250000000e-01 4.1236844271668439e-02
6.9824218750000000e-01 3.6436965115346998e-02
7.0019531250000000e-01 3.2093336403804913e-02
7.0214843750000000e-01 2.8171575560637759e-02
7.0410156250000000e-01 2.4639121617392370e-02
7.0605468750000000e-01 2.1465203072673526e-02
7.0800781250000000e-01 1.8620800356467408e-02
7.0996093750000000e-01 1.6078603506392914e-02
7.1191406250000000e-01 1.3812965645867968e-02
7.1386718750000000e-01 1.1799852834802733e-02
7.1582031250000000e-01 1.0016790841727539e-02
7.1777343750000000e-01 8.4428093625488233e-03
7.1972656250000000e-01 7.0583841857146225e-03
7.2167968750000000e-01 5.8453777767663133e-03
7.2363281250000000e-01 4.7869787273495364e-03
7.2558593750000000e-01 3.8676404850368686e-03
7.2753906250000000e-01 3.0730197510460263e-03
7.2949218750000000e-01 2.3899149033739142e-03
7.3144531250000000e-01 1.8062047732460818e-03
7.3339843750000000e-01 1.3107880733236612e-03
7.3535156250000000e-01 8.9352374701862482e-04
7.3730468750000000e-01 5.4517247972806122e-04
7.3925781250000000e-01 2.5733958497571379e-04
7.4121093750000000e-01 2.2419451492442360e-05
7.4316406250000000e-01 -1.6645828869363009e-04
7.4511718750000000e-01 -3.1548073593989939e-04
7.4707031250000000e-01 -4.3020173087931877e-04
7.4902343750000000e-01 -5.1558980532503387e-04
7.5097656250000000e-01 -5.7607400803068776e-04
7.5292968750000000e-01 -6.1558755679705889e-04
7.5488281250000000e-01 -6.3760928665115119e-04
7.5683593750000000e-01 -6.4520288062910056e-04
7.5878906250000000e-01 -6.4105388506625698e-04
7.6074218750000000e-01 -6.2750452524540563e-04
7.6269531250000000e-01 -6.0658634979709049e-04
7.6464843750000000e-01 -5.8005074341403219e-04
7.6660156250000000e-01 -5.4939735727307774e-04
7.6855468750000000e-01 -5.1590051509903213e-04
7.7050781250000000e-01 -4.8063366010784279e-04
7.7246093750000000e-01 -4.4449191419022540e-04
7.7441406250000000e-01 -4.0821282570385997e-04
7.7636718750000000e-01 -3.7239538619930125e-04
7.7832031250000000e-01 -3.3751739938103265e-04
7.8027343750000000e-01 -3.0395128767180820e-04
7.8222656250000000e-01 -2.7197842297778618e-04
7.8417968750000000e-01 -2.4180206871652398e-04
7.8613281250000000e-01 -2.1355901994182764e-04
7.8808593750000000e-01 -1.8733002754994657e-04
7.9003906250000000e-01 -1.6314909115030979e-04
7.9199218750000000e-01 -1.4101170329853369e-04
7.9394531250000000e-01 -1.2088212548495107e-04
7.9589843750000000e-01 -1.0269977361074897e-04
7.9785156250000000e-01 -8.6384787725157542e-05
7.9980468750000000e-01 -7.1842857596836110e-05
8.0175781250000000e-01 -5.8969372302918377e-05
8.0371093750000000e-01 -4.7652958488672346e-05
8.0566406250000000e-01 -3.7778468324181190e-05
8.0761718750000000e-01 -2.9229474502806978e-05
8.0957031250000000e-01 -2.1890325926580713e-05
8.1152343750000000e-01 -1.5647814039401202e-05
8.1347656250000000e-01 -1.0392496129633683e-05
8.1542968750000000e-01 -6.0197183553738540e-06
8.1738281250000000e-01 -2.4303777707938987e-06
8.1933593750000000e-01 4.6854073021312687e-07
8.2128906250000000e-01 2.7636198704209089e-06
8.2324218750000000e-01 4.5348282548925063e-06
8.2519531250000000e-01 5.8554747950079869e-06
8.2714843750000000e-01 6.7922754204824449e-06
8.2910156250000000e-01 7.4055108245547252e-06
8.3105468750000000e-01 7.7492564351987810e-06
8.3300781250000000e-01 7.8716680838103478e-06
8.3496093750000000e-01 7.8153089529501988e-06
8.3691406250000000e-01 7.6175053285233437e-06
8.3886718750000000e-01 7.3107204627265815e-06
8.4082031250000000e-01 6.9229374768449207e-06
8.4277343750000000e-01 6.4780437031328388e-06
8.4472656250000000e-01 5.9962101889928789e-06
8.4667968750000000e-01 5.4942612715157311e-06
8.4863281250000000e-01 4.9860301837181993e-06
8.5058593750000000e-01 4.4826975834076377e-06
8.5253906250000000e-01 3.9931107096410249e-06
8.5449218750000000e-01 3.5240815784769987e-06
8.5644531250000000e-01 3.0806632373965325e-06
8.5839843750000000e-01 2.6664036145740200e-06
8.6035156250000000e-01 2.2835769331433541e-06
8.6230468750000000e-01 1.9333930195309628e-06
8.6425781250000000e-01 1.6161851263510955e-06
8.6621093750000000e-01 1.3315771214864466e-06
8.6816406250000000e-01 1.0786310726582678e-06
8.7011718750000000e-01 8.5597638748505981e-07
8.7207031250000000e-01 6.6192175879003516e-07
8.7402343750000000e-01 4.9455121937544870e-07
8.7597656250000000e-01 3.5180563483914952e-07
8.7792968750000000e-01 2.3155096203898636e-07
8.7988281250000000e-01 1.3163457886305977e-07
8.8183593750000000e-01 4.9930951971520876e-08
8.8378906250000000e-01 -1.5622143331385777e-08
8.8574218750000000e-01 -6.6995699815793704e-08
8.8769531250000000e-01 -1.0604877083506581e-07
8.8964843750000000e-01 -1.3451397348015171e-07
8.9160156250000000e-01 -1.5398827597008281e-07
8.9355468750000000e-01 -1.6592822289396414e-07
8.9550781250000000e-01 -1.7164883172429581e-07
8.9746093750000000e-01 -1.7232547235418642e-07
8.9941406250000000e-01 -1.6899811725501591e-07
9.0136718750000000e-01 -1.6257742240077545e-07
9.0332031250000000e-01 -1.5385216774398177e-07
9.0527343750000000e-01 -1.4349765030632532e-07
9.0722656250000000e-01 -1.3208468256225422e-07
9.0917968750000000e-01 -1.2008890356977596e-07
9.1113281250000000e-01 -1.0790016017289051e-07
9.1308593750000000e-01 -9.5831760589016438e-08
9.1503906250000000e-01 -8.4129442903369162e-08
9.1699218750000000e-01 -7.2979936583101440e-08
9.1894531250000000e-01 -6.2519026308538309e-08
9.2089843750000000e-01 -5.2839054445641019e-08
9.2285156250000000e-01 -4.3995821628427016e-08
9.2480468750000000e-01 -3.6014864475784274e-08
9.2675781250000000e-01 -2.8897105737261859e-08
9.2871093750000000e-01 -2.2623885453535220e-08
9.3066406250000000e-01 -1.7161392333438665e-08
9.3261718750000000e-01 -1.2464522787680175e-08
9.3457031250000000e-01 -8.4802012055991311e-09
9.3652343750000000e-01 -5.1501993876246399e-09
9.3847656250000000e-01 -2.4134958082394066e-09
9.4042968750000000e-01 -2.0821682019464662e-10
9.4238281250000000e-01 1.5267977605082267e-09
9.4433593750000000e-01 2.8507628281766989e-09
9.4628906250000000e-01 3.8200093652661990e-09
9.4824218750000000e-01 4.4873003436540868e-09
9.5019531250000000e-01 4.9013647671149451e-09
9.5214843750000000e-01 5.1066160728501612e-09
9.5410156250000000e-01 5.1430239048780953e-09
9.5605468750000000e-01 5.0461111713143616e-09
9.5800781250000000e-01 4.8470512252763442e-09
9.5996093750000000e-01 4.5728429030804903e-09
9.6191406250000000e-01 4.2465439635413686e-09
9.6386718750000000e-01 3.8875461594101290e-09
9.6582031250000000e-01 3.5118777067803446e-09
9.6777343750000000e-01 3.1325212794156632e-09
9.6972656250000000e-01 2.7597378282347543e-09
9.7167968750000000e-01 2.4013885032737261e-09
9.7363281250000000e-01 2.0632487326447609e-09
9.7558593750000000e-01 1.7493100901697129e-09
9.7753906250000000e-01 1.4620669627896048e-09
9.7949218750000000e-01 1.2027862142378303e-09
9.8144531250000000e-01 9.7175903688972276e-10
9.8339843750000000e-01 7.6853499258217304e-10
9.8535156250000000e-01 5.9213886725724860e-10
9.8730468750000000e-01 4.4127140247368285e-10
9.8925781250000000e-01 3.1449521418418230e-10
9.9121093750000000e-01 2.1040725557264225e-10
9.9316406250000000e-01 1.2779900952857671e-10
9.9511718750000000e-01 6.5805182764094055e-11
9.9707031250000000e-01 2.4040983040816197e-11
9.9902343750000000e-01 2.7270469281409906e-12
1.0000000000000000e+00 0.0000000000000000e+00
