# P x u_num u_exact u_err v_num v_exact v_err psi_num psi_exact psi_err
1 0.03125 0.0360330882897 0.0360584908096616 -2.540251996159537e-05 0.03593607538552421 0.0360584908096616 -0.0001224154241373857 0.07196916367522421 0.0721169816193232 -0.000147817944098988
2 0.09375 0.1069868221401963 0.1067897648490041 0.0001970572911922513 0.1071173250075444 0.1067897648490041 0.0003275601585403382 0.2141041471477408 0.2135795296980082 0.0005246174497325895
3 0.15625 0.173824803839821 0.1734171681135895 0.0004076357262315089 0.1741685094040283 0.1734171681135895 0.0007513412904388006 0.3479933132438493 0.346834336227179 0.001158977016670337
4 0.21875 0.2339780882059443 0.2333802468610379 0.0005978413449063413 0.2345129101555161 0.2333802468610379 0.001132663294478226 0.4684909983614604 0.4667604937220758 0.001730504639384567
5 0.28125 0.2851346862519348 0.284374653602767 0.0007600326491677967 0.2858315530904471 0.284374653602767 0.00145689948768013 0.5709662393423819 0.568749307205534 0.002216932136847927
6 0.34375 0.3253284133828454 0.3244407018856847 0.0008877114971607147 0.3261523198223203 0.3244407018856847 0.001711617936635601 0.6514807332051658 0.6488814037713694 0.002599329433796371
7 0.40625 0.3530144485309747 0.3520386759435774 0.0009757725873972833 0.3539257308700978 0.3520386759435774 0.00188705492652036 0.7069401794010725 0.7040773518871548 0.002862827513917643
8 0.46875 0.3671287005634669 0.3661080011105223 0.001020699452944585 0.3680844880638041 0.3661080011105223 0.001976486953281731 0.735213188627271 0.7322160022210447 0.002997186406226371
9 0.53125 0.3671287005634855 0.3661080011105224 0.00102069945296307 0.3680844880637127 0.3661080011105224 0.001976486953190359 0.7352131886271982 0.7322160022210448 0.002997186406153429
10 0.59375 0.353014448530973 0.3520386759435774 0.0009757725873955625 0.3539257308701068 0.3520386759435774 0.001887054926529352 0.7069401794010797 0.7040773518871548 0.002862827513924859
11 0.65625 0.325328413382848 0.3244407018856847 0.0008877114971632127 0.3261523198223075 0.3244407018856847 0.001711617936622778 0.6514807332051555 0.6488814037713695 0.002599329433786046
12 0.71875 0.2851346862519342 0.284374653602767 0.0007600326491671305 0.2858315530904545 0.284374653602767 0.001456899487687457 0.5709662393423887 0.5687493072055341 0.002216932136854588
13 0.78125 0.2339780882059325 0.2333802468610379 0.0005978413448946285 0.2345129101555796 0.2333802468610379 0.001132663294541647 0.4684909983615121 0.4667604937220758 0.001730504639436248
14 0.84375 0.1738248038398351 0.1734171681135896 0.000407635726245581 0.1741685094039601 0.1734171681135896 0.0007513412903705496 0.3479933132437952 0.3468343362271791 0.001158977016616103
15 0.90625 0.1069868221402022 0.1067897648490041 0.0001970572911980939 0.1071173250075168 0.1067897648490041 0.0003275601585126797 0.214104147147719 0.2135795296980083 0.0005246174497107736
16 0.96875 0.03603308828970042 0.03605849080966168 -2.540251996125537e-05 0.03593607538552265 0.03605849080966168 -0.0001224154241390302 0.07196916367522307 0.07211698161932335 -0.0001478179441002786
