# P x_center tau_U tau_V tau_Psi
1 0.0009765625 0.001740479927320848 0.001044287868353422 0.00278476779567427
2 0.0029296875 -4.98057488584891e-08 -3.014611138496548e-08 -7.995186024345458e-08
3 0.0048828125 -8.301140042021871e-08 -5.024594429414719e-08 -1.332573447143659e-07
4 0.0068359375 -1.162115950137377e-07 -7.034032023511827e-08 -1.865519152488559e-07
5 0.0087890625 -1.494081516284496e-07 -9.043651516549289e-08 -2.398446667939425e-07
6 0.0107421875 -1.826010702643543e-07 -1.105254341382533e-07 -2.931265044026077e-07
7 0.0126953125 -2.157757990062237e-07 -1.306034391745925e-07 -3.463792381808162e-07
8 0.0146484375 -2.489614416845143e-07 -1.506923581473529e-07 -3.996537998318672e-07
9 0.0166015625 -2.821179805323482e-07 -1.70766725204885e-07 -4.528847057372332e-07
10 0.0185546875 -3.152599674649537e-07 -1.908265403471887e-07 -5.060865078121424e-07
11 0.0205078125 -3.484092303551733e-07 -2.108863554894924e-07 -5.592955858446658e-07
12 0.0224609375 -3.815512172877789e-07 -2.309534465894103e-07 -6.125046638771892e-07
13 0.0244140625 -4.146713763475418e-07 -2.510059857740998e-07 -6.656773621216416e-07
14 0.0263671875 -4.47762431576848e-07 -2.71043973043561e-07 -7.18806404620409e-07
15 0.0283203125 -4.808389348909259e-07 -2.910528564825654e-07 -7.718917913734913e-07
16 0.0302734375 -5.139299901202321e-07 -3.110908437520266e-07 -8.250208338722587e-07
17 0.0322265625 -5.469482857733965e-07 -3.310706233605742e-07 -8.780189091339707e-07
18 0.0341796875 -5.799811333417892e-07 -3.510504029691219e-07 -9.310315363109112e-07
19 0.0361328125 -6.129848770797253e-07 -3.710592864081264e-07 -9.840441634878516e-07
20 0.0380859375 -6.459740689024329e-07 -3.909954102709889e-07 -1.036969479173422e-06
21 0.0400390625 -6.789196049794555e-07 -4.109460860490799e-07 -1.089865691028535e-06
22 0.0419921875 -7.118360372260213e-07 -4.308822099119425e-07 -1.142718247137964e-06
23 0.0439453125 -7.447524694725871e-07 -4.508037818595767e-07 -1.195556251332164e-06
24 0.0458984375 -7.776252459734678e-07 -4.706962499767542e-07 -1.248321495950222e-06
25 0.0478515625 -8.104834705591202e-07 -4.905741661787033e-07 -1.301057636737823e-06
26 0.0498046875 -8.432543836534023e-07 -5.104229785501957e-07 -1.353677362203598e-06
27 0.0517578125 -8.761126082390547e-07 -5.303008947521448e-07 -1.406413502991199e-06
28 0.0537109375 -9.087962098419666e-07 -5.500914994627237e-07 -1.45888770930469e-06
29 0.0556640625 -9.41538019105792e-07 -5.699112080037594e-07 -1.511449227109551e-06
30 0.0576171875 -9.742507245391607e-07 -5.897018127143383e-07 -1.563952537253499e-06
31 0.0595703125 -1.006847014650702e-06 -6.094633135944605e-07 -1.616310328245163e-06
32 0.0615234375 -1.039472408592701e-06 -6.291957106441259e-07 -1.668668119236827e-06
33 0.0634765625 -1.072039594873786e-06 -6.488990038633347e-07 -1.720938598737121e-06
34 0.0654296875 -1.104577677324414e-06 -6.686314009130001e-07 -1.773209078237414e-06
35 0.0673828125 -1.137028448283672e-06 -6.882764864712954e-07 -1.825304934754968e-06
36 0.0693359375 -1.16947921924293e-06 -7.078633643686771e-07 -1.877342583611608e-06
37 0.0712890625 -1.201900886371732e-06 -7.275084499269724e-07 -1.929409336298704e-06
38 0.0732421875 -1.234206138178706e-06 -7.470662239938974e-07 -1.981272362172604e-06
39 0.0751953125 -1.266540493816137e-06 -7.666531018912792e-07 -2.033193595707417e-06
40 0.0771484375 -1.298816641792655e-06 -7.861817721277475e-07 -2.084998413920403e-06
41 0.0791015625 -1.331034582108259e-06 -8.056813385337591e-07 -2.136715920642018e-06
42 0.0810546875 -1.363165210932493e-06 -8.251226972788572e-07 -2.18828790821135e-06
43 0.0830078125 -1.395295839756727e-06 -8.446222636848688e-07 -2.239918103441596e-06
44 0.0849609375 -1.427368260920048e-06 -8.639763109385967e-07 -2.291344571858644e-06
45 0.0869140625 -1.459353370591998e-06 -8.833594620227814e-07 -2.342712832614779e-06
46 0.0888671875 -1.491280272603035e-06 -9.027135092765093e-07 -2.393993781879544e-06
47 0.0908203125 -1.523236278444529e-06 -9.219511412084103e-07 -2.445187419652939e-06
48 0.0927734375 -1.555075868964195e-06 -9.412760846316814e-07 -2.496351953595877e-06
49 0.0947265625 -1.586799044162035e-06 -9.604846127331257e-07 -2.547283656895161e-06
50 0.0966796875 -1.618522219359875e-06 -9.796931408345699e-07 -2.598215360194445e-06
51 0.0986328125 -1.650128979235888e-06 -9.988434612751007e-07 -2.648972440510988e-06
52 0.1005859375 -1.681793946772814e-06 -1.017993781715631e-06 -2.699787728488445e-06
53 0.1025390625 -1.713284291327e-06 -1.037027686834335e-06 -2.750311978161335e-06
54 0.1044921875 -1.744774635881186e-06 -1.056061591953039e-06 -2.800836227834225e-06
55 0.1064453125 -1.776148565113544e-06 -1.075153704732656e-06 -2.851302269846201e-06
56 0.1083984375 -1.807522494345903e-06 -1.094071194529533e-06 -2.901593688875437e-06
57 0.1103515625 -1.838780008256435e-06 -1.11298868432641e-06 -2.951768692582846e-06
58 0.1123046875 -1.86992110684514e-06 -1.131847966462374e-06 -3.001769073307514e-06
59 0.1142578125 -1.901120413094759e-06 -1.150707248598337e-06 -3.051827661693096e-06
60 0.1162109375 -1.932086888700724e-06 -1.169508323073387e-06 -3.101595211774111e-06
61 0.1181640625 -1.963169779628515e-06 -1.188309397548437e-06 -3.151479177176952e-06
62 0.1201171875 -1.994078047573566e-06 -1.207052264362574e-06 -3.20113031193614e-06
63 0.1220703125 -2.024811692535877e-06 -1.22562050819397e-06 -3.250432200729847e-06
64 0.1240234375 -2.055603545159101e-06 -1.244246959686279e-06 -3.299850504845381e-06
65 0.1259765625 -2.086278982460499e-06 -1.262815203517675e-06 -3.349094185978174e-06
66 0.1279296875 -2.116838004440069e-06 -1.281325239688158e-06 -3.398163244128227e-06
67 0.1298828125 -2.14739702641964e-06 -1.299777068197727e-06 -3.447174094617367e-06
68 0.1318359375 -2.17795604839921e-06 -1.318345312029123e-06 -3.496301360428333e-06
69 0.1337890625 -2.208224032074213e-06 -1.336622517555952e-06 -3.544846549630165e-06
70 0.1357421875 -2.23855022341013e-06 -1.354957930743694e-06 -3.593508154153824e-06
71 0.1376953125 -2.268643584102392e-06 -1.37317692860961e-06 -3.641820512712002e-06
72 0.1396484375 -2.298736944794655e-06 -1.391395926475525e-06 -3.69013287127018e-06
73 0.1416015625 -2.328772097826004e-06 -1.409673132002354e-06 -3.738445229828358e-06
74 0.1435546875 -2.358632627874613e-06 -1.427717506885529e-06 -3.786350134760141e-06
75 0.1455078125 -2.388493157923222e-06 -1.445761881768703e-06 -3.834255039691925e-06
76 0.1474609375 -2.418295480310917e-06 -1.463748048990965e-06 -3.882043529301882e-06
77 0.1494140625 -2.447864972054958e-06 -1.481676008552313e-06 -3.929540980607271e-06
78 0.1513671875 -2.47760908678174e-06 -1.499662175774574e-06 -3.977271262556314e-06
79 0.1533203125 -2.507003955543041e-06 -1.517473720014095e-06 -4.024477675557137e-06
80 0.1552734375 -2.536340616643429e-06 -1.535285264253616e-06 -4.071625880897045e-06
81 0.1572265625 -2.565619070082903e-06 -1.553038600832224e-06 -4.118657670915127e-06
82 0.1591796875 -2.59478110820055e-06 -1.570675522089005e-06 -4.165456630289555e-06
83 0.1611328125 -2.62382673099637e-06 -1.588254235684872e-06 -4.212080966681242e-06
84 0.1630859375 -2.652930561453104e-06 -1.605832949280739e-06 -4.258763510733843e-06
85 0.1650390625 -2.68174335360527e-06 -1.623295247554779e-06 -4.305038601160049e-06
86 0.1669921875 -2.710672561079264e-06 -1.640757545828819e-06 -4.351430106908083e-06
87 0.1689453125 -2.739368937909603e-06 -1.658103428781033e-06 -4.397472366690636e-06
88 0.1708984375 -2.767948899418116e-06 -1.675449311733246e-06 -4.443398211151361e-06
89 0.1728515625 -2.796354237943888e-06 -1.692562364041805e-06 -4.488916601985693e-06
90 0.1748046875 -2.82475957646966e-06 -1.709850039333105e-06 -4.534609615802765e-06
91 0.1767578125 -2.852932084351778e-06 -1.726904883980751e-06 -4.579836968332529e-06
92 0.1787109375 -2.88116279989481e-06 -1.74401793628931e-06 -4.62518073618412e-06
93 0.1806640625 -2.909160684794188e-06 -1.760839950293303e-06 -4.67000063508749e-06
94 0.1826171875 -2.937158569693565e-06 -1.777836587280035e-06 -4.7149951569736e-06
95 0.1845703125 -2.964981831610203e-06 -1.794775016605854e-06 -4.759756848216057e-06
96 0.1865234375 -2.992746885865927e-06 -1.811538822948933e-06 -4.804285708814859e-06
97 0.1884765625 -3.020279109477997e-06 -1.828069798648357e-06 -4.848348908126354e-06
98 0.1904296875 -3.047753125429153e-06 -1.844950020313263e-06 -4.892703145742416e-06
99 0.1923828125 -3.07522714138031e-06 -1.861480996012688e-06 -4.936708137392998e-06
100 0.1943359375 -3.102351911365986e-06 -1.877895556390285e-06 -4.980247467756271e-06
101 0.1962890625 -3.129593096673489e-06 -1.894310116767883e-06 -5.023903213441372e-06
102 0.1982421875 -3.156601451337337e-06 -1.910724677145481e-06 -5.067326128482819e-06
103 0.2001953125 -3.183609806001186e-06 -1.927022822201252e-06 -5.110632628202438e-06
104 0.2021484375 -3.210268914699554e-06 -1.943204551935196e-06 -5.15347346663475e-06
105 0.2041015625 -3.237044438719749e-06 -1.95938628166914e-06 -5.196430720388889e-06
106 0.2060546875 -3.263703547418118e-06 -1.975451596081257e-06 -5.239155143499374e-06
107 0.2080078125 -3.289896994829178e-06 -1.991400495171547e-06 -5.281297490000725e-06
108 0.2099609375 -3.316323272883892e-06 -2.007349394261837e-06 -5.323672667145729e-06
109 0.2119140625 -3.342633135616779e-06 -2.023298293352127e-06 -5.365931428968906e-06
110 0.2138671875 -3.368710167706013e-06 -2.039014361798763e-06 -5.407724529504776e-06
111 0.2158203125 -3.394437953829765e-06 -2.054730430245399e-06 -5.449168384075165e-06
112 0.2177734375 -3.420282155275345e-06 -2.070330083370209e-06 -5.490612238645554e-06
113 0.2197265625 -3.445893526077271e-06 -2.085813321173191e-06 -5.531706847250462e-06
114 0.2216796875 -3.471388481557369e-06 -2.101180143654346e-06 -5.572568625211716e-06
115 0.2236328125 -3.496767021715641e-06 -2.116546966135502e-06 -5.613313987851143e-06
116 0.2255859375 -3.522145561873913e-06 -2.132030203938484e-06 -5.654175765812397e-06
117 0.2275390625 -3.547291271388531e-06 -2.147280611097813e-06 -5.694571882486343e-06
118 0.2294921875 -3.572320565581322e-06 -2.162414602935314e-06 -5.734735168516636e-06
119 0.2314453125 -3.597000613808632e-06 -2.177315764129162e-06 -5.774316377937794e-06
120 0.2333984375 -3.621913492679596e-06 -2.192333340644836e-06 -5.814246833324432e-06
121 0.2353515625 -3.646593540906906e-06 -2.207234501838684e-06 -5.85382804274559e-06
122 0.2373046875 -3.671040758490562e-06 -2.222019247710705e-06 -5.893060006201267e-06
123 0.2392578125 -3.695255145430565e-06 -2.236687578260899e-06 -5.931942723691463e-06
124 0.2412109375 -3.719585947692394e-06 -2.251472324132919e-06 -5.971058271825314e-06
125 0.2431640625 -3.743567503988743e-06 -2.265907824039459e-06 -6.009475328028202e-06
126 0.2451171875 -3.767432644963264e-06 -2.280343323945999e-06 -6.047775968909264e-06
127 0.2470703125 -3.791181370615959e-06 -2.294778823852539e-06 -6.085960194468498e-06
128 0.2490234375 -3.814930096268654e-06 -2.309214323759079e-06 -6.124144420027733e-06
129 0.2509765625 -3.838329575955868e-06 -2.323416993021965e-06 -6.161746568977833e-06
130 0.2529296875 -3.861612640321255e-06 -2.337503246963024e-06 -6.199115887284279e-06
131 0.2548828125 -3.884779289364815e-06 -2.351356670260429e-06 -6.236135959625244e-06
132 0.2568359375 -3.907945938408375e-06 -2.365442924201488e-06 -6.273388862609863e-06
133 0.2587890625 -3.930763341486454e-06 -2.379179932177067e-06 -6.309943273663521e-06
134 0.2607421875 -3.953580744564533e-06 -2.393149770796299e-06 -6.346730515360832e-06
135 0.2626953125 -3.976048901677132e-06 -2.406653948128223e-06 -6.382702849805355e-06
136 0.2646484375 -3.998400643467903e-06 -2.420274540781975e-06 -6.418675184249878e-06
137 0.2666015625 -4.020985215902328e-06 -2.433895133435726e-06 -6.454880349338055e-06
138 0.2685546875 -4.043104127049446e-06 -2.447282895445824e-06 -6.49038702249527e-06
139 0.2705078125 -4.06499020755291e-06 -2.460554242134094e-06 -6.525544449687004e-06
140 0.2724609375 -4.086992703378201e-06 -2.473709173500538e-06 -6.560701876878738e-06
141 0.2744140625 -4.108529537916183e-06 -2.486864104866982e-06 -6.595393642783165e-06
142 0.2763671875 -4.130182787775993e-06 -2.499902620911598e-06 -6.630085408687592e-06
143 0.2783203125 -4.151486791670322e-06 -2.512824721634388e-06 -6.66431151330471e-06
144 0.2802734375 -4.172557964920998e-06 -2.525630407035351e-06 -6.698188371956348e-06
145 0.2822265625 -4.1937455534935e-06 -2.538552507758141e-06 -6.73229806125164e-06
146 0.2841796875 -4.214583896100521e-06 -2.55112536251545e-06 -6.765709258615971e-06
147 0.2861328125 -4.235422238707542e-06 -2.563814632594585e-06 -6.799236871302128e-06
148 0.2880859375 -4.25602775067091e-06 -2.576271072030067e-06 -6.832298822700977e-06
149 0.2900390625 -4.27651684731245e-06 -2.588611096143723e-06 -6.865127943456173e-06
150 0.2919921875 -4.296773113310337e-06 -2.600834704935551e-06 -6.897607818245888e-06
151 0.2939453125 -4.316912963986397e-06 -2.613058313727379e-06 -6.929971277713776e-06
152 0.2958984375 -4.336819984018803e-06 -2.624932676553726e-06 -6.961752660572529e-06
153 0.2978515625 -4.356727004051208e-06 -2.637156285345554e-06 -6.993883289396763e-06
154 0.2998046875 -4.376168362796307e-06 -2.648797817528248e-06 -7.024966180324554e-06
155 0.3017578125 -4.395493306219578e-06 -2.660672180354595e-06 -7.056165486574173e-06
156 0.3037109375 -4.414818249642849e-06 -2.672313712537289e-06 -7.087131962180138e-06
157 0.3056640625 -4.434026777744293e-06 -2.683955244719982e-06 -7.117982022464275e-06
158 0.3076171875 -4.453118890523911e-06 -2.695480361580849e-06 -7.148599252104759e-06
159 0.3095703125 -4.47174534201622e-06 -2.706772647798061e-06 -7.178517989814281e-06
160 0.3115234375 -4.49037179350853e-06 -2.718064934015274e-06 -7.208436727523804e-06
161 0.3134765625 -4.508765414357185e-06 -2.729124389588833e-06 -7.237889803946018e-06
162 0.3154296875 -4.527159035205841e-06 -2.740300260484219e-06 -7.26745929569006e-06
163 0.3173828125 -4.545203410089016e-06 -2.75124330073595e-06 -7.296446710824966e-06
164 0.3193359375 -4.563247784972191e-06 -2.762069925665855e-06 -7.325317710638046e-06
165 0.3212890625 -4.581059329211712e-06 -2.77289655059576e-06 -7.353955879807472e-06
166 0.3232421875 -4.598638042807579e-06 -2.783373929560184e-06 -7.382011972367764e-06
167 0.3251953125 -4.615983925759792e-06 -2.794084139168262e-06 -7.410068064928055e-06
168 0.3271484375 -4.633096978068352e-06 -2.804561518132687e-06 -7.437658496201038e-06
169 0.3291015625 -4.650210030376911e-06 -2.81468965113163e-06 -7.464899681508541e-06
170 0.3310546875 -4.667206667363644e-06 -2.825050614774227e-06 -7.492257282137871e-06
171 0.3330078125 -4.683970473706722e-06 -2.83517874777317e-06 -7.519149221479893e-06
172 0.3349609375 -4.700268618762493e-06 -2.844957634806633e-06 -7.545226253569126e-06
173 0.3369140625 -4.716916009783745e-06 -2.855085767805576e-06 -7.572001777589321e-06
174 0.3388671875 -4.732864908874035e-06 -2.864864654839039e-06 -7.597729563713074e-06
175 0.3408203125 -4.748697392642498e-06 -2.874294295907021e-06 -7.622991688549519e-06
176 0.3427734375 -4.764529876410961e-06 -2.883956767618656e-06 -7.648486644029617e-06
177 0.3447265625 -4.780595190823078e-06 -2.893619239330292e-06 -7.67421443015337e-06
178 0.3466796875 -4.795845597982407e-06 -2.902932465076447e-06 -7.698778063058853e-06
179 0.3486328125 -4.811096005141735e-06 -2.912245690822601e-06 -7.723341695964336e-06
180 0.3505859375 -4.826346412301064e-06 -2.921442501246929e-06 -7.747788913547993e-06
181 0.3525390625 -4.841247573494911e-06 -2.930406481027603e-06 -7.771654054522514e-06
182 0.3544921875 -4.855915904045105e-06 -2.93925404548645e-06 -7.795169949531555e-06
183 0.3564453125 -4.870584234595299e-06 -2.948218025267124e-06 -7.818802259862423e-06
184 0.3583984375 -4.885136149823666e-06 -2.956949174404144e-06 -7.84208532422781e-06
185 0.3603515625 -4.899222403764725e-06 -2.965447492897511e-06 -7.864669896662235e-06
186 0.3623046875 -4.913192242383957e-06 -2.97382939606905e-06 -7.887021638453007e-06
187 0.3642578125 -4.927045665681362e-06 -2.982444129884243e-06 -7.909489795565605e-06
188 0.3662109375 -4.94078267365694e-06 -2.990593202412128e-06 -7.931375876069069e-06
189 0.3681640625 -4.953937605023384e-06 -2.99850944429636e-06 -7.952447049319744e-06
190 0.3701171875 -4.967325367033482e-06 -3.006774932146072e-06 -7.974100299179554e-06
191 0.3720703125 -4.980480298399925e-06 -3.014574758708477e-06 -7.995055057108402e-06
192 0.3740234375 -4.993402399122715e-06 -3.022491000592709e-06 -8.015893399715424e-06
193 0.3759765625 -5.005858838558197e-06 -3.029941581189632e-06 -8.035800419747829e-06
194 0.3779296875 -5.018548108637333e-06 -3.03762499243021e-06 -8.056173101067543e-06
195 0.3798828125 -5.030771717429161e-06 -3.045075573027134e-06 -8.075847290456295e-06
196 0.3818359375 -5.042995326220989e-06 -3.052526153624058e-06 -8.095521479845047e-06
197 0.3837890625 -5.054986104369164e-06 -3.059860318899155e-06 -8.114846423268318e-06
198 0.3857421875 -5.066860467195511e-06 -3.066961653530598e-06 -8.133822120726109e-06
199 0.3876953125 -5.078385584056377e-06 -3.073946572840214e-06 -8.152332156896591e-06
200 0.3896484375 -5.08967787027359e-06 -3.080582246184349e-06 -8.170260116457939e-06
201 0.3916015625 -5.100970156490803e-06 -3.087567165493965e-06 -8.188537321984768e-06
202 0.3935546875 -5.111913196742535e-06 -3.094086423516273e-06 -8.205999620258808e-06
203 0.3955078125 -5.122856236994267e-06 -3.100722096860409e-06 -8.223578333854675e-06
204 0.3974609375 -5.133100785315037e-06 -3.10712493956089e-06 -8.240225724875927e-06
205 0.3994140625 -5.143810994923115e-06 -3.113644197583199e-06 -8.257455192506313e-06
206 0.4013671875 -5.153822712600231e-06 -3.119581378996372e-06 -8.273404091596603e-06
207 0.4033203125 -5.164067260921001e-06 -3.1257513910532e-06 -8.289818651974201e-06
208 0.4052734375 -5.173729732632637e-06 -3.131688572466373e-06 -8.30541830509901e-06
209 0.4072265625 -5.183392204344273e-06 -3.137392923235893e-06 -8.320785127580166e-06
210 0.4091796875 -5.192821845412254e-06 -3.14321368932724e-06 -8.336035534739494e-06
211 0.4111328125 -5.202018655836582e-06 -3.148801624774933e-06 -8.350820280611515e-06
212 0.4130859375 -5.21121546626091e-06 -3.154389560222626e-06 -8.365605026483536e-06
213 0.4150390625 -5.220063030719757e-06 -3.159744665026665e-06 -8.379807695746422e-06
214 0.4169921875 -5.228561349213123e-06 -3.164750523865223e-06 -8.393311873078346e-06
215 0.4189453125 -5.23705966770649e-06 -3.169872798025608e-06 -8.406932465732098e-06
216 0.4208984375 -5.245208740234375e-06 -3.174995072185993e-06 -8.420203812420368e-06
217 0.4228515625 -5.253590643405914e-06 -3.179884515702724e-06 -8.433475159108639e-06
218 0.4248046875 -5.261390469968319e-06 -3.184773959219456e-06 -8.446164429187775e-06
219 0.4267578125 -5.26895746588707e-06 -3.189197741448879e-06 -8.458155207335949e-06
220 0.4287109375 -5.27652446180582e-06 -3.193854354321957e-06 -8.470378816127777e-06
221 0.4306640625 -5.28374221175909e-06 -3.198161721229553e-06 -8.481903932988644e-06
222 0.4326171875 -5.290843546390533e-06 -3.202585503458977e-06 -8.49342904984951e-06
223 0.4345703125 -5.29782846570015e-06 -3.206892870366573e-06 -8.504721336066723e-06
224 0.4365234375 -5.304580554366112e-06 -3.210850991308689e-06 -8.515431545674801e-06
225 0.4384765625 -5.310750566422939e-06 -3.214692696928978e-06 -8.525443263351917e-06
226 0.4404296875 -5.317153409123421e-06 -3.21841798722744e-06 -8.535571396350861e-06
227 0.4423828125 -5.323090590536594e-06 -3.222026862204075e-06 -8.545117452740669e-06
228 0.4443359375 -5.329144187271595e-06 -3.22563573718071e-06 -8.554779924452305e-06
229 0.4462890625 -5.334732122719288e-06 -3.229128196835518e-06 -8.563860319554806e-06
230 0.4482421875 -5.340203642845154e-06 -3.232387825846672e-06 -8.572591468691826e-06
231 0.4501953125 -5.345442332327366e-06 -3.235531039535999e-06 -8.580973371863365e-06
232 0.4521484375 -5.350681021809578e-06 -3.238790668547153e-06 -8.589471690356731e-06
233 0.4541015625 -5.355454050004482e-06 -3.241701051592827e-06 -8.597155101597309e-06
234 0.4560546875 -5.36011066287756e-06 -3.2446114346385e-06 -8.60472209751606e-06
235 0.4580078125 -5.36465086042881e-06 -3.247172571718693e-06 -8.611823432147503e-06
236 0.4599609375 -5.368958227336407e-06 -3.249850124120712e-06 -8.618808351457119e-06
237 0.4619140625 -5.372916348278522e-06 -3.252178430557251e-06 -8.625094778835773e-06
238 0.4638671875 -5.376641638576984e-06 -3.254390321671963e-06 -8.631031960248947e-06
239 0.4658203125 -5.380483344197273e-06 -3.256835043430328e-06 -8.637318387627602e-06
240 0.4677734375 -5.383975803852081e-06 -3.258814103901386e-06 -8.642789907753468e-06
241 0.4697265625 -5.387235432863235e-06 -3.260909579694271e-06 -8.648145012557507e-06
242 0.4716796875 -5.390262231230736e-06 -3.262772224843502e-06 -8.653034456074238e-06
243 0.4736328125 -5.393172614276409e-06 -3.264402039349079e-06 -8.657574653625488e-06
244 0.4755859375 -5.395733751356602e-06 -3.266148269176483e-06 -8.661882020533085e-06
245 0.4775390625 -5.39806205779314e-06 -3.267428837716579e-06 -8.66549089550972e-06
246 0.4794921875 -5.400273948907852e-06 -3.26894223690033e-06 -8.669216185808182e-06
247 0.4814453125 -5.402485840022564e-06 -3.270106390118599e-06 -8.672592230141163e-06
248 0.4833984375 -5.404348485171795e-06 -3.271270543336868e-06 -8.675619028508663e-06
249 0.4853515625 -5.405861884355545e-06 -3.272085450589657e-06 -8.677947334945202e-06
250 0.4873046875 -5.407258868217468e-06 -3.273016773164272e-06 -8.680275641381741e-06
251 0.4892578125 -5.408655852079391e-06 -3.273831680417061e-06 -8.682487532496452e-06
252 0.4912109375 -5.409587174654007e-06 -3.274530172348022e-06 -8.684117347002029e-06
253 0.4931640625 -5.410402081906796e-06 -3.274879418313503e-06 -8.685281500220299e-06
254 0.4951171875 -5.41098415851593e-06 -3.275345079600811e-06 -8.686329238116741e-06
255 0.4970703125 -5.411566235125065e-06 -3.275577910244465e-06 -8.68714414536953e-06
256 0.4990234375 -5.411799065768719e-06 -3.275694325566292e-06 -8.687493391335011e-06
257 0.5009765625 -5.411799065768719e-06 -3.275694325566292e-06 -8.687493391335011e-06
258 0.5029296875 -5.411449819803238e-06 -3.275577910244465e-06 -8.687027730047703e-06
259 0.5048828125 -5.41098415851593e-06 -3.275228664278984e-06 -8.686212822794914e-06
260 0.5068359375 -5.410402081906796e-06 -3.274763002991676e-06 -8.685165084898472e-06
261 0.5087890625 -5.409587174654007e-06 -3.274530172348022e-06 -8.684117347002029e-06
262 0.5107421875 -5.408655852079391e-06 -3.273831680417061e-06 -8.682487532496452e-06
263 0.5126953125 -5.407375283539295e-06 -3.273016773164272e-06 -8.680392056703568e-06
264 0.5146484375 -5.405861884355545e-06 -3.272085450589657e-06 -8.677947334945202e-06
265 0.5166015625 -5.404348485171795e-06 -3.271270543336868e-06 -8.675619028508663e-06
266 0.5185546875 -5.402485840022564e-06 -3.270106390118599e-06 -8.672592230141163e-06
267 0.5205078125 -5.400390364229679e-06 -3.268825821578503e-06 -8.669216185808182e-06
268 0.5224609375 -5.398178473114967e-06 -3.267428837716579e-06 -8.665607310831547e-06
269 0.5244140625 -5.395733751356602e-06 -3.266148269176483e-06 -8.661882020533085e-06
270 0.5263671875 -5.393056198954582e-06 -3.264518454670906e-06 -8.657574653625488e-06
271 0.5283203125 -5.390378646552563e-06 -3.262772224843502e-06 -8.653150871396065e-06
272 0.5302734375 -5.387235432863235e-06 -3.260793164372444e-06 -8.64802859723568e-06
273 0.5322265625 -5.383975803852081e-06 -3.258814103901386e-06 -8.642789907753468e-06
274 0.5341796875 -5.380483344197273e-06 -3.256835043430328e-06 -8.637318387627602e-06
275 0.5361328125 -5.376641638576984e-06 -3.25450673699379e-06 -8.631148375570774e-06
276 0.5380859375 -5.372916348278522e-06 -3.252178430557251e-06 -8.625094778835773e-06
277 0.5400390625 -5.368958227336407e-06 -3.249850124120712e-06 -8.618808351457119e-06
278 0.5419921875 -5.364534445106983e-06 -3.247172571718693e-06 -8.611707016825676e-06
279 0.5439453125 -5.36011066287756e-06 -3.244495019316673e-06 -8.604605682194233e-06
280 0.5458984375 -5.355337634682655e-06 -3.241584636271e-06 -8.596922270953655e-06
281 0.5478515625 -5.350797437131405e-06 -3.23890708386898e-06 -8.589704521000385e-06
282 0.5498046875 -5.345442332327366e-06 -3.235531039535999e-06 -8.580973371863365e-06
283 0.5517578125 -5.340436473488808e-06 -3.232737071812153e-06 -8.573173545300961e-06
284 0.5537109375 -5.334499292075634e-06 -3.229011781513691e-06 -8.563511073589325e-06
285 0.5556640625 -5.329144187271595e-06 -3.22563573718071e-06 -8.554779924452305e-06
286 0.5576171875 -5.323090590536594e-06 -3.222026862204075e-06 -8.545117452740669e-06
287 0.5595703125 -5.317153409123421e-06 -3.21841798722744e-06 -8.535571396350861e-06
288 0.5615234375 -5.310750566422939e-06 -3.214692696928978e-06 -8.525443263351917e-06
289 0.5634765625 -5.304347723722458e-06 -3.210618160665035e-06 -8.514965884387493e-06
290 0.5654296875 -5.297712050378323e-06 -3.206776455044746e-06 -8.504488505423069e-06
291 0.5673828125 -5.29095996171236e-06 -3.202585503458977e-06 -8.493545465171337e-06
292 0.5693359375 -5.28374221175909e-06 -3.19827813655138e-06 -8.482020348310471e-06
293 0.5712890625 -5.27652446180582e-06 -3.193970769643784e-06 -8.470495231449604e-06
294 0.5732421875 -5.269073881208897e-06 -3.189314156770706e-06 -8.458388037979603e-06
295 0.5751953125 -5.261274054646492e-06 -3.184773959219456e-06 -8.446048013865948e-06
296 0.5771484375 -5.253590643405914e-06 -3.179884515702724e-06 -8.433475159108639e-06
297 0.5791015625 -5.245208740234375e-06 -3.174878656864166e-06 -8.420087397098541e-06
298 0.5810546875 -5.23705966770649e-06 -3.169756382703781e-06 -8.406816050410271e-06
299 0.5830078125 -5.22867776453495e-06 -3.16486693918705e-06 -8.393544703722e-06
300 0.5849609375 -5.21994661539793e-06 -3.159628249704838e-06 -8.379574865102768e-06
301 0.5869140625 -5.21121546626091e-06 -3.154505975544453e-06 -8.365721441805363e-06
302 0.5888671875 -5.202018655836582e-06 -3.148801624774933e-06 -8.350820280611515e-06
303 0.5908203125 -5.192938260734081e-06 -3.14321368932724e-06 -8.336151950061321e-06
304 0.5927734375 -5.183392204344273e-06 -3.137392923235893e-06 -8.320785127580166e-06
305 0.5947265625 -5.173729732632637e-06 -3.1318049877882e-06 -8.305534720420837e-06
306 0.5966796875 -5.164067260921001e-06 -3.125634975731373e-06 -8.289702236652374e-06
307 0.5986328125 -5.153822712600231e-06 -3.119581378996372e-06 -8.273404091596603e-06
308 0.6005859375 -5.143810994923115e-06 -3.113644197583199e-06 -8.257455192506313e-06
309 0.6025390625 -5.133100785315037e-06 -3.107008524239063e-06 -8.2401093095541e-06
310 0.6044921875 -5.122856236994267e-06 -3.100722096860409e-06 -8.223578333854675e-06
311 0.6064453125 -5.111913196742535e-06 -3.094086423516273e-06 -8.205999620258808e-06
312 0.6083984375 -5.100970156490803e-06 -3.087567165493965e-06 -8.188537321984768e-06
313 0.6103515625 -5.08967787027359e-06 -3.080698661506176e-06 -8.170376531779766e-06
314 0.6123046875 -5.07826916873455e-06 -3.073830157518387e-06 -8.152099326252937e-06
315 0.6142578125 -5.066860467195511e-06 -3.066961653530598e-06 -8.133822120726109e-06
316 0.6162109375 -5.054869689047337e-06 -3.059627488255501e-06 -8.114497177302837e-06
317 0.6181640625 -5.042878910899162e-06 -3.052409738302231e-06 -8.095288649201393e-06
318 0.6201171875 -5.030888132750988e-06 -3.045075573027134e-06 -8.075963705778122e-06
319 0.6220703125 -5.01866452395916e-06 -3.03762499243021e-06 -8.05628951638937e-06
320 0.6240234375 -5.006091669201851e-06 -3.030290827155113e-06 -8.036382496356964e-06
321 0.6259765625 -4.993285983800888e-06 -3.022491000592709e-06 -8.015776984393597e-06
322 0.6279296875 -4.980363883078098e-06 -3.014574758708477e-06 -7.994938641786575e-06
323 0.6298828125 -4.967325367033482e-06 -3.006658516824245e-06 -7.973983883857727e-06
324 0.6318359375 -4.953937605023384e-06 -2.998625859618187e-06 -7.952563464641571e-06
325 0.6337890625 -4.940666258335114e-06 -2.990476787090302e-06 -7.931143045425415e-06
326 0.6357421875 -4.927045665681362e-06 -2.982327714562416e-06 -7.909373380243778e-06
327 0.6376953125 -4.913192242383957e-06 -2.97382939606905e-06 -7.887021638453007e-06
328 0.6396484375 -4.899222403764725e-06 -2.965331077575684e-06 -7.864553481340408e-06
329 0.6416015625 -4.885136149823666e-06 -2.956949174404144e-06 -7.84208532422781e-06
330 0.6435546875 -4.870584234595299e-06 -2.948218025267124e-06 -7.818802259862423e-06
331 0.6455078125 -4.856032319366932e-06 -2.93925404548645e-06 -7.795286364853382e-06
332 0.6474609375 -4.841014742851257e-06 -2.930290065705776e-06 -7.771304808557034e-06
333 0.6494140625 -4.826346412301064e-06 -2.921442501246929e-06 -7.747788913547993e-06
334 0.6513671875 -4.811212420463562e-06 -2.912129275500774e-06 -7.723341695964336e-06
335 0.6533203125 -4.795845597982407e-06 -2.902932465076447e-06 -7.698778063058853e-06
336 0.6552734375 -4.780478775501251e-06 -2.893735654652119e-06 -7.67421443015337e-06
337 0.6572265625 -4.764762707054615e-06 -2.884306013584137e-06 -7.649068720638752e-06
338 0.6591796875 -4.748697392642498e-06 -2.874294295907021e-06 -7.622991688549519e-06
339 0.6611328125 -4.732864908874035e-06 -2.864748239517212e-06 -7.597613148391247e-06
340 0.6630859375 -4.716799594461918e-06 -2.854969352483749e-06 -7.571768946945667e-06
341 0.6650390625 -4.700501449406147e-06 -2.845190465450287e-06 -7.545691914856434e-06
342 0.6669921875 -4.683737643063068e-06 -2.835062332451344e-06 -7.518799975514412e-06
343 0.6689453125 -4.667090252041817e-06 -2.825050614774227e-06 -7.492140866816044e-06
344 0.6708984375 -4.650326445698738e-06 -2.81468965113163e-06 -7.465016096830368e-06
345 0.6728515625 -4.633213393390179e-06 -2.80444510281086e-06 -7.437658496201038e-06
346 0.6748046875 -4.615983925759792e-06 -2.794084139168262e-06 -7.410068064928055e-06
347 0.6767578125 -4.598638042807579e-06 -2.783490344882011e-06 -7.38212838768959e-06
348 0.6787109375 -4.580942913889885e-06 -2.772780135273933e-06 -7.353723049163818e-06
349 0.6806640625 -4.563131369650364e-06 -2.762069925665855e-06 -7.325201295316219e-06
350 0.6826171875 -4.545203410089016e-06 -2.751126885414124e-06 -7.296330295503139e-06
351 0.6845703125 -4.527159035205841e-06 -2.740300260484219e-06 -7.26745929569006e-06
352 0.6865234375 -4.508765414357185e-06 -2.729124389588833e-06 -7.237889803946018e-06
353 0.6884765625 -4.49037179350853e-06 -2.718064934015274e-06 -7.208436727523804e-06
354 0.6904296875 -4.471861757338047e-06 -2.706889063119888e-06 -7.178750820457935e-06
355 0.6923828125 -4.453118890523911e-06 -2.695596776902676e-06 -7.148715667426586e-06
356 0.6943359375 -4.433910362422466e-06 -2.683838829398155e-06 -7.117749191820621e-06
357 0.6962890625 -4.414934664964676e-06 -2.672197297215462e-06 -7.087131962180138e-06
358 0.6982421875 -4.395609721541405e-06 -2.660672180354595e-06 -7.056281901896e-06
359 0.7001953125 -4.376284778118134e-06 -2.648914232850075e-06 -7.025199010968208e-06
360 0.7021484375 -4.356610588729382e-06 -2.637039870023727e-06 -6.993650458753109e-06
361 0.7041015625 -4.336703568696976e-06 -2.624932676553726e-06 -6.961636245250702e-06
362 0.7060546875 -4.316912963986397e-06 -2.613174729049206e-06 -6.930087693035603e-06
363 0.7080078125 -4.296773113310337e-06 -2.600834704935551e-06 -6.897607818245888e-06
364 0.7099609375 -4.276400431990623e-06 -2.588611096143723e-06 -6.865011528134346e-06
365 0.7119140625 -4.255794920027256e-06 -2.576154656708241e-06 -6.831949576735497e-06
366 0.7138671875 -4.235422238707542e-06 -2.563814632594585e-06 -6.799236871302128e-06
367 0.7158203125 -4.214700311422348e-06 -2.55112536251545e-06 -6.765825673937798e-06
368 0.7177734375 -4.193978384137154e-06 -2.538668923079967e-06 -6.732647307217121e-06
369 0.7197265625 -4.172557964920998e-06 -2.525630407035351e-06 -6.698188371956348e-06
370 0.7216796875 -4.151370376348495e-06 -2.512708306312561e-06 -6.664078682661057e-06
371 0.7236328125 -4.13029920309782e-06 -2.499902620911598e-06 -6.630201824009418e-06
372 0.7255859375 -4.108529537916183e-06 -2.486980520188808e-06 -6.595510058104992e-06
373 0.7275390625 -4.086992703378201e-06 -2.473825588822365e-06 -6.560818292200565e-06
374 0.7294921875 -4.06499020755291e-06 -2.460554242134094e-06 -6.525544449687004e-06
375 0.7314453125 -4.042987711727619e-06 -2.447399310767651e-06 -6.49038702249527e-06
376 0.7333984375 -4.020868800580502e-06 -2.433895133435726e-06 -6.454763934016228e-06
377 0.7353515625 -3.998749889433384e-06 -2.420507371425629e-06 -6.419257260859013e-06
378 0.7373046875 -3.976281732320786e-06 -2.40677036345005e-06 -6.383052095770836e-06
379 0.7392578125 -3.953580744564533e-06 -2.393033355474472e-06 -6.346614100039005e-06
380 0.7412109375 -3.930763341486454e-06 -2.379296347498894e-06 -6.310059688985348e-06
381 0.7431640625 -3.907713107764721e-06 -2.365326508879662e-06 -6.273039616644382e-06
382 0.7451171875 -3.884779289364815e-06 -2.351356670260429e-06 -6.236135959625244e-06
383 0.7470703125 -3.861729055643082e-06 -2.337619662284851e-06 -6.199348717927933e-06
384 0.7490234375 -3.838329575955868e-06 -2.323300577700138e-06 -6.161630153656006e-06
385 0.7509765625 -3.814813680946827e-06 -2.309214323759079e-06 -6.124028004705906e-06
386 0.7529296875 -3.791297785937786e-06 -2.294895239174366e-06 -6.086193025112152e-06
387 0.7548828125 -3.767549060285091e-06 -2.280459739267826e-06 -6.048008799552917e-06
388 0.7568359375 -3.743567503988743e-06 -2.265907824039459e-06 -6.009475328028202e-06
389 0.7587890625 -3.719469532370567e-06 -2.251355908811092e-06 -5.97082544118166e-06
390 0.7607421875 -3.695255145430565e-06 -2.236687578260899e-06 -5.931942723691463e-06
391 0.7626953125 -3.670924343168736e-06 -2.221902832388878e-06 -5.892827175557613e-06
392 0.7646484375 -3.646477125585079e-06 -2.207234501838684e-06 -5.853711627423763e-06
393 0.7666015625 -3.621913492679596e-06 -2.192333340644836e-06 -5.814246833324432e-06
394 0.7685546875 -3.597117029130459e-06 -2.177315764129162e-06 -5.774432793259621e-06
395 0.7705078125 -3.572320565581322e-06 -2.162298187613487e-06 -5.734618753194809e-06
396 0.7724609375 -3.547291271388531e-06 -2.147164195775986e-06 -5.694455467164516e-06
397 0.7744140625 -3.522029146552086e-06 -2.131913788616657e-06 -5.653942935168743e-06
398 0.7763671875 -3.496767021715641e-06 -2.116663381457329e-06 -5.61343040317297e-06
399 0.7783203125 -3.471388481557369e-06 -2.101296558976173e-06 -5.572685040533543e-06
400 0.7802734375 -3.445777110755444e-06 -2.085696905851364e-06 -5.531474016606808e-06
401 0.7822265625 -3.420282155275345e-06 -2.070330083370209e-06 -5.490612238645554e-06
402 0.7841796875 -3.394554369151592e-06 -2.054730430245399e-06 -5.449284799396992e-06
403 0.7861328125 -3.368593752384186e-06 -2.039014361798763e-06 -5.407608114182949e-06
404 0.7880859375 -3.342633135616779e-06 -2.023414708673954e-06 -5.366047844290733e-06
405 0.7900390625 -3.316323272883892e-06 -2.007349394261837e-06 -5.323672667145729e-06
406 0.7919921875 -3.290013410151005e-06 -1.991400495171547e-06 -5.281413905322552e-06
407 0.7939453125 -3.263587132096291e-06 -1.975568011403084e-06 -5.239155143499374e-06
408 0.7958984375 -3.236928023397923e-06 -1.959269866347313e-06 -5.196197889745235e-06
409 0.7978515625 -3.210385330021381e-06 -1.943204551935196e-06 -5.153589881956577e-06
410 0.7998046875 -3.183609806001186e-06 -1.927139237523079e-06 -5.110749043524265e-06
411 0.8017578125 -3.156717866659164e-06 -1.910608261823654e-06 -5.067326128482819e-06
412 0.8037109375 -3.129593096673489e-06 -1.894310116767883e-06 -5.023903213441372e-06
413 0.8056640625 -3.102468326687813e-06 -1.877895556390285e-06 -4.980363883078098e-06
414 0.8076171875 -3.07522714138031e-06 -1.861480996012688e-06 -4.936708137392998e-06
415 0.8095703125 -3.04786954075098e-06 -1.844950020313263e-06 -4.892819561064243e-06
416 0.8115234375 -3.020279109477997e-06 -1.828186213970184e-06 -4.848465323448181e-06
417 0.8134765625 -2.992746885865927e-06 -1.811538822948933e-06 -4.804285708814859e-06
418 0.8154296875 -2.964981831610203e-06 -1.794600393623114e-06 -4.759582225233316e-06
419 0.8173828125 -2.937100362032652e-06 -1.777836587280035e-06 -4.714936949312687e-06
420 0.8193359375 -2.909277100116014e-06 -1.760956365615129e-06 -4.670233465731144e-06
421 0.8212890625 -2.88116279989481e-06 -1.743901520967484e-06 -4.625064320862293e-06
422 0.8232421875 -2.852990292012691e-06 -1.726846676319838e-06 -4.579836968332529e-06
423 0.8251953125 -2.82475957646966e-06 -1.709850039333105e-06 -4.534609615802765e-06
424 0.8271484375 -2.796412445604801e-06 -1.692620571702719e-06 -4.48903301730752e-06
425 0.8291015625 -2.767890691757202e-06 -1.675391104072332e-06 -4.443281795829535e-06
426 0.8310546875 -2.739368937909603e-06 -1.658045221120119e-06 -4.397414159029722e-06
427 0.8330078125 -2.71061435341835e-06 -1.640699338167906e-06 -4.351313691586256e-06
428 0.8349609375 -2.681801561266184e-06 -1.623353455215693e-06 -4.305155016481876e-06
429 0.8369140625 -2.652930561453104e-06 -1.605774741619825e-06 -4.258705303072929e-06
430 0.8388671875 -2.624001353979111e-06 -1.588312443345785e-06 -4.212313797324896e-06
431 0.8408203125 -2.59478110820055e-06 -1.570675522089005e-06 -4.165456630289555e-06
432 0.8427734375 -2.56573548540473e-06 -1.553096808493137e-06 -4.118832293897867e-06
433 0.8447265625 -2.536282408982515e-06 -1.535227056592703e-06 -4.071509465575218e-06
434 0.8466796875 -2.506887540221214e-06 -1.517415512353182e-06 -4.024303052574396e-06
435 0.8486328125 -2.477667294442654e-06 -1.499720383435488e-06 -3.977387677878141e-06
436 0.8505859375 -2.447923179715872e-06 -1.481676008552313e-06 -3.929599188268185e-06
437 0.8525390625 -2.41835368797183e-06 -1.463748048990965e-06 -3.882101736962795e-06
438 0.8544921875 -2.388493157923222e-06 -1.445820089429617e-06 -3.834313247352839e-06
439 0.8564453125 -2.358690835535526e-06 -1.427717506885529e-06 -3.786408342421055e-06
440 0.8583984375 -2.328713890165091e-06 -1.409556716680527e-06 -3.738270606845617e-06
441 0.8603515625 -2.298795152455568e-06 -1.391512341797352e-06 -3.69030749425292e-06
442 0.8623046875 -2.268585376441479e-06 -1.37317692860961e-06 -3.641762305051088e-06
443 0.8642578125 -2.238433808088303e-06 -1.354899723082781e-06 -3.593333531171083e-06
444 0.8662109375 -2.208107616752386e-06 -1.336506102234125e-06 -3.544613718986511e-06
445 0.8681640625 -2.17778142541647e-06 -1.318170689046383e-06 -3.495952114462852e-06
446 0.8701171875 -2.147455234080553e-06 -1.299777068197727e-06 -3.44723230227828e-06
447 0.8720703125 -2.116838004440069e-06 -1.281383447349072e-06 -3.398221451789141e-06
448 0.8740234375 -2.086278982460499e-06 -1.262873411178589e-06 -3.349152393639088e-06
449 0.8759765625 -2.055545337498188e-06 -1.244246959686279e-06 -3.299792297184467e-06
450 0.8779296875 -2.024869900196791e-06 -1.22562050819397e-06 -3.25049040839076e-06
451 0.8798828125 -1.994019839912653e-06 -1.206935849040747e-06 -3.2009556889534e-06
452 0.8818359375 -1.963227987289429e-06 -1.188309397548437e-06 -3.151537384837866e-06
453 0.8837890625 -1.932086888700724e-06 -1.169508323073387e-06 -3.101595211774111e-06
454 0.8857421875 -1.901120413094759e-06 -1.150707248598337e-06 -3.051827661693096e-06
455 0.8876953125 -1.869979314506054e-06 -1.131906174123287e-06 -3.001885488629341e-06
456 0.8896484375 -1.838780008256435e-06 -1.11298868432641e-06 -2.951768692582846e-06
457 0.8916015625 -1.807522494345903e-06 -1.094071194529533e-06 -2.901593688875437e-06
458 0.8935546875 -1.776148565113544e-06 -1.075095497071743e-06 -2.851244062185287e-06
459 0.8955078125 -1.744774635881186e-06 -1.056119799613953e-06 -2.800894435495138e-06
460 0.8974609375 -1.713284291327e-06 -1.037027686834335e-06 -2.750311978161335e-06
461 0.8994140625 -1.6817357391119e-06 -1.017877366393805e-06 -2.699613105505705e-06
462 0.9013671875 -1.650128979235888e-06 -9.989016689360142e-07 -2.649030648171902e-06
463 0.9033203125 -1.618522219359875e-06 -9.796931408345699e-07 -2.598215360194445e-06
464 0.9052734375 -1.586740836501122e-06 -9.604264050722122e-07 -2.547167241573334e-06
465 0.9072265625 -1.555075868964195e-06 -9.412760846316814e-07 -2.496351953595877e-06
466 0.9091796875 -1.523294486105442e-06 -9.219511412084103e-07 -2.445245627313852e-06
467 0.9111328125 -1.491251168772578e-06 -9.026844054460526e-07 -2.393935574218631e-06
468 0.9130859375 -1.459353370591998e-06 -8.833885658532381e-07 -2.342741936445236e-06
469 0.9150390625 -1.427310053259134e-06 -8.639763109385967e-07 -2.291286364197731e-06
470 0.9169921875 -1.395324943587184e-06 -8.446222636848688e-07 -2.239947207272053e-06
471 0.9189453125 -1.363165210932493e-06 -8.25151801109314e-07 -2.188317012041807e-06
472 0.9208984375 -1.331034582108259e-06 -8.056522347033024e-07 -2.136686816811562e-06
473 0.9228515625 -1.298816641792655e-06 -7.861817721277475e-07 -2.084998413920403e-06
474 0.9248046875 -1.266598701477051e-06 -7.66682205721736e-07 -2.033280907198787e-06
475 0.9267578125 -1.234206138178706e-06 -7.470662239938974e-07 -1.981272362172604e-06
476 0.9287109375 -1.201900886371732e-06 -7.275084499269724e-07 -1.929409336298704e-06
477 0.9306640625 -1.169508323073387e-06 -7.079215720295906e-07 -1.877429895102978e-06
478 0.9326171875 -1.137028448283672e-06 -6.882473826408386e-07 -1.825275830924511e-06
479 0.9345703125 -1.104606781154871e-06 -6.686022970825434e-07 -1.773209078237414e-06
480 0.9365234375 -1.072039594873786e-06 -6.488990038633347e-07 -1.720938598737121e-06
481 0.9384765625 -1.039501512423158e-06 -6.292539183050394e-07 -1.668755430728197e-06
482 0.9404296875 -1.006788806989789e-06 -6.094342097640038e-07 -1.616223016753793e-06
483 0.9423828125 -9.742507245391607e-07 -5.89730916544795e-07 -1.563981641083956e-06
484 0.9443359375 -9.415089152753353e-07 -5.698821041733027e-07 -1.511391019448638e-06
485 0.9462890625 -9.088253136724234e-07 -5.500914994627237e-07 -1.458916813135147e-06
486 0.9482421875 -8.761126082390547e-07 -5.303008947521448e-07 -1.406413502991199e-06
487 0.9501953125 -8.432543836534023e-07 -5.104229785501957e-07 -1.353677362203598e-06
488 0.9521484375 -8.104834705591202e-07 -4.9060327000916e-07 -1.30108674056828e-06
489 0.9541015625 -7.776252459734678e-07 -4.706962499767542e-07 -1.248321495950222e-06
490 0.9560546875 -7.447670213878155e-07 -4.508183337748051e-07 -1.195585355162621e-06
491 0.9580078125 -7.118214853107929e-07 -4.308531060814857e-07 -1.142674591392279e-06
492 0.9599609375 -6.789632607251406e-07 -4.109751898795366e-07 -1.089938450604677e-06
493 0.9619140625 -6.459449650719762e-07 -3.909954102709889e-07 -1.036940375342965e-06
494 0.9638671875 -6.129994289949536e-07 -3.710592864081264e-07 -9.8405871540308e-07
495 0.9658203125 -5.799374775961041e-07 -3.510212991386652e-07 -9.309587767347693e-07
496 0.9677734375 -5.469482857733965e-07 -3.310706233605742e-07 -8.780189091339707e-07
497 0.9697265625 -5.139299901202321e-07 -3.110762918367982e-07 -8.250062819570303e-07
498 0.9716796875 -4.808243829756975e-07 -2.910528564825654e-07 -7.718772394582629e-07
499 0.9736328125 -4.477769834920764e-07 -2.71043973043561e-07 -7.188209565356374e-07
500 0.9755859375 -4.146422725170851e-07 -2.509914338588715e-07 -6.656337063759565e-07
501 0.9775390625 -3.815657692030072e-07 -2.309679985046387e-07 -6.125337677076459e-07
502 0.9794921875 -3.484019543975592e-07 -2.108863554894924e-07 -5.592883098870516e-07
503 0.9814453125 -3.152963472530246e-07 -1.908483682200313e-07 -5.061447154730558e-07
504 0.9833984375 -2.821034286171198e-07 -1.707594492472708e-07 -4.528628778643906e-07
505 0.9853515625 -2.489687176421285e-07 -1.506996341049671e-07 -3.996683517470956e-07
506 0.9873046875 -2.157612470909953e-07 -1.306034391745925e-07 -3.463646862655878e-07
507 0.9892578125 -1.825974322855473e-07 -1.105290721170604e-07 -2.931265044026077e-07
508 0.9912109375 -1.494227035436779e-07 -9.044742910191417e-08 -2.398701326455921e-07
509 0.9931640625 -1.161934051197022e-07 -7.032940629869699e-08 -1.865228114183992e-07
510 0.9951171875 -8.302959031425416e-08 -5.025867721997201e-08 -1.332882675342262e-07
511 0.9970703125 -4.978755896445364e-08 -3.01351974485442e-08 -7.992275641299784e-08
512 0.9990234375 0.001740479914587922 0.001044287861077464 0.002784767775665387
