# P x u_num u_exact u_err v_num v_exact v_err psi_num psi_exact psi_err
1 0.015625 0.01804815103527278 0.01805098861115287 -2.837575880085264e-06 0.01803545171670955 0.01805098861115287 -1.553689444331458e-05 0.03608360275198234 0.03610197722230574 -1.837447032339984e-05
2 0.046875 0.05400509368645479 0.05397912494545908 2.596874099571045e-05 0.05402032579648582 0.05397912494545908 4.120085102674031e-05 0.1080254194829406 0.1079582498909182 6.716959202245076e-05
3 0.078125 0.08944181341689579 0.08938741279854924 5.440061834655063e-05 0.08948452757731179 0.08938741279854924 9.711477876254981e-05 0.1789263409942076 0.1787748255970985 0.0001515153971090866
4 0.109375 0.1240170279307622 0.1239348510022591 8.217692850315261e-05 0.1240865175342978 0.1239348510022591 0.000151666532038755 0.24810354546506 0.2478697020045181 0.0002338434605419215
5 0.140625 0.1573977522259407 0.157288728841136 0.0001090233848047573 0.1574930598275825 0.157288728841136 0.0002043309864464826 0.3148908120535232 0.314577457682272 0.0003133543712512399
6 0.171875 0.1892625054207469 0.1891278302385073 0.0001346751822395298 0.1893824315193076 0.1891278302385073 0.0002546012808002929 0.3786449369400545 0.3782556604770147 0.0003892764630398227
7 0.203125 0.2193044067903049 0.2191455272428932 0.0001588795474116167 0.2194475209133579 0.2191455272428932 0.0003019936704646287 0.4387519277036627 0.4382910544857865 0.0004608732178762454
8 0.234375 0.2472341311941103 0.247052733022799 0.0001813981713113255 0.2473987851892008 0.247052733022799 0.0003460521664018501 0.4946329163833111 0.494105466045598 0.0005274503377131756
9 0.265625 0.2727826954349302 0.2725806859309337 0.0002020095039965142 0.2729670388336825 0.2725806859309337 0.0003863529027487989 0.5457497342686126 0.5451613718618673 0.000588362406745313
10 0.296875 0.2957040487127173 0.2954835378257933 0.0002205108869239858 0.295906046027664 0.2954835378257933 0.0004225082018707305 0.5916100947403813 0.5909670756515866 0.0006430190887947163
11 0.328125 0.3157774422272235 0.3155407217236581 0.0002367205035653797 0.3159948920156837 0.3155407217236581 0.0004541702920256019 0.6317723342429071 0.6310814434473162 0.000690890795590926
12 0.359375 0.3328095551092745 0.3325590759792195 0.0002504791300549369 0.3330401106185519 0.3325590759792195 0.0004810346393323561 0.6658496657278263 0.665118151958439 0.0007315137693872931
13 0.390625 0.3466363562054699 0.3463747045378178 0.0002616516676521297 0.3468775474066593 0.3463747045378178 0.0005028428688415576 0.6935139036121292 0.6927494090756355 0.0007644945364936317
14 0.421875 0.3571246837867802 0.3568545553440427 0.0002701284427374939 0.357373940588366 0.3568545553440427 0.0005193852443232672 0.7144986243751461 0.7137091106880854 0.0007895136870607056
15 0.453125 0.3641735279690141 0.3638977017057613 0.000275826263252843 0.3644282043815324 0.3638977017057613 0.000530502675771094 0.7286017323505465 0.7277954034115226 0.0008063289390238815
16 0.484375 0.3677150034921808 0.3674363142733346 0.000278689218846162 0.3679724025215952 0.3674363142733346 0.0005360882482606244 0.735687406013776 0.7348726285466692 0.0008147774671067864
17 0.515625 0.3677150034921887 0.3674363142733346 0.0002786892188541001 0.3679724025215594 0.3674363142733346 0.0005360882482247642 0.7356874060137482 0.7348726285466692 0.0008147774670789198
18 0.546875 0.3641735279691092 0.3638977017057613 0.0002758262633478781 0.3644282043810618 0.3638977017057613 0.0005305026753004705 0.728601732350171 0.7277954034115226 0.000806328938648404
19 0.578125 0.3571246837868898 0.3568545553440427 0.0002701284428471284 0.3573739405878172 0.3568545553440427 0.0005193852437744839 0.714498624374707 0.7137091106880854 0.0007895136866216124
20 0.609375 0.3466363562053613 0.3463747045378178 0.0002616516675435498 0.3468775474071991 0.3463747045378178 0.000502842869381348 0.6935139036125604 0.6927494090756355 0.0007644945369248424
21 0.640625 0.3328095551091896 0.3325590759792196 0.0002504791299700049 0.3330401106189671 0.3325590759792196 0.000481034639747524 0.6658496657281567 0.6651181519584392 0.0007315137697175844
22 0.671875 0.3157774422272161 0.3155407217236581 0.0002367205035579967 0.315994892015713 0.3155407217236581 0.0004541702920549118 0.6317723342429291 0.6310814434473162 0.0006908907956129084
23 0.703125 0.2957040487127219 0.2954835378257933 0.0002205108869285377 0.2959060460276378 0.2954835378257933 0.0004225082018444737 0.5916100947403597 0.5909670756515867 0.0006430190887730669
24 0.734375 0.2727826954350022 0.2725806859309337 0.0002020095040685677 0.2729670388333207 0.2725806859309337 0.0003863529023870882 0.545749734268323 0.5451613718618673 0.0005883624064556559
25 0.765625 0.2472341311941871 0.2470527330227991 0.0001813981713879864 0.2473987851888124 0.2470527330227991 0.0003460521660132998 0.4946329163829994 0.4941054660455981 0.000527450337401314
26 0.796875 0.219304406790237 0.2191455272428933 0.0001588795473437543 0.219447520913689 0.2191455272428933 0.0003019936707957527 0.4387519277039261 0.4382910544857866 0.0004608732181395347
27 0.828125 0.1892625054206963 0.1891278302385074 0.0001346751821888759 0.1893824315195487 0.1891278302385074 0.0002546012810412945 0.378644936940245 0.3782556604770148 0.0003892764632301704
28 0.859375 0.1573977522259367 0.157288728841136 0.0001090233848007882 0.1574930598275899 0.157288728841136 0.0002043309864539489 0.3148908120535266 0.3145774576822719 0.0003133543712547371
29 0.890625 0.1240170279307887 0.1239348510022591 8.21769285295898e-05 0.1240865175341543 0.1239348510022591 0.0001516665318951893 0.2481035454649431 0.2478697020045183 0.0002338434604247652
30 0.921875 0.08944181341691861 0.08938741279854931 5.440061836929633e-05 0.08948452757719022 0.08938741279854931 9.7114778640911e-05 0.1789263409941088 0.1787748255970986 0.0001515153970101935
31 0.953125 0.054005093686457 0.0539791249454591 2.596874099790314e-05 0.05402032579647025 0.0539791249454591 4.120085101115556e-05 0.1080254194829273 0.1079582498909182 6.71695920090587e-05
32 0.984375 0.01804815103527303 0.01805098861115285 -2.837575879818116e-06 0.01803545171670684 0.01805098861115285 -1.553689444600687e-05 0.03608360275197987 0.0361019772223057 -1.837447032582151e-05
