# P x u_num u_exact u_err v_num v_exact v_err psi_num psi_exact psi_err
1 0.001953125 0.002257260891619357 0.00225726581582338 -4.92420402283672e-09 0.002257235129137577 0.00225726581582338 -3.068668580309339e-08 0.004514496020756934 0.00451453163164676 -3.561088982549643e-08
2 0.005859375 0.006771510292144145 0.006771457511541153 5.278060299235277e-08 0.006771537572828677 0.006771457511541153 8.006128752405944e-08 0.01354304786497282 0.01354291502308231 1.328418905155448e-07
3 0.009765625 0.01128473992476073 0.01128462945066507 1.104740956613809e-07 0.01128482023424518 0.01128462945066507 1.907835801111257e-07 0.02256956015900591 0.02256925890133013 3.012576757742413e-07
4 0.013671875 0.01579627011365283 0.01579610196610184 1.681475509905661e-07 0.01579640342963421 0.01579610196610184 3.014635323733694e-07 0.03159267354328704 0.03159220393220367 4.69611083367405e-07
5 0.017578125 0.02030542143778966 0.02030519564668514 2.257911045112915e-07 0.02030560773690066 0.02030519564668514 4.1209021551733e-07 0.04061102917469032 0.04061039129337029 6.378813200286215e-07
6 0.021484375 0.02481151483758928 0.02481123143949244 2.833980968404426e-07 0.0248117540761989 0.02481123143949244 5.226367064577186e-07 0.04962326891378818 0.04962246287898488 8.060348032981612e-07
7 0.025390625 0.02931387171058218 0.02931353075210783 3.409584743499505e-07 0.02931416384520224 0.02931353075210783 6.330930944035973e-07 0.05862803555578441 0.05862706150421566 9.740515687500784e-07
8 0.029296875 0.03381181401903742 0.03381141555481559 3.984642218263224e-07 0.03381215899414201 0.03381141555481559 7.434393264130201e-07 0.06762397301317943 0.06762283110963119 1.141903548246281e-06
9 0.033203125 0.03830466438850302 0.03830420848270896 4.559057940611844e-07 0.03830506214576866 0.03830420848270896 8.536630596994721e-07 0.07660972653427169 0.07660841696541792 1.309568853760656e-06
10 0.037109375 0.042791746213464 0.04279123293769878 5.13275765223753e-07 0.04279219667912055 0.04279123293769878 9.637414217708584e-07 0.08558394289258456 0.08558246587539756 1.47701718700155e-06
11 0.041015625 0.04727238375354591 0.04727181319040671 5.705631392002863e-07 0.04727288685987574 0.04727181319040671 1.073669469026095e-06 0.09454527061342166 0.09454362638081343 1.64423260823332e-06
12 0.044921875 0.05174590224437363 0.05174527448192755 6.277624460745979e-07 0.05174645789663978 0.05174527448192755 1.183414712224717e-06 0.1034923601410134 0.1034905489638551 1.811177158292376e-06
13 0.048828125 0.05621162798815658 0.05621094312544551 6.848627110700445e-07 0.05621223609772701 0.05621094312544551 1.292972281491389e-06 0.1124238640858836 0.112421886250891 1.977834992561434e-06
14 0.052734375 0.06066888846436269 0.06066814660768887 7.418566738207066e-07 0.06066954892652932 0.06066814660768887 1.402318840451611e-06 0.121338437390892 0.1213362932153777 2.144175514265378e-06
15 0.056640625 0.06511701242438366 0.06511621369020809 7.987341755638644e-07 0.06511772513586513 0.06511621369020809 1.51144565703476e-06 0.1302347375602488 0.1302324273804162 2.310179832598624e-06
16 0.060546875 0.06955532999923281 0.06955447451046182 8.554887709899539e-07 0.06955609483601682 0.06955447451046182 1.620325555007351e-06 0.1391114248352496 0.1391089490209236 2.475814325997305e-06
17 0.064453125 0.07398317279081529 0.07398226068269574 9.121081195467839e-07 0.07398398964366022 0.07398226068269574 1.728960964481052e-06 0.1479671624344755 0.1479645213653915 2.641069084013958e-06
18 0.068359375 0.07839987398733876 0.07839890539859899 9.685887397692383e-07 0.07840074270875871 0.07839890539859899 1.837310159721883e-06 0.1568006166960975 0.156797810797198 2.805898899477244e-06
19 0.072265625 0.08280476844613852 0.08280374352772304 1.024918415470921e-06 0.08280568890295978 0.08280374352772304 1.945375236733771e-06 0.1656104573490983 0.1656074870554461 2.970293652204692e-06
20 0.076171875 0.08719719280835604 0.08719611171764793 1.08109070810769e-06 0.08719816484721039 0.08719611171764793 2.053129562459843e-06 0.1743953576555664 0.1743922234352959 3.134220270567534e-06
21 0.080078125 0.09157648558877295 0.09157534849388065 1.137094892300627e-06 0.09157750906198607 0.09157534849388065 2.160568105424865e-06 0.183153994650759 0.1831506969877613 3.297662997725492e-06
22 0.083984375 0.09594198728501137 0.0959407943594708 1.192925540571821e-06 0.09594306201899044 0.0959407943594708 2.267659519647469e-06 0.1918850493040018 0.1918815887189416 3.460585060205412e-06
23 0.087890625 0.100293040463364 0.1002917918943284 1.24856903561954e-06 0.1002941663079205 0.1002917918943284 2.374413592090563e-06 0.2005872067712845 0.2005835837886568 3.622982627710103e-06
24 0.091796875 0.1046289898781135 0.1046276858542289 1.304023884582395e-06 0.1046301666339086 0.1046276858542289 2.480779679750467e-06 0.2092591565120221 0.2092553717084578 3.784803564332861e-06
25 0.095703125 0.1089491825462231 0.1089478232694906 1.359276732545989e-06 0.1089504100361423 0.1089478232694906 2.586766651671568e-06 0.2178995925823654 0.2178956465389812 3.946043384217557e-06
26 0.099609375 0.1132529678652923 0.1132515535433095 1.414321982792788e-06 0.1132542458881062 0.1132515535433095 2.69234479664815e-06 0.2265072137533985 0.2265031070866191 4.106666779440937e-06
27 0.103515625 0.1175396976981235 0.1175382285497368 1.469148386654129e-06 0.1175410260626214 0.1175382285497368 2.797512884608611e-06 0.2350807237607449 0.2350764570994736 4.266661271262739e-06
28 0.107421875 0.1218087264828681 0.1218072027312841 1.523751584020516e-06 0.121810104966753 0.1218072027312841 2.902235468907333e-06 0.243618831449621 0.2436144054625681 4.425987052913971e-06
29 0.111328125 0.1260594113128649 0.1260578331961421 1.578116722855682e-06 0.1260608397259415 0.1260578331961421 3.006529799426394e-06 0.2521202510388064 0.2521156663922841 4.584646522309832e-06
30 0.115234375 0.1302911120593603 0.1302894798149979 1.632244362365087e-06 0.1302925901513111 0.1302894798149979 3.110336313200124e-06 0.2605837022106713 0.2605789596299958 4.742580675565211e-06
31 0.119140625 0.1345031914374661 0.134501505317436 1.686120030125471e-06 0.1345047189882938 0.134501505317436 3.213670857787898e-06 0.2690079104257599 0.269003010634872 4.899790887913369e-06
32 0.123046875 0.1386950151269131 0.1386932753879087 1.739739004441576e-06 0.1386965918887019 0.1386932753879087 3.316500793243415e-06 0.277391607015615 0.2773865507758174 5.056239797684992e-06
33 0.126953125 0.142865951850866 0.1428641587612619 1.793089604129605e-06 0.1428675775898097 0.1428641587612619 3.41882854781872e-06 0.2857335294406757 0.2857283175225238 5.211918151948325e-06
34 0.130859375 0.147015373486346 0.1470135273178013 1.846168544650251e-06 0.1470170479326446 0.1470135273178013 3.52061484326649e-06 0.2940324214189906 0.2940270546356027 5.36678338791674e-06
35 0.134765625 0.1511426551377346 0.151140756177885 1.898959849616633e-06 0.1511443780620351 0.151140756177885 3.621884150095678e-06 0.3022870331997697 0.3022815123557699 5.520843999740066e-06
36 0.138671875 0.1552471752620657 0.1552452237960276 1.951466038097038e-06 0.1552489463647807 0.1552452237960276 3.722568753083966e-06 0.3104961216268465 0.3104904475920553 5.674034791181004e-06
37 0.142578125 0.1593283157262012 0.1593263120545034 2.00367169772564e-06 0.1593301347454029 0.1593263120545034 3.822690899518699e-06 0.3186584504716041 0.3186526241090069 5.826362597272094e-06
38 0.146484375 0.1633854619294038 0.163383406356432 2.055572971809694e-06 0.1633873285718026 0.163383406356432 3.92221537059978e-06 0.3267727905012064 0.326766812712864 5.977788342437229e-06
39 0.150390625 0.1674180028761197 0.1674158957183348 2.107157784925207e-06 0.1674199168667008 0.1674158957183348 4.021148366006866e-06 0.3348379197428205 0.3348317914366695 6.128306150932072e-06
40 0.154296875 0.1714253312861194 0.1714231728621464 2.15842397308097e-06 0.1714272923090025 0.1714231728621464 4.119446856104547e-06 0.3428526235951219 0.3428463457242927 6.277870829185517e-06
41 0.158203125 0.175406843661171 0.1754046343066689 2.20935450209736e-06 0.1754088514491633 0.1754046343066689 4.217142494433723e-06 0.3508156951103343 0.3508092686133378 6.426496996503328e-06
42 0.162109375 0.1793619404123683 0.1793596804584539 2.25995391447964e-06 0.1793639946178503 0.1793596804584539 4.314159396473505e-06 0.3587259350302187 0.3587193609169077 6.574113310953145e-06
43 0.166015625 0.1832900259079089 0.1832877157020985 2.310205810429622e-06 0.1832921262288407 0.1832877157020985 4.410526742243404e-06 0.3665821521367496 0.366575431404197 6.72073255264527e-06
44 0.169921875 0.1871905085972559 0.1871881484899436 2.360107312388005e-06 0.1871926546964078 0.1871881484899436 4.506206464277573e-06 0.3743831632936638 0.3743762969798871 6.866313776665578e-06
45 0.173828125 0.19106280107716 0.1910603914311582 2.409646001788612e-06 0.1910649926397274 0.1910603914311582 4.601208569210424e-06 0.3821277937168874 0.3821207828623164 7.010854570999037e-06
46 0.177734375 0.1949063202010252 0.1949038613801986 2.458820826584107e-06 0.1949085568668058 0.1949038613801986 4.695486607170229e-06 0.389814877067831 0.3898077227603973 7.154307433754337e-06
47 0.181640625 0.1987204871384216 0.198717979524628 2.507613793584218e-06 0.1987227686038439 0.198717979524628 4.789079215944403e-06 0.3974432557422655 0.397435959049256 7.296693009528621e-06
48 0.185546875 0.2025047275037163 0.2025021714722831 2.556031433231798e-06 0.2025070533750883 0.2025021714722831 4.881902805203842e-06 0.4050117808788046 0.4050043429445662 7.437934238407884e-06
49 0.189453125 0.2062584713942714 0.206255867337776 2.604056495408846e-06 0.2062608413308643 0.206255867337776 4.973993088269735e-06 0.4125193127251357 0.412511734675552 7.578049583678581e-06
50 0.193359375 0.2099811535153473 0.2099785018283165 2.651687030785776e-06 0.2099835671380013 0.2099785018283165 5.065309684776365e-06 0.4199647206533487 0.4199570036566331 7.716996715589897e-06
51 0.197265625 0.2136722132392469 0.2136695143288434 2.698910403553523e-06 0.213674670194906 0.2136695143288434 5.155866062617198e-06 0.4273468834341529 0.4273390286576867 7.854776466198476e-06
52 0.201171875 0.2173310947130821 0.2173283489864505 2.74572663155892e-06 0.217333594599293 0.2173283489864505 5.24561284245828e-06 0.434664689312375 0.434656697972901 7.991339473989445e-06
53 0.205078125 0.2209572469110044 0.2209544547940968 2.79211690756842e-06 0.2209597893892979 0.2209544547940968 5.33459520105084e-06 0.4419170363003023 0.4419089095881937 8.126712108647016e-06
54 0.208984375 0.2245501237632271 0.2245472856735855 2.838089641632457e-06 0.2245527083962437 0.2245472856735855 5.422722658188217e-06 0.4491028321594708 0.449094571347171 8.260812299820675e-06
55 0.212890625 0.2281091841847087 0.2281063005578015 2.883626907257408e-06 0.2281118105946683 0.2281063005578015 5.51003686677376e-06 0.456220994779377 0.456212601115603 8.393663774031168e-06
56 0.216796875 0.2316338921998615 0.2316309634721944 2.928727667050879e-06 0.23163655996768 0.2316309634721944 5.5964954855936e-06 0.4632704521675415 0.4632619269443889 8.525223152644479e-06
57 0.220703125 0.2351237169945851 0.2351207436154941 2.97337909094253e-06 0.235126425731093 0.2351207436154941 5.682115598898418e-06 0.4702501427256781 0.4702414872309882 8.655494689868704e-06
58 0.224609375 0.2385781330219978 0.2385751154396474 3.017582350467451e-06 0.2385808822843917 0.2385751154396474 5.766844744292676e-06 0.4771590153063895 0.4771502308792948 8.784427094732372e-06
59 0.228515625 0.2419966200468161 0.2419935587289637 3.061317852437462e-06 0.2419994094637244 0.2419935587289637 5.850734760698417e-06 0.4839960295105404 0.4839871174579273 8.912052613108123e-06
60 0.232421875 0.2453786632743584 0.2453755586784576 3.104595900804696e-06 0.2453814923669304 0.2453755586784576 5.933688472736787e-06 0.4907601556412888 0.4907511173569152 9.038284373541483e-06
61 0.236328125 0.2487237533693048 0.2487206059713768 3.147397927949491e-06 0.2487266217249282 0.2487206059713768 6.015753551413816e-06 0.497450375094233 0.4974412119427536 9.163151479363307e-06
62 0.240234375 0.2520313865797674 0.2520281968559031 3.189723864371885e-06 0.25203429374158 0.2520281968559031 6.096885676987185e-06 0.5040656803213475 0.5040563937118061 9.28660954135907e-06
63 0.244140625 0.2553010647817539 0.2552978332210153 3.231560738559125e-06 0.255304010326552 0.2552978332210153 6.1771055366866e-06 0.510605075108306 0.5105956664420307 9.408666275301236e-06
64 0.248046875 0.2585322955823394 0.2585290226715038 3.27291083557224e-06 0.2585352790295485 0.2585290226715038 6.256358044742782e-06 0.5170675746118879 0.5170580453430076 9.529268880315023e-06
65 0.251953125 0.2617245923560481 0.2617212786021224 3.313753925704432e-06 0.2617276133033213 0.2617212786021224 6.334701198873471e-06 0.5234522056593693 0.5234425572042448 9.648455124522393e-06
66 0.255859375 0.2648774743730269 0.26487412027087 3.354102156849503e-06 0.264880532302498 0.26487412027087 6.41203162793369e-06 0.5297580066755249 0.5297482405417401 9.766133784783193e-06
67 0.259765625 0.2679904668077744 0.2679870728713885 3.393936385986951e-06 0.2679935612743285 0.2679870728713885 6.488402940041382e-06 0.5359840280821029 0.5359741457427769 9.882339325972822e-06
68 0.263671875 0.2710631008619495 0.2710596676044664 3.433257483143048e-06 0.2710662313736823 0.2710596676044664 6.563769215928161e-06 0.5421293322356318 0.5421193352089327 9.997026699015699e-06
69 0.267578125 0.2740949138011809 0.2740914417486389 3.472052542030646e-06 0.2740980799025958 0.2740914417486389 6.638153956906034e-06 0.5481929937037766 0.5481828834972777 1.011020649888117e-05
70 0.271484375 0.2770854490546841 0.2770819387298716 3.510324812494581e-06 0.2770886502303006 0.2770819387298716 6.711500429024131e-06 0.5541740992849846 0.5541638774597432 1.02218252414632e-05
71 0.275390625 0.2800342562439185 0.2800307081903191 3.548053599478074e-06 0.2800374920624903 0.2800307081903191 6.78387217128984e-06 0.5600717483064088 0.5600614163806381 1.03319257707124e-05
72 0.279296875 0.2829408913089152 0.2829373060561469 3.585252768278924e-06 0.2829441612166241 0.2829373060561469 6.855160477214906e-06 0.5658850525255393 0.5658746121122938 1.044041324549383e-05
73 0.283203125 0.2858049165071909 0.285801294604408 3.621902782913189e-06 0.2858082200286162 0.285801294604408 6.92542420821507e-06 0.5716131365358071 0.571602589208816 1.054732699112826e-05
74 0.287109375 0.2886259005344551 0.2886222425289614 3.658005493678562e-06 0.2886292371448279 0.2886222425289614 6.994615866506848e-06 0.5772551376792829 0.5772444850579228 1.06526213601299e-05
75 0.291015625 0.291403418553308 0.291399725005426 3.693547881933323e-06 0.2914067877683038 0.291399725005426 7.062762877707573e-06 0.5828102063216117 0.5827994500108521 1.07563107596409e-05
76 0.294921875 0.294137052289571 0.2941333237551572 3.728534413827145e-06 0.29414045356098 0.2941333237551572 7.129805822736479e-06 0.5882775058505509 0.5882666475103144 1.085834023650811e-05
77 0.298828125 0.2968263900521428 0.2968226271082383 3.76294390452836e-06 0.29682982292236 0.2968226271082383 7.195814121729871e-06 0.5936562129745028 0.5936452542164765 1.095875802625823e-05
78 0.302734375 0.2994710268574452 0.2994672300654763 3.796791968935231e-06 0.2994744907392592 0.2994672300654763 7.260673782982785e-06 0.5989455175967044 0.5989344601309525 1.105746575191802e-05
79 0.306640625 0.3020705644180635 0.3020667343593934 3.830058670106773e-06 0.302074058808564 0.3020667343593934 7.324449170620362e-06 0.6041446232266275 0.6041334687187868 1.115450784072713e-05
80 0.310546875 0.3046246112609928 0.3046207485142049 3.862746787874904e-06 0.3046281356058773 0.3046207485142049 7.387091672361734e-06 0.60925274686687 0.6092414970284098 1.124983846023664e-05
81 0.314453125 0.3071327827482341 0.3071288879047732 3.894843460860997e-06 0.3071363365362662 0.3071288879047732 7.44863149293451e-06 0.6142691192845002 0.6142577758095464 1.134347495379551e-05
82 0.318359375 0.3095947011687331 0.3095907748145319 3.926354201155835e-06 0.3095982838221125 0.3095907748145319 7.509007580619453e-06 0.6191929849908455 0.6191815496290638 1.143536178171978e-05
83 0.322265625 0.3120099957498247 0.3120060384923679 3.957257456776997e-06 0.3120136067871877 0.3120060384923679 7.568294819793042e-06 0.6240236025370124 0.6240120769847358 1.152555227657004e-05
84 0.326171875 0.3143783027789538 0.3143743152084555 3.987570498298343e-06 0.3143819415830529 0.3143743152084555 7.626374597391461e-06 0.6287602443620066 0.628748630416911 1.161394509563429e-05
85 0.330078125 0.3166992655821903 0.3166952483090322 4.017273158130052e-06 0.3167029316251569 0.3166952483090322 7.683316124773576e-06 0.6334021972073473 0.6333904966180643 1.170058928290363e-05
86 0.333984375 0.3189725346392658 0.3189684882701102 4.046369155630281e-06 0.318976227339922 0.3189684882701102 7.73906981177408e-06 0.6379487619791878 0.6379369765402204 1.178543896740436e-05
87 0.337890625 0.3211977675958645 0.3211936927501131 4.07484575148942e-06 0.3212014864191142 0.3211936927501131 7.793669001165959e-06 0.6423992540149788 0.6423873855002261 1.186851475265538e-05
88 0.341796875 0.3233746293509167 0.323370526641431 4.10270948564273e-06 0.3233783736927099 0.323370526641431 7.847051278875306e-06 0.6467530030436266 0.646741053282862 1.194976076457355e-05
89 0.345703125 0.3255027920595452 0.3254986621208871 4.129938658115062e-06 0.3255065614169648 0.3254986621208871 7.899296077695794e-06 0.65100935347651 0.6509973242417741 1.202923473586637e-05
90 0.349609375 0.327581935251091 0.3275777786991058 4.156551985212698e-06 0.3275857289804991 0.3275777786991058 7.950281393331871e-06 0.6551676642315902 0.6551555573982116 1.210683337860008e-05
91 0.353515625 0.3296117457980409 0.3296075632687783 4.182529262597434e-06 0.3296155633492543 0.3296075632687783 8.000080475967231e-06 0.6592273091472952 0.6592151265375567 1.218260973856466e-05
92 0.357421875 0.3315919180268517 0.3315877101518144 4.207875037298692e-06 0.3315957587953048 0.3315877101518144 8.048643490410345e-06 0.6631876768221565 0.6631754203036289 1.225651852765353e-05
93 0.361328125 0.3335221537222366 0.3335179211453771 4.232576859553028e-06 0.3335260171516183 0.3335179211453771 8.096006241187226e-06 0.6670481708738549 0.6670358422907542 1.232858310074025e-05
94 0.365234375 0.3354021622090292 0.3353979055667907 4.256642238520403e-06 0.3354060476722011 0.3353979055667907 8.142105410446909e-06 0.6708082098812302 0.6707958111335813 1.23987476489118e-05
95 0.369140625 0.3372316603467264 0.3372273802973163 4.280049410110287e-06 0.3372355673220329 0.3372273802973163 8.18702471661048e-06 0.6744672276687593 0.6744547605946326 1.246707412672077e-05
96 0.373046875 0.3390103726432948 0.3390060698247889 4.302818505885764e-06 0.3390143004638522 0.3390060698247889 8.230639063244727e-06 0.678024673107147 0.6780121396495778 1.253345756913049e-05
97 0.376953125 0.3407380312143689 0.3407337062851082 4.324929260612898e-06 0.3407419793111301 0.3407337062851082 8.273026021909935e-06 0.681480010525499 0.6814674125702165 1.259795528252283e-05
98 0.380859375 0.3424143758897519 0.3424100295025782 4.34638717372593e-06 0.3424183436376043 0.3424100295025782 8.314135026166181e-06 0.6848327195273562 0.6848200590051563 1.266052219994762e-05
99 0.384765625 0.344039154209116 0.344034787029088 4.36718002799763e-06 0.3440431410338703 0.344034787029088 8.354004782273883e-06 0.6880822952429864 0.688069574058176 1.272118481032702e-05
100 0.388671875 0.3456121214984781 0.3456077341821307 4.387316347442827e-06 0.345616126753102 0.3456077341821307 8.392570971349489e-06 0.6912282482515801 0.6912154683642614 1.27798873187368e-05
101 0.392578125 0.3471330408559909 0.3471286340816507 4.406774340159902e-06 0.3471370640032011 0.3471286340816507 8.429921550368036e-06 0.6942701048591919 0.6942572681633015 1.283669589047243e-05
102 0.396484375 0.3486016832612137 0.3485972576857175 4.425575496236345e-06 0.3486057236144701 0.3485972576857175 8.465928752587892e-06 0.6972074068756837 0.697194515371435 1.289150424876873e-05
103 0.400390625 0.350017827524633 0.3500133838250183 4.443699614720131e-06 0.3500218844989884 0.3500133838250183 8.500673970068817e-06 0.7000397120236214 0.7000267676500366 1.294437358478895e-05
104 0.404296875 0.3513812603892511 0.3513767992361654 4.461153085666414e-06 0.3513853333425069 0.3513767992361654 8.534106341495651e-06 0.702766593731758 0.7027535984723309 1.299525942710655e-05
105 0.408203125 0.352691776517884 0.3526872985938131 4.477924070878103e-06 0.3526958648606682 0.3526872985938131 8.566266855025706e-06 0.7053876413785523 0.7053745971876263 1.304419092595932e-05
106 0.412109375 0.3539491785635088 0.3539446845415783 4.494021930423475e-06 0.3539532816327908 0.3539446845415783 8.597091212425578e-06 0.7079024601962995 0.7078893690831567 1.309111314284905e-05
107 0.416015625 0.3551532771468494 0.3551487677217626 4.509425086840491e-06 0.3551573943922722 0.3551487677217626 8.626670509603862e-06 0.7103106715391216 0.7102975354435251 1.313609559649986e-05
108 0.419921875 0.3563038909600396 0.3562993668038676 4.524156171969995e-06 0.3563080216793721 0.3562993668038676 8.654875504554571e-06 0.7126119126394117 0.7125987336077352 1.317903167652457e-05
109 0.423828125 0.357400846707146 0.3573963085119041 4.538195241876597e-06 0.3574049903024505 0.3573963085119041 8.68179054641649e-06 0.7148058370095965 0.7147926170238083 1.321998578829309e-05
110 0.427734375 0.3584439791999428 0.3584394276504857 4.551549457110227e-06 0.3584481350156739 0.3584394276504857 8.707365188154181e-06 0.7168921142156166 0.7168788553009714 1.32589146452089e-05
111 0.431640625 0.3594331313371572 0.3594285671297069 4.564207450263869e-06 0.3594372987720467 0.3594285671297069 8.731642339721013e-06 0.7188704301092039 0.7188571342594139 1.329584979004039e-05
112 0.435546875 0.360368154168194 0.3603635779888006 4.576179393422919e-06 0.3603723325467353 0.3603635779888006 8.754557934698148e-06 0.7207404867149293 0.7207271559776012 1.333073732812107e-05
113 0.439453125 0.3612489068625875 0.3612443194185705 4.587444016934672e-06 0.3612530956244028 0.3612443194185705 8.776205832228268e-06 0.7225020024869903 0.7224886388371411 1.336364984916294e-05
114 0.443359375 0.3620752568076318 0.3620706587825971 4.598025034663333e-06 0.3620794552382969 0.3620706587825971 8.79645569984433e-06 0.7241547120459286 0.7241413175651942 1.339448073445215e-05
115 0.447265625 0.3628470795400077 0.3628424716372116 4.607902796105456e-06 0.3628512870319653 0.3628424716372116 8.815394753725059e-06 0.725698366571973 0.7256849432744231 1.342329754983052e-05
116 0.451171875 0.3635642588354679 0.3635596417502369 4.617085231028994e-06 0.3635684747232728 0.3635596417502369 8.832973035888259e-06 0.7271327335587408 0.7271192835004738 1.345005826691725e-05
117 0.455078125 0.3642266866799442 0.3642220611184922 4.625561451976345e-06 0.364230910353906 0.3642220611184922 8.849235413832535e-06 0.7284575970338503 0.7284441222369844 1.347479686586439e-05
118 0.458984375 0.36483426332654 0.364829629984057 4.633342482907032e-06 0.3648384941019796 0.364829629984057 8.864117922557924e-06 0.7296727574285196 0.7296592599681141 1.349746040546496e-05
119 0.462890625 0.3653868972567053 0.3653822568492952 4.640407410105851e-06 0.3653911345663129 0.3653822568492952 8.877717017796716e-06 0.7307780318230181 0.7307645136985903 1.351812442784706e-05
120 0.466796875 0.3658845052714869 0.3658798584906333 4.646780853545529e-06 0.3658887483928477 0.3658798584906333 8.889902214370693e-06 0.7317732536643345 0.7317597169812666 1.353668306791622e-05
121 0.470703125 0.3663270124147344 0.3663223599710947 4.652443639674431e-06 0.366331260733826 0.3663223599710947 8.900762731300915e-06 0.7326582731485604 0.7326447199421894 1.355320637097535e-05
122 0.474609375 0.3667143520560278 0.3667096946515839 4.657404443886293e-06 0.3667186049008694 0.3667096946515839 8.910249285509764e-06 0.7334329569568973 0.7334193893031679 1.356765372939606e-05
123 0.478515625 0.3670464658537785 0.3670418042009229 4.661652855564302e-06 0.3670507226096832 0.3670418042009229 8.91840876032779e-06 0.7340971884634617 0.7340836084018458 1.358006161589209e-05
124 0.482421875 0.3673233038053713 0.3673186386046352 4.665200736164721e-06 0.3673275637820527 0.3673186386046352 8.925177417518082e-06 0.7346508675874239 0.7346372772092703 1.359037815362729e-05
125 0.486328125 0.3675448242000356 0.3675401561724776 4.66802755799689e-06 0.3675490868266753 0.3675401561724776 8.930654197658594e-06 0.7350939110267108 0.7350803123449552 1.359868175565548e-05
126 0.490234375 0.3677109937035699 0.3677063235447194 4.670158850472728e-06 0.3677152582532114 0.3677063235447194 8.934708491947774e-06 0.7354262519567814 0.7354126470894389 1.360486734247601e-05
127 0.494140625 0.3678217872730294 0.3678171156971656 4.671575863812727e-06 0.3678260531289915 0.3678171156971656 8.937431825950526e-06 0.7356478404020209 0.7356342313943312 1.360900768976325e-05
128 0.498046875 0.3678771882330007 0.3678725159449254 4.672288075269204e-06 0.3678814547202599 0.3678725159449254 8.938775334477178e-06 0.7357586429532605 0.7357450318898509 1.361106340969087e-05
129 0.501953125 0.3678771882305558 0.3678725159449254 4.672285630336059e-06 0.3678814547324831 0.3678725159449254 8.938787557699612e-06 0.7357586429630389 0.7357450318898509 1.361107318809118e-05
130 0.505859375 0.3678217872781913 0.3678171156971656 4.671581025739169e-06 0.3678260531031755 0.3678171156971656 8.937406009879023e-06 0.7356478403813668 0.7356342313943312 1.360898703561819e-05
131 0.509765625 0.3677109936991615 0.3677063235447194 4.670154442054653e-06 0.3677152582752501 0.3677063235447194 8.934730530651969e-06 0.7354262519744116 0.7354126470894389 1.360488497270662e-05
132 0.513671875 0.3675448242044348 0.3675401561724776 4.668031957200114e-06 0.3675490868046832 0.3675401561724776 8.930632205583766e-06 0.7350939110091179 0.7350803123449552 1.359866416272837e-05
133 0.517578125 0.3673233038002441 0.3673186386046352 4.665195608932748e-06 0.3673275638076929 0.3673186386046352 8.925203057785769e-06 0.7346508676079371 0.7346372772092703 1.359039866677403e-05
134 0.521484375 0.3670464658562151 0.3670418042009229 4.661655292170774e-06 0.3670507225974998 0.3670418042009229 8.918396576906851e-06 0.7340971884537149 0.7340836084018458 1.358005186902211e-05
135 0.525390625 0.3667143520535724 0.366709694651584 4.657401988406029e-06 0.3667186049131388 0.366709694651584 8.910261554861965e-06 0.7334329569667113 0.733419389303168 1.35676635433235e-05
136 0.529296875 0.3663270124198658 0.3663223599710947 4.65244877112525e-06 0.3663312607081582 0.3663223599710947 8.900737063499697e-06 0.732658273128024 0.7326447199421894 1.355318583462495e-05
137 0.533203125 0.3658845052671186 0.3658798584906333 4.646776485262016e-06 0.3658887484146819 0.3658798584906333 8.889924048571807e-06 0.7317732536818005 0.7317597169812666 1.353670053383382e-05
138 0.537109375 0.3653868972610971 0.3653822568492952 4.640411801926092e-06 0.3653911345443538 0.3653822568492952 8.877695058695512e-06 0.7307780318054509 0.7307645136985903 1.351810686056609e-05
139 0.541015625 0.3648342633214638 0.364829629984057 4.63333740680083e-06 0.3648384941273645 0.364829629984057 8.864143307418804e-06 0.7296727574488283 0.7296592599681141 1.349748071421963e-05
140 0.544921875 0.3642266866823428 0.3642220611184922 4.625563850557679e-06 0.3642309103419152 0.3642220611184922 8.849223422979779e-06 0.7284575970242579 0.7284441222369844 1.347478727353746e-05
141 0.548828125 0.3635642588330524 0.3635596417502369 4.61708281551676e-06 0.3635684747353466 0.3635596417502369 8.832985109674674e-06 0.727132733568399 0.7271192835004738 1.345006792519143e-05
142 0.552734375 0.3628470795450521 0.3628424716372116 4.607907840514791e-06 0.3628512870067347 0.3628424716372116 8.815369523185179e-06 0.7256983665517869 0.7256849432744231 1.342327736375548e-05
143 0.556640625 0.3620752568032702 0.3620706587825971 4.59802067309667e-06 0.3620794552601007 0.3620706587825971 8.796477503569822e-06 0.7241547120633709 0.7241413175651942 1.3394498176722e-05
144 0.560546875 0.3612489068669212 0.3612443194185705 4.587448350690249e-06 0.3612530956027357 0.3612443194185705 8.77618416517123e-06 0.7225020024696569 0.7224886388371411 1.336363251580597e-05
145 0.564453125 0.3603681541631628 0.3603635779888006 4.576174362169727e-06 0.3603723325718938 0.3603635779888006 8.754583093240065e-06 0.7207404867350566 0.7207271559776012 1.33307574554653e-05
146 0.568359375 0.3594331313395349 0.3594285671297069 4.564209827917498e-06 0.3594372987601579 0.3594285671297069 8.731630450953265e-06 0.7188704300996928 0.7188571342594139 1.329584027887076e-05
147 0.572265625 0.3584439791975813 0.3584394276504857 4.551547095554831e-06 0.3584481350274754 0.3584394276504857 8.707376989713911e-06 0.7168921142250566 0.7168788553009714 1.325892408521323e-05
148 0.576171875 0.3574008467121432 0.3573963085119041 4.538200239101453e-06 0.357404990277456 0.3573963085119041 8.681765551910026e-06 0.7148058369895993 0.7147926170238083 1.321996579106699e-05
149 0.580078125 0.3563038909557417 0.3562993668038676 4.524151874074622e-06 0.3563080217008562 0.3562993668038676 8.654896988535832e-06 0.712611912656598 0.7125987336077353 1.317904886266597e-05
150 0.583984375 0.3551532771511214 0.3551487677217626 4.509429358812156e-06 0.3551573943709132 0.3551487677217626 8.626649150633714e-06 0.7103106715220346 0.7102975354435251 1.313607850950138e-05
151 0.587890625 0.3539491785585648 0.3539446845415783 4.494016986489324e-06 0.3539532816575147 0.3539446845415783 8.597115936315181e-06 0.7079024602160795 0.7078893690831567 1.30911329228045e-05
152 0.591796875 0.3526917765202032 0.3526872985938131 4.47792639007849e-06 0.3526958648490705 0.3526872985938131 8.566255257358435e-06 0.7053876413692737 0.7053745971876263 1.304418164738141e-05
153 0.595703125 0.3513812603869299 0.3513767992361654 4.461150764412114e-06 0.351385333354107 0.3513767992361654 8.534117941605412e-06 0.7027665937410369 0.7027535984723309 1.299526870601753e-05
154 0.599609375 0.3500178275295076 0.3500133838250183 4.443704489265343e-06 0.3500218844746064 0.3500133838250183 8.500649588127906e-06 0.700039712004114 0.7000267676500366 1.294435407739325e-05
155 0.603515625 0.3486016832570379 0.3485972576857175 4.425571320354482e-06 0.3486057236353423 0.3485972576857175 8.465949624725244e-06 0.6972074068923801 0.6971945153714351 1.289152094507973e-05
156 0.607421875 0.347133040860179 0.3471286340816507 4.406778528309729e-06 0.3471370639822605 0.3471286340816507 8.429900609729923e-06 0.6942701048424396 0.6942572681633015 1.283667913809516e-05
157 0.611328125 0.3456121214936574 0.3456077341821307 4.387311526743432e-06 0.345616126777208 0.3456077341821307 8.392595077344467e-06 0.6912282482708655 0.6912154683642614 1.27799066040879e-05
158 0.615234375 0.3440391542113954 0.344034787029088 4.367182307396522e-06 0.3440431410224736 0.344034787029088 8.35399338561249e-06 0.688082295233869 0.688069574058176 1.27211756929535e-05
159 0.619140625 0.3424143758874754 0.3424100295025782 4.346384897213618e-06 0.3424183436489842 0.3424100295025782 8.314146406007694e-06 0.6848327195364595 0.6848200590051563 1.266053130322131e-05
160 0.623046875 0.3407380312191092 0.3407337062851083 4.324934000876635e-06 0.340741979287423 0.3407337062851083 8.273002314707067e-06 0.6814800105065322 0.6814674125702166 1.25979363155837e-05
161 0.626953125 0.3390103726392442 0.3390060698247889 4.30281445529257e-06 0.3390143004841013 0.3390060698247889 8.230659312380428e-06 0.6780246731233455 0.6780121396495778 1.253347376761749e-05
162 0.630859375 0.337231660350781 0.3372273802973163 4.280053464700284e-06 0.3372355673017622 0.3372273802973163 8.187004445880941e-06 0.6744672276525432 0.6744547605946326 1.246705791058123e-05
163 0.634765625 0.3354021622043505 0.3353979055667907 4.256637559874044e-06 0.3354060476955983 0.3353979055667907 8.142128807619997e-06 0.6708082098999488 0.6707958111335813 1.239876636749404e-05
164 0.638671875 0.3335221537244361 0.3335179211453771 4.232579058960351e-06 0.3335260171406213 0.3335179211453771 8.095995244206122e-06 0.6670481708650573 0.6670358422907542 1.232857430311096e-05
165 0.642578125 0.3315919180246566 0.3315877101518144 4.207872842165727e-06 0.3315957588062752 0.3315877101518144 8.048654460746096e-06 0.6631876768309317 0.6631754203036289 1.225652730285631e-05
166 0.646484375 0.329611745802611 0.3296075632687783 4.182533832719493e-06 0.3296155633263969 0.3296075632687783 8.000057618529066e-06 0.659227309129008 0.6592151265375567 1.218259145130407e-05
167 0.650390625 0.3275819352471788 0.3275777786991059 4.156548072897781e-06 0.3275857290000566 0.3275777786991059 7.950300950743117e-06 0.6551676642472354 0.6551555573982117 1.21068490236409e-05
168 0.654296875 0.3255027920634309 0.3254986621208871 4.129942543840137e-06 0.3255065613975398 0.3254986621208871 7.899276652734155e-06 0.6510093534609707 0.6509973242417741 1.202921919651878e-05
169 0.658203125 0.3233746293463896 0.323370526641431 4.102704958597325e-06 0.3233783737153522 0.323370526641431 7.847073921152248e-06 0.6467530030617418 0.646741053282862 1.194977887974957e-05
170 0.662109375 0.3211977675979814 0.3211936927501131 4.074847868240639e-06 0.3212014864085337 0.3211936927501131 7.793658420629512e-06 0.6423992540065151 0.6423873855002262 1.186850628887015e-05
171 0.666015625 0.3189725346371393 0.3189684882701103 4.046367029053588e-06 0.3189762273505542 0.3189684882701103 7.739080443935897e-06 0.6379487619876936 0.6379369765402205 1.1785447473045e-05
172 0.669921875 0.3166992655866118 0.3166952483090321 4.017277579648759e-06 0.3167029316030463 0.3166952483090321 7.68329401418244e-06 0.6334021971896581 0.6333904966180642 1.17005715938312e-05
173 0.673828125 0.3143783027751803 0.3143743152084555 3.987566724761304e-06 0.3143819416019205 0.3143743152084555 7.626393465021142e-06 0.6287602443771008 0.628748630416911 1.161396018978245e-05
174 0.677734375 0.3120099957535924 0.312006038492368 3.957261224429853e-06 0.3120136067683553 0.312006038492368 7.568275987357431e-06 0.6240236025219477 0.6240120769847359 1.152553721173177e-05
175 0.681640625 0.3095947011644035 0.309590774814532 3.926349871508084e-06 0.3095982838437706 0.309590774814532 7.509029238628173e-06 0.6191929850081741 0.6191815496290639 1.143537911019177e-05
176 0.685546875 0.3071327827502705 0.3071288879047732 3.89484549728758e-06 0.3071363365260894 0.3071288879047732 7.448621316186177e-06 0.6142691192763599 0.6142577758095464 1.134346681341825e-05
177 0.689453125 0.3046246112589919 0.3046207485142049 3.862744787030969e-06 0.3046281356158801 0.3046207485142049 7.387101675249141e-06 0.6092527468748721 0.6092414970284098 1.124984646228011e-05
178 0.693359375 0.3020705644222744 0.3020667343593935 3.830062880960661e-06 0.3020740587875046 0.3020667343593935 7.324428111132875e-06 0.604144623209779 0.6041334687187869 1.115449099209354e-05
179 0.697265625 0.2994710268538511 0.2994672300654763 3.796788374810234e-06 0.2994744907572275 0.2994672300654763 7.260691751220794e-06 0.5989455176110787 0.5989344601309526 1.105748012608654e-05
180 0.701171875 0.2968263900557112 0.2968226271082383 3.762947472840672e-06 0.2968298229045225 0.2968226271082383 7.195796284220624e-06 0.5936562129602336 0.5936452542164766 1.095874375700578e-05
181 0.705078125 0.294137052285462 0.2941333237551573 3.728530304725197e-06 0.2941404535815324 0.2941333237551573 7.1298263751296e-06 0.5882775058669945 0.5882666475103145 1.085835667991031e-05
182 0.708984375 0.2914034185552437 0.291399725005426 3.693549817662678e-06 0.2914067877586297 0.291399725005426 7.062753203668226e-06 0.5828102063138734 0.582799450010852 1.075630302138642e-05
183 0.712890625 0.2886259005325442 0.2886222425289614 3.658003582818203e-06 0.2886292371543819 0.2886222425289614 6.994625420475575e-06 0.5772551376869262 0.5772444850579228 1.065262900334929e-05
184 0.716796875 0.2858049165111931 0.285801294604408 3.621906785045148e-06 0.2858082200086021 0.285801294604408 6.925404194058071e-06 0.5716131365197952 0.571602589208816 1.054731097915873e-05
185 0.720703125 0.2829408913055241 0.2829373060561469 3.585249377213717e-06 0.2829441612335775 0.2829373060561469 6.855177430542536e-06 0.5658850525391016 0.5658746121122938 1.044042680775625e-05
186 0.724609375 0.2800342562472756 0.2800307081903191 3.548056956459433e-06 0.280037492045708 0.2800307081903191 6.783855388936555e-06 0.5600717482929836 0.5600614163806382 1.033191234534048e-05
187 0.728515625 0.2770854490508155 0.2770819387298716 3.51032094386694e-06 0.2770886502496483 0.2770819387298716 6.711519776714248e-06 0.5541740993004638 0.5541638774597433 1.022184072052568e-05
188 0.732421875 0.2740949138029636 0.2740914417486389 3.472054324715756e-06 0.274098079893685 0.2740914417486389 6.638145046033994e-06 0.5481929936966485 0.5481828834972778 1.011019937069424e-05
189 0.736328125 0.2710631008601897 0.2710596676044664 3.433255723273021e-06 0.2710662313824802 0.2710596676044664 6.563778013779498e-06 0.5421293322426699 0.5421193352089329 9.997033737052519e-06
190 0.740234375 0.2679904668115006 0.2679870728713885 3.393940112061955e-06 0.267993561255695 0.2679870728713885 6.488384306502226e-06 0.5359840280671956 0.535974145742777 9.882324418564181e-06
191 0.744140625 0.2648774743698412 0.2648741202708701 3.354098971064534e-06 0.2648805323184265 0.2648741202708701 6.412047556358935e-06 0.5297580066882677 0.5297482405417402 9.76614652747898e-06
192 0.748046875 0.2617245923591906 0.2617212786021225 3.313757068135192e-06 0.2617276132876133 0.2617212786021225 6.334685490883007e-06 0.5234522056468039 0.5234425572042449 9.6484425590182e-06
193 0.751953125 0.2585322955787293 0.2585290226715037 3.272907225515542e-06 0.2585352790476045 0.2585290226715037 6.256376100743921e-06 0.5170675746263338 0.5170580453430075 9.529283326314975e-06
194 0.755859375 0.2553010647834333 0.2552978332210153 3.231562417993494e-06 0.2553040103181567 0.2552978332210153 6.177097141346621e-06 0.51060507510159 0.5105956664420307 9.408659559340116e-06
195 0.759765625 0.2520313865781009 0.2520281968559031 3.189722197816103e-06 0.2520342937499109 0.2520281968559031 6.096894007878717e-06 0.5040656803280118 0.5040563937118061 9.28661620569482e-06
196 0.763671875 0.248723753372766 0.2487206059713768 3.147401389153037e-06 0.2487266217076182 0.2487206059713768 6.015736241371528e-06 0.4974503750803841 0.4974412119427536 9.163137630496809e-06
197 0.767578125 0.2453786632714234 0.2453755586784576 3.104592965708086e-06 0.2453814923816039 0.2453755586784576 5.933703146304703e-06 0.4907601556530273 0.4907511173569153 9.038296112040545e-06
198 0.771484375 0.2419966200497078 0.2419935587289637 3.061320744124352e-06 0.2419994094492687 0.2419935587289637 5.85072030501177e-06 0.4839960294989765 0.4839871174579274 8.912041049136121e-06
199 0.775390625 0.2385781330186623 0.2385751154396474 3.017579014885641e-06 0.238580882301076 0.2385751154396474 5.766861428557757e-06 0.4771590153197383 0.4771502308792948 8.784440443443398e-06
200 0.779296875 0.2351237169961436 0.2351207436154942 2.9733806494181e-06 0.2351264257233036 0.2351207436154942 5.682107809462655e-06 0.4702501427194472 0.4702414872309884 8.655488458853e-06
201 0.783203125 0.2316338921983298 0.2316309634721945 2.928726135276172e-06 0.2316365599753389 0.2316309634721945 5.596503144328357e-06 0.4632704521736687 0.4632619269443891 8.525229279632285e-06
202 0.787109375 0.2281091841878957 0.2281063005578016 2.883630094124845e-06 0.2281118105787316 0.2281063005578016 5.510020929994086e-06 0.4562209947666273 0.4562126011156032 8.393651024118931e-06
203 0.791015625 0.2245501237605418 0.2245472856735856 2.838086956280517e-06 0.2245527084096704 0.2245472856735856 5.422736084809143e-06 0.4491028321702122 0.4490945713471711 8.260823041061904e-06
204 0.794921875 0.2209572469136565 0.2209544547940968 2.792119559752448e-06 0.2209597893760414 0.2209544547940968 5.334581944571593e-06 0.4419170362896979 0.4419089095881936 8.126701504351797e-06
205 0.798828125 0.2173310947100548 0.2173283489864505 2.745723604286043e-06 0.2173335946144359 0.2173283489864505 5.245627985345225e-06 0.4346646893244906 0.434656697972901 7.991351589631268e-06
206 0.802734375 0.2136722132406613 0.2136695143288434 2.698911817894389e-06 0.2136746701878384 0.2136695143288434 5.155858994992935e-06 0.4273468834284996 0.4273390286576867 7.854770812887324e-06
207 0.806640625 0.2099811535139595 0.2099785018283165 2.651685642923729e-06 0.2099835671449421 0.2099785018283165 5.065316625557648e-06 0.4199647206589016 0.4199570036566331 7.717002268481377e-06
208 0.810546875 0.2062584713971446 0.2062558673377761 2.604059368582767e-06 0.2062608413164962 0.2062558673377761 4.973978720179684e-06 0.4125193127136409 0.4125117346755521 7.578038088762451e-06
209 0.814453125 0.2025047275012906 0.2025021714722831 2.556029007422245e-06 0.2025070533872171 0.2025021714722831 4.881914934001808e-06 0.4050117808885077 0.4050043429445663 7.437943941424052e-06
210 0.818359375 0.1987204871408268 0.198717979524628 2.507616198799134e-06 0.1987227685918209 0.198717979524628 4.78906719289518e-06 0.3974432557326477 0.397435959049256 7.296683391666559e-06
211 0.822265625 0.1949063201983016 0.1949038613801987 2.458818102901716e-06 0.1949085568804297 0.1949038613801987 4.695500231022276e-06 0.3898148770787314 0.3898077227603974 7.154318333923992e-06
212 0.826171875 0.1910628010784263 0.1910603914311583 2.409647267997972e-06 0.1910649926334016 0.1910603914311583 4.601202243353919e-06 0.3821277937118279 0.3821207828623165 7.010849511379647e-06
213 0.830078125 0.1871905085960116 0.1871881484899437 2.360106067966772e-06 0.1871926547026322 0.1871881484899437 4.506212688576428e-06 0.3743831632986439 0.3743762969798873 6.866318756515444e-06
214 0.833984375 0.1832900259104654 0.1832877157020984 2.310208366967936e-06 0.1832921262160586 0.1832877157020984 4.410513960162454e-06 0.366582152126524 0.3665754314041968 6.720722327158146e-06
215 0.837890625 0.1793619404102079 0.1793596804584538 2.259951754068901e-06 0.1793639946286538 0.1793596804584538 4.314170199998246e-06 0.3587259350388616 0.3587193609169076 6.574121954039391e-06
216 0.841796875 0.1754068436632865 0.1754046343066689 2.209356617655089e-06 0.1754088514385894 0.1754046343066689 4.217131920475348e-06 0.3508156951018759 0.3508092686133378 6.426488538158193e-06
217 0.845703125 0.1714253312837275 0.1714231728621464 2.158421581160974e-06 0.1714272923209669 0.1714231728621464 4.119458820533994e-06 0.3428526236046944 0.3428463457242927 6.277880401694969e-06
218 0.849609375 0.1674180028772236 0.1674158957183348 2.10715888881996e-06 0.1674199168611852 0.1674158957183348 4.021142850446635e-06 0.3348379197384088 0.3348317914366696 6.128301739238839e-06
219 0.853515625 0.1633854619283184 0.1633834063564321 2.055571886372398e-06 0.1633873285772308 0.1633834063564321 3.922220798702192e-06 0.3267727905055492 0.3267668127128641 5.97779268507459e-06
220 0.857421875 0.1593283157284203 0.1593263120545035 2.003673916894932e-06 0.1593301347343064 0.1593263120545035 3.822679802922835e-06 0.3186584504627267 0.3186526241090069 5.826353719817767e-06
221 0.861328125 0.1552471752602114 0.1552452237960277 1.95146418369152e-06 0.155248946374054 0.1552452237960277 3.72257802627729e-06 0.3104961216342654 0.3104904475920554 5.67404220996881e-06
222 0.865234375 0.1511426551395529 0.1511407561778851 1.898961667884391e-06 0.151144378052948 0.1511407561778851 3.621875062947977e-06 0.3022870331925009 0.3022815123557701 5.520836730832368e-06
223 0.869140625 0.1470153734842835 0.1470135273178014 1.84616648205016e-06 0.1470170479429633 0.1470135273178014 3.52062516187357e-06 0.2940324214272468 0.2940270546356029 5.36679164392373e-06
224 0.873046875 0.1428659518518007 0.142864158761262 1.793090538715347e-06 0.1428675775851404 0.142864158761262 3.418823878414967e-06 0.2857335294369411 0.285728317522524 5.211914417102559e-06
225 0.876953125 0.1386950151259873 0.1386932753879086 1.739738078682107e-06 0.1386965918933326 0.1386932753879086 3.316505424011407e-06 0.27739160701932 0.2773865507758173 5.056243502721269e-06
226 0.880859375 0.1345031914393393 0.134501505317436 1.686121903293758e-06 0.1345047189789278 0.134501505317436 3.213661491807684e-06 0.269007910418267 0.2690030106348719 4.899783395073687e-06
227 0.884765625 0.1302911120577937 0.1302894798149979 1.632242795757133e-06 0.1302925901591442 0.1302894798149979 3.110344146323163e-06 0.2605837022169379 0.2605789596299958 4.742586942108051e-06
228 0.888671875 0.1260594113143836 0.1260578331961421 1.578118241502002e-06 0.1260608397183504 0.1260578331961421 3.006522208276463e-06 0.2521202510327339 0.2521156663922842 4.584640449778465e-06
229 0.892578125 0.1218087264811635 0.1218072027312841 1.523749879453473e-06 0.1218101049752782 0.1218072027312841 2.90224399411565e-06 0.2436188314564417 0.2436144054625682 4.425993873569123e-06
230 0.896484375 0.1175396976988874 0.1175382285497368 1.469149150570837e-06 0.1175410260588029 0.1175382285497368 2.797509066052029e-06 0.2350807237576903 0.2350764570994737 4.266658216622865e-06
231 0.900390625 0.1132529678645353 0.1132515535433096 1.414321225731707e-06 0.1132542458918914 0.1132515535433096 2.692348581773141e-06 0.2265072137564267 0.2265031070866192 4.106669807518726e-06
232 0.904296875 0.1089491825477443 0.1089478232694907 1.359278253648677e-06 0.1089504100285358 0.1089478232694907 2.586759045075659e-06 0.2178995925762801 0.2178956465389814 3.946037298724336e-06
233 0.908203125 0.1046289898768665 0.104627685854229 1.304022637482749e-06 0.104630166640144 0.104627685854229 2.480785915068284e-06 0.2092591565170105 0.209255371708458 3.784808552537156e-06
234 0.912109375 0.100293040464576 0.1002917918943285 1.24857024749736e-06 0.1002941663018622 0.1002917918943285 2.374407533728418e-06 0.2005872067664382 0.200583583788657 3.622977781225778e-06
235 0.916015625 0.09594198728367273 0.09594079435947092 1.192924201809387e-06 0.09594306202568578 0.09594079435947092 2.267666214861297e-06 0.1918850493093585 0.1918815887189418 3.460590416670684e-06
236 0.919921875 0.09157648558937129 0.09157534849388063 1.137095490655327e-06 0.09157750905899492 0.09157534849388063 2.160565114289748e-06 0.1831539946483662 0.1831506969877613 3.297660604945074e-06
237 0.923828125 0.08719719280777767 0.08719611171764792 1.081090129750883e-06 0.08719816485010143 0.08719611171764792 2.053132453508355e-06 0.1743953576578791 0.1743922234352958 3.134222583273116e-06
238 0.927734375 0.08280476844728553 0.08280374352772304 1.024919562483961e-06 0.08280568889722277 0.08280374352772304 1.94536949972568e-06 0.1656104573445083 0.1656074870554461 2.970289062209641e-06
239 0.931640625 0.0783998739863965 0.07839890539859901 9.685877974952017e-07 0.07840074271346886 0.07839890539859901 1.837314869856943e-06 0.1568006166998654 0.156797810797198 2.805902667352145e-06
240 0.935546875 0.07398317279170794 0.07398226068269578 9.12109012152218e-07 0.07398398963919726 0.07398226068269578 1.728956501481638e-06 0.1479671624309052 0.1479645213653916 2.641065513619978e-06
241 0.939453125 0.06955532999826289 0.06955447451046187 8.554878010158529e-07 0.06955609484086692 0.06955447451046187 1.62033040504439e-06 0.1391114248391298 0.1391089490209237 2.475818206060243e-06
242 0.943359375 0.06511701242481185 0.06511621369020816 7.987346036936183e-07 0.06511772513372412 0.06511621369020816 1.511443515955779e-06 0.130234737558536 0.1302324273804163 2.310178119663275e-06
243 0.947265625 0.06066888846395903 0.06066814660768895 7.418562700742259e-07 0.06066954892854656 0.06066814660768895 1.402320857608885e-06 0.1213384373925056 0.1213362932153779 2.144177127683111e-06
244 0.951171875 0.05621162798893518 0.05621094312544561 6.848634895723071e-07 0.05621223609383254 0.05621094312544561 1.292968386933102e-06 0.1124238640827677 0.1124218862508912 1.97783187649847e-06
245 0.955078125 0.05174590224375436 0.05174527448192768 6.277618266811724e-07 0.05174645789973498 0.05174527448192768 1.183417807297527e-06 0.1034923601434893 0.1034905489638554 1.811179633978699e-06
246 0.958984375 0.04727238375411525 0.04727181319040668 5.705637085712256e-07 0.04727288685702857 0.04727181319040668 1.073666621886904e-06 0.09454527061114382 0.09454362638081336 1.64423033045813e-06
247 0.962890625 0.04279174621286035 0.04279123293769876 5.132751615885556e-07 0.04279219668213891 0.04279123293769876 9.637444401480733e-07 0.08558394289499927 0.08558246587539753 1.477019601736629e-06
248 0.966796875 0.03830466438875294 0.03830420848270896 4.55906043986265e-07 0.03830506214451865 0.03830420848270896 8.536618096993687e-07 0.0766097265332716 0.07660841696541791 1.309567853685634e-06
249 0.970703125 0.03381181401880872 0.0338114155548156 3.984639931203793e-07 0.03381215899528466 0.0338114155548156 7.43440469061496e-07 0.06762397301409338 0.0676228311096312 1.141904462181875e-06
250 0.974609375 0.02931387171099142 0.02931353075210786 3.409588835642796e-07 0.02931416384315479 0.02931353075210786 6.330910469337647e-07 0.05862803555414621 0.05862706150421571 9.740499304980443e-07
251 0.978515625 0.02481151483729635 0.02481123143949248 2.833978038664642e-07 0.02481175407766262 0.02481123143949248 5.226381701375904e-07 0.04962326891495897 0.04962246287898497 8.060359740005851e-07
252 0.982421875 0.02030542143804778 0.0203051956466852 2.257913625756947e-07 0.0203056077356096 0.0203051956466852 4.120889244008108e-07 0.04061102917365737 0.0406103912933704 6.37880286973036e-07
253 0.986328125 0.01579627011366966 0.01579610196610191 1.681475677514643e-07 0.01579640342954983 0.01579610196610191 3.014634479166223e-07 0.03159267354321948 0.03159220393220382 4.696110156646172e-07
254 0.990234375 0.01128473992492301 0.01128462945066515 1.104742578562912e-07 0.01128482023343361 0.01128462945066515 1.907827684513586e-07 0.02256956015835661 0.02256925890133031 3.012570263076497e-07
255 0.994140625 0.006771510292200698 0.006771457511541256 5.27806594419894e-08 0.006771537572545777 0.006771457511541256 8.006100452040421e-08 0.01354304786474647 0.01354291502308251 1.328416639623936e-07
256 0.998046875 0.002257260891657806 0.002257265815823499 -4.924165692820476e-09 0.002257235128945281 0.002257265815823499 -3.068687821818766e-08 0.004514496020603087 0.004514531631646998 -3.561104391144182e-08
