# P x_center tau_U tau_V tau_Psi
1 0.001953125 0.003480811092686054 0.002088485949798269 0.005569297042484322
2 0.005859375 -3.984396244050004e-07 -2.411807145108469e-07 -6.396203389158472e-07
3 0.009765625 -6.640002538915724e-07 -4.019284460810013e-07 -1.065928699972574e-06
4 0.013671875 -9.294617484556511e-07 -5.626134225167334e-07 -1.492075170972385e-06
5 0.017578125 -1.194781361846253e-06 -7.232138159452006e-07 -1.917995177791454e-06
6 0.021484375 -1.459924533264711e-06 -8.837087079882622e-07 -2.343633241252974e-06
7 0.025390625 -1.724845787975937e-06 -1.044070813804865e-06 -2.768916601780802e-06
8 0.029296875 -1.989505108213052e-06 -1.204269210575148e-06 -3.193774318788201e-06
9 0.033203125 -2.253866114187986e-06 -1.364289346383885e-06 -3.61815546057187e-06
10 0.037109375 -2.517885150155053e-06 -1.524105755379423e-06 -4.041990905534476e-06
11 0.041015625 -2.781533112283796e-06 -1.683692971710116e-06 -4.465226083993912e-06
12 0.044921875 -3.044762706849724e-06 -1.843029167503119e-06 -4.887791874352843e-06
13 0.048828125 -3.307526640128344e-06 -2.002088876906782e-06 -5.309615517035127e-06
14 0.052734375 -3.5697958082892e-06 -2.160828444175422e-06 -5.730624252464622e-06
15 0.056640625 -3.831519279628992e-06 -2.319262421224266e-06 -6.150781700853258e-06
16 0.060546875 -4.092667950317264e-06 -2.477339876350015e-06 -6.570007826667279e-06
17 0.064453125 -4.353212716523558e-06 -2.635053533595055e-06 -6.988266250118613e-06
18 0.068359375 -4.613095370586962e-06 -2.792352461256087e-06 -7.405447831843048e-06
19 0.072265625 -4.872272256761789e-06 -2.949251211248338e-06 -7.821523468010128e-06
20 0.076171875 -5.130728823132813e-06 -3.105684299953282e-06 -8.236413123086095e-06
21 0.080078125 -5.388406862039119e-06 -3.26167355524376e-06 -8.650080417282879e-06
22 0.083984375 -5.645269993692636e-06 -3.417153493501246e-06 -9.062423487193882e-06
23 0.087890625 -5.901296390220523e-06 -3.572116838768125e-06 -9.473413228988647e-06
24 0.091796875 -6.156406016089022e-06 -3.726556315086782e-06 -9.882962331175804e-06
25 0.095703125 -6.410613423213363e-06 -3.880428266711533e-06 -1.02910416899249e-05
26 0.099609375 -6.663874955847859e-06 -4.033732693642378e-06 -1.069760764949024e-05
27 0.103515625 -6.916103302501142e-06 -4.186396836303174e-06 -1.110250013880432e-05
28 0.107421875 -7.167283911257982e-06 -4.338435246609151e-06 -1.150571915786713e-05
29 0.111328125 -7.417402230203152e-06 -4.48983337264508e-06 -1.190723560284823e-05
30 0.115234375 -7.666414603590965e-06 -4.640591214410961e-06 -1.230700581800193e-05
31 0.119140625 -7.914219168014824e-06 -4.790563252754509e-06 -1.270478242076933e-05
32 0.123046875 -8.160874131135643e-06 -4.939865902997553e-06 -1.31007400341332e-05
33 0.126953125 -8.406321285292506e-06 -5.088426405563951e-06 -1.349474769085646e-05
34 0.130859375 -8.650473318994045e-06 -5.236215656623244e-06 -1.388668897561729e-05
35 0.134765625 -8.893301128409803e-06 -5.383219104260206e-06 -1.427652023267001e-05
36 0.138671875 -9.134819265455008e-06 -5.52940764464438e-06 -1.466422691009939e-05
37 0.142578125 -9.374954970553517e-06 -5.674766725860536e-06 -1.504972169641405e-05
38 0.146484375 -9.613693691790104e-06 -5.819281795993447e-06 -1.543297548778355e-05
39 0.150390625 -9.850962669588625e-06 -5.9628946473822e-06 -1.581385731697083e-05
40 0.154296875 -1.008676190394908e-05 -6.10563438385725e-06 -1.619239628780633e-05
41 0.158203125 -1.032103318721056e-05 -6.247457349672914e-06 -1.656849053688347e-05
42 0.162109375 -1.055373286362737e-05 -6.388305337168276e-06 -1.694203820079565e-05
43 0.166015625 -1.078487548511475e-05 -6.528207450173795e-06 -1.731308293528855e-05
44 0.169921875 -1.101438829209656e-05 -6.667120032943785e-06 -1.768150832504034e-05
45 0.173828125 -1.124224218074232e-05 -6.805057637393475e-06 -1.80472998181358e-05
46 0.177734375 -1.14684080472216e-05 -6.941932952031493e-06 -1.841034099925309e-05
47 0.181640625 -1.169281313195825e-05 -7.077818736433983e-06 -1.877063186839223e-05
48 0.185546875 -1.191548653878272e-05 -7.212554919533432e-06 -1.912804145831615e-05
49 0.189453125 -1.213632640428841e-05 -7.346272468566895e-06 -1.948259887285531e-05
50 0.193359375 -1.235539093613625e-05 -7.478840416297317e-06 -1.983423135243356e-05
51 0.197265625 -1.257259282283485e-05 -7.610331522300839e-06 -2.018292434513569e-05
52 0.201171875 -1.278790296055377e-05 -7.74068757891655e-06 -2.052859053947031e-05
53 0.205078125 -1.300126314163208e-05 -7.869821274653077e-06 -2.087108441628516e-05
54 0.208984375 -1.321264426223934e-05 -7.997761713340878e-06 -2.121040597558022e-05
55 0.212890625 -1.342207542620599e-05 -8.124508894979954e-06 -2.154658432118595e-05
56 0.216796875 -1.362944021821022e-05 -8.250033715739846e-06 -2.187947393395007e-05
57 0.220703125 -1.383479684591293e-05 -8.374365279451013e-06 -2.220916212536395e-05
58 0.224609375 -1.403808710165322e-05 -8.497387170791626e-06 -2.253547427244484e-05
59 0.228515625 -1.42392236739397e-05 -8.619186701253057e-06 -2.285841037519276e-05
60 0.232421875 -1.443820656277239e-05 -8.739589247852564e-06 -2.317779581062496e-05
61 0.236328125 -1.463503576815128e-05 -8.858740329742432e-06 -2.349377609789371e-05
62 0.240234375 -1.482965308241546e-05 -8.976581739261746e-06 -2.380623482167721e-05
63 0.244140625 -1.502202940173447e-05 -9.092997061088681e-06 -2.411502646282315e-05
64 0.248046875 -1.521216472610831e-05 -9.20813181437552e-06 -2.442029654048383e-05
65 0.251953125 -1.540002995170653e-05 -9.321811376139522e-06 -2.472184132784605e-05
66 0.255859375 -1.558553776703775e-05 -9.4340939540416e-06 -2.501963172107935e-05
67 0.259765625 -1.576868817210197e-05 -9.544979548081756e-06 -2.531366772018373e-05
68 0.263671875 -1.59494811668992e-05 -9.654409950599074e-06 -2.560389111749828e-05
69 0.267578125 -1.612791675142944e-05 -9.762414265424013e-06 -2.589033101685345e-05
70 0.271484375 -1.630384940654039e-05 -9.868876077234745e-06 -2.617272548377514e-05
71 0.275390625 -1.647733733989298e-05 -9.973911801353097e-06 -2.645124914124608e-05
72 0.279296875 -1.664843875914812e-05 -1.007749233394861e-05 -2.672593109309673e-05
73 0.283203125 -1.681692083366215e-05 -1.017944305203855e-05 -2.69963638857007e-05
74 0.287109375 -1.69828999787569e-05 -1.027993857860565e-05 -2.726283855736256e-05
75 0.291015625 -1.714628888294101e-05 -1.037883339449763e-05 -2.752512227743864e-05
76 0.294921875 -1.730717485770583e-05 -1.047621481120586e-05 -2.77833896689117e-05
77 0.298828125 -1.746541238389909e-05 -1.057202462106943e-05 -2.803743700496852e-05
78 0.302734375 -1.762103056535125e-05 -1.066623372025788e-05 -2.828726428560913e-05
79 0.306640625 -1.77740294020623e-05 -1.075881300494075e-05 -2.853284240700305e-05
80 0.310546875 -1.79242342710495e-05 -1.084973337128758e-05 -2.877396764233708e-05
81 0.314453125 -1.80718197952956e-05 -1.093908213078976e-05 -2.901090192608535e-05
82 0.318359375 -1.821672776713967e-05 -1.10267719719559e-05 -2.924349973909557e-05
83 0.322265625 -1.83588417712599e-05 -1.111283199861646e-05 -2.947167376987636e-05
84 0.326171875 -1.84982200153172e-05 -1.119714579544961e-05 -2.969536581076682e-05
85 0.330078125 -1.863474608398974e-05 -1.127982977777719e-05 -2.991457586176693e-05
86 0.333984375 -1.876847818493843e-05 -1.136076753027737e-05 -3.01292457152158e-05
87 0.337890625 -1.889947452582419e-05 -1.144007546827197e-05 -3.033954999409616e-05
88 0.341796875 -1.902750227600336e-05 -1.151760807260871e-05 -3.054511034861207e-05
89 0.345703125 -1.915273605845869e-05 -1.159336534328759e-05 -3.074610140174627e-05
90 0.349609375 -1.927508856169879e-05 -1.166749279946089e-05 -3.094258136115968e-05
91 0.353515625 -1.939447247423232e-05 -1.173969940282404e-05 -3.113417187705636e-05
92 0.357421875 -1.951103331521153e-05 -1.181024708785117e-05 -3.13212804030627e-05
93 0.361328125 -1.962465466931462e-05 -1.187904854305089e-05 -3.150370321236551e-05
94 0.365234375 -1.973524922505021e-05 -1.194592914544046e-05 -3.168117837049067e-05
95 0.369140625 -1.984287519007921e-05 -1.201112172566354e-05 -3.185399691574275e-05
96 0.373046875 -1.994750346057117e-05 -1.207442255690694e-05 -3.202192601747811e-05
97 0.376953125 -2.0049192244187e-05 -1.213603536598384e-05 -3.218522761017084e-05
98 0.380859375 -2.014785422943532e-05 -1.21957273222506e-05 -3.234358155168593e-05
99 0.384765625 -2.024343120865524e-05 -1.225358573719859e-05 -3.249701694585383e-05
100 0.388671875 -2.033601049333811e-05 -1.23096106108278e-05 -3.264562110416591e-05
101 0.392578125 -2.042550477199256e-05 -1.236380194313824e-05 -3.278930671513081e-05
102 0.396484375 -2.051191404461861e-05 -1.241613063029945e-05 -3.292804467491806e-05
103 0.400390625 -2.059529651887715e-05 -1.246653846465051e-05 -3.306183498352766e-05
104 0.404296875 -2.067547757178545e-05 -1.25151127576828e-05 -3.319059032946825e-05
105 0.408203125 -2.075254451483488e-05 -1.256173709407449e-05 -3.331428160890937e-05
106 0.412109375 -2.082658465951681e-05 -1.260658609680831e-05 -3.343317075632513e-05
107 0.416015625 -2.089736517518759e-05 -1.264945603907108e-05 -3.354682121425867e-05
108 0.419921875 -2.096511889249086e-05 -1.269040512852371e-05 -3.365552402101457e-05
109 0.423828125 -2.10296711884439e-05 -1.272952067665756e-05 -3.375919186510146e-05
110 0.427734375 -2.109102206304669e-05 -1.276662806048989e-05 -3.385765012353659e-05
111 0.431640625 -2.11492006201297e-05 -1.280184369534254e-05 -3.395104431547225e-05
112 0.435546875 -2.120426506735384e-05 -1.28351675812155e-05 -3.403943264856935e-05
113 0.439453125 -2.125612809322774e-05 -1.286654151044786e-05 -3.41226696036756e-05
114 0.443359375 -2.130467328242958e-05 -1.289596548303962e-05 -3.420063876546919e-05
115 0.447265625 -2.135010436177254e-05 -1.292346860282123e-05 -3.427357296459377e-05
116 0.451171875 -2.13923049159348e-05 -1.294902176596224e-05 -3.434132668189704e-05
117 0.455078125 -2.143130404874682e-05 -1.297262497246265e-05 -3.440392902120948e-05
118 0.458984375 -2.146704355254769e-05 -1.299422001466155e-05 -3.446126356720924e-05
119 0.462890625 -2.149952342733741e-05 -1.301392330788076e-05 -3.451344673521817e-05
120 0.466796875 -2.152880188077688e-05 -1.303161843679845e-05 -3.456042031757534e-05
121 0.470703125 -2.15548207052052e-05 -1.3047392712906e-05 -3.460221341811121e-05
122 0.474609375 -2.157766721211374e-05 -1.306121703237295e-05 -3.463888424448669e-05
123 0.478515625 -2.159719588235021e-05 -1.307303318753839e-05 -3.467022906988859e-05
124 0.482421875 -2.161346492357552e-05 -1.308289938606322e-05 -3.469636430963874e-05
125 0.486328125 -2.162653254345059e-05 -1.309081562794745e-05 -3.471734817139804e-05
126 0.490234375 -2.16362823266536e-05 -1.309666549786925e-05 -3.473294782452285e-05
127 0.494140625 -2.164285979233682e-05 -1.310065272264183e-05 -3.474351251497865e-05
128 0.498046875 -2.164609031751752e-05 -1.310266088694334e-05 -3.474875120446086e-05
129 0.501953125 -2.164609031751752e-05 -1.310266088694334e-05 -3.474875120446086e-05
130 0.505859375 -2.164283068850636e-05 -1.310068182647228e-05 -3.474351251497865e-05
131 0.509765625 -2.16362823266536e-05 -1.309669460169971e-05 -3.473297692835331e-05
132 0.513671875 -2.162653254345059e-05 -1.309081562794745e-05 -3.471734817139804e-05
133 0.517578125 -2.161346492357552e-05 -1.308287028223276e-05 -3.469633520580828e-05
134 0.521484375 -2.159719588235021e-05 -1.307306229136884e-05 -3.467025817371905e-05
135 0.525390625 -2.157763810828328e-05 -1.306118792854249e-05 -3.463882603682578e-05
136 0.529296875 -2.155484980903566e-05 -1.3047392712906e-05 -3.460224252194166e-05
137 0.533203125 -2.152883098460734e-05 -1.303161843679845e-05 -3.456044942140579e-05
138 0.537109375 -2.149952342733741e-05 -1.301392330788076e-05 -3.451344673521817e-05
139 0.541015625 -2.146704355254769e-05 -1.299424911849201e-05 -3.44612926710397e-05
140 0.544921875 -2.143130404874682e-05 -1.29725958686322e-05 -3.440389991737902e-05
141 0.548828125 -2.139233401976526e-05 -1.294902176596224e-05 -3.43413557857275e-05
142 0.552734375 -2.135013346560299e-05 -1.292346860282123e-05 -3.427360206842422e-05
143 0.556640625 -2.130467328242958e-05 -1.289599458687007e-05 -3.420066786929965e-05
144 0.560546875 -2.125609898939729e-05 -1.286654151044786e-05 -3.412264049984515e-05
145 0.564453125 -2.120423596352339e-05 -1.283513847738504e-05 -3.403937444090843e-05
146 0.568359375 -2.11492006201297e-05 -1.280184369534254e-05 -3.395104431547225e-05
147 0.572265625 -2.109105116687715e-05 -1.276662806048989e-05 -3.385767922736704e-05
148 0.576171875 -2.10296711884439e-05 -1.272952067665756e-05 -3.375919186510146e-05
149 0.580078125 -2.096511889249086e-05 -1.269043423235416e-05 -3.365555312484503e-05
150 0.583984375 -2.089736517518759e-05 -1.264942693524063e-05 -3.354679211042821e-05
151 0.587890625 -2.082658465951681e-05 -1.260655699297786e-05 -3.343314165249467e-05
152 0.591796875 -2.075257361866534e-05 -1.256173709407449e-05 -3.331431071273983e-05
153 0.595703125 -2.067544846795499e-05 -1.25151127576828e-05 -3.319056122563779e-05
154 0.599609375 -2.059526741504669e-05 -1.246653846465051e-05 -3.30618058796972e-05
155 0.603515625 -2.051185583695769e-05 -1.241607242263854e-05 -3.292792825959623e-05
156 0.607421875 -2.042553387582302e-05 -1.23638310469687e-05 -3.278936492279172e-05
157 0.611328125 -2.033601049333811e-05 -1.230963971465826e-05 -3.264565020799637e-05
158 0.615234375 -2.024343120865524e-05 -1.225361484102905e-05 -3.249704604968429e-05
159 0.619140625 -2.014785422943532e-05 -1.219569821842015e-05 -3.234355244785547e-05
160 0.623046875 -2.004916314035654e-05 -1.213600626215339e-05 -3.218516940250993e-05
161 0.626953125 -1.994756166823208e-05 -1.207448076456785e-05 -3.202204243279994e-05
162 0.630859375 -1.984290429390967e-05 -1.201112172566354e-05 -3.185402601957321e-05
163 0.634765625 -1.973524922505021e-05 -1.194595824927092e-05 -3.168120747432113e-05
164 0.638671875 -1.962462556548417e-05 -1.187904854305089e-05 -3.150367410853505e-05
165 0.642578125 -1.951103331521153e-05 -1.181027619168162e-05 -3.132130950689316e-05
166 0.646484375 -1.939453068189323e-05 -1.173975761048496e-05 -3.113428829237819e-05
167 0.650390625 -1.927505945786834e-05 -1.166746369563043e-05 -3.094252315349877e-05
168 0.654296875 -1.915276516228914e-05 -1.159339444711804e-05 -3.074615960940719e-05
169 0.658203125 -1.902756048366427e-05 -1.151763717643917e-05 -3.054519766010344e-05
170 0.662109375 -1.889944542199373e-05 -1.144001726061106e-05 -3.033946268260479e-05
171 0.666015625 -1.876850728876889e-05 -1.136076753027737e-05 -3.012927481904626e-05
172 0.669921875 -1.863471698015928e-05 -1.127980067394674e-05 -2.991451765410602e-05
173 0.673828125 -1.84982200153172e-05 -1.119717489928007e-05 -2.969539491459727e-05
174 0.677734375 -1.835887087509036e-05 -1.111286110244691e-05 -2.947173197753727e-05
175 0.681640625 -1.821672776713967e-05 -1.10267719719559e-05 -2.924349973909557e-05
176 0.685546875 -1.807187800295651e-05 -1.093911123462021e-05 -2.901098923757672e-05
177 0.689453125 -1.79242342710495e-05 -1.084973337128758e-05 -2.877396764233708e-05
178 0.693359375 -1.777397119440138e-05 -1.075878390111029e-05 -2.853275509551167e-05
179 0.697265625 -1.762100146152079e-05 -1.066620461642742e-05 -2.828720607794821e-05
180 0.701171875 -1.746544148772955e-05 -1.057205372489989e-05 -2.803749521262944e-05
181 0.705078125 -1.730717485770583e-05 -1.047621481120586e-05 -2.77833896689117e-05
182 0.708984375 -1.714628888294101e-05 -1.037883339449763e-05 -2.752512227743864e-05
183 0.712890625 -1.698292908258736e-05 -1.027993857860565e-05 -2.726286766119301e-05
184 0.716796875 -1.681692083366215e-05 -1.017947215586901e-05 -2.699639298953116e-05
185 0.720703125 -1.664840965531766e-05 -1.007749233394861e-05 -2.672590198926628e-05
186 0.724609375 -1.647733733989298e-05 -9.97388269752264e-06 -2.645122003741562e-05
187 0.728515625 -1.630382030270994e-05 -9.868876077234745e-06 -2.617269637994468e-05
188 0.732421875 -1.612788764759898e-05 -9.762385161593556e-06 -2.589027280919254e-05
189 0.736328125 -1.59494811668992e-05 -9.654409950599074e-06 -2.560389111749828e-05
190 0.740234375 -1.576865906827152e-05 -9.544979548081756e-06 -2.531363861635327e-05
191 0.744140625 -1.558556687086821e-05 -9.434123057872057e-06 -2.501968992874026e-05
192 0.748046875 -1.540002995170653e-05 -9.321811376139522e-06 -2.472184132784605e-05
193 0.751953125 -1.521216472610831e-05 -9.208102710545063e-06 -2.442026743665338e-05
194 0.755859375 -1.502200029790401e-05 -9.092967957258224e-06 -2.411496825516224e-05
195 0.759765625 -1.482965308241546e-05 -8.976581739261746e-06 -2.380623482167721e-05
196 0.763671875 -1.463503576815128e-05 -8.858769433572888e-06 -2.349380520172417e-05
197 0.767578125 -1.443823566660285e-05 -8.739589247852564e-06 -2.317782491445541e-05
198 0.771484375 -1.42392236739397e-05 -8.619186701253057e-06 -2.285841037519276e-05
199 0.775390625 -1.403805799782276e-05 -8.497387170791626e-06 -2.253544516861439e-05
200 0.779296875 -1.383479684591293e-05 -8.374365279451013e-06 -2.220916212536395e-05
201 0.783203125 -1.362944021821022e-05 -8.250033715739846e-06 -2.187947393395007e-05
202 0.787109375 -1.342207542620599e-05 -8.12453799881041e-06 -2.15466134250164e-05
203 0.791015625 -1.321267336606979e-05 -7.997761713340878e-06 -2.121043507941067e-05
204 0.794921875 -1.300126314163208e-05 -7.86979217082262e-06 -2.08710553124547e-05
205 0.798828125 -1.278787385672331e-05 -7.740658475086093e-06 -2.05285323318094e-05
206 0.802734375 -1.257259282283485e-05 -7.610360626131296e-06 -2.018295344896615e-05
207 0.806640625 -1.235539093613625e-05 -7.478840416297317e-06 -1.983423135243356e-05
208 0.810546875 -1.213632640428841e-05 -7.346272468566895e-06 -1.948259887285531e-05
209 0.814453125 -1.191550109069794e-05 -7.21256947144866e-06 -1.91280705621466e-05
210 0.818359375 -1.169281313195825e-05 -7.077804184518754e-06 -1.8770617316477e-05
211 0.822265625 -1.146839349530637e-05 -6.941947503946722e-06 -1.841034099925309e-05
212 0.826171875 -1.124224218074232e-05 -6.805043085478246e-06 -1.804728526622057e-05
213 0.830078125 -1.101438829209656e-05 -6.667134584859014e-06 -1.768152287695557e-05
214 0.833984375 -1.078490458894521e-05 -6.528222002089024e-06 -1.731312659103423e-05
215 0.837890625 -1.05537474155426e-05 -6.388305337168276e-06 -1.694205275271088e-05
216 0.841796875 -1.032103318721056e-05 -6.247457349672914e-06 -1.656849053688347e-05
217 0.845703125 -1.008676190394908e-05 -6.10563438385725e-06 -1.619239628780633e-05
218 0.849609375 -9.850948117673397e-06 -5.962880095466971e-06 -1.581382821314037e-05
219 0.853515625 -9.613679139874876e-06 -5.819252692162991e-06 -1.543293183203787e-05
220 0.857421875 -9.374969522468746e-06 -5.674781277775764e-06 -1.504975080024451e-05
221 0.861328125 -9.134833817370236e-06 -5.52940764464438e-06 -1.466424146201462e-05
222 0.865234375 -8.893315680325031e-06 -5.383204552344978e-06 -1.427652023267001e-05
223 0.869140625 -8.650458767078817e-06 -5.236201104708016e-06 -1.388665987178683e-05
224 0.873046875 -8.406306733377278e-06 -5.088426405563951e-06 -1.349473313894123e-05
225 0.876953125 -8.160903234966099e-06 -4.939880454912782e-06 -1.310078368987888e-05
226 0.880859375 -7.914233719930053e-06 -4.790577804669738e-06 -1.270481152459979e-05
227 0.884765625 -7.666400051675737e-06 -4.640576662495732e-06 -1.230697671417147e-05
228 0.888671875 -7.41741678211838e-06 -4.489847924560308e-06 -1.190726470667869e-05
229 0.892578125 -7.167298463173211e-06 -4.33844979852438e-06 -1.150574826169759e-05
230 0.896484375 -6.916088750585914e-06 -4.186396836303174e-06 -1.110248558688909e-05
231 0.900390625 -6.663874955847859e-06 -4.033732693642378e-06 -1.069760764949024e-05
232 0.904296875 -6.410627975128591e-06 -3.880428266711533e-06 -1.029105624184012e-05
233 0.908203125 -6.156420568004251e-06 -3.72657086700201e-06 -9.882991435006261e-06
234 0.912109375 -5.901289114262909e-06 -3.572116838768125e-06 -9.473405953031033e-06
235 0.916015625 -5.645262717735022e-06 -3.417138941586018e-06 -9.06240165932104e-06
236 0.919921875 -5.388414137996733e-06 -3.26167355524376e-06 -8.650087693240494e-06
237 0.923828125 -5.130728823132813e-06 -3.105684299953282e-06 -8.236413123086095e-06
238 0.927734375 -4.872272256761789e-06 -2.949251211248338e-06 -7.821523468010128e-06
239 0.931640625 -4.613088094629347e-06 -2.792352461256087e-06 -7.405440555885434e-06
240 0.935546875 -4.353205440565944e-06 -2.635046257637441e-06 -6.988251698203385e-06
241 0.939453125 -4.092667950317264e-06 -2.477339876350015e-06 -6.570007826667279e-06
242 0.943359375 -3.831519279628992e-06 -2.319262421224266e-06 -6.150781700853258e-06
243 0.947265625 -3.569788532331586e-06 -2.160828444175422e-06 -5.730616976507008e-06
244 0.951171875 -3.307526640128344e-06 -2.002088876906782e-06 -5.309615517035127e-06
245 0.955078125 -3.04475543089211e-06 -1.843029167503119e-06 -4.887784598395228e-06
246 0.958984375 -2.781536750262603e-06 -1.68370024766773e-06 -4.465236997930333e-06
247 0.962890625 -2.517885150155053e-06 -1.524105755379423e-06 -4.041990905534476e-06
248 0.966796875 -2.253869752166793e-06 -1.364289346383885e-06 -3.618159098550677e-06
249 0.970703125 -1.989505108213052e-06 -1.204272848553956e-06 -3.193777956767008e-06
250 0.974609375 -1.724845787975937e-06 -1.044074451783672e-06 -2.768920239759609e-06
251 0.978515625 -1.459926352254115e-06 -8.837087079882622e-07 -2.343635060242377e-06
252 0.982421875 -1.194783180835657e-06 -7.232174539240077e-07 -1.918000634759665e-06
253 0.986328125 -9.294635674450547e-07 -5.62615241506137e-07 -1.492078808951192e-06
254 0.990234375 -6.640011633862741e-07 -4.019284460810013e-07 -1.065929609467275e-06
255 0.994140625 -3.984414433944039e-07 -2.411807145108469e-07 -6.396221579052508e-07
256 0.998046875 0.003480811102917869 0.002088485955937358 0.005569297058855227
