# P x u_num u_exact u_err v_num v_exact v_err psi_num psi_exact psi_err
1 0.0078125 0.009027881049389353 0.009028213434669634 -3.32385280280359e-07 0.009026258398525413 0.009028213434669634 -1.955036144220962e-06 0.01805413944791476 0.01805642686933927 -2.287421424503056e-06
2 0.0234375 0.02706621365626469 0.02706289054706668 3.323109198004326e-06 0.02706803184215919 0.02706289054706668 5.14129509250269e-06 0.05413424549842387 0.05412578109413337 8.464404290503547e-06
3 0.0390625 0.04503933767697611 0.04503237078570659 6.966891269513664e-06 0.04504458266865235 0.04503237078570659 1.221188294575626e-05 0.09008392034562845 0.09006474157141318 1.917877421526992e-05
4 0.0546875 0.06290395415881404 0.0628933640987539 1.059006006014218e-05 0.06291260379243856 0.0628933640987539 1.923969368465561e-05 0.1258165579512526 0.1257867281975078 2.982975374479779e-05
5 0.0703125 0.08061702555726637 0.08060284178887925 1.418376838711877e-05 0.08062904958718362 0.08060284178887925 2.620779830436737e-05 0.16124607514445 0.1612056835777585 4.039156669150001e-05
6 0.0859375 0.09813587941764142 0.09811814017316003 1.773924448138231e-05 0.09815123958429352 0.09811814017316003 3.309941113348314e-05 0.1962871190019349 0.1962362803463201 5.083865561486545e-05
7 0.1015625 0.115418311176184 0.1153970633636297 2.12478125543869e-05 0.1154369612966043 0.1153970633636297 3.989793297459743e-05 0.2308552724727883 0.2307941267272593 6.114574552898433e-05
8 0.1171875 0.132422685835149 0.1323979849208672 2.470091428177779e-05 0.1324445719089262 0.1323979849208672 4.658698805895534e-05 0.2648672577440752 0.2647959698417345 7.128790234073312e-05
9 0.1328125 0.1491080382640683 0.1490799481357367 2.809012833165925e-05 0.1491330986045558 0.1490799481357367 5.315046881909646e-05 0.2982411368686241 0.2981598962714733 8.124059715075571e-05
10 0.1484375 0.1654341718899357 0.1654027646976858 3.140719224986599e-05 0.1654623372642775 0.1654027646976858 5.957256659169796e-05 0.3308965091542132 0.3308055293953716 9.097975884159171e-05
11 0.1640625 0.1813617555330533 0.1813271115119071 3.4644021146224e-05 0.1813929493275846 0.1813271115119071 6.583781567751079e-05 0.362754704860638 0.3626542230238142 0.0001004818368237625
12 0.1796875 0.1968524181596006 0.196814625432117 3.779272748352658e-05 0.1968865565610516 0.196814625432117 7.193112893455478e-05 0.3937389747206521 0.3936292508642341 0.0001097238564180536
13 0.1953125 0.2118688413209161 0.2118279956807358 4.084564018022596e-05 0.2119058335142418 0.2118279956807358 7.783783350598372e-05 0.4237746748351579 0.4236559913614717 0.0001186834736862097
14 0.2109375 0.2263748490572949 0.2263310537338186 4.379532347634219e-05 0.2264145974379694 0.2263310537338186 8.354370415075696e-05 0.4527894464952643 0.4526621074676372 0.0001273390276271269
15 0.2265625 0.2403354950473198 0.2402888604541976 4.66345931221801e-05 0.2403778954602147 0.2402888604541976 8.903500601703529e-05 0.4807133905075345 0.4805777209083953 0.0001356695991391876
16 0.2421875 0.2537171467993372 0.2536677902629241 4.935653641313653e-05 0.2537620887769304 0.2536677902629241 9.429851400627465e-05 0.5074792355762676 0.5073355805258482 0.0001436550504194667
17 0.2578125 0.2664875666729868 0.2664356121462329 5.195452675388346e-05 0.2665349337012203 0.2664356121462329 9.932155498743045e-05 0.5330225003742071 0.5328712242924658 0.0001512760817412584
18 0.2734375 0.2786159895430478 0.278561567302878 5.442224016982689e-05 0.2786656593383832 0.278561567302878 0.0001040920355052655 0.5572816488814309 0.5571231346057559 0.0001585142756750368
19 0.2890625 0.2900731969155074 0.2900164432447788 5.675367072860427e-05 0.2901250417146681 0.2900164432447788 0.0001085984698893094 0.5801982386301756 0.5800328864895576 0.0001653521406179692
20 0.3046875 0.3008315873179442 0.3007726441724627 5.894314548149371e-05 0.3008854741779672 0.3007726441724627 0.0001128300055045495 0.6017170614959114 0.6015452883449254 0.0001717731509860432
21 0.3203125 0.3108652427915716 0.3108042574557629 6.098533580872756e-05 0.310921033916162 0.3108042574557629 0.0001167764603991484 0.6217862767077337 0.6216085149115258 0.0001777617962078759
22 0.3359375 0.3201499913335824 0.3200871160596144 6.287527396797721e-05 0.3202075443888384 0.3200871160596144 0.0001204283292239872 0.6403575357224208 0.6401742321192289 0.0001833036031919644
23 0.3515625 0.3286634651267565 0.3285988567645582 6.46083621982374e-05 0.3287226335849411 0.3285988567645582 0.0001237768203828371 0.6573860987116975 0.6571977135291165 0.000188385182581019
24 0.3671875 0.336385154426291 0.3363189740416957 6.618038459527131e-05 0.3364457879148581 0.3363189740416957 0.0001268138731624346 0.6728309423411492 0.6726379480833914 0.0001929942577577615
25 0.3828125 0.3432964569697632 0.3432288694523036 6.758751745961078e-05 0.3433584016284309 0.3432288694523036 0.0001295321761272672 0.6866548585981942 0.6864577389046073 0.0001971196935869335
26 0.3984375 0.349380722792194 0.3493118964531027 6.882633909122138e-05 0.3494438216348922 0.3493118964531027 0.0001319251817895051 0.6988245444270862 0.6986237929062055 0.0002007515208807265
27 0.4140625 0.3546232943345449 0.3545534004992377 6.989383530725535e-05 0.3546873876351861 0.3545534004992377 0.0001339871359484768 0.709310681969731 0.7091068009984753 0.0002038809712556766
28 0.4296875 0.3590115417593608 0.3589407543483599 7.078741100091657e-05 0.3590764674183869 0.3589407543483599 0.0001357130700270215 0.7180880091777477 0.7178815086967197 0.0002065004810279936
29 0.4453125 0.3625348933739007 0.3624633884807599 7.150489314078357e-05 0.36260048731004 0.3624633884807599 0.0001370988292801467 0.7251353806839407 0.7249267769615197 0.0002086037224209303
30 0.4609375 0.365184861099104 0.3651128165622666 7.20445368374012e-05 0.3652509576408791 0.3651128165622666 0.0001381410786125414 0.7304358187399831 0.7302256331245331 0.0002101856154499426
31 0.4765625 0.3669550609184385 0.3668826558885691 7.240502986943786e-05 0.3670214931975469 0.3668826558885691 0.0001388373089778461 0.7339765541159854 0.7337653117771381 0.0002112423388472839
32 0.4921875 0.3678412282580669 0.3677686427617107 7.258549635624778e-05 0.3679078286025745 0.3677686427617107 0.0001391858408638091 0.7357490568606414 0.7355372855234213 0.0002117713372200569
33 0.5078125 0.3678412282577809 0.3677686427617107 7.258549607019882e-05 0.3679078286040054 0.3677686427617107 0.0001391858422947201 0.7357490568617863 0.7355372855234213 0.0002117713383649189
34 0.5234375 0.3669550609185729 0.3668826558885691 7.240503000383036e-05 0.3670214931968776 0.3668826558885691 0.0001388373083085481 0.7339765541154505 0.7337653117771381 0.0002112423383123785
35 0.5390625 0.3651848610991451 0.3651128165622666 7.204453687847945e-05 0.3652509576406735 0.3651128165622666 0.0001381410784069281 0.7304358187398186 0.7302256331245331 0.0002101856152854076
36 0.5546875 0.362534893373862 0.3624633884807599 7.150489310209229e-05 0.3626004873102344 0.3624633884807599 0.0001370988294745468 0.7251353806840963 0.7249267769615197 0.0002086037225765836
37 0.5703125 0.3590115417592323 0.3589407543483599 7.078741087246376e-05 0.3590764674190281 0.3589407543483599 0.0001357130706682308 0.7180880091782604 0.7178815086967197 0.0002065004815406946
38 0.5859375 0.3546232943348187 0.3545534004992377 6.989383558103635e-05 0.3546873876338175 0.3545534004992377 0.0001339871345798493 0.7093106819686362 0.7091068009984753 0.0002038809701608857
39 0.6015625 0.3493807227919127 0.3493118964531027 6.882633880994637e-05 0.349443821636303 0.3493118964531027 0.0001319251832002655 0.6988245444282157 0.6986237929062055 0.0002007515220102674
40 0.6171875 0.3432964569698914 0.3432288694523036 6.758751758778603e-05 0.343358401627794 0.3432288694523036 0.0001295321754903878 0.6866548585976855 0.6864577389046073 0.0001971196930782293
41 0.6328125 0.3363851544263285 0.3363189740416957 6.618038463285236e-05 0.3364457879146724 0.3363189740416957 0.0001268138729766943 0.6728309423410009 0.6726379480833914 0.0001929942576095467
42 0.6484375 0.3286634651267198 0.3285988567645582 6.460836216160004e-05 0.3287226335851277 0.3285988567645582 0.0001237768205694656 0.6573860987118476 0.6571977135291165 0.0001883851827311211
43 0.6640625 0.3201499913334661 0.3200871160596145 6.287527385157032e-05 0.3202075443894182 0.3200871160596145 0.0001204283298036901 0.6403575357228842 0.640174232119229 0.0001833036036552604
44 0.6796875 0.3108652427918169 0.310804257455763 6.09853360538648e-05 0.3109210339149328 0.310804257455763 0.0001167764591697984 0.6217862767067497 0.621608514911526 0.0001777617952236632
45 0.6953125 0.3008315873177078 0.3007726441724627 5.894314524507172e-05 0.3008854741791481 0.3007726441724627 0.0001128300066853827 0.6017170614968559 0.6015452883449254 0.0001717731519305099
46 0.7109375 0.2900731969156112 0.2900164432447788 5.675367083235461e-05 0.2901250417141512 0.2900164432447788 0.0001085984693723896 0.5801982386297624 0.5800328864895576 0.0001653521402047442
47 0.7265625 0.2786159895430777 0.2785615673028781 5.442224019963637e-05 0.2786656593382315 0.2785615673028781 0.0001040920353534425 0.5572816488813093 0.5571231346057561 0.0001585142755531344
48 0.7421875 0.2664875666729556 0.2664356121462329 5.19545267227417e-05 0.2665349337013753 0.2664356121462329 9.932155514241758e-05 0.533022500374331 0.5328712242924658 0.0001512760818651593
49 0.7578125 0.2537171467992446 0.2536677902629242 4.93565363203774e-05 0.253762088777392 0.2536677902629242 9.429851446784987e-05 0.5074792355766367 0.5073355805258484 0.0001436550507882828
50 0.7734375 0.2403354950475058 0.2402888604541976 4.663459330819797e-05 0.240377895459285 0.2402888604541976 8.90350050874178e-05 0.4807133905067908 0.4805777209083952 0.0001356695983956158
51 0.7890625 0.2263748490571182 0.2263310537338186 4.379532329959468e-05 0.2264145974388559 0.2263310537338186 8.35437050372978e-05 0.4527894464959742 0.4526621074676373 0.0001273390283368925
52 0.8046875 0.2118688413209943 0.2118279956807359 4.084564025841342e-05 0.2119058335138552 0.2118279956807359 7.783783311929304e-05 0.4237746748348494 0.4236559913614718 0.0001186834733776787
53 0.8203125 0.1968524181596216 0.196814625432117 3.779272750453755e-05 0.1968865565609479 0.196814625432117 7.193112883091546e-05 0.3937389747205695 0.3936292508642341 0.000109723856335453
54 0.8359375 0.1813617555330349 0.1813271115119071 3.464402112776654e-05 0.1813929493276783 0.1813271115119071 6.583781577113035e-05 0.3627547048607132 0.3626542230238143 0.0001004818368988691
55 0.8515625 0.1654341718898763 0.1654027646976859 3.140719219035804e-05 0.1654623372645744 0.1654027646976859 5.957256688848833e-05 0.3308965091544507 0.3308055293953718 9.097975907884637e-05
56 0.8671875 0.1491080382641846 0.1490799481357367 2.809012844787184e-05 0.1491330986039756 0.1490799481357367 5.315046823886616e-05 0.2982411368681601 0.2981598962714734 8.1240596686738e-05
57 0.8828125 0.1324226858350425 0.1323979849208673 2.470091417519638e-05 0.1324445719094607 0.1323979849208673 4.658698859333343e-05 0.2648672577445031 0.2647959698417346 7.128790276850205e-05
58 0.8984375 0.1154183111762214 0.1153970633636296 2.124781259180142e-05 0.1154369612964193 0.1153970633636296 3.989793278966203e-05 0.2308552724726407 0.2307941267272592 6.114574538146345e-05
59 0.9140625 0.09813587941765141 0.09811814017316008 1.773924449133268e-05 0.09815123958424492 0.09811814017316008 3.309941108484149e-05 0.1962871190018963 0.1962362803463202 5.083865557617417e-05
60 0.9296875 0.08061702555726137 0.08060284178887933 1.41837683820395e-05 0.08062904958721051 0.08060284178887933 2.620779833117926e-05 0.1612460751444719 0.1612056835777587 4.039156671320487e-05
61 0.9453125 0.06290395415873004 0.0628933640987539 1.059005997613993e-05 0.06291260379285964 0.0628933640987539 1.923969410573545e-05 0.1258165579515897 0.1257867281975078 2.982975408188926e-05
62 0.9609375 0.04503933767697805 0.04503237078570665 6.966891271401043e-06 0.04504458266864257 0.04503237078570665 1.221188293592385e-05 0.09008392034562063 0.0900647415714133 1.917877420733183e-05
63 0.9765625 0.0270662136562392 0.02706289054706679 3.323109172410216e-06 0.02706803184228631 0.02706289054706679 5.141295219519143e-06 0.05413424549852552 0.05412578109413359 8.464404391929359e-06
64 0.9921875 0.009027881049387098 0.009028213434669648 -3.323852825493773e-07 0.009026258398536579 0.009028213434669648 -1.955036133068425e-06 0.01805413944792368 0.0180564268693393 -2.287421415617802e-06
