# P x phi_num phi_exact phi_err
1 4.8828125000000000e-04 2.3794764710294716e-07 2.3794773854924111e-07 -9.1446293943197221e-14
2 1.4648437500000000e-03 2.1373461510831567e-06 2.1373469728496854e-06 -8.2176652872604280e-13
3 2.4414062500000000e-03 5.9254654635424196e-06 5.9254677427546669e-06 -2.2792122473009485e-12
4 3.4179687500000000e-03 1.1591184499315605e-05 1.1591188959765378e-05 -4.4604497724624057e-12
5 4.3945312500000000e-03 1.9123403979293475e-05 1.9123411341438894e-05 -7.3621454188522138e-12
6 5.3710937500000000e-03 2.8511046430422694e-05 2.8511057411388179e-05 -1.0980965485865579e-11
7 6.3476562500000000e-03 3.9743056185705816e-05 3.9743071499282063e-05 -1.5313576246639687e-11
8 7.3242187500000000e-03 5.2808399384201309e-05 5.2808419740845264e-05 -2.0356643955676997e-11
9 8.3007812500000000e-03 6.7696063971023557e-05 6.7696090077858377e-05 -2.6106834820046124e-11
10 9.2773437500000000e-03 8.4395059697342834e-05 8.4395092258157881e-05 -3.2560815046815683e-11
11 1.0253906250000000e-02 1.0289441812038530e-04 1.0289445783563615e-04 -3.9715250849830554e-11
12 1.1230468750000000e-02 1.2318319260343303e-04 1.2318324017024135e-04 -4.7566808320962869e-11
13 1.2207031250000000e-02 1.4525045831582402e-04 1.4525051442797771e-04 -5.6112153687610036e-11
14 1.3183593750000000e-02 1.6908531223295208e-04 1.6908537758090513e-04 -6.5347953041644188e-11
15 1.4160156250000000e-02 1.9467687313626700e-04 1.9467694840713949e-04 -7.5270872488489987e-11
16 1.5136718750000000e-02 2.2201428161327426e-04 2.2201436749085267e-04 -8.5877578404622637e-11
17 1.6113281250000000e-02 2.5108670005753535e-04 2.5108679722227211e-04 -9.7164736759941528e-11
18 1.7089843750000000e-02 2.8188331266866746e-04 2.8188342179768150e-04 -1.0912901403934208e-10
19 1.8066406250000000e-02 3.1439332545234367e-04 3.1439344721942008e-04 -1.2176707640245907e-10
20 1.9042968750000000e-02 3.4860596622029300e-04 3.4860610129588331e-04 -1.3507559030708285e-10
21 2.0019531250000000e-02 3.8451048459030030e-04 3.8451063364152230e-04 -1.4905122199416337e-10
22 2.0996093750000000e-02 4.2209615198620623e-04 4.2209631567684399e-04 -1.6369063775886067e-10
23 2.1972656250000000e-02 4.6135226163790725e-04 4.6135244062841125e-04 -1.7899050400475500e-10
24 2.2949218750000000e-02 5.0226812858135557e-04 5.0226832352884309e-04 -1.9494748751489738e-10
25 2.3925781250000000e-02 5.4483308965855900e-04 5.4483330121681396e-04 -2.1155825496391861e-10
26 2.4902343750000000e-02 5.8903650351758085e-04 5.8903673233705464e-04 -2.2881947378539103e-10
27 2.5878906250000000e-02 6.3486775061254066e-04 6.3486799734035137e-04 -2.4672781070815553e-10
28 2.6855468750000000e-02 6.8231623320361286e-04 6.8231649848354663e-04 -2.6527993376209563e-10
29 2.7832031250000000e-02 7.3137137535702853e-04 7.3137165982953842e-04 -2.8447250989289269e-10
30 2.8808593750000000e-02 7.8202262294507459e-04 7.8202292724728097e-04 -3.0430220637148869e-10
31 2.9785156250000000e-02 8.3425944364609410e-04 8.3425976841178435e-04 -3.2476569025198521e-10
32 3.0761718750000000e-02 8.8807132694448509e-04 8.8807167280411400e-04 -3.4585962891374444e-10
33 3.1738281250000000e-02 9.4344778413070051e-04 9.4344815171139187e-04 -3.6758069136243188e-10
34 3.2714843750000000e-02 1.0003783483012495e-03 1.0003787382267958e-03 -3.8992554627845233e-10
35 3.3691406250000000e-02 1.0588525743586970e-03 1.0588529872495589e-03 -4.1289086190852975e-10
36 3.4667968750000000e-02 1.1188600390116639e-03 1.1188604754849706e-03 -4.3647330671622853e-10
37 3.5644531250000000e-02 1.1803903407748273e-03 1.1803908014443763e-03 -4.6066954894827261e-10
38 3.6621093750000000e-02 1.2434330999689202e-03 1.2434335854451769e-03 -4.8547625663454552e-10
39 3.7597656250000000e-02 1.3079779587207305e-03 1.3079784696108298e-03 -5.1089009932281382e-10
40 3.8574218750000000e-02 1.3740145809631021e-03 1.3740151178708473e-03 -5.3690774525980145e-10
41 3.9550781250000000e-02 1.4415326524349348e-03 1.4415332159607983e-03 -5.6352586355959411e-10
42 4.0527343750000000e-02 1.5105218806811839e-03 1.5105224714223079e-03 -5.9074112398679879e-10
43 4.1503906250000000e-02 1.5809719950528607e-03 1.5809726136030563e-03 -6.1855019565550118e-10
44 4.2480468750000000e-02 1.6528727467070331e-03 1.6528733936567795e-03 -6.4694974637874436e-10
45 4.3457031250000000e-02 1.7262139086068238e-03 1.7262145845432708e-03 -6.7593644700533750e-10
46 4.4433593750000000e-02 1.8009852755214110e-03 1.8009859810283772e-03 -7.0550696621568543e-10
47 4.5410156250000000e-02 1.8771766640260283e-03 1.8771773996840034e-03 -7.3565797507543773e-10
48 4.6386718750000000e-02 1.9547779125019655e-03 1.9547786788881088e-03 -7.6638614334920141e-10
49 4.7363281250000000e-02 2.0337788811365669e-03 2.0337796788247107e-03 -7.9768814383734954e-10
50 4.8339843750000000e-02 2.1141694519232336e-03 2.1141702814838786e-03 -8.2956064500344651e-10
51 4.9316406250000000e-02 2.1959395286614215e-03 2.1959403906617416e-03 -8.6200032008154626e-10
52 5.0292968750000000e-02 2.2790790369566424e-03 2.2790799319604826e-03 -8.9500384013729839e-10
53 5.1269531250000000e-02 2.3635779242204631e-03 2.3635788527883411e-03 -9.2856787797107598e-10
54 5.2246093750000000e-02 2.4494261596705058e-03 2.4494271223596117e-03 -9.6268910594957124e-10
55 5.3222656250000000e-02 2.5366137343304494e-03 2.5366147316946462e-03 -9.9736419687315725e-10
56 5.4199218750000000e-02 2.6251306610300265e-03 2.6251316936198510e-03 -1.0325898244095688e-09
57 5.5175781250000000e-02 2.7149669744050264e-03 2.7149680427676895e-03 -1.0683626630939025e-09
58 5.6152343750000000e-02 2.8061127308972927e-03 2.8061138355766802e-03 -1.1046793874612548e-09
59 5.7128906250000000e-02 2.8985580087547260e-03 2.8985591502913976e-03 -1.1415366716130415e-09
60 5.8105468750000000e-02 2.9922929080312809e-03 2.9922940869624723e-03 -1.1789311913854017e-09
61 5.9082031250000000e-02 3.0873075505869711e-03 3.0873087674465902e-03 -1.2168596191450276e-09
62 6.0058593750000000e-02 3.1835920800878628e-03 3.1835933354064940e-03 -1.2553186311617393e-09
63 6.1035156250000000e-02 3.2811366620060785e-03 3.2811379563109822e-03 -1.2943049037053567e-09
64 6.2011718750000000e-02 3.3799314836197949e-03 3.3799328174349079e-03 -1.3338151130456999e-09
65 6.2988281250000000e-02 3.4799667540132435e-03 3.4799681278591824e-03 -1.3738459389220359e-09
66 6.3964843750000000e-02 3.5812327040767116e-03 3.5812341184707692e-03 -1.4143940576041847e-09
67 6.4941406250000000e-02 3.6837195865065415e-03 3.6837210419626912e-03 -1.4554561496987750e-09
68 6.5917968750000000e-02 3.7874176758051301e-03 3.7874191728340264e-03 -1.4970288962461165e-09
69 6.6894531250000000e-02 3.8923172682809306e-03 3.8923188073899076e-03 -1.5391089769854760e-09
70 6.7871093750000000e-02 3.9984086820484509e-03 3.9984102637415251e-03 -1.5816930742582058e-09
71 6.8847656250000000e-02 4.1056822570282548e-03 4.1056838818061209e-03 -1.6247778660688494e-09
72 6.9824218750000000e-02 4.2141283549469583e-03 4.2141300233070004e-03 -1.6683600421313338e-09
73 7.0800781250000000e-02 4.3237373593372330e-03 4.3237390717735177e-03 -1.7124362847870112e-09
74 7.1777343750000000e-02 4.4344996755378008e-03 4.4345014325410867e-03 -1.7570032859182128e-09
75 7.2753906250000000e-02 4.5464057306934405e-03 4.5464075327511745e-03 -1.8020577339378230e-09
76 7.3730468750000000e-02 4.6594459737549845e-03 4.6594478213513070e-03 -1.8475963224628966e-09
77 7.4707031250000000e-02 4.7736108754793255e-03 4.7736127690950654e-03 -1.8936157399063180e-09
78 7.5683593750000000e-02 4.8888909284294096e-03 4.8888928685420852e-03 -1.9401126755483333e-09
79 7.6660156250000000e-02 5.0052766469742384e-03 5.0052786340580580e-03 -1.9870838195365503e-09
80 7.7636718750000000e-02 5.1227585672888676e-03 5.1227606018147322e-03 -2.0345258646206621e-09
81 7.8613281250000000e-02 5.2413272473544057e-03 5.2413293297899118e-03 -2.0824355061524469e-09
82 7.9589843750000000e-02 5.3609732669580171e-03 5.3609753977674575e-03 -2.1308094403510447e-09
83 8.0566406250000000e-02 5.4816872276929217e-03 5.4816894073372834e-03 -2.1796443617008721e-09
84 8.1542968750000000e-02 5.6034597529583926e-03 5.6034619818953624e-03 -2.2289369698905159e-09
85 8.2519531250000000e-02 5.7262814879597609e-03 5.7262837666437211e-03 -2.2786839602717546e-09
86 8.3496093750000000e-02 5.8501430997084094e-03 5.8501454285904437e-03 -2.3288820342678984e-09
87 8.4472656250000000e-02 5.9750352770217771e-03 5.9750376565496704e-03 -2.3795278933022579e-09
88 8.5449218750000000e-02 6.1009487305233572e-03 6.1009511611415925e-03 -2.4306182353286965e-09
89 8.6425781250000000e-02 6.2278741926426948e-03 6.2278766747924643e-03 -2.4821497695767802e-09
90 8.7402343750000000e-02 6.3558024176153969e-03 6.3558049517345918e-03 -2.5341191948677344e-09
91 8.8378906250000000e-02 6.4847241814831201e-03 6.4847267680063388e-03 -2.5865232186964016e-09
92 8.9355468750000000e-02 6.6146302820935783e-03 6.6146329214521226e-03 -2.6393585442208156e-09
93 9.0332031250000000e-02 6.7455115391005429e-03 6.7455142317224166e-03 -2.6926218737316487e-09
94 9.1308593750000000e-02 6.8773587939638375e-03 6.8773615402737539e-03 -2.7463099164584670e-09
95 9.2285156250000000e-02 7.0101629099493436e-03 7.0101657103687192e-03 -2.8004193755593043e-09
96 9.3261718750000000e-02 7.1439147721289913e-03 7.1439176270759559e-03 -2.8549469646005354e-09
97 9.4238281250000000e-02 7.2786052873807690e-03 7.2786081972701592e-03 -2.9098893902096412e-09
98 9.5214843750000000e-02 7.4142253843887144e-03 7.4142283496320847e-03 -2.9652433702898051e-09
99 9.6191406250000000e-02 7.5507660136429240e-03 7.5507690346485442e-03 -3.0210056201421254e-09
100 9.7167968750000000e-02 7.6882181474395442e-03 7.6882212246124028e-03 -3.0771728585371472e-09
101 9.8144531250000000e-02 7.8265727798807836e-03 7.8265759136225792e-03 -3.1337417955717983e-09
102 9.9121093750000000e-02 7.9658209268749069e-03 7.9658241175840517e-03 -3.1907091448124536e-09
103 1.0009765625000000e-01 8.1059536261362305e-03 8.1059568742078546e-03 -3.2480716241622964e-09
104 1.0107421875000000e-01 8.2469619371851235e-03 8.2469652430110767e-03 -3.3058259532592338e-09
105 1.0205078125000000e-01 8.3888369413480136e-03 8.3888403053168654e-03 -3.3639688517411725e-09
106 1.0302734375000000e-01 8.5315697417573822e-03 8.5315731642544163e-03 -3.4224970340418492e-09
107 1.0400390625000000e-01 8.6751514633517622e-03 8.6751549447589924e-03 -3.4814072302075116e-09
108 1.0498046875000000e-01 8.8195732528757471e-03 8.8195767935719035e-03 -3.5406961564066197e-09
109 1.0595703125000000e-01 8.9648262788799820e-03 8.9648298792405160e-03 -3.6003605340118039e-09
110 1.0693359375000000e-01 9.1109017317211691e-03 9.1109053921182587e-03 -3.6603970895998650e-09
111 1.0791015625000000e-01 9.2577908235620676e-03 9.2577945443646087e-03 -3.7208025410739864e-09
112 1.0888671875000000e-01 9.4054847883714814e-03 9.4054885699451033e-03 -3.7815736219498630e-09
113 1.0986328125000000e-01 9.5539748819242713e-03 9.5539787246313353e-03 -3.8427070640084660e-09
114 1.1083984375000000e-01 9.7032523818013552e-03 9.7032562860009507e-03 -3.9041995955613196e-09
115 1.1181640625000000e-01 9.8533085873896940e-03 9.8533125534376546e-03 -3.9660479605324594e-09
116 1.1279296875000000e-01 1.0004134819882309e-02 1.0004138848131210e-02 -4.0282489011111977e-09
117 1.1376953125000000e-01 1.0155722422278286e-02 1.0155726513077428e-02 -4.0907991421396117e-09
118 1.1474609375000000e-01 1.0308062759382749e-02 1.0308066913078180e-02 -4.1536954310111840e-09
119 1.1572265625000000e-01 1.0461147217806889e-02 1.0461151434741396e-02 -4.2169345064457797e-09
120 1.1669921875000000e-01 1.0614967205967937e-02 1.0614971486481059e-02 -4.2805131227757753e-09
121 1.1767578125000000e-01 1.0769514154089180e-02 1.0769518498517205e-02 -4.3444280256599299e-09
122 1.1865234375000000e-01 1.0924779514199947e-02 1.0924783922875934e-02 -4.4086759867778547e-09
123 1.1962890625000000e-01 1.1080754760135630e-02 1.1080759233389394e-02 -4.4732537639313730e-09
124 1.2060546875000000e-01 1.1237431387537666e-02 1.1237435925695791e-02 -4.5381581253306491e-09
125 1.2158203125000000e-01 1.1394800913853554e-02 1.1394805517239391e-02 -4.6033858374511238e-09
126 1.2255859375000000e-01 1.1552854878336854e-02 1.1552859547270507e-02 -4.6689336528904501e-09
127 1.2353515625000000e-01 1.1711584842047176e-02 1.1711589576845519e-02 -4.7347983433282392e-09
128 1.2451171875000000e-01 1.1870982387850176e-02 1.1870987188826853e-02 -4.8009766769746554e-09
129 1.2548828125000000e-01 1.2031039120417565e-02 1.2031043987882999e-02 -4.8674654341829271e-09
130 1.2646484375000000e-01 1.2191746666227101e-02 1.2191751600488498e-02 -4.9342613970410065e-09
131 1.2744140625000000e-01 1.2353096673562599e-02 1.2353101674923948e-02 -5.0013613493715692e-09
132 1.2841796875000000e-01 1.2515080812513936e-02 1.2515085881275999e-02 -5.0687620628542263e-09
133 1.2939453125000000e-01 1.2677690774977044e-02 1.2677695911437368e-02 -5.1364603230463768e-09
134 1.3037109375000000e-01 1.2840918274653907e-02 1.2840923479106812e-02 -5.2044529050970789e-09
135 1.3134765625000000e-01 1.3004755047052560e-02 1.3004760319789161e-02 -5.2727366015026256e-09
136 1.3232421875000000e-01 1.3169192849487093e-02 1.3169198190795289e-02 -5.3413081960856923e-09
137 1.3330078125000000e-01 1.3334223461077649e-02 1.3334228871242125e-02 -5.4101644761384016e-09
138 1.3427734375000000e-01 1.3499838682750429e-02 1.3499844162052663e-02 -5.4793022341570463e-09
139 1.3525390625000000e-01 1.3666030337237688e-02 1.3666035885955944e-02 -5.5487182556990255e-09
140 1.3623046875000000e-01 1.3832790269077739e-02 1.3832795887487077e-02 -5.6184093384648026e-09
141 1.3720703125000000e-01 1.4000110344614946e-02 1.4000116032987214e-02 -5.6883722680117765e-09
142 1.3818359375000000e-01 1.4167982451999727e-02 1.4167988210603560e-02 -5.7586038333667933e-09
143 1.3916015625000000e-01 1.4336398501188546e-02 1.4336404330289395e-02 -5.8291008495775509e-09
144 1.4013671875000000e-01 1.4505350423943922e-02 1.4505356323804038e-02 -5.8998601160792363e-09
145 1.4111328125000000e-01 1.4674830173834426e-02 1.4674836144712869e-02 -5.9708784427153772e-09
146 1.4208984375000000e-01 1.4844829726234679e-02 1.4844835768387328e-02 -6.0421526497378419e-09
147 1.4306640625000000e-01 1.5015341078325360e-02 1.5015347192004903e-02 -6.1136795435207114e-09
148 1.4404296875000000e-01 1.5186356249093202e-02 1.5186362434549145e-02 -6.1854559425811306e-09
149 1.4501953125000000e-01 1.5357867279330990e-02 1.5357873536809657e-02 -6.2574786671709681e-09
150 1.4599609375000000e-01 1.5529866231637556e-02 1.5529872561382092e-02 -6.3297445358073690e-09
151 1.4697265625000000e-01 1.5702345190417792e-02 1.5702351592668175e-02 -6.4022503826199895e-09
152 1.4794921875000000e-01 1.5875296261882624e-02 1.5875302736875672e-02 -6.4749930486773799e-09
153 1.4892578125000000e-01 1.6048711574049027e-02 1.6048718122018413e-02 -6.5479693854564314e-09
154 1.4990234375000000e-01 1.6222583276740032e-02 1.6222589897916282e-02 -6.6211762496382054e-09
155 1.5087890625000000e-01 1.6396903541584719e-02 1.6396910236195213e-02 -6.6946104944343165e-09
156 1.5185546875000000e-01 1.6571664562018227e-02 1.6571671330287207e-02 -6.7682689799952733e-09
157 1.5283203125000000e-01 1.6746858553281761e-02 1.6746865395430310e-02 -6.8421485491243494e-09
158 1.5380859375000000e-01 1.6922477752422574e-02 1.6922484668668636e-02 -6.9162460619720534e-09
159 1.5478515625000000e-01 1.7098514418293957e-02 1.7098521408852336e-02 -6.9905583786888936e-09
160 1.5576171875000000e-01 1.7274960831555247e-02 1.7274967896637634e-02 -7.0650823871809543e-09
161 1.5673828125000000e-01 1.7451809294671827e-02 1.7451816434486813e-02 -7.1398149857626603e-09
162 1.5771484375000000e-01 1.7629052131915145e-02 1.7629059346668193e-02 -7.2147530484623079e-09
163 1.5869140625000000e-01 1.7806681689362697e-02 1.7806688979256156e-02 -7.2898934597165344e-09
164 1.5966796875000000e-01 1.7984690334898055e-02 1.7984697700131155e-02 -7.3652331004925298e-09
165 1.6064453125000000e-01 1.8163070458210830e-02 1.8163077898979689e-02 -7.4407688586963783e-09
166 1.6162109375000000e-01 1.8341814470796681e-02 1.8341821987294300e-02 -7.5164976187647170e-09
167 1.6259765625000000e-01 1.8520914805957318e-02 1.8520922398373607e-02 -7.5924162894203118e-09
168 1.6357421875000000e-01 1.8700363918800516e-02 1.8700371587322268e-02 -7.6685217516303528e-09
169 1.6455078125000000e-01 1.8880154286240097e-02 1.8880162031051011e-02 -7.7448109141176058e-09
170 1.6552734375000000e-01 1.9060278406995944e-02 1.9060286228276616e-02 -7.8212806717270489e-09
171 1.6650390625000000e-01 1.9240728801593984e-02 1.9240736699521904e-02 -7.8979279193036600e-09
172 1.6748046875000000e-01 1.9421498012366211e-02 1.9421505987115777e-02 -7.9747495655702050e-09
173 1.6845703125000000e-01 1.9602578603450663e-02 1.9602586655193172e-02 -8.0517425088411088e-09
174 1.6943359375000000e-01 1.9783963160791423e-02 1.9783971289695092e-02 -8.1289036682474780e-09
175 1.7041015625000000e-01 1.9965644292138634e-02 1.9965652498368593e-02 -8.2062299594509724e-09
176 1.7138671875000000e-01 2.0147614627048491e-02 2.0147622910766785e-02 -8.2837182946438048e-09
177 1.7236328125000000e-01 2.0329866816883233e-02 2.0329875178248847e-02 -8.3613656137737635e-09
178 1.7333984375000000e-01 2.0512393534811168e-02 2.0512401973979993e-02 -8.4391688255636144e-09
179 1.7431640625000000e-01 2.0695187475806637e-02 2.0695195992931504e-02 -8.5171248664916988e-09
180 1.7529296875000000e-01 2.0878241356650052e-02 2.0878249951880722e-02 -8.5952306695669112e-09
181 1.7626953125000000e-01 2.1061547915927865e-02 2.1061556589411029e-02 -8.6734831643286991e-09
182 1.7724609375000000e-01 2.1245099914032572e-02 2.1245108665911883e-02 -8.7518793115415328e-09
183 1.7822265625000000e-01 2.1428890133162737e-02 2.1428898963578788e-02 -8.8304160511532004e-09
184 1.7919921875000000e-01 2.1612911377322960e-02 2.1612920286413293e-02 -8.9090903335198313e-09
185 1.8017578125000000e-01 2.1797156472323900e-02 2.1797165460223023e-02 -8.9878991228753424e-09
186 1.8115234375000000e-01 2.1981618265782276e-02 2.1981627332621642e-02 -9.0668393661064162e-09
187 1.8212890625000000e-01 2.2166289627120861e-02 2.2166298773028885e-02 -9.1459080239775226e-09
188 1.8310546875000000e-01 2.2351163447568472e-02 2.2351172672670533e-02 -9.2251020607225787e-09
189 1.8408203125000000e-01 2.2536232640160001e-02 2.2536241944578421e-02 -9.3044184197588198e-09
190 1.8505859375000000e-01 2.2721490139736372e-02 2.2721499523590444e-02 -9.3838540722590569e-09
191 1.8603515625000000e-01 2.2906928902944559e-02 2.2906938366350563e-02 -9.4634060032738887e-09
192 1.8701171875000000e-01 2.3092541908237597e-02 2.3092551451308774e-02 -9.5430711770372323e-09
193 1.8798828125000000e-01 2.3278322155874581e-02 2.3278331778721142e-02 -9.6228465612524516e-09
194 1.8896484375000000e-01 2.3464262667920642e-02 2.3464272370649780e-02 -9.7027291375006985e-09
195 1.8994140625000000e-01 2.3650356488246978e-02 2.3650366270962876e-02 -9.7827158977714657e-09
196 1.9091796875000000e-01 2.3836596682530832e-02 2.3836606545334649e-02 -9.8628038167070109e-09
197 1.9189453125000000e-01 2.4022976338255498e-02 2.4022986281245384e-02 -9.9429898862968269e-09
198 1.9287109375000000e-01 2.4209488564710335e-02 2.4209498587981434e-02 -1.0023271098530406e-08
199 1.9384765625000000e-01 2.4396126492990729e-02 2.4396136596635188e-02 -1.0103644459275030e-08
200 1.9482421875000000e-01 2.4582883275998117e-02 2.4582893460105101e-02 -1.0184106984806318e-08
201 1.9580078125000000e-01 2.4769752088439963e-02 2.4769762353095685e-02 -1.0264655722624916e-08
202 1.9677734375000000e-01 2.4956726126829795e-02 2.4956736472117498e-02 -1.0345287702884232e-08
203 1.9775390625000000e-01 2.5143798609487185e-02 2.5143809035487175e-02 -1.0425999990432144e-08
204 1.9873046875000000e-01 2.5330962776537760e-02 2.5330973283327382e-02 -1.0506789622360957e-08
205 1.9970703125000000e-01 2.5518211889913222e-02 2.5518222477566854e-02 -1.0587653632293526e-08
206 2.0068359375000000e-01 2.5705539233351317e-02 2.5705549901940378e-02 -1.0668589060791600e-08
207 2.0166015625000000e-01 2.5892938112395830e-02 2.5892948861988802e-02 -1.0749592972703059e-08
208 2.0263671875000000e-01 2.6080401854396591e-02 2.6080412685059035e-02 -1.0830662443284123e-08
209 2.0361328125000000e-01 2.6267923808509484e-02 2.6267934720304021e-02 -1.0911794537382669e-08
210 2.0458984375000000e-01 2.6455497345696449e-02 2.6455508338682775e-02 -1.0992986326785470e-08
211 2.0556640625000000e-01 2.6643115858725485e-02 2.6643126932960372e-02 -1.1074234886748746e-08
212 2.0654296875000000e-01 2.6830772762170618e-02 2.6830783917707927e-02 -1.1155537309875951e-08
213 2.0751953125000000e-01 2.7018461492411931e-02 2.7018472729302627e-02 -1.1236890695709434e-08
214 2.0849609375000000e-01 2.7206175507635572e-02 2.7206186825927701e-02 -1.1318292129913754e-08
215 2.0947265625000000e-01 2.7393908287833720e-02 2.7393919687572446e-02 -1.1399738725909048e-08
216 2.1044921875000000e-01 2.7581653334804623e-02 2.7581664816032213e-02 -1.1481227590176557e-08
217 2.1142578125000000e-01 2.7769404172152568e-02 2.7769415734908407e-02 -1.1562755839605865e-08
218 2.1240234375000000e-01 2.7957154345287893e-02 2.7957165989608467e-02 -1.1644320573739320e-08
219 2.1337890625000000e-01 2.8144897421427003e-02 2.8144909147345937e-02 -1.1725918933752633e-08
220 2.1435546875000000e-01 2.8332626989592363e-02 2.8332638797140364e-02 -1.1807548001840917e-08
221 2.1533203125000000e-01 2.8520336660612475e-02 2.8520348549817397e-02 -1.1889204922649332e-08
222 2.1630859375000000e-01 2.8708020067121889e-02 2.8708032038008705e-02 -1.1970886816536908e-08
223 2.1728515625000000e-01 2.8895670863561210e-02 2.8895682916152028e-02 -1.2052590817740461e-08
224 2.1826171875000000e-01 2.9083282726177082e-02 2.9083294860491167e-02 -1.2134314084782938e-08
225 2.1923828125000000e-01 2.9270849353022182e-02 2.9270861569075959e-02 -1.2216053776187286e-08
226 2.2021484375000000e-01 2.9458364463955250e-02 2.9458376761762332e-02 -1.2297807081701473e-08
227 2.2119140625000000e-01 2.9645821800641070e-02 2.9645834180212226e-02 -1.2379571156378999e-08
228 2.2216796875000000e-01 2.9833215126550496e-02 2.9833227587893675e-02 -1.2461343179559492e-08
229 2.2314453125000000e-01 3.0020538226960443e-02 3.0020550770080746e-02 -1.2543120302827004e-08
230 2.2412109375000000e-01 3.0207784908953872e-02 3.0207797533853577e-02 -1.2624899705521164e-08
231 2.2509765625000000e-01 3.0394949001419785e-02 3.0394961708098342e-02 -1.2706678556573259e-08
232 2.2607421875000000e-01 3.0582024355053229e-02 3.0582037143507292e-02 -1.2788454063078492e-08
233 2.2705078125000000e-01 3.0769004842355317e-02 3.0769017712578721e-02 -1.2870223404376491e-08
234 2.2802734375000000e-01 3.0955884357633204e-02 3.0955897309616988e-02 -1.2951983784093013e-08
235 2.2900390625000000e-01 3.1142656817000111e-02 3.1142669850732493e-02 -1.3033732381567686e-08
236 2.2998046875000000e-01 3.1329316158375316e-02 3.1329329273841702e-02 -1.3115466386548480e-08
237 2.3095703125000000e-01 3.1515856341484141e-02 3.1515869538667141e-02 -1.3197182999191703e-08
238 2.3193359375000000e-01 3.1702271347857948e-02 3.1702284626737395e-02 -1.3278879447409242e-08
239 2.3291015625000000e-01 3.1888555180834159e-02 3.1888568541387080e-02 -1.3360552920949065e-08
240 2.3388671875000000e-01 3.2074701865556242e-02 3.2074715307756900e-02 -1.3442200658131398e-08
241 2.3486328125000000e-01 3.2260705448973706e-02 3.2260718972793589e-02 -1.3523819883398680e-08
242 2.3583984375000000e-01 3.2446559999842119e-02 3.2446573605249954e-02 -1.3605407835071137e-08
243 2.3681640625000000e-01 3.2632259608723097e-02 3.2632273295684848e-02 -1.3686961751468996e-08
244 2.3779296875000000e-01 3.2817798387984320e-02 3.2817812156463178e-02 -1.3768478857034694e-08
245 2.3876953125000000e-01 3.3003170471799501e-02 3.3003184321755932e-02 -1.3849956431721822e-08
246 2.3974609375000000e-01 3.3188370016148397e-02 3.3188383947540118e-02 -1.3931391720789499e-08
247 2.4072265625000000e-01 3.3373391198816833e-02 3.3373405211598817e-02 -1.4012781983374634e-08
248 2.4169921875000000e-01 3.3558228219396656e-02 3.3558242313521162e-02 -1.4094124506369710e-08
249 2.4267578125000000e-01 3.3742875299285789e-02 3.3742889474702352e-02 -1.4175416562789422e-08
250 2.4365234375000000e-01 3.3927326681688193e-02 3.3927340938343639e-02 -1.4256655446465150e-08
251 2.4462890625000000e-01 3.4111576631613877e-02 3.4111590969452314e-02 -1.4337838437350481e-08
252 2.4560546875000000e-01 3.4295619435878923e-02 3.4295633854841745e-02 -1.4418962822337900e-08
253 2.4658203125000000e-01 3.4479449403105468e-02 3.4479463903131342e-02 -1.4500025874442102e-08
254 2.4755859375000000e-01 3.4663060863721687e-02 3.4663075444746581e-02 -1.4581024894433359e-08
255 2.4853515625000000e-01 3.4846448169961783e-02 3.4846462831918987e-02 -1.4661957203898623e-08
256 2.4951171875000000e-01 3.5029605695866044e-02 3.5029620438686140e-02 -1.4742820096669274e-08
257 2.5048828125000000e-01 3.5212527837280773e-02 3.5212542660891695e-02 -1.4823610922087838e-08
258 2.5146484375000000e-01 3.5395209011858317e-02 3.5395223916185319e-02 -1.4904327001741269e-08
259 2.5244140625000000e-01 3.5577643659057086e-02 3.5577658644022778e-02 -1.4984965691910990e-08
260 2.5341796875000000e-01 3.5759826240141526e-02 3.5759841305665882e-02 -1.5065524355817317e-08
261 2.5439453125000000e-01 3.5941751238182169e-02 3.5941766384182491e-02 -1.5146000321986097e-08
262 2.5537109375000000e-01 3.6123413158055548e-02 3.6123428384446522e-02 -1.5226390974454329e-08
263 2.5634765625000000e-01 3.6304806526444272e-02 3.6304821833137949e-02 -1.5306693676442329e-08
264 2.5732421875000000e-01 3.6485925891836989e-02 3.6485941278742794e-02 -1.5386905805048201e-08
265 2.5830078125000000e-01 3.6666765824528373e-02 3.6666781291553152e-02 -1.5467024779003413e-08
266 2.5927734375000000e-01 3.6847320916619124e-02 3.6847336463667162e-02 -1.5547048037856115e-08
267 2.6025390625000000e-01 3.7027585782016009e-02 3.7027601408989023e-02 -1.5626973014215562e-08
268 2.6123046875000000e-01 3.7207555056431807e-02 3.7207570763228996e-02 -1.5706797189263266e-08
269 2.6220703125000000e-01 3.7387223397385393e-02 3.7387239183903374e-02 -1.5786517981730697e-08
270 2.6318359375000000e-01 3.7566585484201706e-02 3.7566601350334544e-02 -1.5866132838104896e-08
271 2.6416015625000000e-01 3.7745636018011716e-02 3.7745651963650900e-02 -1.5945639184056226e-08
272 2.6513671875000000e-01 3.7924369721752435e-02 3.7924385746786943e-02 -1.6025034507705094e-08
273 2.6611328125000000e-01 3.8102781340166911e-02 3.8102797444483194e-02 -1.6104316283294118e-08
274 2.6708984375000000e-01 3.8280865639804262e-02 3.8280881823286234e-02 -1.6183481971188129e-08
275 2.6806640625000000e-01 3.8458617409019631e-02 3.8458633671548725e-02 -1.6262529094202005e-08
276 2.6904296875000000e-01 3.8636031457974222e-02 3.8636047799429356e-02 -1.6341455133517258e-08
277 2.7001953125000000e-01 3.8813102618635277e-02 3.8813119038892896e-02 -1.6420257618887657e-08
278 2.7099609375000000e-01 3.8989825744776101e-02 3.8989842243710139e-02 -1.6498934038433610e-08
279 2.7197265625000000e-01 3.9166195711976041e-02 3.9166212289457963e-02 -1.6577481921908888e-08
280 2.7294921875000000e-01 3.9342207417620477e-02 3.9342224073519304e-02 -1.6655898826822835e-08
281 2.7392578125000000e-01 3.9517855780900862e-02 3.9517872515083118e-02 -1.6734182255173646e-08
282 2.7490234375000000e-01 3.9693135742814675e-02 3.9693152555144461e-02 -1.6812329785287350e-08
283 2.7587890625000000e-01 3.9868042266165457e-02 3.9868059156504411e-02 -1.6890338953856610e-08
284 2.7685546875000000e-01 4.0042570335562799e-02 4.0042587303770125e-02 -1.6968207325329665e-08
285 2.7783203125000000e-01 4.0216714957422371e-02 4.0216732003354794e-02 -1.7045932422521393e-08
286 2.7880859375000000e-01 4.0390471159965878e-02 4.0390488283477702e-02 -1.7123511823757820e-08
287 2.7978515625000000e-01 4.0563833993221048e-02 4.0563851194164141e-02 -1.7200943093487187e-08
288 2.8076171875000000e-01 4.0736798529021692e-02 4.0736815807245481e-02 -1.7278223789218838e-08
289 2.8173828125000000e-01 4.0909359861007639e-02 4.0909377216359170e-02 -1.7355351530912166e-08
290 2.8271484375000000e-01 4.1081513104624767e-02 4.1081530536948671e-02 -1.7432323903832092e-08
291 2.8369140625000000e-01 4.1253253397124996e-02 4.1253270906263531e-02 -1.7509138534876900e-08
292 2.8466796875000000e-01 4.1424575897566297e-02 4.1424593483359341e-02 -1.7585793044005982e-08
293 2.8564453125000000e-01 4.1595475786812719e-02 4.1595493449097763e-02 -1.7662285044239834e-08
294 2.8662109375000000e-01 4.1765948267534353e-02 4.1765966006146481e-02 -1.7738612127782272e-08
295 2.8759765625000000e-01 4.1935988564207348e-02 4.1936006378979276e-02 -1.7814771928470474e-08
296 2.8857421875000000e-01 4.2105591923113882e-02 4.2105609813875976e-02 -1.7890762094019408e-08
297 2.8955078125000000e-01 4.2274753612342189e-02 4.2274771578922420e-02 -1.7966580230510676e-08
298 2.9052734375000000e-01 4.2443468921786569e-02 4.2443486964010568e-02 -1.8042223999537033e-08
299 2.9150390625000000e-01 4.2611733163147349e-02 4.2611751280838397e-02 -1.8117691048813445e-08
300 2.9248046875000000e-01 4.2779541669930927e-02 4.2779559862909940e-02 -1.8192979012177091e-08
301 2.9345703125000000e-01 4.2946889797449754e-02 4.2946908065535305e-02 -1.8268085551220725e-08
302 2.9443359375000000e-01 4.3113772922822320e-02 4.3113791265830648e-02 -1.8343008327537103e-08
303 2.9541015625000000e-01 4.3280186444973182e-02 4.3280204862718163e-02 -1.8417744981902295e-08
304 2.9638671875000000e-01 4.3446125784632923e-02 4.3446144276926134e-02 -1.8492293210603528e-08
305 2.9736328125000000e-01 4.3611586384338159e-02 4.3611604950988869e-02 -1.8566650709928023e-08
306 2.9833984375000000e-01 4.3776563708431561e-02 4.3776582349246751e-02 -1.8640815190040794e-08
307 2.9931640625000000e-01 4.3941053243061842e-02 4.3941071957846210e-02 -1.8714784368045745e-08
308 3.0029296875000000e-01 4.4105050496183767e-02 4.4105069284739729e-02 -1.8788555961046782e-08
309 3.0126953125000000e-01 4.4268550997558151e-02 4.4268569859685872e-02 -1.8862127720842281e-08
310 3.0224609375000000e-01 4.4431550298751864e-02 4.4431569234249214e-02 -1.8935497350658359e-08
311 3.0322265625000000e-01 4.4594043973137786e-02 4.4594062981800429e-02 -1.9008662643926755e-08
312 3.0419921875000000e-01 4.4756027615894894e-02 4.4756046697516233e-02 -1.9081621338568056e-08
313 3.0517578125000000e-01 4.4917496844008149e-02 4.4917515998379370e-02 -1.9154371221075106e-08
314 3.0615234375000000e-01 4.5078447296268524e-02 4.5078466523178692e-02 -1.9226910168146372e-08
315 3.0712890625000000e-01 4.5238874633273078e-02 4.5238893932509051e-02 -1.9299235973213591e-08
316 3.0810546875000000e-01 4.5398774537424885e-02 4.5398793908771412e-02 -1.9371346526853017e-08
317 3.0908203125000000e-01 4.5558142712933104e-02 4.5558162156172748e-02 -1.9443239643313071e-08
318 3.1005859375000000e-01 4.5716974885812965e-02 4.5716994400726109e-02 -1.9514913143781065e-08
319 3.1103515625000000e-01 4.5875266803885734e-02 4.5875286390250604e-02 -1.9586364870260997e-08
320 3.1201171875000000e-01 4.6033014236778712e-02 4.6033033894371397e-02 -1.9657592685573544e-08
321 3.1298828125000000e-01 4.6190212975925259e-02 4.6190232704519670e-02 -1.9728594410906020e-08
322 3.1396484375000000e-01 4.6346858834564762e-02 4.6346878633932748e-02 -1.9799367985406935e-08
323 3.1494140625000000e-01 4.6502947647742675e-02 4.6502967517653912e-02 -1.9869911237202498e-08
324 3.1591796875000000e-01 4.6658475272310498e-02 4.6658495212532555e-02 -1.9940222056868961e-08
325 3.1689453125000000e-01 4.6813437586925764e-02 4.6813457597224148e-02 -2.0010298383554836e-08
326 3.1787109375000000e-01 4.6967830492052075e-02 4.6967850572190141e-02 -2.0080138066203013e-08
327 3.1884765625000000e-01 4.7121649909959047e-02 4.7121670059698105e-02 -2.0149739057839788e-08
328 3.1982421875000000e-01 4.7274891784722335e-02 4.7274912003821654e-02 -2.0219099318430356e-08
329 3.2080078125000000e-01 4.7427552082223594e-02 4.7427572370440423e-02 -2.0288216828756589e-08
330 3.2177734375000000e-01 4.7579626790150542e-02 4.7579647147240160e-02 -2.0357089618172619e-08
331 3.2275390625000000e-01 4.7731111917996956e-02 4.7731132343712623e-02 -2.0425715667460320e-08
332 3.2373046875000000e-01 4.7882003497062654e-02 4.7882023991155660e-02 -2.0494093005973824e-08
333 3.2470703125000000e-01 4.8032297580453548e-02 4.8032318142673128e-02 -2.0562219579800534e-08
334 3.2568359375000000e-01 4.8181990243081577e-02 4.8182010873174981e-02 -2.0630093404416794e-08
335 3.2666015625000000e-01 4.8331077581664703e-02 4.8331098279377233e-02 -2.0697712529993417e-08
336 3.2763671875000000e-01 4.8479555714726945e-02 4.8479576479801910e-02 -2.0765074965067853e-08
337 3.2861328125000000e-01 4.8627420782598331e-02 4.8627441614777139e-02 -2.0832178808383173e-08
338 3.2958984375000000e-01 4.8774668947414966e-02 4.8774689846437083e-02 -2.0899022117049082e-08
339 3.3056640625000000e-01 4.8921296393119026e-02 4.8921317358721954e-02 -2.0965602927358606e-08
340 3.3154296875000000e-01 4.9067299325458703e-02 4.9067320357378041e-02 -2.1031919338054816e-08
341 3.3251953125000000e-01 4.9212673971988238e-02 4.9212695069957672e-02 -2.1097969434002994e-08
342 3.3349609375000000e-01 4.9357416582067895e-02 4.9357437745819223e-02 -2.1163751327823999e-08
343 3.3447265625000000e-01 4.9501523426864022e-02 4.9501544656127161e-02 -2.1229263139077581e-08
344 3.3544921875000000e-01 4.9644990799348983e-02 4.9645012093851977e-02 -2.1294502994262388e-08
345 3.3642578125000000e-01 4.9787815014301219e-02 4.9787836373770218e-02 -2.1359468999060383e-08
346 3.3740234375000000e-01 4.9929992408305195e-02 4.9930013832464495e-02 -2.1424159300786894e-08
347 3.3837890625000000e-01 5.0071519339751444e-02 5.0071540828323498e-02 -2.1488572053696142e-08
348 3.3935546875000000e-01 5.0212392188836573e-02 5.0212413741541943e-02 -2.1552705370408987e-08
349 3.4033203125000000e-01 5.0352607357563209e-02 5.0352628974120593e-02 -2.1616557384362967e-08
350 3.4130859375000000e-01 5.0492161269740023e-02 5.0492182949866300e-02 -2.1680126277567879e-08
351 3.4228515625000000e-01 5.0631050370981735e-02 5.0631072114391967e-02 -2.1743410232033522e-08
352 3.4326171875000000e-01 5.0769271128709104e-02 5.0769292935116506e-02 -2.1806407402014116e-08
353 3.4423828125000000e-01 5.0906820032148879e-02 5.0906841901264932e-02 -2.1869116052786186e-08
354 3.4521484375000000e-01 5.1043693592333905e-02 5.1043715523868334e-02 -2.1931534428809574e-08
355 3.4619140625000000e-01 5.1179888342103068e-02 5.1179910335763787e-02 -2.1993660719032970e-08
356 3.4716796875000000e-01 5.1315400836101283e-02 5.1315422891594492e-02 -2.2055493209549581e-08
357 3.4814453125000000e-01 5.1450227650779577e-02 5.1450249767809667e-02 -2.2117030089308098e-08
358 3.4912109375000000e-01 5.1584365384395009e-02 5.1584387562664577e-02 -2.2178269568073894e-08
359 3.5009765625000000e-01 5.1717810657010643e-02 5.1717832896220582e-02 -2.2239209938879068e-08
360 3.5107421875000000e-01 5.1850560110495630e-02 5.1850582410345063e-02 -2.2299849432305674e-08
361 3.5205078125000000e-01 5.1982610408525157e-02 5.1982632768711484e-02 -2.2360186327508025e-08
362 3.5302734375000000e-01 5.2113958236580445e-02 5.2113980656799355e-02 -2.2420218910579326e-08
363 3.5400390625000000e-01 5.2244600301948774e-02 5.2244622781894214e-02 -2.2479945439857207e-08
364 3.5498046875000000e-01 5.2374533333723522e-02 5.2374555873087703e-02 -2.2539364180618193e-08
365 3.5595703125000000e-01 5.2503754082804055e-02 5.2503776681277467e-02 -2.2598473412016595e-08
366 3.5693359375000000e-01 5.2632259321895837e-02 5.2632281979167264e-02 -2.2657271427084513e-08
367 3.5791015625000000e-01 5.2760045845510320e-02 5.2760068561266867e-02 -2.2715756546609622e-08
368 3.5888671875000000e-01 5.2887110469965040e-02 5.2887133243892132e-02 -2.2773927091379598e-08
369 3.5986328125000000e-01 5.3013450033383536e-02 5.3013472865164918e-02 -2.2831781382182115e-08
370 3.6083984375000000e-01 5.3139061395695443e-02 5.3139084285013238e-02 -2.2889317795316000e-08
371 3.6181640625000000e-01 5.3263941438636400e-02 5.3263964385171045e-02 -2.2946534644630034e-08
372 3.6279296875000000e-01 5.3388087065748137e-02 5.3388110069178422e-02 -2.3003430285606363e-08
373 3.6376953125000000e-01 5.3511495202378412e-02 5.3511518262381513e-02 -2.3060003101482707e-08
374 3.6474609375000000e-01 5.3634162795681013e-02 5.3634185911932475e-02 -2.3116251461618997e-08
375 3.6572265625000000e-01 5.3756086814615779e-02 5.3756109986789528e-02 -2.3172173749252956e-08
376 3.6669921875000000e-01 5.3877264249948584e-02 5.3877287477716994e-02 -2.3227768410072347e-08
377 3.6767578125000000e-01 5.3997692114251379e-02 5.3997715397285186e-02 -2.3283033806498210e-08
378 3.6865234375000000e-01 5.4117367441902139e-02 5.4117390779870524e-02 -2.3337968384218311e-08
379 3.6962890625000000e-01 5.4236287289084875e-02 5.4236310681655443e-02 -2.3392570568103732e-08
380 3.7060546875000000e-01 5.4354448733789688e-02 5.4354472180628485e-02 -2.3446838796903346e-08
381 3.7158203125000000e-01 5.4471848875812731e-02 5.4471872376584185e-02 -2.3500771453854874e-08
382 3.7255859375000000e-01 5.4588484836756171e-02 5.4588508391123190e-02 -2.3554367019340550e-08
383 3.7353515625000000e-01 5.4704353760028246e-02 5.4704377367652192e-02 -2.3607623945987033e-08
384 3.7451171875000000e-01 5.4819452810843217e-02 5.4819476471383882e-02 -2.3660540665604302e-08
385 3.7548828125000000e-01 5.4933779176221380e-02 5.4933802889337101e-02 -2.3713115721024636e-08
386 3.7646484375000000e-01 5.5047330064989096e-02 5.5047353830336647e-02 -2.3765347550996907e-08
387 3.7744140625000000e-01 5.5160102707778734e-02 5.5160126525013474e-02 -2.3817234739986759e-08
388 3.7841796875000000e-01 5.5272094357028727e-02 5.5272118225804502e-02 -2.3868775775315321e-08
389 3.7939453125000000e-01 5.5383302286983578e-02 5.5383326206952757e-02 -2.3919969178998191e-08
390 3.8037109375000000e-01 5.5493723793693869e-02 5.5493747764507328e-02 -2.3970813459173179e-08
391 3.8134765625000000e-01 5.5603356195016211e-02 5.5603380216323314e-02 -2.4021307103161416e-08
392 3.8232421875000000e-01 5.5712196830613230e-02 5.5712220902061911e-02 -2.4071448681550756e-08
393 3.8330078125000000e-01 5.5820243061953621e-02 5.5820267183190372e-02 -2.4121236751051267e-08
394 3.8427734375000000e-01 5.5927492272312140e-02 5.5927516442981953e-02 -2.4170669812861867e-08
395 3.8525390625000000e-01 5.6033941866769577e-02 5.6033966086516049e-02 -2.4219746472264880e-08
396 3.8623046875000000e-01 5.6139589272212770e-02 5.6139613540678035e-02 -2.4268465265153694e-08
397 3.8720703125000000e-01 5.6244431937334631e-02 5.6244456254159393e-02 -2.4316824762116163e-08
398 3.8818359375000000e-01 5.6348467332634100e-02 5.6348491697457606e-02 -2.4364823505984567e-08
399 3.8916015625000000e-01 5.6451692950416188e-02 5.6451717362876297e-02 -2.4412460108980127e-08
400 3.9013671875000000e-01 5.6554106304791907e-02 5.6554130764525062e-02 -2.4459733155568486e-08
401 3.9111328125000000e-01 5.6655704931678319e-02 5.6655729438319598e-02 -2.4506641278787544e-08
402 3.9208984375000000e-01 5.6756486388798530e-02 5.6756510941981642e-02 -2.4553183111675203e-08
403 3.9306640625000000e-01 5.6856448255681674e-02 5.6856472855038996e-02 -2.4599357321963833e-08
404 3.9404296875000000e-01 5.6955588133662978e-02 5.6955612778825507e-02 -2.4645162528813547e-08
405 3.9501953125000000e-01 5.7053903645883662e-02 5.7053928336481097e-02 -2.4690597434651185e-08
406 3.9599609375000000e-01 5.7151392437291004e-02 5.7151417172951711e-02 -2.4735660707209117e-08
407 3.9697265625000000e-01 5.7248052174638374e-02 5.7248076954989395e-02 -2.4780351021158609e-08
408 3.9794921875000000e-01 5.7343880546485093e-02 5.7343905371152193e-02 -2.4824667099743181e-08
409 3.9892578125000000e-01 5.7438875263196562e-02 5.7438900131804270e-02 -2.4868607707839718e-08
410 3.9990234375000000e-01 5.7533034056944161e-02 5.7533058969115779e-02 -2.4912171617264001e-08
411 4.0087890625000000e-01 5.7626354681705329e-02 5.7626379637063005e-02 -2.4955357676159640e-08
412 4.0185546875000000e-01 5.7718834913263559e-02 5.7718859911428229e-02 -2.4998164670220202e-08
413 4.0283203125000000e-01 5.7810472549208382e-02 5.7810497589799809e-02 -2.5040591426772618e-08
414 4.0380859375000000e-01 5.7901265408935462e-02 5.7901290491572152e-02 -2.5082636689877091e-08
415 4.0478515625000000e-01 5.7991211333646431e-02 5.7991236457945725e-02 -2.5124299293799446e-08
416 4.0576171875000000e-01 5.8080308186348954e-02 5.8080333351927069e-02 -2.5165578114438869e-08
417 4.0673828125000000e-01 5.8168553851856687e-02 5.8168579058328729e-02 -2.5206472041572336e-08
418 4.0771484375000000e-01 5.8255946236789383e-02 5.8255971483769375e-02 -2.5246979992732399e-08
419 4.0869140625000000e-01 5.8342483269572802e-02 5.8342508556673688e-02 -2.5287100885451608e-08
420 4.0966796875000000e-01 5.8428162900438785e-02 5.8428188227272401e-02 -2.5326833616445832e-08
421 4.1064453125000000e-01 5.8512983101425241e-02 5.8513008467602337e-02 -2.5366177096308729e-08
422 4.1162109375000000e-01 5.8596941866376123e-02 5.8596967271506352e-02 -2.5405130228695061e-08
423 4.1259765625000000e-01 5.8680037210941401e-02 5.8680062654633360e-02 -2.5443691958892956e-08
424 4.1357421875000000e-01 5.8762267172577105e-02 5.8762292654438303e-02 -2.5481861197496070e-08
425 4.1455078125000000e-01 5.8843629810545313e-02 5.8843655330182258e-02 -2.5519636945303681e-08
426 4.1552734375000000e-01 5.8924123205914142e-02 5.8924148762932262e-02 -2.5557018119848340e-08
427 4.1650390625000000e-01 5.9003745461557781e-02 5.9003771055561489e-02 -2.5594003708051538e-08
428 4.1748046875000000e-01 5.9082494702156478e-02 5.9082520332749099e-02 -2.5630592620506931e-08
429 4.1845703125000000e-01 5.9160369074196500e-02 5.9160394740980379e-02 -2.5666783878830479e-08
430 4.1943359375000000e-01 5.9237366745970195e-02 5.9237392448546609e-02 -2.5702576414432521e-08
431 4.2041015625000000e-01 5.9313485907575909e-02 5.9313511645545151e-02 -2.5737969241990122e-08
432 4.2138671875000000e-01 5.9388724770918042e-02 5.9388750543879459e-02 -2.5772961417813711e-08
433 4.2236328125000000e-01 5.9463081569707067e-02 5.9463107377258954e-02 -2.5807551887191416e-08
434 4.2333984375000000e-01 5.9536554559459456e-02 5.9536580401199191e-02 -2.5841739734189240e-08
435 4.2431640625000000e-01 5.9609142017497764e-02 5.9609167893021765e-02 -2.5875524001239825e-08
436 4.2529296875000000e-01 5.9680842242950588e-02 5.9680868151854305e-02 -2.5908903716898024e-08
437 4.2626953125000000e-01 5.9751653556752542e-02 5.9751679498630493e-02 -2.5941877951352055e-08
438 4.2724609375000000e-01 5.9821574301644309e-02 5.9821600276090119e-02 -2.5974445809484603e-08
439 4.2822265625000000e-01 5.9890602842172611e-02 5.9890628848778972e-02 -2.6006606361483886e-08
440 4.2919921875000000e-01 5.9958737564690209e-02 5.9958763603048915e-02 -2.6038358705293696e-08
441 4.3017578125000000e-01 6.0025976877355898e-02 6.0026002947057851e-02 -2.6069701952735613e-08
442 4.3115234375000000e-01 6.0092319210134526e-02 6.0092345310769797e-02 -2.6100635271142369e-08
443 4.3212890625000000e-01 6.0157763014797000e-02 6.0157789145954758e-02 -2.6131157758457757e-08
444 4.3310546875000000e-01 6.0222306764920290e-02 6.0222332926188830e-02 -2.6161268540381144e-08
445 4.3408203125000000e-01 6.0285948955887389e-02 6.0285975146854166e-02 -2.6190966777306368e-08
446 4.3505859375000000e-01 6.0348688104887388e-02 6.0348714325138941e-02 -2.6220251553299434e-08
447 4.3603515625000000e-01 6.0410522750915352e-02 6.0410549000037436e-02 -2.6249122084265331e-08
448 4.3701171875000000e-01 6.0471451454772437e-02 6.0471477732349968e-02 -2.6277577530597895e-08
449 4.3798828125000000e-01 6.0531472799065837e-02 6.0531499104682876e-02 -2.6305617038813178e-08
450 4.3896484375000000e-01 6.0590585388208801e-02 6.0590611721448591e-02 -2.6333239790121699e-08
451 4.3994140625000000e-01 6.0648787848420607e-02 6.0648814208865608e-02 -2.6360445000428445e-08
452 4.4091796875000000e-01 6.0706078827726599e-02 6.0706105214958450e-02 -2.6387231850943937e-08
453 4.4189453125000000e-01 6.0762456995958156e-02 6.0762483409557713e-02 -2.6413599557573164e-08
454 4.4287109375000000e-01 6.0817921044752719e-02 6.0817947484300049e-02 -2.6439547329282220e-08
455 4.4384765625000000e-01 6.0872469687553762e-02 6.0872496152628158e-02 -2.6465074395853883e-08
456 4.4482421875000000e-01 6.0926101659610779e-02 6.0926128149790794e-02 -2.6490180014826503e-08
457 4.4580078125000000e-01 6.0978815717979307e-02 6.0978842232842757e-02 -2.6514863450677328e-08
458 4.4677734375000000e-01 6.1030610641520849e-02 6.1030637180644963e-02 -2.6539124113600376e-08
459 4.4775390625000000e-01 6.1081485230902975e-02 6.1081511793864306e-02 -2.6562961330522938e-08
460 4.4873046875000000e-01 6.1131438308599316e-02 6.1131464894973758e-02 -2.6586374442250094e-08
461 4.4970703125000000e-01 6.1180468718889561e-02 6.1180495328252378e-02 -2.6609362817342497e-08
462 4.5068359375000000e-01 6.1228575327859448e-02 6.1228601959785266e-02 -2.6631925817421909e-08
463 4.5166015625000000e-01 6.1275757023400788e-02 6.1275783677463544e-02 -2.6654062755537833e-08
464 4.5263671875000000e-01 6.1322012715211392e-02 6.1322039390984469e-02 -2.6675773076578757e-08
465 4.5361328125000000e-01 6.1367341334795114e-02 6.1367368031851229e-02 -2.6697056114410866e-08
466 4.5458984375000000e-01 6.1411741835461831e-02 6.1411768553373200e-02 -2.6717911369433800e-08
467 4.5556640625000000e-01 6.1455213192327503e-02 6.1455239930665734e-02 -2.6738338231024894e-08
468 4.5654296875000000e-01 6.1497754402314107e-02 6.1497781160650265e-02 -2.6758336157950424e-08
469 4.5751953125000000e-01 6.1539364484149692e-02 6.1539391262054280e-02 -2.6777904588159984e-08
470 4.5849609375000000e-01 6.1580042478368312e-02 6.1580069275411313e-02 -2.6797043001236531e-08
471 4.5947265625000000e-01 6.1619787447310080e-02 6.1619814263060978e-02 -2.6815750897579704e-08
472 4.6044921875000000e-01 6.1658598475121146e-02 6.1658625309148903e-02 -2.6834027756772461e-08
473 4.6142578125000000e-01 6.1696474667753701e-02 6.1696501519626808e-02 -2.6851873106970015e-08
474 4.6240234375000000e-01 6.1733415152965994e-02 6.1733442022252484e-02 -2.6869286490205369e-08
475 4.6337890625000000e-01 6.1769419080322331e-02 6.1769445966589696e-02 -2.6886267365244798e-08
476 4.6435546875000000e-01 6.1804485621193062e-02 6.1804512524008363e-02 -2.6902815301876881e-08
477 4.6533203125000000e-01 6.1838613968754598e-02 6.1838640887684405e-02 -2.6918929807440151e-08
478 4.6630859375000000e-01 6.1871803337989396e-02 6.1871830272599813e-02 -2.6934610417028715e-08
479 4.6728515625000000e-01 6.1904052965685942e-02 6.1904079915542636e-02 -2.6949856693492258e-08
480 4.6826171875000000e-01 6.1935362110438770e-02 6.1935389075106963e-02 -2.6964668192741570e-08
481 4.6923828125000000e-01 6.1965730052648417e-02 6.1965757031692957e-02 -2.6979044540076380e-08
482 4.7021484375000000e-01 6.1995156094521470e-02 6.1995183087506824e-02 -2.6992985353857524e-08
483 4.7119140625000000e-01 6.2023639560070558e-02 6.2023666566560831e-02 -2.7006490273262518e-08
484 4.7216796875000000e-01 6.2051179795114333e-02 6.2051206814673326e-02 -2.7019558992980031e-08
485 4.7314453125000000e-01 6.2077776167277547e-02 6.2077803199468651e-02 -2.7032191103615322e-08
486 4.7412109375000000e-01 6.2103428065991020e-02 6.2103455110377251e-02 -2.7044386230468120e-08
487 4.7509765625000000e-01 6.2128134902491590e-02 6.2128161958635644e-02 -2.7056144054349307e-08
488 4.7607421875000000e-01 6.2151896109822129e-02 6.2151923177286350e-02 -2.7067464221375293e-08
489 4.7705078125000000e-01 6.2174711142831574e-02 6.2174738221177986e-02 -2.7078346412356957e-08
490 4.7802734375000000e-01 6.2196579478174911e-02 6.2196606566965199e-02 -2.7088790287288500e-08
491 4.7900390625000000e-01 6.2217500614313137e-02 6.2217527713108699e-02 -2.7098795561675271e-08
492 4.7998046875000000e-01 6.2237474071513338e-02 6.2237501179875282e-02 -2.7108361944083725e-08
493 4.8095703125000000e-01 6.2256499391848651e-02 6.2256526509337759e-02 -2.7117489108385850e-08
494 4.8193359375000000e-01 6.2274576139198248e-02 6.2274603265375018e-02 -2.7126176770086996e-08
495 4.8291015625000000e-01 6.2291703899247361e-02 6.2291731033671985e-02 -2.7134424623875830e-08
496 4.8388671875000000e-01 6.2307882279487241e-02 6.2307909421719654e-02 -2.7142232413013279e-08
497 4.8486328125000000e-01 6.2323110909215190e-02 6.2323138058815106e-02 -2.7149599915454736e-08
498 4.8583984375000000e-01 6.2337389439534548e-02 6.2337416596061401e-02 -2.7156526853644447e-08
499 4.8681640625000000e-01 6.2350717543354701e-02 6.2350744706367735e-02 -2.7163013033293382e-08
500 4.8779296875000000e-01 6.2363094915391111e-02 6.2363122084449323e-02 -2.7169058211540253e-08
501 4.8876953125000000e-01 6.2374521272165237e-02 6.2374548446827403e-02 -2.7174662166340458e-08
502 4.8974609375000000e-01 6.2384996352004618e-02 6.2385023531829356e-02 -2.7179824738099434e-08
503 4.9072265625000000e-01 6.2394519915042808e-02 6.2394547099588533e-02 -2.7184545725589260e-08
504 4.9169921875000000e-01 6.2403091743219410e-02 6.2403118932044387e-02 -2.7188824976154269e-08
505 4.9267578125000000e-01 6.2410711640280080e-02 6.2410738832942410e-02 -2.7192662330199902e-08
506 4.9365234375000000e-01 6.2417379431776505e-02 6.2417406627834147e-02 -2.7196057642009386e-08
507 4.9462890625000000e-01 6.2423094965066421e-02 6.2423122164077235e-02 -2.7199010814438207e-08
508 4.9560546875000000e-01 6.2427858109313630e-02 6.2427885310835318e-02 -2.7201521687891805e-08
509 4.9658203125000000e-01 6.2431668755487973e-02 6.2431695959078125e-02 -2.7203590151347878e-08
510 4.9755859375000000e-01 6.2434526816365354e-02 6.2434554021581413e-02 -2.7205216059089654e-08
511 4.9853515625000000e-01 6.2436432226527727e-02 6.2436459432927041e-02 -2.7206399313972618e-08
512 4.9951171875000000e-01 6.2437384942363068e-02 6.2437412149502873e-02 -2.7207139804974467e-08
513 5.0048828125000000e-01 6.2437384942065410e-02 6.2437412149502880e-02 -2.7207437469645157e-08
514 5.0146484375000000e-01 6.2436432225634816e-02 6.2436459432927034e-02 -2.7207292217779067e-08
515 5.0244140625000000e-01 6.2434526814877336e-02 6.2434554021581420e-02 -2.7206704084070665e-08
516 5.0341796875000000e-01 6.2431668753405077e-02 6.2431695959078118e-02 -2.7205673040764378e-08
517 5.0439453125000000e-01 6.2427858106636196e-02 6.2427885310835318e-02 -2.7204199122554673e-08
518 5.0537109375000000e-01 6.2423094961794920e-02 6.2423122164077242e-02 -2.7202282322502658e-08
519 5.0634765625000000e-01 6.2417379427911535e-02 6.2417406627834147e-02 -2.7199922612852756e-08
520 5.0732421875000000e-01 6.2410711635822382e-02 6.2410738832942403e-02 -2.7197120021360544e-08
521 5.0830078125000000e-01 6.2403091738169811e-02 6.2403118932044387e-02 -2.7193874575781596e-08
522 5.0927734375000000e-01 6.2394519909402230e-02 6.2394547099588540e-02 -2.7190186310810383e-08
523 5.1025390625000000e-01 6.2384996345774123e-02 6.2385023531829356e-02 -2.7186055233385797e-08
524 5.1123046875000000e-01 6.2374521265345963e-02 6.2374548446827410e-02 -2.7181481447591249e-08
525 5.1220703125000000e-01 6.2363094907984327e-02 6.2363122084449309e-02 -2.7176464981182313e-08
526 5.1318359375000000e-01 6.2350717535361824e-02 6.2350744706367735e-02 -2.7171005910486823e-08
527 5.1416015625000000e-01 6.2337389430957131e-02 6.2337416596061387e-02 -2.7165104256321460e-08
528 5.1513671875000000e-01 6.2323110900054955e-02 6.2323138058815106e-02 -2.7158760150525207e-08
529 5.1611328125000000e-01 6.2307882269746019e-02 6.2307909421719668e-02 -2.7151973648609218e-08
530 5.1708984375000000e-01 6.2291703888927095e-02 6.2291731033671985e-02 -2.7144744889351369e-08
531 5.1806640625000000e-01 6.2274576128300993e-02 6.2274603265375005e-02 -2.7137074011529538e-08
532 5.1904296875000000e-01 6.2256499380376570e-02 6.2256526509337773e-02 -2.7128961202493862e-08
533 5.2001953125000000e-01 6.2237474059468723e-02 6.2237501179875282e-02 -2.7120406559388854e-08
534 5.2099609375000000e-01 6.2217500601698388e-02 6.2217527713108706e-02 -2.7111410318136908e-08
535 5.2197265625000000e-01 6.2196579464992574e-02 6.2196606566965199e-02 -2.7101972624454795e-08
536 5.2294921875000000e-01 6.2174711129084299e-02 6.2174738221177972e-02 -2.7092093672631545e-08
537 5.2392578125000000e-01 6.2151896095512638e-02 6.2151923177286343e-02 -2.7081773705528445e-08
538 5.2490234375000000e-01 6.2128134887622657e-02 6.2128161958635637e-02 -2.7071012979884568e-08
539 5.2587890625000000e-01 6.2103428050565429e-02 6.2103455110377251e-02 -2.7059811821827928e-08
540 5.2685546875000000e-01 6.2077776151298114e-02 6.2077803199468651e-02 -2.7048170536669858e-08
541 5.2783203125000000e-01 6.2051179778583848e-02 6.2051206814673326e-02 -2.7036089478293945e-08
542 5.2880859375000000e-01 6.2023639542991893e-02 6.2023666566560824e-02 -2.7023568931194841e-08
543 5.2978515625000000e-01 6.1995156076897581e-02 6.1995183087506824e-02 -2.7010609242317241e-08
544 5.3076171875000000e-01 6.1965730034482254e-02 6.1965757031692957e-02 -2.6997210703094687e-08
545 5.3173828125000000e-01 6.1935362091733254e-02 6.1935389075106956e-02 -2.6983373702105240e-08
546 5.3271484375000000e-01 6.1904052946443938e-02 6.1904079915542642e-02 -2.6969098704254790e-08
547 5.3369140625000000e-01 6.1871803318213729e-02 6.1871830272599827e-02 -2.6954386098121397e-08
548 5.3466796875000000e-01 6.1838613948448071e-02 6.1838640887684405e-02 -2.6939236334733163e-08
549 5.3564453125000000e-01 6.1804485600358498e-02 6.1804512524008363e-02 -2.6923649865118193e-08
550 5.3662109375000000e-01 6.1769419058962577e-02 6.1769445966589703e-02 -2.6907627126426803e-08
551 5.3759765625000000e-01 6.1733415131083984e-02 6.1733442022252477e-02 -2.6891168493359263e-08
552 5.3857421875000000e-01 6.1696474645352356e-02 6.1696501519626815e-02 -2.6874274458577041e-08
553 5.3955078125000000e-01 6.1658598452203395e-02 6.1658625309148896e-02 -2.6856945500863816e-08
554 5.4052734375000000e-01 6.1619787423878858e-02 6.1619814263060971e-02 -2.6839182112881055e-08
555 5.4150390625000000e-01 6.1580042454426553e-02 6.1580069275411327e-02 -2.6820984773412437e-08
556 5.4248046875000000e-01 6.1539364459700360e-02 6.1539391262054280e-02 -2.6802353919608279e-08
557 5.4345703125000000e-01 6.1497754377360186e-02 6.1497781160650272e-02 -2.6783290085763412e-08
558 5.4443359375000000e-01 6.1455213166872004e-02 6.1455239930665734e-02 -2.6763793729844831e-08
559 5.4541015625000000e-01 6.1411741809507835e-02 6.1411768553373200e-02 -2.6743865365330688e-08
560 5.4638671875000000e-01 6.1367341308345681e-02 6.1367368031851235e-02 -2.6723505554271387e-08
561 5.4736328125000000e-01 6.1322012688269631e-02 6.1322039390984469e-02 -2.6702714837900654e-08
562 5.4833984375000000e-01 6.1275756995969849e-02 6.1275783677463544e-02 -2.6681493695002167e-08
563 5.4931640625000000e-01 6.1228575299942481e-02 6.1228601959785266e-02 -2.6659842784770849e-08
564 5.5029296875000000e-01 6.1180468690489750e-02 6.1180495328252378e-02 -2.6637762627623740e-08
565 5.5126953125000000e-01 6.1131438279719952e-02 6.1131464894973758e-02 -2.6615253806427930e-08
566 5.5224609375000000e-01 6.1081485201547381e-02 6.1081511793864299e-02 -2.6592316917928294e-08
567 5.5322265625000000e-01 6.1030610611692390e-02 6.1030637180644977e-02 -2.6568952586625283e-08
568 5.5419921875000000e-01 6.0978815687681376e-02 6.0978842232842764e-02 -2.6545161388447092e-08
569 5.5517578125000000e-01 6.0926101628846756e-02 6.0926128149790794e-02 -2.6520944038099792e-08
570 5.5615234375000000e-01 6.0872469656327019e-02 6.0872496152628165e-02 -2.6496301146206047e-08
571 5.5712890625000000e-01 6.0817921013066704e-02 6.0817947484300042e-02 -2.6471233337266309e-08
572 5.5810546875000000e-01 6.0762456963816373e-02 6.0762483409557720e-02 -2.6445741346803331e-08
573 5.5908203125000000e-01 6.0706078795132658e-02 6.0706105214958450e-02 -2.6419825792378671e-08
574 5.6005859375000000e-01 6.0648787815378274e-02 6.0648814208865601e-02 -2.6393487326248355e-08
575 5.6103515625000000e-01 6.0590585354721942e-02 6.0590611721448591e-02 -2.6366726649240668e-08
576 5.6201171875000000e-01 6.0531472765138428e-02 6.0531499104682862e-02 -2.6339544434428319e-08
577 5.6298828125000000e-01 6.0471451420408565e-02 6.0471477732349954e-02 -2.6311941389578486e-08
578 5.6396484375000000e-01 6.0410522716119179e-02 6.0410549000037443e-02 -2.6283918264091710e-08
579 5.6494140625000000e-01 6.0348688069663141e-02 6.0348714325138948e-02 -2.6255475807368533e-08
580 5.6591796875000000e-01 6.0285948920239384e-02 6.0285975146854166e-02 -2.6226614782687285e-08
581 5.6689453125000000e-01 6.0222306728852891e-02 6.0222332926188844e-02 -2.6197335953326295e-08
582 5.6787109375000000e-01 6.0157762978314676e-02 6.0157789145954751e-02 -2.6167640075624998e-08
583 5.6884765625000000e-01 6.0092319173241801e-02 6.0092345310769797e-02 -2.6137527996128451e-08
584 5.6982421875000000e-01 6.0025976840057393e-02 6.0026002947057858e-02 -2.6107000464237196e-08
585 5.7080078125000000e-01 5.9958737526990574e-02 5.9958763603048901e-02 -2.6076058326496288e-08
586 5.7177734375000000e-01 5.9890602804076508e-02 5.9890628848778965e-02 -2.6044702457206359e-08
587 5.7275390625000000e-01 5.9821574263156339e-02 5.9821600276090126e-02 -2.6012933786179193e-08
588 5.7373046875000000e-01 5.9751653517877305e-02 5.9751679498630486e-02 -2.5980753180776528e-08
589 5.7470703125000000e-01 5.9680842203692637e-02 5.9680868151854298e-02 -2.5948161661015767e-08
590 5.7568359375000000e-01 5.9609141977861664e-02 5.9609167893021772e-02 -2.5915160108136437e-08
591 5.7666015625000000e-01 5.9536554519449780e-02 5.9536580401199191e-02 -2.5881749410316957e-08
592 5.7763671875000000e-01 5.9463081529328422e-02 5.9463107377258961e-02 -2.5847930539002473e-08
593 5.7861328125000000e-01 5.9388724730175042e-02 5.9388750543879446e-02 -2.5813704403188087e-08
594 5.7958984375000000e-01 5.9313485866473115e-02 5.9313511645545165e-02 -2.5779072050646779e-08
595 5.8056640625000000e-01 5.9237366704512184e-02 5.9237392448546609e-02 -2.5744034425068119e-08
596 5.8154296875000000e-01 5.9160369032387812e-02 5.9160394740980379e-02 -2.5708592567286193e-08
597 5.8251953125000000e-01 5.9082494660001664e-02 5.9082520332749099e-02 -2.5672747434868359e-08
598 5.8349609375000000e-01 5.9003745419061393e-02 5.9003771055561489e-02 -2.5636500096404280e-08
599 5.8447265625000000e-01 5.8924123163080704e-02 5.8924148762932262e-02 -2.5599851558033571e-08
600 5.8544921875000000e-01 5.8843629767379356e-02 5.8843655330182244e-02 -2.5562802888345892e-08
601 5.8642578125000000e-01 5.8762267129083140e-02 5.8762292654438303e-02 -2.5525355162869801e-08
602 5.8740234375000000e-01 5.8680037167123895e-02 5.8680062654633353e-02 -2.5487509457133850e-08
603 5.8837890625000000e-01 5.8596941822239505e-02 5.8596967271506345e-02 -2.5449266839727702e-08
604 5.8935546875000000e-01 5.8512983056973923e-02 5.8513008467602344e-02 -2.5410628420874382e-08
605 5.9033203125000000e-01 5.8428162855677153e-02 5.8428188227272415e-02 -2.5371595262224655e-08
606 5.9130859375000000e-01 5.8342483224505214e-02 5.8342508556673674e-02 -2.5332168460123761e-08
607 5.9228515625000000e-01 5.8255946191420230e-02 5.8255971483769375e-02 -2.5292349145611404e-08
608 5.9326171875000000e-01 5.8168553806190341e-02 5.8168579058328729e-02 -2.5252138387277245e-08
609 5.9423828125000000e-01 5.8080308140389718e-02 5.8080333351927062e-02 -2.5211537343916568e-08
610 5.9521484375000000e-01 5.7991211287398571e-02 5.7991236457945738e-02 -2.5170547167385759e-08
611 5.9619140625000000e-01 5.7901265362403136e-02 5.7901290491572138e-02 -2.5129169002602314e-08
612 5.9716796875000000e-01 5.7810472502395710e-02 5.7810497589799809e-02 -2.5087404098567134e-08
613 5.9814453125000000e-01 5.7718834866174629e-02 5.7718859911428236e-02 -2.5045253607136608e-08
614 5.9912109375000000e-01 5.7626354634344297e-02 5.7626379637063012e-02 -2.5002718714861594e-08
615 6.0009765625000000e-01 5.7533034009315219e-02 5.7533058969115793e-02 -2.4959800573598478e-08
616 6.0107421875000000e-01 5.7438875215303872e-02 5.7438900131804256e-02 -2.4916500383775908e-08
617 6.0205078125000000e-01 5.7343880498332812e-02 5.7343905371152193e-02 -2.4872819380516997e-08
618 6.0302734375000000e-01 5.7248052126230631e-02 5.7248076954989381e-02 -2.4828758750372604e-08
619 6.0400390625000000e-01 5.7151392388631976e-02 5.7151417172951711e-02 -2.4784319735404736e-08
620 6.0498046875000000e-01 5.7053903596977540e-02 5.7053928336481083e-02 -2.4739503542980934e-08
621 6.0595703125000000e-01 5.6955588084514064e-02 5.6955612778825507e-02 -2.4694311442918782e-08
622 6.0693359375000000e-01 5.6856448206294374e-02 5.6856472855038989e-02 -2.4648744614830242e-08
623 6.0791015625000000e-01 5.6756486339177299e-02 5.6756510941981635e-02 -2.4602804335471795e-08
624 6.0888671875000000e-01 5.6655704881827765e-02 5.6655729438319598e-02 -2.4556491833027660e-08
625 6.0986328125000000e-01 5.6554106254716671e-02 5.6554130764525069e-02 -2.4509808398132105e-08
626 6.1083984375000000e-01 5.6451692900120989e-02 5.6451717362876297e-02 -2.4462755307541606e-08
627 6.1181640625000000e-01 5.6348467282123706e-02 5.6348491697457613e-02 -2.4415333907401582e-08
628 6.1279296875000000e-01 5.6244431886613884e-02 5.6244456254159393e-02 -2.4367545509162980e-08
629 6.1376953125000000e-01 5.6139589221286625e-02 5.6139613540678035e-02 -2.4319391410398961e-08
630 6.1474609375000000e-01 5.6033941815643092e-02 5.6033966086516049e-02 -2.4270872957254941e-08
631 6.1572265625000000e-01 5.5927492220990457e-02 5.5927516442981960e-02 -2.4221991502815232e-08
632 6.1669921875000000e-01 5.5820243010441938e-02 5.5820267183190365e-02 -2.4172748427919721e-08
633 6.1767578125000000e-01 5.5712196778916805e-02 5.5712220902061925e-02 -2.4123145120347189e-08
634 6.1865234375000000e-01 5.5603356143140353e-02 5.5603380216323300e-02 -2.4073182947059735e-08
635 6.1962890625000000e-01 5.5493723741643873e-02 5.5493747764507328e-02 -2.4022863455430699e-08
636 6.2060546875000000e-01 5.5383302234764717e-02 5.5383326206952764e-02 -2.3972188047116649e-08
637 6.2158203125000000e-01 5.5272094304646247e-02 5.5272118225804495e-02 -2.3921158248674246e-08
638 6.2255859375000000e-01 5.5160102655237936e-02 5.5160126525013474e-02 -2.3869775538087890e-08
639 6.2353515625000000e-01 5.5047330012295323e-02 5.5047353830336654e-02 -2.3818041330891937e-08
640 6.2451171875000000e-01 5.4933779123379968e-02 5.4933802889337094e-02 -2.3765957125887471e-08
641 6.2548828125000000e-01 5.4819452757859453e-02 5.4819476471383889e-02 -2.3713524435753364e-08
642 6.2646484375000000e-01 5.4704353706907370e-02 5.4704377367652192e-02 -2.3660744821740742e-08
643 6.2744140625000000e-01 5.4588484783503394e-02 5.4588508391123190e-02 -2.3607619796528478e-08
644 6.2841796875000000e-01 5.4471848822433194e-02 5.4471872376584185e-02 -2.3554150990756639e-08
645 6.2939453125000000e-01 5.4354448680288554e-02 5.4354472180628478e-02 -2.3500339924042990e-08
646 6.3037109375000000e-01 5.4236287235467313e-02 5.4236310681655443e-02 -2.3446188129883083e-08
647 6.3134765625000000e-01 5.4117367388173347e-02 5.4117390779870517e-02 -2.3391697169528047e-08
648 6.3232421875000000e-01 5.3997692060416547e-02 5.3997715397285186e-02 -2.3336868638923480e-08
649 6.3330078125000000e-01 5.3877264196012895e-02 5.3877287477716987e-02 -2.3281704092381617e-08
650 6.3427734375000000e-01 5.3756086760584389e-02 5.3756109986789535e-02 -2.3226205146664736e-08
651 6.3525390625000000e-01 5.3634162741559084e-02 5.3634185911932482e-02 -2.3170373397718436e-08
652 6.3623046875000000e-01 5.3511495148171086e-02 5.3511518262381506e-02 -2.3114210420671633e-08
653 6.3720703125000000e-01 5.3388087011460597e-02 5.3388110069178429e-02 -2.3057717832286606e-08
654 6.3818359375000000e-01 5.3263941384273802e-02 5.3263964385171045e-02 -2.3000897242386742e-08
655 6.3916015625000000e-01 5.3139061341262984e-02 5.3139084285013224e-02 -2.2943750239978744e-08
656 6.4013671875000000e-01 5.3013449978886421e-02 5.3013472865164925e-02 -2.2886278504274937e-08
657 6.4111328125000000e-01 5.2887110415408452e-02 5.2887133243892132e-02 -2.2828483679793177e-08
658 6.4208984375000000e-01 5.2760045790899435e-02 5.2760068561266873e-02 -2.2770367438806893e-08
659 6.4306640625000000e-01 5.2632259267235790e-02 5.2632281979167264e-02 -2.2711931474406200e-08
660 6.4404296875000000e-01 5.2503754028099987e-02 5.2503776681277467e-02 -2.2653177479681208e-08
661 6.4501953125000000e-01 5.2374533278980562e-02 5.2374555873087696e-02 -2.2594107133844243e-08
662 6.4599609375000000e-01 5.2244600247172056e-02 5.2244622781894207e-02 -2.2534722150802100e-08
663 6.4697265625000000e-01 5.2113958181775076e-02 5.2113980656799348e-02 -2.2475024272217148e-08
664 6.4794921875000000e-01 5.1982610353696272e-02 5.1982632768711491e-02 -2.2415015218935075e-08
665 6.4892578125000000e-01 5.1850560055648302e-02 5.1850582410345070e-02 -2.2354696767312721e-08
666 6.4990234375000000e-01 5.1717810602149826e-02 5.1717832896220582e-02 -2.2294070756156970e-08
667 6.5087890625000000e-01 5.1584365329525581e-02 5.1584387562664577e-02 -2.2233138996519131e-08
668 6.5185546875000000e-01 5.1450227595906319e-02 5.1450249767809667e-02 -2.2171903348022770e-08
669 6.5283203125000000e-01 5.1315400781228891e-02 5.1315422891594492e-02 -2.2110365600902515e-08
670 6.5380859375000000e-01 5.1179888287236214e-02 5.1179910335763787e-02 -2.2048527573148569e-08
671 6.5478515625000000e-01 5.1043693537477230e-02 5.1043715523868334e-02 -2.1986391103567815e-08
672 6.5576171875000000e-01 5.0906819977306887e-02 5.0906841901264932e-02 -2.1923958044844927e-08
673 6.5673828125000000e-01 5.0769271073886152e-02 5.0769292935116492e-02 -2.1861230339870197e-08
674 6.5771484375000000e-01 5.0631050316182057e-02 5.0631072114391960e-02 -2.1798209903778343e-08
675 6.5869140625000000e-01 5.0492161214967649e-02 5.0492182949866300e-02 -2.1734898651704082e-08
676 6.5966796875000000e-01 5.0352607302822081e-02 5.0352628974120593e-02 -2.1671298512659920e-08
677 6.6064453125000000e-01 5.0212392134130542e-02 5.0212413741541943e-02 -2.1607411401780574e-08
678 6.6162109375000000e-01 5.0071519285084305e-02 5.0071540828323505e-02 -2.1543239199506292e-08
679 6.6259765625000000e-01 4.9929992353680633e-02 4.9930013832464502e-02 -2.1478783869544049e-08
680 6.6357421875000000e-01 4.9787814959722856e-02 4.9787836373770218e-02 -2.1414047361723032e-08
681 6.6455078125000000e-01 4.9644990744820351e-02 4.9645012093851963e-02 -2.1349031611994640e-08
682 6.6552734375000000e-01 4.9501523372388549e-02 4.9501544656127154e-02 -2.1283738604882529e-08
683 6.6650390625000000e-01 4.9357416527648940e-02 4.9357437745819223e-02 -2.1218170283276994e-08
684 6.6748046875000000e-01 4.9212673917629048e-02 4.9212695069957665e-02 -2.1152328617823901e-08
685 6.6845703125000000e-01 4.9067299271162497e-02 4.9067320357378041e-02 -2.1086215544474651e-08
686 6.6943359375000000e-01 4.8921296338888899e-02 4.8921317358721961e-02 -2.1019833061630688e-08
687 6.7041015625000000e-01 4.8774668893253929e-02 4.8774689846437083e-02 -2.0953183153815669e-08
688 6.7138671875000000e-01 4.8627420728509299e-02 4.8627441614777139e-02 -2.0886267840247719e-08
689 6.7236328125000000e-01 4.8479555660712784e-02 4.8479576479801910e-02 -2.0819089126267176e-08
690 6.7333984375000000e-01 4.8331077527728181e-02 4.8331098279377226e-02 -2.0751649044969955e-08
691 6.7431640625000000e-01 4.8181990189225365e-02 4.8182010873174981e-02 -2.0683949615574182e-08
692 6.7529296875000000e-01 4.8032297526680257e-02 4.8032318142673121e-02 -2.0615992864236876e-08
693 6.7626953125000000e-01 4.7882003443374788e-02 4.7882023991155653e-02 -2.0547780865687315e-08
694 6.7724609375000000e-01 4.7731111864396998e-02 4.7731132343712630e-02 -2.0479315632204731e-08
695 6.7822265625000000e-01 4.7579626736640894e-02 4.7579647147240160e-02 -2.0410599266273977e-08
696 6.7919921875000000e-01 4.7427552028806573e-02 4.7427572370440430e-02 -2.0341633856502117e-08
697 6.8017578125000000e-01 4.7274891731400169e-02 4.7274912003821654e-02 -2.0272421484557324e-08
698 6.8115234375000000e-01 4.7121649856733894e-02 4.7121670059698105e-02 -2.0202964211291086e-08
699 6.8212890625000000e-01 4.6967830438925953e-02 4.6967850572190141e-02 -2.0133264187760513e-08
700 6.8310546875000000e-01 4.6813437533900652e-02 4.6813457597224148e-02 -2.0063323495633778e-08
701 6.8408203125000000e-01 4.6658475219388353e-02 4.6658495212532562e-02 -1.9993144209640157e-08
702 6.8505859375000000e-01 4.6502947594925438e-02 4.6502967517653912e-02 -1.9922728473897866e-08
703 6.8603515625000000e-01 4.6346858781854364e-02 4.6346878633932755e-02 -1.9852078390891759e-08
704 6.8701171875000000e-01 4.6190212923323599e-02 4.6190232704519676e-02 -1.9781196076984475e-08
705 6.8798828125000000e-01 4.6033014184287686e-02 4.6033033894371390e-02 -1.9710083704049808e-08
706 6.8896484375000000e-01 4.5875266751507222e-02 4.5875286390250604e-02 -1.9638743381511503e-08
707 6.8994140625000000e-01 4.5716974833548842e-02 4.5716994400726109e-02 -1.9567177267365565e-08
708 6.9091796875000000e-01 4.5558142660785242e-02 4.5558162156172748e-02 -1.9495387505730211e-08
709 6.9189453125000000e-01 4.5398774485395157e-02 4.5398793908771419e-02 -1.9423376261540337e-08
710 6.9287109375000000e-01 4.5238874581363386e-02 4.5238893932509051e-02 -1.9351145665036373e-08
711 6.9384765625000000e-01 4.5078447244480742e-02 4.5078466523178685e-02 -1.9278697943603262e-08
712 6.9482421875000000e-01 4.4917496792344108e-02 4.4917515998379370e-02 -1.9206035262175902e-08
713 6.9580078125000000e-01 4.4756027564356371e-02 4.4756046697516226e-02 -1.9133159855078130e-08
714 6.9677734375000000e-01 4.4594043921726431e-02 4.4594062981800436e-02 -1.9060074005206040e-08
715 6.9775390625000000e-01 4.4431550247469268e-02 4.4431569234249207e-02 -1.8986779939944576e-08
716 6.9873046875000000e-01 4.4268550946405888e-02 4.4268569859685865e-02 -1.8913279976884301e-08
717 6.9970703125000000e-01 4.4105050445163371e-02 4.4105069284739735e-02 -1.8839576364226840e-08
718 7.0068359375000000e-01 4.3941053192174860e-02 4.3941071957846203e-02 -1.8765671343234924e-08
719 7.0166015625000000e-01 4.3776563657679561e-02 4.3776582349246744e-02 -1.8691567182926860e-08
720 7.0263671875000000e-01 4.3611586333722661e-02 4.3611604950988876e-02 -1.8617266214771000e-08
721 7.0361328125000000e-01 4.3446125734155447e-02 4.3446144276926127e-02 -1.8542770680030074e-08
722 7.0458984375000000e-01 4.3280186394635198e-02 4.3280204862718170e-02 -1.8468082972622479e-08
723 7.0556640625000000e-01 4.3113772872625272e-02 4.3113791265830648e-02 -1.8393205375444310e-08
724 7.0654296875000000e-01 4.2946889747395085e-02 4.2946908065535312e-02 -1.8318140226902813e-08
725 7.0751953125000000e-01 4.2779541620020088e-02 4.2779559862909933e-02 -1.8242889844588550e-08
726 7.0849609375000000e-01 4.2611733113381775e-02 4.2611751280838391e-02 -1.8167456615481026e-08
727 7.0947265625000000e-01 4.2443468872167683e-02 4.2443486964010568e-02 -1.8091842884926379e-08
728 7.1044921875000000e-01 4.2274753562871394e-02 4.2274771578922427e-02 -1.8016051032965219e-08
729 7.1142578125000000e-01 4.2105591873792550e-02 4.2105609813875969e-02 -1.7940083418821473e-08
730 7.1240234375000000e-01 4.1935988515036847e-02 4.1936006378979283e-02 -1.7863942436413538e-08
731 7.1337890625000000e-01 4.1765948218516008e-02 4.1765966006146495e-02 -1.7787630486598704e-08
732 7.1435546875000000e-01 4.1595475737947842e-02 4.1595493449097756e-02 -1.7711149914723112e-08
733 7.1533203125000000e-01 4.1424575848856185e-02 4.1424593483359341e-02 -1.7634503156338521e-08
734 7.1630859375000000e-01 4.1253253348570940e-02 4.1253270906263531e-02 -1.7557692591485541e-08
735 7.1728515625000000e-01 4.1081513056228050e-02 4.1081530536948678e-02 -1.7480720627960356e-08
736 7.1826171875000000e-01 4.0909359812769504e-02 4.0909377216359163e-02 -1.7403589659681362e-08
737 7.1923828125000000e-01 4.0736798480943318e-02 4.0736815807245488e-02 -1.7326302170772578e-08
738 7.2021484375000000e-01 4.0563833945303551e-02 4.0563851194164141e-02 -1.7248860589846871e-08
739 7.2119140625000000e-01 4.0390471112210301e-02 4.0390488283477695e-02 -1.7171267394089362e-08
740 7.2216796875000000e-01 4.0216714909829726e-02 4.0216732003354801e-02 -1.7093525074562965e-08
741 7.2314453125000000e-01 4.0042570288134044e-02 4.0042587303770132e-02 -1.7015636087636121e-08
742 7.2412109375000000e-01 3.9868042218901556e-02 3.9868059156504411e-02 -1.6937602854982803e-08
743 7.2509765625000000e-01 3.9693135695716586e-02 3.9693152555144467e-02 -1.6859427881543709e-08
744 7.2607421875000000e-01 3.9517855733969494e-02 3.9517872515083118e-02 -1.6781113623687283e-08
745 7.2705078125000000e-01 3.9342207370856704e-02 3.9342224073519304e-02 -1.6702662600232010e-08
746 7.2802734375000000e-01 3.9166195665380682e-02 3.9166212289457970e-02 -1.6624077288363015e-08
747 7.2900390625000000e-01 3.8989825698349953e-02 3.8989842243710139e-02 -1.6545360186082103e-08
748 7.2998046875000000e-01 3.8813102572379098e-02 3.8813119038892889e-02 -1.6466513791391080e-08
749 7.3095703125000000e-01 3.8636031411888754e-02 3.8636047799429363e-02 -1.6387540609230644e-08
750 7.3193359375000000e-01 3.8458617363105602e-02 3.8458633671548725e-02 -1.6308443123724814e-08
751 7.3291015625000000e-01 3.8280865594062359e-02 3.8280881823286234e-02 -1.6229223874508758e-08
752 7.3388671875000000e-01 3.8102781294597814e-02 3.8102797444483187e-02 -1.6149885373462070e-08
753 7.3486328125000000e-01 3.7924369676356783e-02 3.7924385746786936e-02 -1.6070430153281023e-08
754 7.3583984375000000e-01 3.7745635972790133e-02 3.7745651963650893e-02 -1.5990860760539682e-08
755 7.3681640625000000e-01 3.7566585439154788e-02 3.7566601350334544e-02 -1.5911179755689897e-08
756 7.3779296875000000e-01 3.7387223352513710e-02 3.7387239183903374e-02 -1.5831389664489048e-08
757 7.3876953125000000e-01 3.7207555011735914e-02 3.7207570763228996e-02 -1.5751493082083456e-08
758 7.3974609375000000e-01 3.7027585737496482e-02 3.7027601408989030e-02 -1.5671492548108290e-08
759 7.4072265625000000e-01 3.6847320872276525e-02 3.6847336463667169e-02 -1.5591390643832082e-08
760 7.4169921875000000e-01 3.6666765780363209e-02 3.6666781291553152e-02 -1.5511189943584469e-08
761 7.4267578125000000e-01 3.6485925847849737e-02 3.6485941278742794e-02 -1.5430893056389561e-08
762 7.4365234375000000e-01 3.6304806482635364e-02 3.6304821833137942e-02 -1.5350502577393677e-08
763 7.4462890625000000e-01 3.6123413114425407e-02 3.6123428384446522e-02 -1.5270021115620924e-08
764 7.4560546875000000e-01 3.5941751194731218e-02 3.5941766384182491e-02 -1.5189451273156518e-08
765 7.4658203125000000e-01 3.5759826196870230e-02 3.5759841305665882e-02 -1.5108795652085671e-08
766 7.4755859375000000e-01 3.5577643615965909e-02 3.5577658644022778e-02 -1.5028056868371387e-08
767 7.4853515625000000e-01 3.5395208968947781e-02 3.5395223916185319e-02 -1.4947237537976665e-08
768 7.4951171875000000e-01 3.5212527794551411e-02 3.5212542660891688e-02 -1.4866340276864509e-08
769 7.5048828125000000e-01 3.5029605653318412e-02 3.5029620438686140e-02 -1.4785367728753496e-08
770 7.5146484375000000e-01 3.4846448127596449e-02 3.4846462831918980e-02 -1.4704322530423308e-08
771 7.5244140625000000e-01 3.4663060821539249e-02 3.4663075444746581e-02 -1.4623207332531418e-08
772 7.5341796875000000e-01 3.4479449361106577e-02 3.4479463903131342e-02 -1.4542024764918615e-08
773 7.5439453125000000e-01 3.4295619394064260e-02 3.4295633854841738e-02 -1.4460777478242370e-08
774 7.5537109375000000e-01 3.4111576589984163e-02 3.4111590969452314e-02 -1.4379468150915731e-08
775 7.5634765625000000e-01 3.3927326640244213e-02 3.3927340938343632e-02 -1.4298099419718380e-08
776 7.5732421875000000e-01 3.3742875258028382e-02 3.3742889474702352e-02 -1.4216673970002258e-08
777 7.5830078125000000e-01 3.3558228178326682e-02 3.3558242313521155e-02 -1.4135194473241519e-08
778 7.5927734375000000e-01 3.3373391157935146e-02 3.3373405211598817e-02 -1.4053663670299255e-08
779 7.6025390625000000e-01 3.3188369975455843e-02 3.3188383947540111e-02 -1.3972084267344087e-08
780 7.6123046875000000e-01 3.3003170431296906e-02 3.3003184321755932e-02 -1.3890459026055790e-08
781 7.6220703125000000e-01 3.2817798347672504e-02 3.2817812156463191e-02 -1.3808790687297456e-08
782 7.6318359375000000e-01 3.2632259568602877e-02 3.2632273295684848e-02 -1.3727081971115496e-08
783 7.6416015625000000e-01 3.2446559959914328e-02 3.2446573605249961e-02 -1.3645335632250788e-08
784 7.6513671875000000e-01 3.2260705409239213e-02 3.2260718972793589e-02 -1.3563554376871956e-08
785 7.6611328125000000e-01 3.2074701826015906e-02 3.2074715307756900e-02 -1.3481740994414348e-08
786 7.6708984375000000e-01 3.1888555141488834e-02 3.1888568541387080e-02 -1.3399898246557740e-08
787 7.6806640625000000e-01 3.1702271308708480e-02 3.1702284626737395e-02 -1.3318028915798585e-08
788 7.6904296875000000e-01 3.1515856302531377e-02 3.1515869538667148e-02 -1.3236135770755553e-08
789 7.7001953125000000e-01 3.1329316119620108e-02 3.1329329273841702e-02 -1.3154221593925097e-08
790 7.7099609375000000e-01 3.1142656778443304e-02 3.1142669850732493e-02 -1.3072289188620356e-08
791 7.7197265625000000e-01 3.0955884319275630e-02 3.0955897309616984e-02 -1.2990341354685020e-08
792 7.7294921875000000e-01 3.0769004804197822e-02 3.0769017712578717e-02 -1.2908380895432225e-08
793 7.7392578125000000e-01 3.0582024317096650e-02 3.0582037143507296e-02 -1.2826410645400133e-08
794 7.7490234375000000e-01 3.0394948963664944e-02 3.0394961708098342e-02 -1.2744433397493538e-08
795 7.7587890625000000e-01 3.0207784871401574e-02 3.0207797533853581e-02 -1.2662452007067282e-08
796 7.7685546875000000e-01 3.0020538189611475e-02 3.0020550770080749e-02 -1.2580469273965056e-08
797 7.7783203125000000e-01 2.9833215089405635e-02 2.9833227587893675e-02 -1.2498488039663913e-08
798 7.7880859375000000e-01 2.9645821763701105e-02 2.9645834180212226e-02 -1.2416511121354779e-08
799 7.7978515625000000e-01 2.9458364427220964e-02 2.9458376761762332e-02 -1.2334541367453600e-08
800 7.8076171875000000e-01 2.9270849316494367e-02 2.9270861569075959e-02 -1.2252581591681855e-08
801 7.8173828125000000e-01 2.9083282689856493e-02 2.9083294860491160e-02 -1.2170634666741620e-08
802 7.8271484375000000e-01 2.8895670827448584e-02 2.8895682916152025e-02 -1.2088703441048843e-08
803 7.8369140625000000e-01 2.8708020031217907e-02 2.8708032038008702e-02 -1.2006790794244493e-08
804 7.8466796875000000e-01 2.8520336624917805e-02 2.8520348549817401e-02 -1.1924899595561200e-08
805 7.8564453125000000e-01 2.8332626954107650e-02 2.8332638797140368e-02 -1.1843032717701041e-08
806 7.8662109375000000e-01 2.8144897386152883e-02 2.8144909147345930e-02 -1.1761193047243879e-08
807 7.8759765625000000e-01 2.7957154310225010e-02 2.7957165989608471e-02 -1.1679383460361237e-08
808 7.8857421875000000e-01 2.7769404137301595e-02 2.7769415734908397e-02 -1.1597606801999616e-08
809 7.8955078125000000e-01 2.7581653300166226e-02 2.7581664816032213e-02 -1.1515865986494456e-08
810 7.9052734375000000e-01 2.7393908253408556e-02 2.7393919687572450e-02 -1.1434163893486726e-08
811 7.9150390625000000e-01 2.7206175473424285e-02 2.7206186825927698e-02 -1.1352503413025739e-08
812 7.9248046875000000e-01 2.7018461458415167e-02 2.7018472729302623e-02 -1.1270887455977485e-08
813 7.9345703125000000e-01 2.6830772728389015e-02 2.6830783917707927e-02 -1.1189318912391277e-08
814 7.9443359375000000e-01 2.6643115825159699e-02 2.6643126932960368e-02 -1.1107800668846979e-08
815 7.9541015625000000e-01 2.6455497312347132e-02 2.6455508338682779e-02 -1.1026335646618923e-08
816 7.9638671875000000e-01 2.6267923775377282e-02 2.6267934720304024e-02 -1.0944926742695316e-08
817 7.9736328125000000e-01 2.6080401821482167e-02 2.6080412685059035e-02 -1.0863576867942148e-08
818 7.9833984375000000e-01 2.5892938079699838e-02 2.5892948861988809e-02 -1.0782288971389331e-08
819 7.9931640625000000e-01 2.5705539200874417e-02 2.5705549901940381e-02 -1.0701065963902856e-08
820 8.0029296875000000e-01 2.5518211857656056e-02 2.5518222477566854e-02 -1.0619910797982079e-08
821 8.0126953125000000e-01 2.5330962744500959e-02 2.5330973283327379e-02 -1.0538826419187464e-08
822 8.0224609375000000e-01 2.5143798577671402e-02 2.5143809035487175e-02 -1.0457815773079471e-08
823 8.0322265625000000e-01 2.4956726095235696e-02 2.4956736472117502e-02 -1.0376881805218563e-08
824 8.0419921875000000e-01 2.4769752057068207e-02 2.4769762353095682e-02 -1.0296027475042990e-08
825 8.0517578125000000e-01 2.4582883244849345e-02 2.4582893460105098e-02 -1.0215255752399344e-08
826 8.0615234375000000e-01 2.4396126462065564e-02 2.4396136596635185e-02 -1.0134569621012002e-08
827 8.0712890625000000e-01 2.4209488534009352e-02 2.4209498587981434e-02 -1.0053972081952578e-08
828 8.0810546875000000e-01 2.4022976307779241e-02 2.4022986281245388e-02 -9.9734661467010266e-09
829 8.0908203125000000e-01 2.3836596652279822e-02 2.3836606545334645e-02 -9.8930548232678550e-09
830 8.1005859375000000e-01 2.3650356458221753e-02 2.3650366270962876e-02 -9.8127411231330175e-09
831 8.1103515625000000e-01 2.3464262638121743e-02 2.3464272370649780e-02 -9.7325280369597866e-09
832 8.1201171875000000e-01 2.3278322126302556e-02 2.3278331778721142e-02 -9.6524185866364576e-09
833 8.1298828125000000e-01 2.3092541878893005e-02 2.3092551451308774e-02 -9.5724157697651968e-09
834 8.1396484375000000e-01 2.2906928873827951e-02 2.2906938366350563e-02 -9.4925226117037464e-09
835 8.1494140625000000e-01 2.2721490110848303e-02 2.2721499523590448e-02 -9.4127421447487425e-09
836 8.1591796875000000e-01 2.2536232611501027e-02 2.2536241944578421e-02 -9.3330773942579270e-09
837 8.1689453125000000e-01 2.2351163419139144e-02 2.2351172672670533e-02 -9.2535313890584892e-09
838 8.1787109375000000e-01 2.2166289598921720e-02 2.2166298773028885e-02 -9.1741071649165118e-09
839 8.1884765625000000e-01 2.1981618237813878e-02 2.1981627332621646e-02 -9.0948077680064188e-09
840 8.1982421875000000e-01 2.1797156444586782e-02 2.1797165460223023e-02 -9.0156362410331869e-09
841 8.2080078125000000e-01 2.1612911349817642e-02 2.1612920286413290e-02 -8.9365956475184749e-09
842 8.2177734375000000e-01 2.1428890105889699e-02 2.1428898963578785e-02 -8.8576890856784107e-09
843 8.2275390625000000e-01 2.1245099886992261e-02 2.1245108665911883e-02 -8.7789196225041000e-09
844 8.2373046875000000e-01 2.1061547889120673e-02 2.1061556589411029e-02 -8.7002903562116707e-09
845 8.2470703125000000e-01 2.0878241330076350e-02 2.0878249951880722e-02 -8.6218043711394632e-09
846 8.2568359375000000e-01 2.0695187449466766e-02 2.0695195992931504e-02 -8.5434647377480299e-09
847 8.2666015625000000e-01 2.0512393508705439e-02 2.0512401973979990e-02 -8.4652745507840521e-09
848 8.2763671875000000e-01 2.0329866791011935e-02 2.0329875178248847e-02 -8.3872369119331047e-09
849 8.2861328125000000e-01 2.0147614601411876e-02 2.0147622910766785e-02 -8.3093549090029750e-09
850 8.2958984375000000e-01 1.9965644266736918e-02 1.9965652498368590e-02 -8.2316316714348137e-09
851 8.3056640625000000e-01 1.9783963135624787e-02 1.9783971289695092e-02 -8.1540703043836427e-09
852 8.3154296875000000e-01 1.9602578578519256e-02 1.9602586655193172e-02 -8.0766739164739310e-09
853 8.3251953125000000e-01 1.9421497987670146e-02 1.9421505987115773e-02 -7.9994456267384884e-09
854 8.3349609375000000e-01 1.9240728777133346e-02 1.9240736699521904e-02 -7.9223885576795716e-09
855 8.3447265625000000e-01 1.9060278382770766e-02 1.9060286228276616e-02 -7.8455058491466723e-09
856 8.3544921875000000e-01 1.8880154262250391e-02 1.8880162031051011e-02 -7.7688006201726001e-09
857 8.3642578125000000e-01 1.8700363895046247e-02 1.8700371587322268e-02 -7.6922760210151875e-09
858 8.3740234375000000e-01 1.8520914782438426e-02 1.8520922398373607e-02 -7.6159351811155851e-09
859 8.3837890625000000e-01 1.8341814447513059e-02 1.8341821987294303e-02 -7.5397812437927314e-09
860 8.3935546875000000e-01 1.8163070435162347e-02 1.8163077898979689e-02 -7.4638173419572240e-09
861 8.4033203125000000e-01 1.7984690312084536e-02 1.7984697700131159e-02 -7.3880466223974484e-09
862 8.4130859375000000e-01 1.7806681666783931e-02 1.7806688979256160e-02 -7.3124722284323429e-09
863 8.4228515625000000e-01 1.7629052109570883e-02 1.7629059346668190e-02 -7.2370973068502931e-09
864 8.4326171875000000e-01 1.7451809272561795e-02 1.7451816434486813e-02 -7.1619250183174721e-09
865 8.4423828125000000e-01 1.7274960809679118e-02 1.7274967896637641e-02 -7.0869585235000532e-09
866 8.4521484375000000e-01 1.7098514396651349e-02 1.7098521408852332e-02 -7.0122009830642096e-09
867 8.4619140625000000e-01 1.6922477731013037e-02 1.6922484668668632e-02 -6.9376555958400310e-09
868 8.4716796875000000e-01 1.6746858532104794e-02 1.6746865395430313e-02 -6.8633255190242437e-09
869 8.4814453125000000e-01 1.6571664541073280e-02 1.6571671330287207e-02 -6.7892139271608087e-09
870 8.4912109375000000e-01 1.6396903520871219e-02 1.6396910236195213e-02 -6.7153239947936871e-09
871 8.5009765625000000e-01 1.6222583256257389e-02 1.6222589897916282e-02 -6.6416588929973930e-09
872 8.5107421875000000e-01 1.6048711553796609e-02 1.6048718122018413e-02 -6.5682218032547812e-09
873 8.5205078125000000e-01 1.5875296241859755e-02 1.5875302736875672e-02 -6.4950159174570476e-09
874 8.5302734375000000e-01 1.5702345170623761e-02 1.5702351592668175e-02 -6.4220444136176003e-09
875 8.5400390625000000e-01 1.5529866212071612e-02 1.5529872561382089e-02 -6.3493104766887409e-09
876 8.5498046875000000e-01 1.5357867259992351e-02 1.5357873536809653e-02 -6.2768173020311124e-09
877 8.5595703125000000e-01 1.5186356229981076e-02 1.5186362434549142e-02 -6.2045680659233993e-09
878 8.5693359375000000e-01 1.5015341059438940e-02 1.5015347192004902e-02 -6.1325659619915207e-09
879 8.5791015625000000e-01 1.4844829707573143e-02 1.4844835768387328e-02 -6.0608141855961195e-09
880 8.5888671875000000e-01 1.4674830155396938e-02 1.4674836144712869e-02 -5.9893159303631149e-09
881 8.5986328125000000e-01 1.4505350405729638e-02 1.4505356323804040e-02 -5.9180744020614906e-09
882 8.6083984375000000e-01 1.4336398483196596e-02 1.4336404330289395e-02 -5.8470927995213362e-09
883 8.6181640625000000e-01 1.4167982434229228e-02 1.4167988210603560e-02 -5.7763743319810823e-09
884 8.6279296875000000e-01 1.4000110327065000e-02 1.4000116032987210e-02 -5.7059222104138829e-09
885 8.6376953125000000e-01 1.3832790251747433e-02 1.3832795887487079e-02 -5.6357396457928921e-09
886 8.6474609375000000e-01 1.3666030320126102e-02 1.3666035885955946e-02 -5.5658298438870935e-09
887 8.6572265625000000e-01 1.3499838665856636e-02 1.3499844162052662e-02 -5.4961960260779819e-09
888 8.6669921875000000e-01 1.3334223444400710e-02 1.3334228871242125e-02 -5.4268414154817757e-09
889 8.6767578125000000e-01 1.3169192833026059e-02 1.3169198190795286e-02 -5.3577692265410759e-09
890 8.6865234375000000e-01 1.3004755030806467e-02 1.3004760319789163e-02 -5.2889826962498887e-09
891 8.6962890625000000e-01 1.2840918258621775e-02 1.2840923479106814e-02 -5.2204850390508151e-09
892 8.7060546875000000e-01 1.2677690759157876e-02 1.2677695911437366e-02 -5.1522794902031377e-09
893 8.7158203125000000e-01 1.2515080796906723e-02 1.2515085881275999e-02 -5.0843692762925219e-09
894 8.7255859375000000e-01 1.2353096658166317e-02 1.2353101674923948e-02 -5.0167576308435269e-09
895 8.7353515625000000e-01 1.2191746651040723e-02 1.2191751600488498e-02 -4.9494477752376476e-09
896 8.7451171875000000e-01 1.2031039105440048e-02 1.2031043987883001e-02 -4.8824429534077840e-09
897 8.7548828125000000e-01 1.1870982373080458e-02 1.1870987188826855e-02 -4.8157463971437720e-09
898 8.7646484375000000e-01 1.1711584827484172e-02 1.1711589576845517e-02 -4.7493613451743411e-09
899 8.7744140625000000e-01 1.1552854863979462e-02 1.1552859547270507e-02 -4.6832910449018383e-09
900 8.7841796875000000e-01 1.1394800899700651e-02 1.1394805517239389e-02 -4.6175387385244404e-09
901 8.7939453125000000e-01 1.1237431373588113e-02 1.1237435925695791e-02 -4.5521076786486647e-09
902 8.8037109375000000e-01 1.1080754746388284e-02 1.1080759233389394e-02 -4.4870011092074114e-09
903 8.8134765625000000e-01 1.0924779500653660e-02 1.0924783922875934e-02 -4.4222222741335804e-09
904 8.8232421875000000e-01 1.0769514140742785e-02 1.0769518498517205e-02 -4.3577744208295188e-09
905 8.8330078125000000e-01 1.0614967192820256e-02 1.0614971486481058e-02 -4.2936608019017442e-09
906 8.8427734375000000e-01 1.0461147204856728e-02 1.0461151434741394e-02 -4.2298846664873269e-09
907 8.8525390625000000e-01 1.0308062746628904e-02 1.0308066913078180e-02 -4.1664492758664018e-09
908 8.8623046875000000e-01 1.0155722409719547e-02 1.0155726513077426e-02 -4.1033578791760394e-09
909 8.8720703125000000e-01 1.0004134807517476e-02 1.0004138848131209e-02 -4.0406137324922042e-09
910 8.8818359375000000e-01 9.8533085752175609e-03 9.8533125534376563e-03 -3.9782200953603075e-09
911 8.8916015625000000e-01 9.7032523698207303e-03 9.7032562860009507e-03 -3.9161802203868668e-09
912 8.9013671875000000e-01 9.5539748701339682e-03 9.5539787246313335e-03 -3.8544973653825698e-09
913 8.9111328125000000e-01 9.4054847767703047e-03 9.4054885699451033e-03 -3.7931747985664455e-09
914 8.9208984375000000e-01 9.2577908121488240e-03 9.2577945443646087e-03 -3.7322157846880755e-09
915 8.9306640625000000e-01 9.1109017204946702e-03 9.1109053921182587e-03 -3.6716235884970416e-09
916 8.9404296875000000e-01 8.9648262678390309e-03 8.9648298792405160e-03 -3.6114014851512666e-09
917 8.9501953125000000e-01 8.8195732420191571e-03 8.8195767935719035e-03 -3.5515527463392260e-09
918 8.9599609375000000e-01 8.6751514526783521e-03 8.6751549447589942e-03 -3.4920806420146722e-09
919 8.9697265625000000e-01 8.5315697312659724e-03 8.5315731642544180e-03 -3.4329884456008042e-09
920 8.9794921875000000e-01 8.3888369310374331e-03 8.3888403053168654e-03 -3.3742794322555447e-09
921 8.9892578125000000e-01 8.2469619270541892e-03 8.2469652430110767e-03 -3.3159568875451573e-09
922 8.9990234375000000e-01 8.1059536161837559e-03 8.1059568742078546e-03 -3.2580240987706288e-09
923 9.0087890625000000e-01 7.9658209170996950e-03 7.9658241175840517e-03 -3.2004843567023933e-09
924 9.0185546875000000e-01 7.8265727702816253e-03 7.8265759136225774e-03 -3.1433409521108846e-09
925 9.0283203125000000e-01 7.6882181380152192e-03 7.6882212246124019e-03 -3.0865971827054306e-09
926 9.0380859375000000e-01 7.5507660043922049e-03 7.5507690346485459e-03 -3.0302563409911887e-09
927 9.0478515625000000e-01 7.4142253753103722e-03 7.4142283496320864e-03 -2.9743217142691458e-09
928 9.0576171875000000e-01 7.2786052784735615e-03 7.2786081972701601e-03 -2.9187965985139064e-09
929 9.0673828125000000e-01 7.1439147633916627e-03 7.1439176270759550e-03 -2.8636842923021599e-09
930 9.0771484375000000e-01 7.0101629013806128e-03 7.0101657103687192e-03 -2.8089881063536604e-09
931 9.0869140625000000e-01 6.8773587855624103e-03 6.8773615402737548e-03 -2.7547113444492677e-09
932 9.0966796875000000e-01 6.7455115308651037e-03 6.7455142317224158e-03 -2.7008573121045654e-09
933 9.1064453125000000e-01 6.6146302740228008e-03 6.6146329214521217e-03 -2.6474293209066690e-09
934 9.1162109375000000e-01 6.4847241735756667e-03 6.4847267680063388e-03 -2.5944306720343535e-09
935 9.1259765625000000e-01 6.3558024098699217e-03 6.3558049517345918e-03 -2.5418646701358405e-09
936 9.1357421875000000e-01 6.2278741850578349e-03 6.2278766747924643e-03 -2.4897346294003309e-09
937 9.1455078125000000e-01 6.1009487230977355e-03 6.1009511611415925e-03 -2.4380438570781315e-09
938 9.1552734375000000e-01 5.9750352697540065e-03 5.9750376565496695e-03 -2.3867956630216347e-09
939 9.1650390625000000e-01 5.8501430925970831e-03 5.8501454285904437e-03 -2.3359933605526795e-09
940 9.1748046875000000e-01 5.7262814810034608e-03 5.7262837666437220e-03 -2.2856402612583815e-09
941 9.1845703125000000e-01 5.6034597461556892e-03 5.6034619818953633e-03 -2.2357396741237712e-09
942 9.1943359375000000e-01 5.4816872210423718e-03 5.4816894073372842e-03 -2.1862949124706876e-09
943 9.2041015625000000e-01 5.3609732604581661e-03 5.3609753977674566e-03 -2.1373092904883317e-09
944 9.2138671875000000e-01 5.2413272410037851e-03 5.2413293297899118e-03 -2.0887861267027130e-09
945 9.2236328125000000e-01 5.1227585610859978e-03 5.1227606018147322e-03 -2.0407287344356706e-09
946 9.2333984375000000e-01 5.0052766409176257e-03 5.0052786340580580e-03 -1.9931404322132140e-09
947 9.2431640625000000e-01 4.8888909225175475e-03 4.8888928685420852e-03 -1.9460245376939911e-09
948 9.2529296875000000e-01 4.7736108697106943e-03 4.7736127690950654e-03 -1.8993843711387348e-09
949 9.2626953125000000e-01 4.6594459681280577e-03 4.6594478213513070e-03 -1.8532232493387313e-09
950 9.2724609375000000e-01 4.5464057252066776e-03 4.5464075327511745e-03 -1.8075444968915222e-09
951 9.2822265625000000e-01 4.4344996701896518e-03 4.4345014325410858e-03 -1.7623514340578406e-09
952 9.2919921875000000e-01 4.3237373541261340e-03 4.3237390717735177e-03 -1.7176473837005046e-09
953 9.3017578125000000e-01 4.2141283498713317e-03 4.2141300233070004e-03 -1.6734356686823326e-09
954 9.3115234375000000e-01 4.1056822520865047e-03 4.1056838818061218e-03 -1.6297196170703132e-09
955 9.3212890625000000e-01 3.9984086772389734e-03 3.9984102637415251e-03 -1.5865025517272646e-09
956 9.3310546875000000e-01 3.8923172636021099e-03 3.8923188073899076e-03 -1.5437877976844094e-09
957 9.3408203125000000e-01 3.7874176712553438e-03 3.7874191728340264e-03 -1.5015786825750554e-09
958 9.3505859375000000e-01 3.6837195820841606e-03 3.6837210419626912e-03 -1.4598785305630635e-09
959 9.3603515625000000e-01 3.5812326997800990e-03 3.5812341184707692e-03 -1.4186906701491031e-09
960 9.3701171875000000e-01 3.4799667498407569e-03 3.4799681278591820e-03 -1.3780184250633543e-09
961 9.3798828125000000e-01 3.3799314795697820e-03 3.3799328174349079e-03 -1.3378651259748908e-09
962 9.3896484375000000e-01 3.2811366580768821e-03 3.2811379563109822e-03 -1.2982341000833397e-09
963 9.3994140625000000e-01 3.1835920762778198e-03 3.1835933354064949e-03 -1.2591286750220088e-09
964 9.4091796875000000e-01 3.0873075468944122e-03 3.0873087674465902e-03 -1.2205521779905248e-09
965 9.4189453125000000e-01 2.9922929044545322e-03 2.9922940869624723e-03 -1.1825079400916427e-09
966 9.4287109375000000e-01 2.8985580052921091e-03 2.8985591502913980e-03 -1.1449992889586702e-09
967 9.4384765625000000e-01 2.8061127275471258e-03 2.8061138355766802e-03 -1.1080295543933194e-09
968 9.4482421875000000e-01 2.7149669711656211e-03 2.7149680427676895e-03 -1.0716020683657068e-09
969 9.4580078125000000e-01 2.6251306578996898e-03 2.6251316936198514e-03 -1.0357201615449063e-09
970 9.4677734375000000e-01 2.5366137313074795e-03 2.5366147316946458e-03 -1.0003871663347152e-09
971 9.4775390625000000e-01 2.4494261567531914e-03 2.4494271223596117e-03 -9.6560642034310140e-10
972 9.4873046875000000e-01 2.3635779214070825e-03 2.3635788527883407e-03 -9.3138125814226647e-10
973 9.4970703125000000e-01 2.2790790342454665e-03 2.2790799319604826e-03 -8.9771501603913562e-10
974 9.5068359375000000e-01 2.1959395260507117e-03 2.1959403906617416e-03 -8.6461102990695315e-10
975 9.5166015625000000e-01 2.1141694494112438e-03 2.1141702814838786e-03 -8.3207263475160165e-10
976 9.5263671875000000e-01 2.0337788787215439e-03 2.0337796788247103e-03 -8.0010316644632540e-10
977 9.5361328125000000e-01 1.9547779101821467e-03 1.9547786788881093e-03 -7.6870596259909219e-10
978 9.5458984375000000e-01 1.8771766617996437e-03 1.8771773996840036e-03 -7.3788435995050805e-10
979 9.5556640625000000e-01 1.8009852733866800e-03 1.8009859810283772e-03 -7.0764169719274295e-10
980 9.5654296875000000e-01 1.7262139065619580e-03 1.7262145845432706e-03 -6.7798131258428596e-10
981 9.5751953125000000e-01 1.6528727447502345e-03 1.6528733936567799e-03 -6.4890654546782833e-10
982 9.5849609375000000e-01 1.5809719931823227e-03 1.5809726136030563e-03 -6.2042073366817829e-10
983 9.5947265625000000e-01 1.5105218788950914e-03 1.5105224714223079e-03 -5.9252721652802709e-10
984 9.6044921875000000e-01 1.4415326507314639e-03 1.4415332159607986e-03 -5.6522933469110859e-10
985 9.6142578125000000e-01 1.3740145793404198e-03 1.3740151178708473e-03 -5.3853042750011404e-10
986 9.6240234375000000e-01 1.3079779571769938e-03 1.3079784696108298e-03 -5.1243383603245818e-10
987 9.6337890625000000e-01 1.2434330985022772e-03 1.2434335854451769e-03 -4.8694289963083226e-10
988 9.6435546875000000e-01 1.1803903393834160e-03 1.1803908014443761e-03 -4.6206096002317232e-10
989 9.6533203125000000e-01 1.1188600376936125e-03 1.1188604754849706e-03 -4.3779135807005265e-10
990 9.6630859375000000e-01 1.0588525731121260e-03 1.0588529872495589e-03 -4.1413743289732408e-10
991 9.6728515625000000e-01 1.0003783471242700e-03 1.0003787382267958e-03 -3.9110252579924176e-10
992 9.6826171875000000e-01 9.4344778302141402e-04 9.4344815171139198e-04 -3.6868997796164066e-10
993 9.6923828125000000e-01 8.8807132590098354e-04 8.8807167280411390e-04 -3.4690313035351528e-10
994 9.7021484375000000e-01 8.3425944266645911e-04 8.3425976841178414e-04 -3.2574532502806230e-10
995 9.7119140625000000e-01 7.8202262202737736e-04 7.8202292724728097e-04 -3.0521990360479756e-10
996 9.7216796875000000e-01 7.3137137449933050e-04 7.3137165982953842e-04 -2.8533020792007729e-10
997 9.7314453125000000e-01 6.8231623240396682e-04 6.8231649848354652e-04 -2.6607957970183754e-10
998 9.7412109375000000e-01 6.3486774986899058e-04 6.3486799734035137e-04 -2.4747136078643456e-10
999 9.7509765625000000e-01 5.8903650282816228e-04 5.8903673233705464e-04 -2.2950889235970329e-10
1000 9.7607421875000000e-01 5.4483308902129770e-04 5.4483330121681396e-04 -2.1219551625799998e-10
1001 9.7705078125000000e-01 5.0226812799426855e-04 5.0226832352884309e-04 -1.9553457453452133e-10
1002 9.7802734375000000e-01 4.6135226109900206e-04 4.6135244062841130e-04 -1.7952940924246402e-10
1003 9.7900390625000000e-01 4.2209615149348172e-04 4.2209631567684399e-04 -1.6418336227239441e-10
1004 9.7998046875000000e-01 3.8451048414174657e-04 3.8451063364152230e-04 -1.4949977573171930e-10
1005 9.8095703125000000e-01 3.4860596581389169e-04 3.4860610129588336e-04 -1.3548199167363537e-10
1006 9.8193359375000000e-01 3.1439332508606803e-04 3.1439344721942018e-04 -1.2213335215133930e-10
1007 9.8291015625000000e-01 2.8188331234048239e-04 2.8188342179768155e-04 -1.0945719916381769e-10
1008 9.8388671875000000e-01 2.5108669976539740e-04 2.5108679722227217e-04 -9.7456874764267204e-11
1009 9.8486328125000000e-01 2.2201428135513136e-04 2.2201436749085264e-04 -8.6135721276935084e-11
1010 9.8583984375000000e-01 1.9467687291005846e-04 1.9467694840713954e-04 -7.5497081080278666e-11
1011 9.8681640625000000e-01 1.6908531203660879e-04 1.6908537758090513e-04 -6.5544296335914853e-11
1012 9.8779296875000000e-01 1.4525045814726815e-04 1.4525051442797771e-04 -5.6280709557826256e-11
1013 9.8876953125000000e-01 1.2318319246057839e-04 1.2318324017024135e-04 -4.7709662961839885e-11
1014 9.8974609375000000e-01 1.0289441800113716e-04 1.0289445783563614e-04 -3.9834498980623190e-11
1015 9.9072265625000000e-01 8.4395059599597983e-05 8.4395092258157881e-05 -3.2658559897765817e-11
1016 9.9169921875000000e-01 6.7696063892670191e-05 6.7696090077858377e-05 -2.6185188186592795e-11
1017 9.9267578125000000e-01 5.2808399323119066e-05 5.2808419740845264e-05 -2.0417726198456408e-11
1018 9.9365234375000000e-01 3.9743056139765785e-05 3.9743071499282063e-05 -1.5359516277932677e-11
1019 9.9462890625000000e-01 2.8511046397487413e-05 2.8511057411388176e-05 -1.1013900762821358e-11
1020 9.9560546875000000e-01 1.9123403957216909e-05 1.9123411341438897e-05 -7.3842219875340769e-12
1021 9.9658203125000000e-01 1.1591184485943113e-05 1.1591188959765378e-05 -4.4738222644596015e-12
1022 9.9755859375000000e-01 5.9254654567107762e-06 5.9254677427546661e-06 -2.2860438898930743e-12
1023 9.9853515625000000e-01 2.1373461486205456e-06 2.1373469728496863e-06 -8.2422914064788017e-13
1024 9.9951171875000000e-01 2.3794764682896583e-07 2.3794773854924111e-07 -9.1720275273255656e-14
