# P x phi_num phi_exact phi_err
1 7.8125000000000000e-03 6.0025212665969038e-05 6.0025152049260236e-05 6.0616708802755086e-11
2 2.3437500000000000e-02 5.2334586957554930e-04 5.2334534112016980e-04 5.2845537949937349e-10
3 3.9062500000000000e-02 1.4075910506854297e-03 1.4075896294768091e-03 1.4212086206239621e-09
4 5.4687500000000000e-02 2.6698882622610016e-03 2.6698855667746132e-03 2.6954863883467406e-09
5 7.0312500000000000e-02 4.2687940937086253e-03 4.2687897843471708e-03 4.3093614544853498e-09
6 8.5937500000000000e-02 6.1642942175743950e-03 6.1642879952062204e-03 6.2223681745326997e-09
7 1.0156250000000000e-01 8.3178033895428792e-03 8.3177949940416544e-03 8.3955012247782790e-09
8 1.1718750000000000e-01 1.0692165448435846e-02 1.0692154657221519e-02 1.0791214326635878e-08
9 1.3281250000000000e-01 1.3251653316210964e-02 1.3251639942792008e-02 1.3373418955575644e-08
10 1.4843750000000000e-01 1.5961968997960485e-02 1.5961952890477474e-02 1.6107483010591173e-08
11 1.6406250000000000e-01 1.8790243581909966e-02 1.8790224621680413e-02 1.8960229553055541e-08
12 1.7968750000000000e-01 2.1705037239416924e-02 2.1705015339481479e-02 2.1899935444963381e-08
13 1.9531250000000000e-01 2.4676339224969562e-02 2.4676314328639478e-02 2.4896330084317464e-08
14 2.1093750000000000e-01 2.7675567876185476e-02 2.7675539955591365e-02 2.7920594111024988e-08
15 2.2656250000000000e-01 3.0675570613810384e-02 3.0675539668452257e-02 3.0945358126671652e-08
16 2.4218750000000000e-01 3.3650623941716931e-02 3.3650589997015409e-02 3.3944701521848586e-08
17 2.5781250000000000e-01 3.6576433446903402e-02 3.6576396552752223e-02 3.6894151178579193e-08
18 2.7343750000000000e-01 3.9430133799492589e-02 3.9430094028812285e-02 3.9770680304584971e-08
19 2.8906250000000000e-01 4.2190288752730655e-02 4.2190246200023304e-02 4.2552707350818064e-08
20 3.0468750000000000e-01 4.4836891142986002e-02 4.4836845922891153e-02 4.5220094849196535e-08
21 3.2031250000000000e-01 4.7351362889748255e-02 4.7351315135599856e-02 4.7754148399525853e-08
22 3.3593750000000000e-01 4.9716554995627264e-02 4.9716504858011573e-02 5.0137615691114856e-08
23 3.5156250000000000e-01 5.1916747546352150e-02 5.1916695191666647e-02 5.2354685503575027e-08
24 3.6718750000000000e-01 5.3937649710770509e-02 5.3937595319783552e-02 5.4390986957419951e-08
25 3.8281250000000000e-01 5.5766399740847544e-02 5.5766343507258904e-02 5.6233588639764687e-08
26 3.9843750000000000e-01 5.7391564971665344e-02 5.7391507100667517e-02 5.7870997827169646e-08
27 4.1406250000000000e-01 5.8803141821422218e-02 5.8803082528262288e-02 5.9293159930529082e-08
28 4.2968750000000000e-01 5.9992555791432145e-02 5.9992495299974330e-02 6.0491457815059491e-08
29 4.4531250000000000e-01 6.0952661466124144e-02 6.0952600007412885e-02 6.1458711259065879e-08
30 4.6093750000000000e-01 6.1677742513041978e-02 6.1677680323865329e-02 6.2189176648630440e-08
31 4.7656250000000000e-01 6.2163511682843717e-02 6.2163449004297218e-02 6.2678546498828869e-08
32 4.9218750000000000e-01 6.2407110809301579e-02 6.2407047885352229e-02 6.2923949349646957e-08
33 5.0781250000000000e-01 6.2407110809301711e-02 6.2407047885352222e-02 6.2923949488424835e-08
34 5.2343750000000000e-01 6.2163511682844098e-02 6.2163449004297211e-02 6.2678546887406927e-08
35 5.3906250000000000e-01 6.1677742513042581e-02 6.1677680323865322e-02 6.2189177259253103e-08
36 5.5468750000000000e-01 6.0952661466124956e-02 6.0952600007412878e-02 6.1458712077855360e-08
37 5.7031250000000000e-01 5.9992555791433096e-02 5.9992495299974330e-02 6.0491458765687955e-08
38 5.8593750000000000e-01 5.8803141821423238e-02 5.8803082528262295e-02 5.9293160943607592e-08
39 6.0156250000000000e-01 5.7391564971666274e-02 5.7391507100667517e-02 5.7870998756981429e-08
40 6.1718750000000000e-01 5.5766399740848287e-02 5.5766343507258918e-02 5.6233589368348547e-08
41 6.3281250000000000e-01 5.3937649710771002e-02 5.3937595319783552e-02 5.4390987450081418e-08
42 6.4843750000000000e-01 5.1916747546352372e-02 5.1916695191666647e-02 5.2354685725619632e-08
43 6.6406250000000000e-01 4.9716554995627243e-02 4.9716504858011580e-02 5.0137615663359281e-08
44 6.7968750000000000e-01 4.7351362889748068e-02 4.7351315135599856e-02 4.7754148212175718e-08
45 6.9531250000000000e-01 4.4836891142985703e-02 4.4836845922891159e-02 4.5220094543885203e-08
46 7.1093750000000000e-01 4.2190288752730280e-02 4.2190246200023304e-02 4.2552706976117793e-08
47 7.2656250000000000e-01 3.9430133799492166e-02 3.9430094028812292e-02 3.9770679874373549e-08
48 7.4218750000000000e-01 3.6576433446902944e-02 3.6576396552752223e-02 3.6894150720612195e-08
49 7.5781250000000000e-01 3.3650623941716473e-02 3.3650589997015402e-02 3.3944701070820482e-08
50 7.7343750000000000e-01 3.0675570613809950e-02 3.0675539668452254e-02 3.0945357696460229e-08
51 7.8906250000000000e-01 2.7675567876185071e-02 2.7675539955591372e-02 2.7920593698160800e-08
52 8.0468750000000000e-01 2.4676339224969219e-02 2.4676314328639478e-02 2.4896329740842216e-08
53 8.2031250000000000e-01 2.1705037239416653e-02 2.1705015339481482e-02 2.1899935170877072e-08
54 8.3593750000000000e-01 1.8790243581909765e-02 1.8790224621680413e-02 1.8960229351827618e-08
55 8.5156250000000000e-01 1.5961968997960343e-02 1.5961952890477474e-02 1.6107482868343848e-08
56 8.6718750000000000e-01 1.3251653316210850e-02 1.3251639942792008e-02 1.3373418841083895e-08
57 8.8281250000000000e-01 1.0692165448435752e-02 1.0692154657221517e-02 1.0791214234695534e-08
58 8.9843750000000000e-01 8.3178033895427977e-03 8.3177949940416562e-03 8.3955011415115521e-09
59 9.1406250000000000e-01 6.1642942175743273e-03 6.1642879952062196e-03 6.2223681077458459e-09
60 9.2968750000000000e-01 4.2687940937085741e-03 4.2687897843471708e-03 4.3093614033110073e-09
61 9.4531250000000000e-01 2.6698882622609691e-03 2.6698855667746128e-03 2.6954863562543563e-09
62 9.6093750000000000e-01 1.4075910506854126e-03 1.4075896294768091e-03 1.4212086034935678e-09
63 9.7656250000000000e-01 5.2334586957554280e-04 5.2334534112016980e-04 5.2845537299416045e-10
64 9.9218750000000000e-01 6.0025212665968286e-05 6.0025152049260236e-05 6.0616708050589829e-11
