# P x_center tau_phi
1 4.8828125000000000e-04 -5.9467189506001716e-10
2 1.4648437500000000e-03 1.0638128988826878e-09
3 2.4414062500000000e-03 4.9518653899571774e-09
4 3.4179687500000000e-03 1.0563860008971915e-08
5 4.3945312500000000e-03 1.7568815458002263e-08
6 5.3710937500000000e-03 2.7178274797368118e-08
7 6.3476562500000000e-03 3.7693419274731355e-08
8 7.3242187500000000e-03 5.1140741808008983e-08
9 8.3007812500000000e-03 6.5297597301450239e-08
10 9.2773437500000000e-03 8.0735329671677292e-08
11 1.0253906250000000e-02 1.0186700979963881e-07
12 1.1230468750000000e-02 1.1773890734589898e-07
13 1.2207031250000000e-02 1.4254302280192199e-07
14 1.3183593750000000e-02 1.6555849907673448e-07
15 1.4160156250000000e-02 1.8724037123551973e-07
16 1.5136718750000000e-02 2.2038371980115379e-07
17 1.6113281250000000e-02 2.4122923550362607e-07
18 1.7089843750000000e-02 2.8003433971690583e-07
19 1.8066406250000000e-02 3.0698616906854603e-07
20 1.9042968750000000e-02 3.4070065529911986e-07
21 2.0019531250000000e-02 3.7464804195086465e-07
22 2.0996093750000000e-02 4.1394012609274888e-07
23 2.1972656250000000e-02 4.4552793582175454e-07
24 2.2949218750000000e-02 4.9454674611038030e-07
25 2.3925781250000000e-02 5.2745853107438734e-07
26 2.4902343750000000e-02 5.7498654365550905e-07
27 2.5878906250000000e-02 6.1569999404431641e-07
28 2.6855468750000000e-02 6.7007762949433669e-07
29 2.7832031250000000e-02 7.1575738017082280e-07
30 2.8808593750000000e-02 7.6297348758358474e-07
31 2.9785156250000000e-02 8.1916624691813489e-07
32 3.0761718750000000e-02 8.6942423274671832e-07
33 3.1738281250000000e-02 9.2118778283190039e-07
34 3.2714843750000000e-02 9.8003461096451971e-07
35 3.3691406250000000e-02 1.0310533557211787e-06
36 3.4667968750000000e-02 1.0816844187022667e-06
37 3.5644531250000000e-02 1.1617199645319598e-06
38 3.6621093750000000e-02 1.2096825669216660e-06
39 3.7597656250000000e-02 1.2851667555158208e-06
40 3.8574218750000000e-02 1.3509095335428878e-06
41 3.9550781250000000e-02 1.3975876027028100e-06
42 4.0527343750000000e-02 1.4829329113841272e-06
43 4.1503906250000000e-02 1.5547813654870346e-06
44 4.2480468750000000e-02 1.5944965048864113e-06
45 4.3457031250000000e-02 1.7138270511918297e-06
46 4.4433593750000000e-02 1.7488502652152071e-06
47 4.5410156250000000e-02 1.8709195559463154e-06
48 4.6386718750000000e-02 1.8825846140602120e-06
49 4.7363281250000000e-02 2.0520564389669982e-06
50 4.8339843750000000e-02 2.0664007646387095e-06
51 4.9316406250000000e-02 2.1901033427362826e-06
52 5.0292968750000000e-02 2.2219886588736859e-06
53 5.1269531250000000e-02 2.3296849594733882e-06
54 5.2246093750000000e-02 2.3827972884249426e-06
55 5.3222656250000000e-02 2.5005251608478662e-06
56 5.4199218750000000e-02 2.5636495341041510e-06
57 5.5175781250000000e-02 2.6429411920936285e-06
58 5.6152343750000000e-02 2.7532915854722173e-06
59 5.7128906250000000e-02 2.8164599287505698e-06
60 5.8105468750000000e-02 2.9441952629771784e-06
61 5.9082031250000000e-02 3.0098280713874992e-06
62 6.0058593750000000e-02 3.1139315666839362e-06
63 6.1035156250000000e-02 3.2192432418975958e-06
64 6.2011718750000000e-02 3.2810500306401646e-06
65 6.2988281250000000e-02 3.4483539834428978e-06
66 6.3964843750000000e-02 3.5050787228763092e-06
67 6.4941406250000000e-02 3.6151275031592878e-06
68 6.5917968750000000e-02 3.7337873431686486e-06
69 6.6894531250000000e-02 3.7939935412789616e-06
70 6.7871093750000000e-02 3.9820011574487335e-06
71 6.8847656250000000e-02 3.9625246311125739e-06
72 6.9824218750000000e-02 4.1602376439631161e-06
73 7.0800781250000000e-02 4.2473052586089466e-06
74 7.1777343750000000e-02 4.3429273948458746e-06
75 7.2753906250000000e-02 4.4172923817364929e-06
76 7.3730468750000000e-02 4.5672484398906477e-06
77 7.4707031250000000e-02 4.6810275544373336e-06
78 7.5683593750000000e-02 4.8107745049541517e-06
79 7.6660156250000000e-02 4.9043259639225401e-06
80 7.7636718750000000e-02 5.0287279147187558e-06
81 7.8613281250000000e-02 5.1020147500413504e-06
82 7.9589843750000000e-02 5.2880900436036438e-06
83 8.0566406250000000e-02 5.3559766187427638e-06
84 8.1542968750000000e-02 5.4993804141645342e-06
85 8.2519531250000000e-02 5.6065335853339171e-06
86 8.3496093750000000e-02 5.7072293404292207e-06
87 8.4472656250000000e-02 5.9579207790094735e-06
88 8.5449218750000000e-02 5.9041134130299877e-06
89 8.6425781250000000e-02 6.0971411562638078e-06
90 8.7402343750000000e-02 6.1793671109755532e-06
91 8.8378906250000000e-02 6.3146950425863047e-06
92 8.9355468750000000e-02 6.5031159645623227e-06
93 9.0332031250000000e-02 6.5658069773877337e-06
94 9.1308593750000000e-02 6.7411777163184361e-06
95 9.2285156250000000e-02 6.7908006796124631e-06
96 9.3261718750000000e-02 7.0275913510720045e-06
97 9.4238281250000000e-02 7.1535176268122669e-06
98 9.5214843750000000e-02 7.2430764540831749e-06
99 9.6191406250000000e-02 7.4154682850047227e-06
100 9.7167968750000000e-02 7.5514750139393794e-06
101 9.8144531250000000e-02 7.7106924908088015e-06
102 9.9121093750000000e-02 7.7739026525525112e-06
103 1.0009765625000000e-01 7.9795153260231455e-06
104 1.0107421875000000e-01 7.9996962340234123e-06
105 1.0205078125000000e-01 8.3261749863061674e-06
106 1.0302734375000000e-01 8.2287859959895293e-06
107 1.0400390625000000e-01 8.5121833005297187e-06
108 1.0498046875000000e-01 8.6697187735851333e-06
109 1.0595703125000000e-01 8.6417791458626159e-06
110 1.0693359375000000e-01 8.9796987783885562e-06
111 1.0791015625000000e-01 9.0576203191639060e-06
112 1.0888671875000000e-01 9.1288549478873993e-06
113 1.0986328125000000e-01 9.3573068983832108e-06
114 1.1083984375000000e-01 9.5045490736134219e-06
115 1.1181640625000000e-01 9.5109683320437899e-06
116 1.1279296875000000e-01 9.8980968401274350e-06
117 1.1376953125000000e-01 9.9208680840179309e-06
118 1.1474609375000000e-01 1.0071011950302244e-05
119 1.1572265625000000e-01 1.0095200287163486e-05
120 1.1669921875000000e-01 1.0529866507402730e-05
121 1.1767578125000000e-01 1.0451130248056995e-05
122 1.1865234375000000e-01 1.0812657477876630e-05
123 1.1962890625000000e-01 1.0824678327275850e-05
124 1.2060546875000000e-01 1.0934219327018990e-05
125 1.2158203125000000e-01 1.1334987288863507e-05
126 1.2255859375000000e-01 1.1222311245950856e-05
127 1.2353515625000000e-01 1.1654165401830952e-05
128 1.2451171875000000e-01 1.1498053285929899e-05
129 1.2548828125000000e-01 1.1886454950399417e-05
130 1.2646484375000000e-01 1.1880589062790436e-05
131 1.2744140625000000e-01 1.2300011332733174e-05
132 1.2841796875000000e-01 1.2116533503248039e-05
133 1.2939453125000000e-01 1.2641449645939273e-05
134 1.3037109375000000e-01 1.2444240194142697e-05
135 1.3134765625000000e-01 1.2836199262095116e-05
136 1.3232421875000000e-01 1.2923249128687919e-05
137 1.3330078125000000e-01 1.3063009634356471e-05
138 1.3427734375000000e-01 1.3374682061750853e-05
139 1.3525390625000000e-01 1.3172805010314148e-05
140 1.3623046875000000e-01 1.3589858766510643e-05
141 1.3720703125000000e-01 1.3850975005169630e-05
142 1.3818359375000000e-01 1.3747529547858406e-05
143 1.3916015625000000e-01 1.4084177198642189e-05
144 1.4013671875000000e-01 1.4324468275372926e-05
145 1.4111328125000000e-01 1.4319383308286637e-05
146 1.4208984375000000e-01 1.4694763230960195e-05
147 1.4306640625000000e-01 1.4765146813228158e-05
148 1.4404296875000000e-01 1.4709340195429021e-05
149 1.4501953125000000e-01 1.5212789019863893e-05
150 1.4599609375000000e-01 1.5083392639586579e-05
151 1.4697265625000000e-01 1.5423829252930732e-05
152 1.4794921875000000e-01 1.5757253992859654e-05
153 1.4892578125000000e-01 1.5696228980899285e-05
154 1.4990234375000000e-01 1.6105013900036269e-05
155 1.5087890625000000e-01 1.6089531433810533e-05
156 1.5185546875000000e-01 1.6335227373487360e-05
157 1.5283203125000000e-01 1.6156640701869840e-05
158 1.5380859375000000e-01 1.6835263700609726e-05
159 1.5478515625000000e-01 1.6851170368231694e-05
160 1.5576171875000000e-01 1.6800399614047556e-05
161 1.5673828125000000e-01 1.7010769467168396e-05
162 1.5771484375000000e-01 1.7303458497514024e-05
163 1.5869140625000000e-01 1.7201622072277045e-05
164 1.5966796875000000e-01 1.7480113120305063e-05
165 1.6064453125000000e-01 1.8109121887294188e-05
166 1.6162109375000000e-01 1.7777338777530405e-05
167 1.6259765625000000e-01 1.8392105034431561e-05
168 1.6357421875000000e-01 1.8105669301937688e-05
169 1.6455078125000000e-01 1.8467744997446855e-05
170 1.6552734375000000e-01 1.8822673702900694e-05
171 1.6650390625000000e-01 1.8693610955966555e-05
172 1.6748046875000000e-01 1.8974619145406546e-05
173 1.6845703125000000e-01 1.9218656173769499e-05
174 1.6943359375000000e-01 1.9306505511268446e-05
175 1.7041015625000000e-01 1.9864008708986303e-05
176 1.7138671875000000e-01 1.9460647094654560e-05
177 1.7236328125000000e-01 2.0003762124687352e-05
178 1.7333984375000000e-01 2.0271451426023823e-05
179 1.7431640625000000e-01 2.0323312509673563e-05
180 1.7529296875000000e-01 2.0636175421306913e-05
181 1.7626953125000000e-01 2.0524579654762620e-05
182 1.7724609375000000e-01 2.0703773877417397e-05
183 1.7822265625000000e-01 2.1263158007822636e-05
184 1.7919921875000000e-01 2.0921225155928758e-05
185 1.8017578125000000e-01 2.1525712303738231e-05
186 1.8115234375000000e-01 2.1467287057597151e-05
187 1.8212890625000000e-01 2.1729419092786362e-05
188 1.8310546875000000e-01 2.1984275920899909e-05
189 1.8408203125000000e-01 2.2172245976309624e-05
190 1.8505859375000000e-01 2.2203915392288165e-05
191 1.8603515625000000e-01 2.2645521415898262e-05
192 1.8701171875000000e-01 2.2573185196134160e-05
193 1.8798828125000000e-01 2.3149190470445058e-05
194 1.8896484375000000e-01 2.2644995725962236e-05
195 1.8994140625000000e-01 2.3206361381478136e-05
196 1.9091796875000000e-01 2.3462373835353434e-05
197 1.9189453125000000e-01 2.3353421692351439e-05
198 1.9287109375000000e-01 2.3982184151560837e-05
199 1.9384765625000000e-01 2.3769131418521772e-05
200 1.9482421875000000e-01 2.3876547379730884e-05
201 1.9580078125000000e-01 2.4244820725077831e-05
202 1.9677734375000000e-01 2.4218293718042405e-05
203 1.9775390625000000e-01 2.4810238697048348e-05
204 1.9873046875000000e-01 2.4590137586016914e-05
205 1.9970703125000000e-01 2.5167309213758315e-05
206 2.0068359375000000e-01 2.5230444836349397e-05
207 2.0166015625000000e-01 2.5315979719220394e-05
208 2.0263671875000000e-01 2.5721930569988505e-05
209 2.0361328125000000e-01 2.5733035156377815e-05
210 2.0458984375000000e-01 2.6004938097234920e-05
211 2.0556640625000000e-01 2.6418423650670375e-05
212 2.0654296875000000e-01 2.6317834293021480e-05
213 2.0751953125000000e-01 2.6776047220455901e-05
214 2.0849609375000000e-01 2.6839381728122058e-05
215 2.0947265625000000e-01 2.6627040738358421e-05
216 2.1044921875000000e-01 2.6735064352967353e-05
217 2.1142578125000000e-01 2.7580678760824595e-05
218 2.1240234375000000e-01 2.6660482578044764e-05
219 2.1337890625000000e-01 2.7848771432997799e-05
220 2.1435546875000000e-01 2.7450051088867555e-05
221 2.1533203125000000e-01 2.7908105742047162e-05
222 2.1630859375000000e-01 2.7911626989313154e-05
223 2.1728515625000000e-01 2.7877841147300186e-05
224 2.1826171875000000e-01 2.8939230291152862e-05
225 2.1923828125000000e-01 2.7936742093559452e-05
226 2.2021484375000000e-01 2.9221509490140463e-05
227 2.2119140625000000e-01 2.8561596590231941e-05
228 2.2216796875000000e-01 2.9235252766046660e-05
229 2.2314453125000000e-01 2.9275518671018075e-05
230 2.2412109375000000e-01 2.9755271863246557e-05
231 2.2509765625000000e-01 2.9840041289447283e-05
232 2.2607421875000000e-01 3.0125867392150063e-05
233 2.2705078125000000e-01 3.0016697739776443e-05
234 2.2802734375000000e-01 3.0525805330833267e-05
235 2.2900390625000000e-01 3.0461091328592982e-05
236 2.2998046875000000e-01 3.0657014839868824e-05
237 2.3095703125000000e-01 3.0577128162956324e-05
238 2.3193359375000000e-01 3.1592332250307553e-05
239 2.3291015625000000e-01 3.1020412230908789e-05
240 2.3388671875000000e-01 3.1543571284819993e-05
241 2.3486328125000000e-01 3.1492873544813893e-05
242 2.3583984375000000e-01 3.1762382890238028e-05
243 2.3681640625000000e-01 3.2173279615910211e-05
244 2.3779296875000000e-01 3.1652674366167144e-05
245 2.3876953125000000e-01 3.2584747203689979e-05
246 2.3974609375000000e-01 3.2406492696090972e-05
247 2.4072265625000000e-01 3.2667625921772858e-05
248 2.4169921875000000e-01 3.2950908702811255e-05
249 2.4267578125000000e-01 3.2719893593130545e-05
250 2.4365234375000000e-01 3.3762714314045095e-05
251 2.4462890625000000e-01 3.3337551605339133e-05
252 2.4560546875000000e-01 3.4007399613095179e-05
253 2.4658203125000000e-01 3.3984113436025254e-05
254 2.4755859375000000e-01 3.3982943274751820e-05
255 2.4853515625000000e-01 3.4242302192954988e-05
256 2.4951171875000000e-01 3.4046928959280409e-05
257 2.5048828125000000e-01 3.4946538865043841e-05
258 2.5146484375000000e-01 3.4318522088599979e-05
259 2.5244140625000000e-01 3.4606663635555757e-05
260 2.5341796875000000e-01 3.5155307004430814e-05
261 2.5439453125000000e-01 3.5249191070313435e-05
262 2.5537109375000000e-01 3.5245938335509708e-05
263 2.5634765625000000e-01 3.5980008481817372e-05
264 2.5732421875000000e-01 3.5424838263159453e-05
265 2.5830078125000000e-01 3.5964608168098655e-05
266 2.5927734375000000e-01 3.6168801440861209e-05
267 2.6025390625000000e-01 3.6037412821571246e-05
268 2.6123046875000000e-01 3.6881739256783286e-05
269 2.6220703125000000e-01 3.5781147935148860e-05
270 2.6318359375000000e-01 3.7325191308473782e-05
271 2.6416015625000000e-01 3.6566678685678866e-05
272 2.6513671875000000e-01 3.7379906823814535e-05
273 2.6611328125000000e-01 3.7857521957923579e-05
274 2.6708984375000000e-01 3.7284263239956150e-05
275 2.6806640625000000e-01 3.7925102081864948e-05
276 2.6904296875000000e-01 3.7693870848287681e-05
277 2.7001953125000000e-01 3.8497913125157268e-05
278 2.7099609375000000e-01 3.8489479898817791e-05
279 2.7197265625000000e-01 3.8085798678338945e-05
280 2.7294921875000000e-01 3.9075003823996202e-05
281 2.7392578125000000e-01 3.8298044200968384e-05
282 2.7490234375000000e-01 3.9152379621015809e-05
283 2.7587890625000000e-01 3.8717377570968159e-05
284 2.7685546875000000e-01 3.9973265391790580e-05
285 2.7783203125000000e-01 3.8986131651735922e-05
286 2.7880859375000000e-01 3.9630273405949490e-05
287 2.7978515625000000e-01 3.9879127898129196e-05
288 2.8076171875000000e-01 3.9732690315597008e-05
289 2.8173828125000000e-01 4.0383048762471230e-05
290 2.8271484375000000e-01 4.0518896283675554e-05
291 2.8369140625000000e-01 4.0378646709471333e-05
292 2.8466796875000000e-01 4.0439132470593275e-05
293 2.8564453125000000e-01 4.1236790663840006e-05
294 2.8662109375000000e-01 4.0804663326760027e-05
295 2.8759765625000000e-01 4.0573257270304364e-05
296 2.8857421875000000e-01 4.1913474682020446e-05
297 2.8955078125000000e-01 4.1249032254386808e-05
298 2.9052734375000000e-01 4.1679366915986504e-05
299 2.9150390625000000e-01 4.2131590482469283e-05
300 2.9248046875000000e-01 4.2009651948976545e-05
301 2.9345703125000000e-01 4.2207616451239716e-05
302 2.9443359375000000e-01 4.2665874830011274e-05
303 2.9541015625000000e-01 4.2013515762190368e-05
304 2.9638671875000000e-01 4.2873139145943595e-05
305 2.9736328125000000e-01 4.2920159384396417e-05
306 2.9833984375000000e-01 4.2869827785479986e-05
307 2.9931640625000000e-01 4.3616209612795664e-05
308 3.0029296875000000e-01 4.2477091464654393e-05
309 3.0126953125000000e-01 4.3624794109881071e-05
310 3.0224609375000000e-01 4.3781057741637541e-05
311 3.0322265625000000e-01 4.3482319840026928e-05
312 3.0419921875000000e-01 4.4457110801976452e-05
313 3.0517578125000000e-01 4.3427170884513533e-05
314 3.0615234375000000e-01 4.4982053476388950e-05
315 3.0712890625000000e-01 4.3936150244394678e-05
316 3.0810546875000000e-01 4.4580991395981595e-05
317 3.0908203125000000e-01 4.4651596234568380e-05
318 3.1005859375000000e-01 4.4565193099782574e-05
319 3.1103515625000000e-01 4.4739010352484732e-05
320 3.1201171875000000e-01 4.5947904243587301e-05
321 3.1298828125000000e-01 4.4257964107979886e-05
322 3.1396484375000000e-01 4.6166092137478465e-05
323 3.1494140625000000e-01 4.5533005852943509e-05
324 3.1591796875000000e-01 4.5160119512777097e-05
325 3.1689453125000000e-01 4.6597149856331121e-05
326 3.1787109375000000e-01 4.6148604904122648e-05
327 3.1884765625000000e-01 4.5721829306788475e-05
328 3.1982421875000000e-01 4.7283772381057076e-05
329 3.2080078125000000e-01 4.6125663250073945e-05
330 3.2177734375000000e-01 4.7194683511969648e-05
331 3.2275390625000000e-01 4.6258899490669858e-05
332 3.2373046875000000e-01 4.7311818510448189e-05
333 3.2470703125000000e-01 4.6777158030419930e-05
334 3.2568359375000000e-01 4.6860286074146273e-05
335 3.2666015625000000e-01 4.7740012764141415e-05
336 3.2763671875000000e-01 4.7270567098051108e-05
337 3.2861328125000000e-01 4.7776526452825152e-05
338 3.2958984375000000e-01 4.8483026698520337e-05
339 3.3056640625000000e-01 4.7363506186115512e-05
340 3.3154296875000000e-01 4.8053844541623425e-05
341 3.3251953125000000e-01 4.8467875513824588e-05
342 3.3349609375000000e-01 4.8247967571385386e-05
343 3.3447265625000000e-01 4.8347791389263817e-05
344 3.3544921875000000e-01 4.8767343347272396e-05
345 3.3642578125000000e-01 4.9208596622690726e-05
346 3.3740234375000000e-01 4.8717873321585392e-05
347 3.3837890625000000e-01 4.9202518520502503e-05
348 3.3935546875000000e-01 4.9470435788956379e-05
349 3.4033203125000000e-01 4.9521621613285438e-05
350 3.4130859375000000e-01 4.8879235342885741e-05
351 3.4228515625000000e-01 4.9927459297743892e-05
352 3.4326171875000000e-01 5.0043685657891190e-05
353 3.4423828125000000e-01 4.9347120284426449e-05
354 3.4521484375000000e-01 5.0817992008928004e-05
355 3.4619140625000000e-01 4.9926344442563497e-05
356 3.4716796875000000e-01 5.0248452907214469e-05
357 3.4814453125000000e-01 5.1069058322306127e-05
358 3.4912109375000000e-01 5.0242390153887317e-05
359 3.5009765625000000e-01 5.0987095919108327e-05
360 3.5107421875000000e-01 5.1038195837072031e-05
361 3.5205078125000000e-01 5.0753314518342529e-05
362 3.5302734375000000e-01 5.1324541621516895e-05
363 3.5400390625000000e-01 5.0844525298326948e-05
364 3.5498046875000000e-01 5.1697448145454628e-05
365 3.5595703125000000e-01 5.0783865461700994e-05
366 3.5693359375000000e-01 5.2037680650540707e-05
367 3.5791015625000000e-01 5.1644193316019438e-05
368 3.5888671875000000e-01 5.2822051166884210e-05
369 3.5986328125000000e-01 5.0683670243856227e-05
370 3.6083984375000000e-01 5.3454488459420135e-05
371 3.6181640625000000e-01 5.2551433920744461e-05
372 3.6279296875000000e-01 5.2266038027770634e-05
373 3.6376953125000000e-01 5.2598297777900482e-05
374 3.6474609375000000e-01 5.3429000900329093e-05
375 3.6572265625000000e-01 5.2016330775311870e-05
376 3.6669921875000000e-01 5.3367074625332300e-05
377 3.6767578125000000e-01 5.2593648661364290e-05
378 3.6865234375000000e-01 5.3749165832062129e-05
379 3.6962890625000000e-01 5.2422879549179902e-05
380 3.7060546875000000e-01 5.4217623568081352e-05
381 3.7158203125000000e-01 5.3411349158122290e-05
382 3.7255859375000000e-01 5.2984285747126325e-05
383 3.7353515625000000e-01 5.4605360599147001e-05
384 3.7451171875000000e-01 5.2790943626507270e-05
385 3.7548828125000000e-01 5.5051217323881518e-05
386 3.7646484375000000e-01 5.2922319407372465e-05
387 3.7744140625000000e-01 5.4391269572434675e-05
388 3.7841796875000000e-01 5.3855228526994425e-05
389 3.7939453125000000e-01 5.3579170110673591e-05
390 3.8037109375000000e-01 5.4993603157499349e-05
391 3.8134765625000000e-01 5.4641455651233128e-05
392 3.8232421875000000e-01 5.4310864337103748e-05
393 3.8330078125000000e-01 5.5432338113059476e-05
394 3.8427734375000000e-01 5.4071967868524196e-05
395 3.8525390625000000e-01 5.5355750520069691e-05
396 3.8623046875000000e-01 5.4396102683290648e-05
397 3.8720703125000000e-01 5.6319021317419171e-05
398 3.8818359375000000e-01 5.4567993026888306e-05
399 3.8916015625000000e-01 5.5937944867190392e-05
400 3.9013671875000000e-01 5.5541293539101977e-05
401 3.9111328125000000e-01 5.5881431716892083e-05
402 3.9208984375000000e-01 5.5527845540886966e-05
403 3.9306640625000000e-01 5.6149462701049480e-05
404 3.9404296875000000e-01 5.5242885774381412e-05
405 3.9501953125000000e-01 5.6503600415785948e-05
406 3.9599609375000000e-01 5.5640069901607969e-05
407 3.9697265625000000e-01 5.6824617087530838e-05
408 3.9794921875000000e-01 5.5884914582027267e-05
409 3.9892578125000000e-01 5.7350913152065530e-05
410 3.9990234375000000e-01 5.5977401842710606e-05
411 4.0087890625000000e-01 5.6771168621710943e-05
412 4.0185546875000000e-01 5.7109606946881275e-05
413 4.0283203125000000e-01 5.6396668219660384e-05
414 4.0380859375000000e-01 5.7135745391123649e-05
415 4.0478515625000000e-01 5.6227394824748256e-05
416 4.0576171875000000e-01 5.8320776726100698e-05
417 4.0673828125000000e-01 5.6382540946087190e-05
418 4.0771484375000000e-01 5.7446033523866902e-05
419 4.0869140625000000e-01 5.7934973749895757e-05
420 4.0966796875000000e-01 5.7134103885164711e-05
421 4.1064453125000000e-01 5.7666026319319608e-05
422 4.1162109375000000e-01 5.7623390460448398e-05
423 4.1259765625000000e-01 5.8079077976669335e-05
424 4.1357421875000000e-01 5.6768110449911813e-05
425 4.1455078125000000e-01 5.8697276146102428e-05
426 4.1552734375000000e-01 5.7429271555553552e-05
427 4.1650390625000000e-01 5.8686140723990254e-05
428 4.1748046875000000e-01 5.7103463790314501e-05
429 4.1845703125000000e-01 5.7926447684625293e-05
430 4.1943359375000000e-01 5.8055649089894246e-05
431 4.2041015625000000e-01 5.6775810501286106e-05
432 4.2138671875000000e-01 5.9093720333747157e-05
433 4.2236328125000000e-01 5.8095238068461841e-05
434 4.2333984375000000e-01 5.8071896425648806e-05
435 4.2431640625000000e-01 5.8546856564783978e-05
436 4.2529296875000000e-01 5.9520116824890446e-05
437 4.2626953125000000e-01 5.8249861906584099e-05
438 4.2724609375000000e-01 5.8550787457062325e-05
439 4.2822265625000000e-01 5.8873171115025880e-05
440 4.2919921875000000e-01 5.9217011304651956e-05
441 4.3017578125000000e-01 5.8271004286375438e-05
442 4.3115234375000000e-01 5.9492217923895474e-05
443 4.3212890625000000e-01 5.9304372018786911e-05
444 4.3310546875000000e-01 5.8303511528107199e-05
445 4.3408203125000000e-01 5.9231448642199647e-05
446 4.3505859375000000e-01 5.8869531095129268e-05
447 4.3603515625000000e-01 5.9005896803410174e-05
448 4.3701171875000000e-01 5.9640544361555525e-05
449 4.3798828125000000e-01 5.9939007358539298e-05
450 4.3896484375000000e-01 5.9186028694174775e-05
451 4.3994140625000000e-01 5.9765792817884078e-05
452 4.4091796875000000e-01 6.0128577645229830e-05
453 4.4189453125000000e-01 5.9559126139946406e-05
454 4.4287109375000000e-01 5.9607157788438281e-05
455 4.4384765625000000e-01 5.9318997017943076e-05
456 4.4482421875000000e-01 6.0363572647020858e-05
457 4.4580078125000000e-01 5.8926186196267549e-05
458 4.4677734375000000e-01 5.9894417344746875e-05
459 4.4775390625000000e-01 6.0288032682431769e-05
460 4.4873046875000000e-01 5.9749403190756389e-05
461 4.4970703125000000e-01 5.9470620636631333e-05
462 4.5068359375000000e-01 6.1120613966375581e-05
463 4.5166015625000000e-01 5.8977336195531471e-05
464 4.5263671875000000e-01 6.1743064396546643e-05
465 4.5361328125000000e-01 5.9404217203740117e-05
466 4.5458984375000000e-01 6.0663071732108831e-05
467 4.5556640625000000e-01 6.0393627530130889e-05
468 4.5654296875000000e-01 6.0503232251041261e-05
469 4.5751953125000000e-01 6.0634257067898600e-05
470 4.5849609375000000e-01 5.9952236016930227e-05
471 4.5947265625000000e-01 6.0722144683861279e-05
472 4.6044921875000000e-01 6.0917424251932806e-05
473 4.6142578125000000e-01 5.8988353083933021e-05
474 4.6240234375000000e-01 6.1610650542859302e-05
475 4.6337890625000000e-01 5.9366781923753109e-05
476 4.6435546875000000e-01 6.0601396685899811e-05
477 4.6533203125000000e-01 6.0426913169847607e-05
478 4.6630859375000000e-01 5.9916214214916774e-05
479 4.6728515625000000e-01 6.0976647708599341e-05
480 4.6826171875000000e-01 6.0508771398543049e-05
481 4.6923828125000000e-01 6.0777561083469323e-05
482 4.7021484375000000e-01 6.1425388213326437e-05
483 4.7119140625000000e-01 6.0068066336876891e-05
484 4.7216796875000000e-01 6.1473966397385116e-05
485 4.7314453125000000e-01 6.0755506905679768e-05
486 4.7412109375000000e-01 6.0654500925155785e-05
487 4.7509765625000000e-01 6.1409366459957981e-05
488 4.7607421875000000e-01 6.0755126454981045e-05
489 4.7705078125000000e-01 6.0956756879282370e-05
490 4.7802734375000000e-01 6.1299001484466098e-05
491 4.7900390625000000e-01 6.0470557595726504e-05
492 4.7998046875000000e-01 6.1332447693795977e-05
493 4.8095703125000000e-01 6.0546811224027053e-05
494 4.8193359375000000e-01 6.1213089288830735e-05
495 4.8291015625000000e-01 6.0708677113552323e-05
496 4.8388671875000000e-01 6.0225667210311862e-05
497 4.8486328125000000e-01 6.1552198560382854e-05
498 4.8583984375000000e-01 6.0873573557440608e-05
499 4.8681640625000000e-01 6.0335559093988023e-05
500 4.8779296875000000e-01 6.2322340662862574e-05
501 4.8876953125000000e-01 6.0635034930589526e-05
502 4.8974609375000000e-01 6.1710943277420993e-05
503 4.9072265625000000e-01 6.1258531045244036e-05
504 4.9169921875000000e-01 6.1423565233031940e-05
505 4.9267578125000000e-01 6.1609999201406307e-05
506 4.9365234375000000e-01 6.0864158463541651e-05
507 4.9462890625000000e-01 6.1093391503230787e-05
508 4.9560546875000000e-01 6.0867186718077670e-05
509 4.9658203125000000e-01 6.1377636897119725e-05
510 4.9755859375000000e-01 6.0478974743261027e-05
511 4.9853515625000000e-01 6.1747478879159434e-05
512 4.9951171875000000e-01 6.0295568390600351e-05
513 5.0048828125000000e-01 6.1726079865209726e-05
514 5.0146484375000000e-01 6.0197758114999278e-05
515 5.0244140625000000e-01 6.1909486217870402e-05
516 5.0341796875000000e-01 6.0543171870264256e-05
517 5.0439453125000000e-01 6.0867186718077670e-05
518 5.0537109375000000e-01 6.1451019371883131e-05
519 5.0634765625000000e-01 6.0744949173990870e-05
520 5.0732421875000000e-01 6.1252371332753963e-05
521 5.0830078125000000e-01 6.1423565233031940e-05
522 5.0927734375000000e-01 6.1854577492997942e-05
523 5.1025390625000000e-01 6.1353315408768649e-05
524 5.1123046875000000e-01 6.1588709246995776e-05
525 5.1220703125000000e-01 6.1249457056905543e-05
526 5.1318359375000000e-01 6.1527651989495835e-05
527 5.1416015625000000e-01 5.9919899241034358e-05
528 5.1513671875000000e-01 6.1671407849933635e-05
529 5.1611328125000000e-01 6.1060132237167331e-05
530 5.1708984375000000e-01 6.1304723561306229e-05
531 5.1806640625000000e-01 6.0020996393322923e-05
532 5.1904296875000000e-01 6.2096531988187209e-05
533 5.2001953125000000e-01 6.0497982666940509e-05
534 5.2099609375000000e-01 6.0828185464378848e-05
535 5.2197265625000000e-01 6.1418210774016879e-05
536 5.2294921875000000e-01 6.0241501141977682e-05
537 5.2392578125000000e-01 6.1112754323633389e-05
538 5.2490234375000000e-01 6.0574901433102513e-05
539 5.2587890625000000e-01 6.0892919504257348e-05
540 5.2685546875000000e-01 6.0517088326578206e-05
541 5.2783203125000000e-01 6.1473966397385116e-05
542 5.2880859375000000e-01 5.9710438468224547e-05
543 5.2978515625000000e-01 6.1306178923775656e-05
544 5.3076171875000000e-01 6.1015979662570885e-05
545 5.3173828125000000e-01 6.0151143529890705e-05
546 5.3271484375000000e-01 6.0857438419048560e-05
547 5.3369140625000000e-01 6.0869888531323024e-05
548 5.3466796875000000e-01 6.0188494590746044e-05
549 5.3564453125000000e-01 6.0482187396349030e-05
550 5.3662109375000000e-01 6.0558874819260922e-05
551 5.3759765625000000e-01 6.0418557647351490e-05
552 5.3857421875000000e-01 6.0418864558542396e-05
553 5.3955078125000000e-01 6.0679005672831243e-05
554 5.4052734375000000e-01 6.0245307525658154e-05
555 5.4150390625000000e-01 6.1144328912438040e-05
556 5.4248046875000000e-01 5.9561373461941569e-05
557 5.4345703125000000e-01 6.1099278698795167e-05
558 5.4443359375000000e-01 5.9916790371927764e-05
559 5.4541015625000000e-01 6.0067025284354925e-05
560 5.4638671875000000e-01 6.0000263651494024e-05
561 5.4736328125000000e-01 6.1385436527894299e-05
562 5.4833984375000000e-01 5.8977336195531471e-05
563 5.4931640625000000e-01 6.1120613966375581e-05
564 5.5029296875000000e-01 5.9589829926182114e-05
565 5.5126953125000000e-01 6.0226240348959514e-05
566 5.5224609375000000e-01 5.9334358366025519e-05
567 5.5322265625000000e-01 6.0967300950703907e-05
568 5.5419921875000000e-01 5.9045395485818331e-05
569 5.5517578125000000e-01 5.9529107620165389e-05
570 5.5615234375000000e-01 6.0391880623900107e-05
571 5.5712890625000000e-01 5.8295855603379687e-05
572 5.5810546875000000e-01 6.0512800456352656e-05
573 5.5908203125000000e-01 5.9532531197475924e-05
574 5.6005859375000000e-01 5.9169746370130172e-05
575 5.6103515625000000e-01 5.9424447273276337e-05
576 5.6201171875000000e-01 5.9462170200336173e-05
577 5.6298828125000000e-01 5.9163707203352400e-05
578 5.6396484375000000e-01 5.9244315382511736e-05
579 5.6494140625000000e-01 5.8988740384680050e-05
580 5.6591796875000000e-01 5.8516192904894959e-05
581 5.6689453125000000e-01 5.9853232292267355e-05
582 5.6787109375000000e-01 5.8469906991931442e-05
583 5.6884765625000000e-01 5.9373008634344693e-05
584 5.6982421875000000e-01 5.8986260023680126e-05
585 5.7080078125000000e-01 5.8859383435999613e-05
586 5.7177734375000000e-01 5.8634752535924317e-05
587 5.7275390625000000e-01 5.9623671063019357e-05
588 5.7373046875000000e-01 5.7773024748380974e-05
589 5.7470703125000000e-01 5.8566442508484196e-05
590 5.7568359375000000e-01 5.9381321591639447e-05
591 5.7666015625000000e-01 5.6760594240590212e-05
592 5.7763671875000000e-01 5.9644958832621997e-05
593 5.7861328125000000e-01 5.6947953121833095e-05
594 5.7958984375000000e-01 5.8683159134098606e-05
595 5.8056640625000000e-01 5.7578811931691121e-05
596 5.8154296875000000e-01 5.8045656974176074e-05
597 5.8251953125000000e-01 5.7222673079865283e-05
598 5.8349609375000000e-01 5.8447722144888692e-05
599 5.8447265625000000e-01 5.7667690134655114e-05
600 5.8544921875000000e-01 5.7624392540145397e-05
601 5.8642578125000000e-01 5.7244947608114938e-05
602 5.8740234375000000e-01 5.7840659397567773e-05
603 5.8837890625000000e-01 5.6788925433592929e-05
604 5.8935546875000000e-01 5.7189189161116483e-05
605 5.9033203125000000e-01 5.8087778201570961e-05
606 5.9130859375000000e-01 5.5908415827532476e-05
607 5.9228515625000000e-01 5.7922870682070027e-05
608 5.9326171875000000e-01 5.7097796683391877e-05
609 5.9423828125000000e-01 5.6532637382838979e-05
610 5.9521484375000000e-01 5.8253952747111537e-05
611 5.9619140625000000e-01 5.5586024626963493e-05
612 5.9716796875000000e-01 5.7350342536066634e-05
613 5.9814453125000000e-01 5.6871188367779713e-05
614 5.9912109375000000e-01 5.6055912884406256e-05
615 6.0009765625000000e-01 5.6931076159116856e-05
616 6.0107421875000000e-01 5.5920401677456155e-05
617 6.0205078125000000e-01 5.6838588898433517e-05
618 6.0302734375000000e-01 5.5632524192023025e-05
619 6.0400390625000000e-01 5.6712953507565000e-05
620 6.0498046875000000e-01 5.5192298230727355e-05
621 6.0595703125000000e-01 5.6315769380338443e-05
622 6.0693359375000000e-01 5.5434206963744792e-05
623 6.0791015625000000e-01 5.5527845540886966e-05
624 6.0888671875000000e-01 5.5404594558688958e-05
625 6.0986328125000000e-01 5.6018130697305102e-05
626 6.1083984375000000e-01 5.4984270550784142e-05
627 6.1181640625000000e-01 5.5044830185091431e-05
628 6.1279296875000000e-01 5.5603765580114484e-05
629 6.1376953125000000e-01 5.4396102683290648e-05
630 6.1474609375000000e-01 5.5594169099171253e-05
631 6.1572265625000000e-01 5.4787223605828883e-05
632 6.1669921875000000e-01 5.4001826638450101e-05
633 6.1767578125000000e-01 5.5741375811713123e-05
634 6.1865234375000000e-01 5.2614897728869847e-05
635 6.1962890625000000e-01 5.4993603157499349e-05
636 6.2060546875000000e-01 5.3817588689775153e-05
637 6.2158203125000000e-01 5.3020763500138957e-05
638 6.2255859375000000e-01 5.4868106730637800e-05
639 6.2353515625000000e-01 5.3518365855126371e-05
640 6.2451171875000000e-01 5.3978333717924487e-05
641 6.2548828125000000e-01 5.3983036522015082e-05
642 6.2646484375000000e-01 5.4247732730494658e-05
643 6.2744140625000000e-01 5.2984285747126325e-05
644 6.2841796875000000e-01 5.4007395605876196e-05
645 6.2939453125000000e-01 5.3740786409878227e-05
646 6.3037109375000000e-01 5.2780507417832245e-05
647 6.3134765625000000e-01 5.3033910094757442e-05
648 6.3232421875000000e-01 5.3070485819567415e-05
649 6.3330078125000000e-01 5.2771028177578394e-05
650 6.3427734375000000e-01 5.2850795802167339e-05
651 6.3525390625000000e-01 5.3905838058532218e-05
652 6.3623046875000000e-01 5.1883042040595795e-05
653 6.3720703125000000e-01 5.3100503054626103e-05
654 6.3818359375000000e-01 5.2789852499846024e-05
655 6.3916015625000000e-01 5.2023976984810760e-05
656 6.4013671875000000e-01 5.1756553849813258e-05
657 6.4111328125000000e-01 5.1749167560927178e-05
658 6.4208984375000000e-01 5.2240239763773344e-05
659 6.4306640625000000e-01 5.1441634202786801e-05
660 6.4404296875000000e-01 5.1379911909454901e-05
661 6.4501953125000000e-01 5.1697448145454628e-05
662 6.4599609375000000e-01 5.0963734587877729e-05
663 6.4697265625000000e-01 5.1086123042415332e-05
664 6.4794921875000000e-01 5.0753314518342529e-05
665 6.4892578125000000e-01 5.1038195837072031e-05
666 6.4990234375000000e-01 5.0629468050455984e-05
667 6.5087890625000000e-01 5.0480808732988880e-05
668 6.5185546875000000e-01 5.0830639743204564e-05
669 6.5283203125000000e-01 5.0248452907214469e-05
670 6.5380859375000000e-01 4.9807135153012716e-05
671 6.5478515625000000e-01 5.0698782719377222e-05
672 6.5576171875000000e-01 4.9823957442629574e-05
673 6.5673828125000000e-01 4.9090011341484940e-05
674 6.5771484375000000e-01 4.9927459297743892e-05
675 6.5869140625000000e-01 4.8640816763784178e-05
676 6.5966796875000000e-01 4.9402412323734657e-05
677 6.6064453125000000e-01 4.9053203275528645e-05
678 6.6162109375000000e-01 4.8964099941400940e-05
679 6.6259765625000000e-01 4.8598664032034611e-05
680 6.6357421875000000e-01 4.9566224491343069e-05
681 6.6455078125000000e-01 4.7932878320416927e-05
682 6.6552734375000000e-01 4.8467000678814598e-05
683 6.6650390625000000e-01 4.8665200084813121e-05
684 6.6748046875000000e-01 4.8229456934723025e-05
685 6.6845703125000000e-01 4.7755821317746472e-05
686 6.6943359375000000e-01 4.7661529409992465e-05
687 6.7041015625000000e-01 4.7886980250766431e-05
688 6.7138671875000000e-01 4.7895735742375933e-05
689 6.7236328125000000e-01 4.7687799611478843e-05
690 6.7333984375000000e-01 4.7143966316387509e-05
691 6.7431640625000000e-01 4.7277518587574008e-05
692 6.7529296875000000e-01 4.6777158030419930e-05
693 6.7626953125000000e-01 4.6596562773143502e-05
694 6.7724609375000000e-01 4.7152969162300717e-05
695 6.7822265625000000e-01 4.6241009195563398e-05
696 6.7919921875000000e-01 4.6602500408277070e-05
697 6.8017578125000000e-01 4.6985749157180123e-05
698 6.8115234375000000e-01 4.5841038596339256e-05
699 6.8212890625000000e-01 4.6208209548898038e-05
700 6.8310546875000000e-01 4.6537545211555731e-05
701 6.8408203125000000e-01 4.5338933447103269e-05
702 6.8505859375000000e-01 4.4996564049964993e-05
703 6.8603515625000000e-01 4.6523720006130809e-05
704 6.8701171875000000e-01 4.4675196621407620e-05
705 6.8798828125000000e-01 4.5471067085384176e-05
706 6.8896484375000000e-01 4.4977428931586294e-05
707 6.8994140625000000e-01 4.4565193099782574e-05
708 6.9091796875000000e-01 4.4293968365916037e-05
709 6.9189453125000000e-01 4.4938619264633939e-05
710 6.9287109375000000e-01 4.4174568823496241e-05
711 6.9384765625000000e-01 4.4266797739084263e-05
712 6.9482421875000000e-01 4.4440449845695174e-05
713 6.9580078125000000e-01 4.3563041130345592e-05
714 6.9677734375000000e-01 4.4793622025085522e-05
715 6.9775390625000000e-01 4.3185011293883635e-05
716 6.9873046875000000e-01 4.3505584820330290e-05
717 6.9970703125000000e-01 4.3371161136285252e-05
718 7.0068359375000000e-01 4.3079767809817149e-05
719 7.0166015625000000e-01 4.2035362758624517e-05
720 7.0263671875000000e-01 4.3993042990353448e-05
721 7.0361328125000000e-01 4.1263813737008048e-05
722 7.0458984375000000e-01 4.3026794723372008e-05
723 7.0556640625000000e-01 4.1354572644952681e-05
724 7.0654296875000000e-01 4.2744058254218231e-05
725 7.0751953125000000e-01 4.1294396211671858e-05
726 7.0849609375000000e-01 4.2071985837693893e-05
727 7.0947265625000000e-01 4.1381343692109551e-05
728 7.1044921875000000e-01 4.1845078702140714e-05
729 7.1142578125000000e-01 4.1317428234266540e-05
730 7.1240234375000000e-01 4.0692466559855145e-05
731 7.1337890625000000e-01 4.1758337643166277e-05
732 7.1435546875000000e-01 4.0104302413107584e-05
733 7.1533203125000000e-01 4.0856364984021010e-05
734 7.1630859375000000e-01 4.0080623485594380e-05
735 7.1728515625000000e-01 4.0876524152327898e-05
736 7.1826171875000000e-01 3.9787002314717324e-05
737 7.1923828125000000e-01 3.9911504249923180e-05
738 7.2021484375000000e-01 3.9879127898129196e-05
739 7.2119140625000000e-01 3.8795808379094021e-05
740 7.2216796875000000e-01 3.9462968809939047e-05
741 7.2314453125000000e-01 3.9973265391790580e-05
742 7.2412109375000000e-01 3.8121331123214253e-05
743 7.2509765625000000e-01 3.9629216779218934e-05
744 7.2607421875000000e-01 3.8000020977091431e-05
745 7.2705078125000000e-01 3.8657771310568467e-05
746 7.2802734375000000e-01 3.8741449770868241e-05
747 7.2900390625000000e-01 3.8370270609267010e-05
748 7.2998046875000000e-01 3.7603843453526409e-05
749 7.3095703125000000e-01 3.7991894072164634e-05
750 7.3193359375000000e-01 3.7269450989335651e-05
751 7.3291015625000000e-01 3.7701495753383885e-05
752 7.3388671875000000e-01 3.7440289444495845e-05
753 7.3486328125000000e-01 3.7379906823814535e-05
754 7.3583984375000000e-01 3.6209050817026522e-05
755 7.3681640625000000e-01 3.7444400598024563e-05
756 7.3779296875000000e-01 3.5781147935148860e-05
757 7.3876953125000000e-01 3.6583716032906333e-05
758 7.3974609375000000e-01 3.6037412821571246e-05
759 7.4072265625000000e-01 3.6407220019962772e-05
760 7.4169921875000000e-01 3.5547375654670921e-05
761 7.4267578125000000e-01 3.5663256842261015e-05
762 7.4365234375000000e-01 3.5264752744512684e-05
763 7.4462890625000000e-01 3.5603566204162052e-05
764 7.4560546875000000e-01 3.5189586425538044e-05
765 7.4658203125000000e-01 3.5155307004430814e-05
766 7.4755859375000000e-01 3.4427849701229585e-05
767 7.4853515625000000e-01 3.4437731378150760e-05
768 7.4951171875000000e-01 3.4529306351616107e-05
769 7.5048828125000000e-01 3.4523766117483534e-05
770 7.5146484375000000e-01 3.3765465034751863e-05
771 7.5244140625000000e-01 3.4221361853853383e-05
772 7.5341796875000000e-01 3.4162927370351426e-05
773 7.5439453125000000e-01 3.3530562454892054e-05
774 7.5537109375000000e-01 3.3933598053093039e-05
775 7.5634765625000000e-01 3.3047458576740407e-05
776 7.5732421875000000e-01 3.3554358619986013e-05
777 7.5830078125000000e-01 3.2354862255057348e-05
778 7.5927734375000000e-01 3.3204067724751374e-05
779 7.6025390625000000e-01 3.1989260182663237e-05
780 7.6123046875000000e-01 3.2346328624588416e-05
781 7.6220703125000000e-01 3.2606348682573394e-05
782 7.6318359375000000e-01 3.1458023878605523e-05
783 7.6416015625000000e-01 3.2418033982767325e-05
784 7.6513671875000000e-01 3.1314059610487721e-05
785 7.6611328125000000e-01 3.1543571284819993e-05
786 7.6708984375000000e-01 3.1080016875684180e-05
787 7.6806640625000000e-01 3.1353913671205991e-05
788 7.6904296875000000e-01 3.0994360676384058e-05
789 7.7001953125000000e-01 3.0418596260767261e-05
790 7.7099609375000000e-01 3.0878323842020716e-05
791 7.7197265625000000e-01 3.0525805330833267e-05
792 7.7294921875000000e-01 2.9778279160674881e-05
793 7.7392578125000000e-01 3.0602704550353188e-05
794 7.7490234375000000e-01 2.9303599486468768e-05
795 7.7587890625000000e-01 3.0053295087123510e-05
796 7.7685546875000000e-01 2.9275518671018075e-05
797 7.7783203125000000e-01 2.9235252766046660e-05
798 7.7880859375000000e-01 2.8680805879782723e-05
799 7.7978515625000000e-01 2.9161904845365072e-05
800 7.8076171875000000e-01 2.8413579251762577e-05
801 7.8173828125000000e-01 2.8641207067275909e-05
802 7.8271484375000000e-01 2.8354678305503311e-05
803 7.8369140625000000e-01 2.7971231634088545e-05
804 7.8466796875000000e-01 2.8265733610699506e-05
805 7.8564453125000000e-01 2.7628865023193727e-05
806 7.8662109375000000e-01 2.7133515695693111e-05
807 7.8759765625000000e-01 2.7554552249675623e-05
808 7.8857421875000000e-01 2.6805818378744517e-05
809 7.8955078125000000e-01 2.6913878287293524e-05
810 7.9052734375000000e-01 2.6805854672684593e-05
811 7.9150390625000000e-01 2.6362544569918933e-05
812 7.9248046875000000e-01 2.6418419351803557e-05
813 7.9345703125000000e-01 2.6556252872123043e-05
814 7.9443359375000000e-01 2.5941586492467250e-05
815 7.9541015625000000e-01 2.6183752031561092e-05
816 7.9638671875000000e-01 2.5733035156377815e-05
817 7.9736328125000000e-01 2.5423907346111552e-05
818 7.9833984375000000e-01 2.5494793653546566e-05
819 7.9931640625000000e-01 2.5290049481124788e-05
820 8.0029296875000000e-01 2.5346123148084487e-05
821 8.0126953125000000e-01 2.4441125974078437e-05
822 8.0224609375000000e-01 2.5018854953762215e-05
823 8.0322265625000000e-01 2.4397107652368577e-05
824 8.0419921875000000e-01 2.4185216080302441e-05
825 8.0517578125000000e-01 2.4114965958832446e-05
826 8.0615234375000000e-01 2.3828736063297162e-05
827 8.0712890625000000e-01 2.3773567894846970e-05
828 8.0810546875000000e-01 2.3651444916228392e-05
829 8.0908203125000000e-01 2.3223955256251871e-05
830 8.1005859375000000e-01 2.3444779960579698e-05
831 8.1103515625000000e-01 2.2555588758799150e-05
832 8.1201171875000000e-01 2.3149190470445058e-05
833 8.1298828125000000e-01 2.2662592163297246e-05
834 8.1396484375000000e-01 2.2287893547245918e-05
835 8.1494140625000000e-01 2.2412531649002032e-05
836 8.1591796875000000e-01 2.2023234364371147e-05
837 8.1689453125000000e-01 2.2073682888062995e-05
838 8.1787109375000000e-01 2.1699616770398666e-05
839 8.1884765625000000e-01 2.1705705636698713e-05
840 8.1982421875000000e-01 2.1466107658962841e-05
841 8.2080078125000000e-01 2.1040434445479539e-05
842 8.2177734375000000e-01 2.1114146395884159e-05
843 8.2275390625000000e-01 2.0852785489355874e-05
844 8.2373046875000000e-01 2.0494777332374925e-05
845 8.2470703125000000e-01 2.0665977743694608e-05
846 8.2568359375000000e-01 2.0412719476836649e-05
847 8.2666015625000000e-01 2.0003230524534565e-05
848 8.2763671875000000e-01 2.0033564447075047e-05
849 8.2861328125000000e-01 1.9609658706593036e-05
850 8.2958984375000000e-01 1.9595787807497045e-05
851 8.3056640625000000e-01 1.9366110156043836e-05
852 8.3154296875000000e-01 1.9308063140932585e-05
853 8.3251953125000000e-01 1.8974619145406546e-05
854 8.3349609375000000e-01 1.8812820245517337e-05
855 8.3447265625000000e-01 1.8822673702900694e-05
856 8.3544921875000000e-01 1.8467744997446855e-05
857 8.3642578125000000e-01 1.8135471624325383e-05
858 8.3740234375000000e-01 1.8213291100105389e-05
859 8.3837890625000000e-01 1.8015757356631967e-05
860 8.3935546875000000e-01 1.7870703308192626e-05
861 8.4033203125000000e-01 1.7509915442692758e-05
862 8.4130859375000000e-01 1.7618854585704780e-05
863 8.4228515625000000e-01 1.7094842240800157e-05
864 8.4326171875000000e-01 1.6921362500005310e-05
865 8.4423828125000000e-01 1.7277236772250681e-05
866 8.4521484375000000e-01 1.6404135532416264e-05
867 8.4619140625000000e-01 1.6656449766283554e-05
868 8.4716796875000000e-01 1.6454663925746793e-05
869 8.4814453125000000e-01 1.6186215761548883e-05
870 8.4912109375000000e-01 1.6119333756198229e-05
871 8.5009765625000000e-01 1.6105013900036269e-05
872 8.5107421875000000e-01 1.5666426658511590e-05
873 8.5205078125000000e-01 1.5727451670471959e-05
874 8.5302734375000000e-01 1.5513236220093818e-05
875 8.5400390625000000e-01 1.4964183350035798e-05
876 8.5498046875000000e-01 1.5212789019863893e-05
877 8.5595703125000000e-01 1.4798747162592107e-05
878 8.5693359375000000e-01 1.4705542168452768e-05
879 8.5791015625000000e-01 1.4784170198123281e-05
880 8.5888671875000000e-01 1.4170371696348161e-05
881 8.5986328125000000e-01 1.4294665952985230e-05
882 8.6083984375000000e-01 1.3935165586703713e-05
883 8.6181640625000000e-01 1.3926343482184578e-05
884 8.6279296875000000e-01 1.3523149458904982e-05
885 8.6376953125000000e-01 1.3709068056061424e-05
886 8.6474609375000000e-01 1.3321816622252625e-05
887 8.6572265625000000e-01 1.3106461160261595e-05
888 8.6669921875000000e-01 1.3331230535845728e-05
889 8.6767578125000000e-01 1.2714632871974052e-05
890 8.6865234375000000e-01 1.2895803906870507e-05
891 8.6962890625000000e-01 1.2682658773244260e-05
892 8.7060546875000000e-01 1.2477536872806949e-05
893 8.7158203125000000e-01 1.2235742792798820e-05
894 8.7255859375000000e-01 1.2314912493927022e-05
895 8.7353515625000000e-01 1.1865687901596589e-05
896 8.7451171875000000e-01 1.1841751466817874e-05
897 8.7548828125000000e-01 1.1602361414286833e-05
898 8.7646484375000000e-01 1.1430647983923237e-05
899 8.7744140625000000e-01 1.1475630986246266e-05
900 8.7841796875000000e-01 1.1141272193343488e-05
901 8.7939453125000000e-01 1.1068329777763619e-05
902 8.8037109375000000e-01 1.0839579488469697e-05
903 8.8134765625000000e-01 1.0827558639070478e-05
904 8.8232421875000000e-01 1.0585240698801623e-05
905 8.8330078125000000e-01 1.0485163023821187e-05
906 8.8427734375000000e-01 1.0110101448357334e-05
907 8.8525390625000000e-01 1.0190221239853026e-05
908 8.8623046875000000e-01 9.8761646004363879e-06
909 8.8720703125000000e-01 9.7639863893828061e-06
910 8.8818359375000000e-01 9.6301776215945711e-06
911 8.8916015625000000e-01 9.4896479124195743e-06
912 8.9013671875000000e-01 9.2380976088324296e-06
913 8.9111328125000000e-01 9.1735584314689422e-06
914 8.9208984375000000e-01 9.0427191579700583e-06
915 8.9306640625000000e-01 8.9647976171947086e-06
916 8.9404296875000000e-01 8.6864826294441588e-06
917 8.9501953125000000e-01 8.6399164511974380e-06
918 8.9599609375000000e-01 8.4972821393358711e-06
919 8.9697265625000000e-01 8.3181929631526152e-06
920 8.9794921875000000e-01 8.1920645355615385e-06
921 8.9892578125000000e-01 8.0294985564111077e-06
922 8.9990234375000000e-01 7.9646141648292978e-06
923 9.0087890625000000e-01 7.8782107809094448e-06
924 9.0185546875000000e-01 7.6659890072272585e-06
925 9.0283203125000000e-01 7.5961784975209223e-06
926 9.0380859375000000e-01 7.5197764133616563e-06
927 9.0478515625000000e-01 7.2281752928893273e-06
928 9.0576171875000000e-01 7.2280234327815052e-06
929 9.0673828125000000e-01 6.9828878674904615e-06
930 9.0771484375000000e-01 6.8057018408063108e-06
931 9.0869140625000000e-01 6.8454858446753697e-06
932 9.0966796875000000e-01 6.5360046550000384e-06
933 9.1064453125000000e-01 6.4882148033684750e-06
934 9.1162109375000000e-01 6.3593985261678476e-06
935 9.1259765625000000e-01 6.1346636273940103e-06
936 9.1357421875000000e-01 6.0747894144730363e-06
937 9.1455078125000000e-01 5.9488168966115307e-06
938 9.1552734375000000e-01 5.8983161342340829e-06
939 9.1650390625000000e-01 5.7370316628169160e-06
940 9.1748046875000000e-01 5.6065335853339171e-06
941 9.1845703125000000e-01 5.4472263499860674e-06
942 9.1943359375000000e-01 5.4230318441150782e-06
943 9.2041015625000000e-01 5.1763313346497863e-06
944 9.2138671875000000e-01 5.1616193948167410e-06
945 9.2236328125000000e-01 5.0138267535249081e-06
946 9.2333984375000000e-01 4.8894248027286924e-06
947 9.2431640625000000e-01 4.7809721825664564e-06
948 9.2529296875000000e-01 4.6810275544373336e-06
949 9.2626953125000000e-01 4.5523472786968000e-06
950 9.2724609375000000e-01 4.4470947041241882e-06
951 9.2822265625000000e-01 4.3131250724581793e-06
952 9.2919921875000000e-01 4.2771075809966419e-06
953 9.3017578125000000e-01 4.1304353215754208e-06
954 9.3115234375000000e-01 4.0221292758879645e-06
955 9.3212890625000000e-01 3.9521988350610382e-06
956 9.3310546875000000e-01 3.8014441218758854e-06
957 9.3408203125000000e-01 3.7337873431686486e-06
958 9.3505859375000000e-01 3.6002263419654401e-06
959 9.3603515625000000e-01 3.5423316258609283e-06
960 9.3701171875000000e-01 3.4185516610552025e-06
961 9.3798828125000000e-01 3.3257535142217076e-06
962 9.3896484375000000e-01 3.1857156292114386e-06
963 9.3994140625000000e-01 3.1623603405639411e-06
964 9.4091796875000000e-01 2.9763004587013420e-06
965 9.4189453125000000e-01 2.9330193920817926e-06
966 9.4287109375000000e-01 2.8499875414367271e-06
967 9.4384765625000000e-01 2.7495662951737554e-06
968 9.4482421875000000e-01 2.6354906114967047e-06
969 9.4580078125000000e-01 2.6158035982826178e-06
970 9.4677734375000000e-01 2.4371952257740137e-06
971 9.4775390625000000e-01 2.4349513526034094e-06
972 9.4873046875000000e-01 2.2961573467872309e-06
973 9.4970703125000000e-01 2.2406151103659955e-06
974 9.5068359375000000e-01 2.1640263106470492e-06
975 9.5166015625000000e-01 2.0738513452356333e-06
976 9.5263671875000000e-01 1.9887265038931456e-06
977 9.5361328125000000e-01 1.9086616461494454e-06
978 9.5458984375000000e-01 1.8448425238570820e-06
979 9.5556640625000000e-01 1.7637514264090548e-06
980 9.5654296875000000e-01 1.6877500191025963e-06
981 9.5751953125000000e-01 1.6429252787664161e-06
982 9.5849609375000000e-01 1.5380175591439560e-06
983 9.5947265625000000e-01 1.4829329113841272e-06
984 9.6044921875000000e-01 1.4143514090458886e-06
985 9.6142578125000000e-01 1.3434589529459640e-06
986 9.6240234375000000e-01 1.2833041103665899e-06
987 9.6337890625000000e-01 1.2152705023693589e-06
988 9.6435546875000000e-01 1.1430935130396502e-06
989 9.6533203125000000e-01 1.0928602895976525e-06
990 9.6630859375000000e-01 1.0310533557211787e-06
991 9.6728515625000000e-01 9.8003461096451971e-07
992 9.6826171875000000e-01 9.2677571827959326e-07
993 9.6923828125000000e-01 8.6942423274671832e-07
994 9.7021484375000000e-01 8.1264698889582654e-07
995 9.7119140625000000e-01 7.6763010045666213e-07
996 9.7216796875000000e-01 7.1948267046928471e-07
997 9.7314453125000000e-01 6.6169572632279738e-07
998 9.7412109375000000e-01 6.2501321979047120e-07
999 9.7509765625000000e-01 5.7405522108089357e-07
1000 9.7607421875000000e-01 5.2745853107438734e-07
1001 9.7705078125000000e-01 4.9547806868499578e-07
1002 9.7802734375000000e-01 4.4785624225829324e-07
1003 9.7900390625000000e-01 4.1487144866736436e-07
1004 9.7998046875000000e-01 3.7604502581278787e-07
1005 9.8095703125000000e-01 3.4023499401181212e-07
1006 9.8193359375000000e-01 3.0791749164316151e-07
1007 9.8291015625000000e-01 2.7537772684382844e-07
1008 9.8388671875000000e-01 2.4611867902035733e-07
1009 9.8486328125000000e-01 2.1316596984788383e-07
1010 9.8583984375000000e-01 1.9236264539590486e-07
1011 9.8681640625000000e-01 1.6346302328384965e-07
1012 9.8779296875000000e-01 1.4277585344557586e-07
1013 9.8876953125000000e-01 1.1797173798955285e-07
1014 9.8974609375000000e-01 1.0105210254685026e-07
1015 9.9072265625000000e-01 8.1666652246292770e-08
1016 9.9169921875000000e-01 6.5006558996882902e-08
1017 9.9267578125000000e-01 5.1024326486182048e-08
1018 9.9365234375000000e-01 3.7606107783361153e-08
1019 9.9462890625000000e-01 2.6872684577572414e-08
1020 9.9560546875000000e-01 1.7932613338711434e-08
1021 9.9658203125000000e-01 1.0440168729530797e-08
1022 9.9755859375000000e-01 4.8686466247449545e-09
1023 9.9853515625000000e-01 1.1393009591298409e-09
1024 9.9951171875000000e-01 -7.2563913211531883e-10
