# P x phi_num phi_exact phi_err
1 3.1250000000000000e-02 9.1557918493747985e-04 9.1556499513614027e-04 1.4189801339579283e-08
2 9.3750000000000000e-02 7.2112577400428226e-03 7.2111461479557179e-03 1.1159208710472684e-07
3 1.5625000000000000e-01 1.7363610719316983e-02 1.7363342389548550e-02 2.6832976843249590e-07
4 2.1875000000000000e-01 2.9177534618413790e-02 2.9177084262272942e-02 4.5035614084851239e-07
5 2.8125000000000000e-01 4.0823776703272439e-02 4.0823147218094144e-02 6.2948517829536366e-07
6 3.4375000000000000e-01 5.0838934924830326e-02 5.0838151618584376e-02 7.8330624594946663e-07
7 4.0625000000000000e-01 5.8125457834833333e-02 5.8124562734922759e-02 8.9509991057362681e-07
8 4.6875000000000000e-01 6.1951644512872696e-02 6.1950690747895443e-02 9.5376497725313536e-07
9 5.3125000000000000e-01 6.1951644512872703e-02 6.1950690747895443e-02 9.5376497726007425e-07
10 5.9375000000000000e-01 5.8125457834833361e-02 5.8124562734922773e-02 8.9509991058750460e-07
11 6.5625000000000000e-01 5.0838934924830347e-02 5.0838151618584376e-02 7.8330624597028331e-07
12 7.1875000000000000e-01 4.0823776703272453e-02 4.0823147218094144e-02 6.2948517830924144e-07
13 7.8125000000000000e-01 2.9177534618413794e-02 2.9177084262272938e-02 4.5035614085545128e-07
14 8.4375000000000000e-01 1.7363610719316983e-02 1.7363342389548550e-02 2.6832976843249590e-07
15 9.0625000000000000e-01 7.2112577400428261e-03 7.2111461479557187e-03 1.1159208710732893e-07
16 9.6875000000000000e-01 9.1557918493748061e-04 9.1556499513614027e-04 1.4189801340338225e-08
