# P x_center tau_phi
1 1.9531250000000000e-03 -4.4705406043732410e-08
2 5.8593750000000000e-03 7.2857276101068180e-08
3 9.7656250000000000e-03 3.0538963147197506e-07
4 1.3671875000000000e-02 6.5014045880218418e-07
5 1.7578125000000000e-02 1.1041693604996183e-06
6 2.1484375000000000e-02 1.6653108064756950e-06
7 2.5390625000000000e-02 2.3300677446380647e-06
8 2.9296875000000000e-02 3.0966092952056101e-06
9 3.3203125000000000e-02 3.9616857450130993e-06
10 3.7109375000000000e-02 4.9230296135238660e-06
11 4.1015625000000000e-02 5.9780459797931229e-06
12 4.4921875000000000e-02 7.1238415872976191e-06
13 4.8828125000000000e-02 8.3583307887158398e-06
14 5.2734375000000000e-02 9.6782273819595588e-06
15 5.6640625000000000e-02 1.1082071408430316e-05
16 6.0546875000000000e-02 1.2566096409427630e-05
17 6.4453125000000000e-02 1.4129700945608725e-05
18 6.8359375000000000e-02 1.5768114432379576e-05
19 7.2265625000000000e-02 1.7481477534553314e-05
20 7.6171875000000000e-02 1.9264015541642365e-05
21 8.0078125000000000e-02 2.1116960468470225e-05
22 8.3984375000000000e-02 2.3036676692678171e-05
23 8.7890625000000000e-02 2.5019317566932209e-05
24 9.1796875000000000e-02 2.7064899955742128e-05
25 9.5703125000000000e-02 2.9168805916968132e-05
26 9.9609375000000000e-02 3.1330397435080926e-05
27 1.0351562500000000e-01 3.3548592639709440e-05
28 1.0742187500000000e-01 3.5816510700170667e-05
29 1.1132812500000000e-01 3.8138235632256823e-05
30 1.1523437500000000e-01 4.0503204927211378e-05
31 1.1914062500000000e-01 4.2922298301495410e-05
32 1.2304687500000000e-01 4.5380107415060600e-05
33 1.2695312500000000e-01 4.7878940862555730e-05
34 1.3085937500000000e-01 5.0421827536895059e-05
35 1.3476562500000000e-01 5.2998779620838654e-05
36 1.3867187500000000e-01 5.5613335280590981e-05
37 1.4257812500000000e-01 5.8261138246584743e-05
38 1.4648437500000000e-01 6.0942976329303455e-05
39 1.5039062500000000e-01 6.3649880258309643e-05
40 1.5429687500000000e-01 6.6390597698418041e-05
41 1.5820312500000000e-01 6.9148286749198817e-05
42 1.6210937500000000e-01 7.1937792284204605e-05
43 1.6601562500000000e-01 7.4751629241087691e-05
44 1.6992187500000000e-01 7.7573486799153990e-05
45 1.7382812500000000e-01 8.0427588475706635e-05
46 1.7773437500000000e-01 8.3287888175131997e-05
47 1.8164062500000000e-01 8.6169339801211997e-05
48 1.8554687500000000e-01 8.9060376370242444e-05
49 1.8945312500000000e-01 9.1963422543361872e-05
50 1.9335937500000000e-01 9.4872077223140394e-05
51 1.9726562500000000e-01 9.7802778521449696e-05
52 2.0117187500000000e-01 1.0071284737245279e-04
53 2.0507812500000000e-01 1.0365834670977847e-04
54 2.0898437500000000e-01 1.0657987727336060e-04
55 2.1289062500000000e-01 1.0951864444741499e-04
56 2.1679687500000000e-01 1.1244975151947223e-04
57 2.2070312500000000e-01 1.1537998855082332e-04
58 2.2460937500000000e-01 1.1831151079544355e-04
59 2.2851562500000000e-01 1.2122414357196298e-04
60 2.3242187500000000e-01 1.2414336881128030e-04
61 2.3632812500000000e-01 1.2705091808906666e-04
62 2.4023437500000000e-01 1.2994530859344877e-04
63 2.4414062500000000e-01 1.3283439254463403e-04
64 2.4804687500000000e-01 1.3570089825909459e-04
65 2.5195312500000000e-01 1.3856855405258717e-04
66 2.5585937500000000e-01 1.4140616201530065e-04
67 2.5976562500000000e-01 1.4423376878480720e-04
68 2.6367187500000000e-01 1.4703418990191786e-04
69 2.6757812500000000e-01 1.4983124090683919e-04
70 2.7148437500000000e-01 1.5258822317820719e-04
71 2.7539062500000000e-01 1.5533458380379006e-04
72 2.7929687500000000e-01 1.5805695083892513e-04
73 2.8320312500000000e-01 1.6075221869316092e-04
74 2.8710937500000000e-01 1.6342009755010434e-04
75 2.9101562500000000e-01 1.6607242659250065e-04
76 2.9492187500000000e-01 1.6867822597110838e-04
77 2.9882812500000000e-01 1.7125962302932951e-04
78 3.0273437500000000e-01 1.7382572840052291e-04
79 3.0664062500000000e-01 1.7634097104057833e-04
80 3.1054687500000000e-01 1.7883033767873702e-04
81 3.1445312500000000e-01 1.8129182849591086e-04
82 3.1835937500000000e-01 1.8371135828509910e-04
83 3.2226562500000000e-01 1.8610094067783578e-04
84 3.2617187500000000e-01 1.8845398466016405e-04
85 3.3007812500000000e-01 1.9074529457252520e-04
86 3.3398437500000000e-01 1.9303724088359786e-04
87 3.3789062500000000e-01 1.9524879219157132e-04
88 3.4179687500000000e-01 1.9744422522227634e-04
89 3.4570312500000000e-01 1.9959843154049306e-04
90 3.4960937500000000e-01 2.0170308832334616e-04
91 3.5351562500000000e-01 2.0377969687657149e-04
92 3.5742187500000000e-01 2.0578458773157227e-04
93 3.6132812500000000e-01 2.0776724548321468e-04
94 3.6523437500000000e-01 2.0969522014602227e-04
95 3.6914062500000000e-01 2.1156588586279668e-04
96 3.7304687500000000e-01 2.1340830355021101e-04
97 3.7695312500000000e-01 2.1519753922139007e-04
98 3.8085937500000000e-01 2.1691613127616804e-04
99 3.8476562500000000e-01 2.1862487101675931e-04
100 3.8867187500000000e-01 2.2024673581033660e-04
101 3.9257812500000000e-01 2.2185187379708537e-04
102 3.9648437500000000e-01 2.2336889389151793e-04
103 4.0039062500000000e-01 2.2486053726544775e-04
104 4.0429687500000000e-01 2.2630388521949207e-04
105 4.0820312500000000e-01 2.2767790350575190e-04
106 4.1210937500000000e-01 2.2900814581072737e-04
107 4.1601562500000000e-01 2.3027362149874442e-04
108 4.1992187500000000e-01 2.3149247728793121e-04
109 4.2382812500000000e-01 2.3265121673510247e-04
110 4.2773437500000000e-01 2.3375499165467772e-04
111 4.3164062500000000e-01 2.3480525037655742e-04
112 4.3554687500000000e-01 2.3580718832727499e-04
113 4.3945312500000000e-01 2.3672876983638069e-04
114 4.4335937500000000e-01 2.3762552536144010e-04
115 4.4726562500000000e-01 2.3843007258617099e-04
116 4.5117187500000000e-01 2.3921661203185618e-04
117 4.5507812500000000e-01 2.3991594234917812e-04
118 4.5898437500000000e-01 2.4057809328459356e-04
119 4.6289062500000000e-01 2.4115067090724196e-04
120 4.6679687500000000e-01 2.4170796296252295e-04
121 4.7070312500000000e-01 2.4215664093840683e-04
122 4.7460937500000000e-01 2.4258593735371203e-04
123 4.7851562500000000e-01 2.4293236963102149e-04
124 4.8242187500000000e-01 2.4323864777231474e-04
125 4.8632812500000000e-01 2.4347858571527325e-04
126 4.9023437500000000e-01 2.4365209623566919e-04
127 4.9414062500000000e-01 2.4378146565706693e-04
128 4.9804687500000000e-01 2.4382567217418050e-04
129 5.0195312500000000e-01 2.4383312275477742e-04
130 5.0585937500000000e-01 2.4378146565706693e-04
131 5.0976562500000000e-01 2.4365209623566919e-04
132 5.1367187500000000e-01 2.4346927248952710e-04
133 5.1757812500000000e-01 2.4324237306261320e-04
134 5.2148437500000000e-01 2.4294168285676765e-04
135 5.2539062500000000e-01 2.4257476148281665e-04
136 5.2929687500000000e-01 2.4218830590594376e-04
137 5.3320312500000000e-01 2.4167816064013525e-04
138 5.3710937500000000e-01 2.4117302264903273e-04
139 5.4101562500000000e-01 2.4056691741369818e-04
140 5.4492187500000000e-01 2.3991966763947659e-04
141 5.4882812500000000e-01 2.3922219996730387e-04
142 5.5273437500000000e-01 2.3844497374736484e-04
143 5.5664062500000000e-01 2.3762180007114164e-04
144 5.6054687500000000e-01 2.3673808306212685e-04
145 5.6445312500000000e-01 2.3580532568212575e-04
146 5.6835937500000000e-01 2.3480897566685588e-04
147 5.7226562500000000e-01 2.3374754107408080e-04
148 5.7617187500000000e-01 2.3265680467055017e-04
149 5.8007812500000000e-01 2.3149247728793121e-04
150 5.8398437500000000e-01 2.3026989620844596e-04
151 5.8789062500000000e-01 2.2899696993983198e-04
152 5.9179687500000000e-01 2.2768349144119959e-04
153 5.9570312500000000e-01 2.2628339612285053e-04
154 5.9960937500000000e-01 2.2487543842664159e-04
155 6.0351562500000000e-01 2.2336516860121947e-04
156 6.0742187500000000e-01 2.2185373644223461e-04
157 6.1132812500000000e-01 2.2025418639093353e-04
158 6.1523437500000000e-01 2.1861369514586393e-04
159 6.1914062500000000e-01 2.1694593359855574e-04
160 6.2304687500000000e-01 2.1517518747959929e-04
161 6.2695312500000000e-01 2.1341947942110640e-04
162 6.3085937500000000e-01 2.1157706173369206e-04
163 6.3476562500000000e-01 2.0968218162997765e-04
164 6.3867187500000000e-01 2.0776724548321468e-04
165 6.4257812500000000e-01 2.0578645037672150e-04
166 6.4648437500000000e-01 2.0377224629597457e-04
167 6.5039062500000000e-01 2.0170122567819693e-04
168 6.5429687500000000e-01 1.9959656889534383e-04
169 6.5820312500000000e-01 1.9745446977059711e-04
170 6.6210937500000000e-01 1.9525810541731747e-04
171 6.6601562500000000e-01 1.9303072162557555e-04
172 6.6992187500000000e-01 1.9075647044342059e-04
173 6.7382812500000000e-01 1.8844374011184328e-04
174 6.7773437500000000e-01 1.8610094067783578e-04
175 6.8164062500000000e-01 1.8371787754312141e-04
176 6.8554687500000000e-01 1.8128717188303778e-04
177 6.8945312500000000e-01 1.7883033767873702e-04
178 6.9335937500000000e-01 1.7635307823404833e-04
179 6.9726562500000000e-01 1.7380151401358290e-04
180 7.0117187500000000e-01 1.7128476873884413e-04
181 7.0507812500000000e-01 1.6866518745506376e-04
182 7.0898437500000000e-01 1.6607708320537373e-04
183 7.1289062500000000e-01 1.6341916622752972e-04
184 7.1679687500000000e-01 1.6075315001573554e-04
185 7.2070312500000000e-01 1.5805508819377589e-04
186 7.2460937500000000e-01 1.5533737777151391e-04
187 7.2851562500000000e-01 1.5259008582335643e-04
188 7.3242187500000000e-01 1.4982937826168996e-04
189 7.3632812500000000e-01 1.4703791519221632e-04
190 7.4023437500000000e-01 1.4423097481708336e-04
191 7.4414062500000000e-01 1.4140523069272604e-04
192 7.4804687500000000e-01 1.3856296611713947e-04
193 7.5195312500000000e-01 1.3570741751711690e-04
194 7.5585937500000000e-01 1.3282507931888787e-04
195 7.5976562500000000e-01 1.2994717123859800e-04
196 7.6367187500000000e-01 1.2704998676649204e-04
197 7.6757812500000000e-01 1.2414523145642953e-04
198 7.7148437500000000e-01 1.2122228092681375e-04
199 7.7539062500000000e-01 1.1832082402118971e-04
200 7.7929687500000000e-01 1.1537067532507717e-04
201 7.8320312500000000e-01 1.1245813342264377e-04
202 7.8710937500000000e-01 1.0950560593137038e-04
203 7.9101562500000000e-01 1.0658546520880829e-04
204 7.9492187500000000e-01 1.0365275877433078e-04
205 7.9882812500000000e-01 1.0071703832403855e-04
206 8.0273437500000000e-01 9.7801381537587773e-05
207 8.0664062500000000e-01 9.4871611561853086e-05
208 8.1054687500000000e-01 9.1962491220787257e-05
209 8.1445312500000000e-01 8.9062239015391675e-05
210 8.1835937500000000e-01 8.6164683188338920e-05
211 8.2226562500000000e-01 8.3293010449292382e-05
212 8.2617187500000000e-01 8.0422000540258942e-05
213 8.3007812500000000e-01 7.7578609073314375e-05
214 8.3398437500000000e-01 7.4744178660490768e-05
215 8.3789062500000000e-01 7.1940586251928451e-05
216 8.4179687500000000e-01 6.9146424104049586e-05
217 8.4570312500000000e-01 6.6393391666141888e-05
218 8.4960937500000000e-01 6.3645689306723874e-05
219 8.5351562500000000e-01 6.0944373313165379e-05
220 8.5742187500000000e-01 5.8260206924010127e-05
221 8.6132812500000000e-01 5.5614266603165596e-05
222 8.6523437500000000e-01 5.2999245282125962e-05
223 8.6914062500000000e-01 5.0418800738527558e-05
224 8.7304687500000000e-01 4.7883597475428807e-05
225 8.7695312500000000e-01 4.5378011939267715e-05
226 8.8085937500000000e-01 4.2920435656346179e-05
227 8.8476562500000000e-01 4.0505300403004263e-05
228 8.8867187500000000e-01 3.8137071479038553e-05
229 8.9257812500000000e-01 3.5817209192101629e-05
230 8.9648437500000000e-01 3.3548592639709440e-05
231 9.0039062500000000e-01 3.1330630265724579e-05
232 9.0429687500000000e-01 2.9168340255680825e-05
233 9.0820312500000000e-01 2.7064085048489339e-05
234 9.1210937500000000e-01 2.5019084736288555e-05
235 9.1601562500000000e-01 2.3036327446712690e-05
236 9.1992187500000000e-01 2.1116960468470225e-05
237 9.2382812500000000e-01 1.9265063279538808e-05
238 9.2773437500000000e-01 1.7480546211978698e-05
239 9.3164062500000000e-01 1.5769045754954192e-05
240 9.3554687500000000e-01 1.4129584530286898e-05
241 9.3945312500000000e-01 1.2566329240071283e-05
242 9.4335937500000000e-01 1.1082013200769403e-05
243 9.4726562500000000e-01 9.6782273819595588e-06
244 9.5117187500000000e-01 8.3580688542417292e-06
245 9.5507812500000000e-01 7.1235796528235085e-06
246 9.5898437500000000e-01 5.9781623951149498e-06
247 9.6289062500000000e-01 4.9229131982020391e-06
248 9.6679687500000000e-01 3.9618749199110681e-06
249 9.7070312500000000e-01 3.0964637760533265e-06
250 9.7460937500000000e-01 2.3303078512393327e-06
251 9.7851562500000000e-01 1.6651034416836907e-06
252 9.8242187500000000e-01 1.1042821378426382e-06
253 9.8632812500000000e-01 6.5007224669955121e-07
254 9.9023437500000000e-01 3.0537291950682999e-07
255 9.9414062500000000e-01 7.2867621603300847e-08
256 9.9804687500000000e-01 -4.4712682001346593e-08
