# P x phi_num phi_exact phi_err
1 1.9531250000000000e-03 3.7960129726053802e-06 3.7960127449622191e-06 2.2764316109298338e-13
2 5.8593750000000000e-03 3.3897210613243504e-05 3.3897208580688682e-05 2.0325548224218483e-12
3 9.7656250000000000e-03 9.3420419899410798e-05 9.3420414298332345e-05 5.6010784524980137e-12
4 1.3671875000000000e-02 1.8166226464988851e-04 1.8166225375942767e-04 1.0890460842155614e-11
5 1.7578125000000000e-02 2.9792495103412052e-04 2.9792493317581437e-04 1.7858306142464614e-11
6 2.1484375000000000e-02 4.4151626757221355e-04 4.4151624110963771e-04 2.6462575837202240e-11
7 2.5390625000000000e-02 6.1174958513493679e-04 6.1174954847334766e-04 3.6661589129100003e-11
8 2.9296875000000000e-02 8.0794385694372170e-04 8.0794380852970032e-04 4.8414021381303074e-11
9 3.3203125000000000e-02 1.0294236185706624e-03 1.0294235568917562e-03 6.1678906123144306e-11
10 3.7109375000000000e-02 1.2755189879385151e-03 1.2755189115228817e-03 7.6415633369630864e-11
11 4.1015625000000000e-02 1.5455656653206979e-03 1.5455655727367483e-03 9.2583949621444228e-11
12 4.4921875000000000e-02 1.8389049333412909e-03 1.8389048231973323e-03 1.1014395862388171e-10
13 4.8828125000000000e-02 2.1548836569750362e-03 2.1548835279189163e-03 1.2905611995739363e-10
14 5.2734375000000000e-02 2.4928542835473376e-03 2.4928541342660875e-03 1.4928125012178550e-10
15 5.6640625000000000e-02 2.8521748427342603e-03 2.8521746719537382e-03 1.7078052210253714e-10
16 6.0546875000000000e-02 3.2322089465625279e-03 3.2322087530470664e-03 1.9351546146767484e-10
17 6.4453125000000000e-02 3.6323257894095243e-03 3.6323255719615754e-03 2.1744794896985664e-10
18 6.8359375000000000e-02 4.0519001480032943e-03 4.0518999054630729e-03 2.4254022141373399e-10
19 7.2265625000000000e-02 4.4903123814225409e-03 4.4903121126676744e-03 2.6875486645178137e-10
20 7.6171875000000000e-02 4.9469484310966268e-03 4.9469481350417968e-03 2.9605482995687105e-10
21 8.0078125000000000e-02 5.4211998208055752e-03 5.4211994964021666e-03 3.2440340864969830e-10
22 8.3984375000000000e-02 5.9124636566800677e-03 5.9124633029158120e-03 3.5376425573663273e-10
23 8.7890625000000000e-02 6.4201426272014464e-03 6.4201422431000663e-03 3.8410138004235650e-10
24 9.1796875000000000e-02 6.9436450032017098e-03 6.9436445878225724e-03 4.1537913733624698e-10
25 9.5703125000000000e-02 7.4823846378635145e-03 7.4823841903012746e-03 4.4756223987335586e-10
26 9.9609375000000000e-02 8.0357809667201737e-03 8.0357804861044234e-03 4.8061575032287696e-10
27 1.0351562500000000e-01 8.6032590076556593e-03 8.6032584931505750e-03 5.1450508437023146e-10
28 1.0742187500000000e-01 9.1842493609046016e-03 9.1842488117085900e-03 5.4919601158442966e-10
29 1.1132812500000000e-01 9.7781882090522809e-03 9.7781876243976367e-03 5.8465464414236834e-10
30 1.1523437500000000e-01 1.0384517317034643e-02 1.0384516696187184e-02 6.2084745851287426e-10
31 1.1914062500000000e-01 1.1002684032138282e-02 1.1002683374397014e-02 6.5774126770112851e-10
32 1.2304687500000000e-01 1.1632141284000452e-02 1.1632140588697203e-02 6.9530324900424212e-10
33 1.2695312500000000e-01 1.2272347584609053e-02 1.2272346851108141e-02 7.3350091278623353e-10
34 1.3085937500000000e-01 1.2922767028302648e-02 1.2922766256000525e-02 7.7230212329471026e-10
35 1.3476562500000000e-01 1.3582869291770451e-02 1.3582868480095349e-02 8.1167510213031591e-10
36 1.3867187500000000e-01 1.4252129634052322e-02 1.4252128782463914e-02 8.5158840743004838e-10
37 1.4257812500000000e-01 1.4930028896538780e-02 1.4930028004527833e-02 8.9201094774504774e-10
38 1.4648437500000000e-01 1.5616053502971005e-02 1.5616052570059021e-02 9.3291198377531970e-10
39 1.5039062500000000e-01 1.6309695459440825e-02 1.6309694485179695e-02 9.7426113010445903e-10
40 1.5429687500000000e-01 1.7010452354390734e-02 1.7010451338362379e-02 1.0160283551996496e-09
41 1.5820312500000000e-01 1.7717827358613884e-02 1.7717826300429902e-02 1.0581839814116645e-09
42 1.6210937500000000e-01 1.8431329225254072e-02 1.8431328124555404e-02 1.1006986676276309e-09
43 1.6601562500000000e-01 1.9150472289805761e-02 1.9150471146262324e-02 1.1435434370266062e-09
44 1.6992187500000000e-01 1.9874776470114066e-02 1.9874775283424399e-02 1.1866896666712368e-09
45 1.7382812500000000e-01 2.0603767266374754e-02 2.0603766036265698e-02 1.2301090562827355e-09
46 1.7773437500000000e-01 2.1336975761134244e-02 2.1336974487360560e-02 1.2737736837520330e-09
47 1.8164062500000000e-01 2.2073938619289593e-02 2.2073937301633657e-02 1.3176559357508388e-09
48 1.8554687500000000e-01 2.2814198088088503e-02 2.2814196726359950e-02 1.3617285528344514e-09
49 1.8945312500000000e-01 2.3557301997129354e-02 2.3557300591164711e-02 1.4059646433195461e-09
50 1.9335937500000000e-01 2.4302803758361149e-02 2.4302802308023522e-02 1.4503376277730240e-09
51 1.9726562500000000e-01 2.5050262366083549e-02 2.5050260871262272e-02 1.4948212771759284e-09
52 2.0117187500000000e-01 2.5799242396946878e-02 2.5799240857557127e-02 1.5393897510873611e-09
53 2.0507812500000000e-01 2.6549314009952078e-02 2.6549312425934609e-02 1.5840174692749454e-09
54 2.0898437500000000e-01 2.7300052946450760e-02 2.7300051317771488e-02 1.6286792713093856e-09
55 2.1289062500000000e-01 2.8051040530145177e-02 2.8051038856794889e-02 1.6733502881949303e-09
56 2.1679687500000000e-01 2.8801863667088239e-02 2.8801861949082207e-02 1.7180060325749924e-09
57 2.2070312500000000e-01 2.9552114845683500e-02 2.9552113083061163e-02 1.7626223362821047e-09
58 2.2460937500000000e-01 3.0301392136685170e-02 3.0301390329509782e-02 1.8071753885018360e-09
59 2.2851562500000000e-01 3.1049299193198113e-02 3.1049297341556380e-02 1.8516417323033441e-09
60 2.3242187500000000e-01 3.1795445250677838e-02 3.1795443354679598e-02 1.8959982403532472e-09
61 2.3632812500000000e-01 3.2539445126930529e-02 3.2539443186708358e-02 1.9402221704267753e-09
62 2.4023437500000000e-01 3.3280919222112980e-02 3.3280917237821908e-02 1.9842910717327022e-09
63 2.4414062500000000e-01 3.4019493518732631e-02 3.4019491490549794e-02 2.0281828369550503e-09
64 2.4804687500000000e-01 3.4754799581647587e-02 3.4754797509771868e-02 2.0718757196003246e-09
65 2.5195312500000000e-01 3.5486474558066569e-02 3.5486472442718291e-02 2.1153482784863620e-09
66 2.5585937500000000e-01 3.6214161177548949e-02 3.6214159018969509e-02 2.1585794401923764e-09
67 2.5976562500000000e-01 3.6937507752004724e-02 3.6937505550456301e-02 2.2015484227311255e-09
68 2.6367187500000000e-01 3.7656168175694511e-02 3.7656165931459734e-02 2.2442347771822746e-09
69 2.6757812500000000e-01 3.8369801925229610e-02 3.8369799638611209e-02 2.2866184015701840e-09
70 2.7148437500000000e-01 3.9078074059571928e-02 3.9078071730892380e-02 2.3286795478028033e-09
71 2.7539062500000000e-01 3.9780655220034031e-02 3.9780652849635244e-02 2.3703987869772014e-09
72 2.7929687500000000e-01 4.0477221630279121e-02 4.0477219218522091e-02 2.4117570301962488e-09
73 2.8320312500000000e-01 4.1167455096321026e-02 4.1167452643585532e-02 2.4527354938741475e-09
74 2.8710937500000000e-01 4.1851043006524209e-02 4.1851040513208468e-02 2.4933157413697948e-09
75 2.9101562500000000e-01 4.2527678331603792e-02 4.2527675798124102e-02 2.5334796899256773e-09
76 2.9492187500000000e-01 4.3197059624625500e-02 4.3197057051415938e-02 2.5732095620956130e-09
77 2.9882812500000000e-01 4.3858891021005715e-02 4.3858888408517822e-02 2.6124878926836459e-09
78 3.0273437500000000e-01 4.4512882238511443e-02 4.4512879587213880e-02 2.6512975634385150e-09
79 3.0664062500000000e-01 4.5158748577260342e-02 4.5158745887638518e-02 2.6896218238703362e-09
80 3.1054687500000000e-01 4.5796210919720678e-02 4.5796208192276477e-02 2.7274442010449818e-09
81 3.1445312500000000e-01 4.6424995730711419e-02 4.6424992965962808e-02 2.7647486106063823e-09
82 3.1835937500000000e-01 4.7044835057402125e-02 4.7044832255882851e-02 2.8015192735098005e-09
83 3.2226562500000000e-01 4.7655466529313004e-02 4.7655463691572274e-02 2.8377407298996182e-09
84 3.2617187500000000e-01 4.8256633358314913e-02 4.8256630484917011e-02 2.8733979015593825e-09
85 3.3007812500000000e-01 4.8848084338629333e-02 4.8848081430153331e-02 2.9084760017061839e-09
86 3.3398437500000000e-01 4.9429573846828376e-02 4.9429570903867820e-02 2.9429605558073391e-09
87 3.3789062500000000e-01 5.0000861841834797e-02 5.0000858864997319e-02 2.9768374779082230e-09
88 3.4179687500000000e-01 5.0561713864921996e-02 5.0561710854829030e-02 3.0100929665488607e-09
89 3.4570312500000000e-01 5.1111901039714053e-02 5.1111897997000430e-02 3.0427136227251239e-09
90 3.4960937500000000e-01 5.1651200072185641e-02 5.1651196997499309e-02 3.0746863319275342e-09
91 3.5351562500000000e-01 5.2179393250662107e-02 5.2179390144663759e-02 3.1059983474079900e-09
92 3.5742187500000000e-01 5.2696268445819407e-02 5.2696265309182172e-02 3.1366372346686155e-09
93 3.6132812500000000e-01 5.3201619110684190e-02 5.3201615944093270e-02 3.1665909200340181e-09
94 3.6523437500000000e-01 5.3695244280633693e-02 5.3695241084786051e-02 3.1958476420790305e-09
95 3.6914062500000000e-01 5.4176948573395792e-02 5.4176945348999826e-02 3.2243959655064991e-09
96 3.7304687500000000e-01 5.4646542189049026e-02 5.4646538936824231e-02 3.2522247950250716e-09
97 3.7695312500000000e-01 5.5103840910022524e-02 5.5103837630699176e-02 3.2793233475936212e-09
98 3.8085937500000000e-01 5.5548666101095996e-02 5.5548662795414885e-02 3.3056811107878836e-09
99 3.8476562500000000e-01 5.5980844709399812e-02 5.5980841378111934e-02 3.3312878774949262e-09
100 3.8867187500000000e-01 5.6400209264414997e-02 5.6400205908281126e-02 3.3561338708132382e-09
101 3.9257812500000000e-01 5.6806597877973125e-02 5.6806594497763624e-02 3.3802095011914446e-09
102 3.9648437500000000e-01 5.7199854244256457e-02 5.7199850840750861e-02 3.4035055954118043e-09
103 4.0039062500000000e-01 5.7579827639797861e-02 5.7579824213784624e-02 3.4260132369956509e-09
104 4.0429687500000000e-01 5.7946372923480871e-02 5.7946369475756959e-02 3.4477239119201641e-09
105 4.0820312500000000e-01 5.8299350536539674e-02 5.8299347067910234e-02 3.4686294392294315e-09
106 4.1210937500000000e-01 5.8638626502559098e-02 5.8638623013837120e-02 3.4887219779733414e-09
107 4.1601562500000000e-01 5.8964072427474604e-02 5.8964068919480597e-02 3.5079940063909021e-09
108 4.1992187500000000e-01 5.9275565499572289e-02 5.9275561973133960e-02 3.5264383288491352e-09
109 4.2382812500000000e-01 5.9572988489488929e-02 5.9572984945440791e-02 3.5440481382931210e-09
110 4.2773437500000000e-01 5.9856229750211869e-02 5.9856226189394984e-02 3.5608168844070143e-09
111 4.3164062500000000e-01 6.0125183217079138e-02 6.0125179640340733e-02 3.5767384054530282e-09
112 4.3554687500000000e-01 6.0379748407779356e-02 6.0379744815972552e-02 3.5918068033713446e-09
113 4.3945312500000000e-01 6.0619830422351743e-02 6.0619826816335237e-02 3.6060165062301586e-09
114 4.4335937500000000e-01 6.0845339943186208e-02 6.0845336323823919e-02 3.6193622890423605e-09
115 4.4726562500000000e-01 6.1056193235023273e-02 6.1056189603184000e-02 3.6318392737655358e-09
116 4.5117187500000000e-01 6.1252312144954073e-02 6.1252308501511248e-02 3.6434428252185569e-09
117 4.5507812500000000e-01 6.1433624102420405e-02 6.1433620448251645e-02 3.6541687592483996e-09
118 4.5898437500000000e-01 6.1600062119214656e-02 6.1600058455201549e-02 3.6640131068077508e-09
119 4.6289062500000000e-01 6.1751564789479851e-02 6.1751561116507592e-02 3.6729722596717806e-09
120 4.6679687500000000e-01 6.1888076289709666e-02 6.1888072608666758e-02 3.6810429079880969e-09
121 4.7070312500000000e-01 6.2009546378748399e-02 6.2009542690526248e-02 3.6882221512990476e-09
122 4.7460937500000000e-01 6.2115930397791022e-02 6.2115926703283648e-02 3.6945073736416312e-09
123 4.7851562500000000e-01 6.2207189270383094e-02 6.2207185570486816e-02 3.6998962782419653e-09
124 4.8242187500000000e-01 6.2283289502420867e-02 6.2283285798033924e-02 3.7043869430264387e-09
125 4.8632812500000000e-01 6.2344203182151191e-02 6.2344199474173446e-02 3.7079777442938777e-09
126 4.9023437500000000e-01 6.2389907980171591e-02 6.2389904269504151e-02 3.7106674399822737e-09
127 4.9414062500000000e-01 6.2420387149430184e-02 6.2420383436975133e-02 3.7124550517075861e-09
128 4.9804687500000000e-01 6.2435629525225744e-02 6.2435625811885768e-02 3.7133399757860452e-09
129 5.0195312500000000e-01 6.2435629525207662e-02 6.2435625811885775e-02 3.7133218860896378e-09
130 5.0585937500000000e-01 6.2420387149375998e-02 6.2420383436975140e-02 3.7124008589461965e-09
131 5.0976562500000000e-01 6.2389907980081420e-02 6.2389904269504151e-02 3.7105772690559924e-09
132 5.1367187500000000e-01 6.2344203182025291e-02 6.2344199474173440e-02 3.7078518519417791e-09
133 5.1757812500000000e-01 6.2283289502259545e-02 6.2283285798033924e-02 3.7042256206820667e-09
134 5.2148437500000000e-01 6.2207189270186744e-02 6.2207185570486816e-02 3.6996999283611665e-09
135 5.2539062500000000e-01 6.2115930397560082e-02 6.2115926703283642e-02 3.6942764403136152e-09
136 5.2929687500000000e-01 6.2009546378483396e-02 6.2009542690526255e-02 3.6879571410630696e-09
137 5.3320312500000000e-01 6.1888076289411148e-02 6.1888072608666744e-02 3.6807444037112447e-09
138 5.3710937500000000e-01 6.1751564789148471e-02 6.1751561116507606e-02 3.6726408650378239e-09
139 5.4101562500000000e-01 6.1600062118851169e-02 6.1600058455201542e-02 3.6636496267283825e-09
140 5.4492187500000000e-01 6.1433624102025616e-02 6.1433620448251632e-02 3.6537739847575246e-09
141 5.4882812500000000e-01 6.1252312144528857e-02 6.1252308501511241e-02 3.6430176167390194e-09
142 5.5273437500000000e-01 6.1056193234568616e-02 6.1056189603184007e-02 3.6313846096813762e-09
143 5.5664062500000000e-01 6.0845339942703185e-02 6.0845336323823912e-02 3.6188792726377095e-09
144 5.6054687500000000e-01 6.0619830421841506e-02 6.0619826816335230e-02 3.6055062754836165e-09
145 5.6445312500000000e-01 6.0379748407243160e-02 6.0379744815972539e-02 3.5912706211616019e-09
146 5.6835937500000000e-01 6.0125183216518309e-02 6.0125179640340726e-02 3.5761775832310327e-09
147 5.7226562500000000e-01 5.9856229749627760e-02 5.9856226189394970e-02 3.5602327891348651e-09
148 5.7617187500000000e-01 5.9572988488882900e-02 5.9572984945440791e-02 3.5434421091773416e-09
149 5.8007812500000000e-01 5.9275565498945776e-02 5.9275561973133967e-02 3.5258118091796575e-09
150 5.8398437500000000e-01 5.8964072426829071e-02 5.8964068919480604e-02 3.5073484672132338e-09
151 5.8789062500000000e-01 5.8638626501896066e-02 5.8638623013837127e-02 3.4880589389052474e-09
152 5.9179687500000000e-01 5.8299350535860717e-02 5.8299347067910241e-02 3.4679504753998280e-09
153 5.9570312500000000e-01 5.7946372922787551e-02 5.7946369475756952e-02 3.4470305984579674e-09
154 5.9960937500000000e-01 5.7579827639091759e-02 5.7579824213784631e-02 3.4253071282130954e-09
155 6.0351562500000000e-01 5.7199854243539135e-02 5.7199850840750868e-02 3.4027882664378062e-09
156 6.0742187500000000e-01 5.6806597877246123e-02 5.6806594497763624e-02 3.3794824993993444e-09
157 6.1132812500000000e-01 5.6400209263679779e-02 5.6400205908281126e-02 3.3553986533707558e-09
158 6.1523437500000000e-01 5.5980844708657773e-02 5.5980841378111934e-02 3.3305458391197362e-09
159 6.1914062500000000e-01 5.5548666100348421e-02 5.5548662795414899e-02 3.3049335212975706e-09
160 6.2304687500000000e-01 5.5103840909270660e-02 5.5103837630699162e-02 3.2785714976224511e-09
161 6.2695312500000000e-01 5.4646542188294053e-02 5.4646538936824231e-02 3.2514698225516447e-09
162 6.3085937500000000e-01 5.4176948572638758e-02 5.4176945348999833e-02 3.2236389252426889e-09
163 6.3476562500000000e-01 5.3695244279875598e-02 5.3695241084786044e-02 3.1950895540422408e-09
164 6.3867187500000000e-01 5.3201619109925997e-02 5.3201615944093270e-02 3.1658327279138199e-09
165 6.4257812500000000e-01 5.2696268445062013e-02 5.2696265309182179e-02 3.1358798335823224e-09
166 6.4648437500000000e-01 5.2179393249906329e-02 5.2179390144663759e-02 3.1052425700228703e-09
167 6.5039062500000000e-01 5.1651200071432257e-02 5.1651196997499309e-02 3.0739329484608113e-09
168 6.5429687500000000e-01 5.1111901038963785e-02 5.1111897997000430e-02 3.0419633548217639e-09
169 6.5820312500000000e-01 5.0561713864175531e-02 5.0561710854829037e-02 3.0093464942204662e-09
170 6.6210937500000000e-01 5.0000861841092793e-02 5.0000858864997326e-02 2.9760954672886086e-09
171 6.6601562500000000e-01 4.9429573846091479e-02 4.9429570903867813e-02 2.9422236660914258e-09
172 6.6992187500000000e-01 4.8848084337898133e-02 4.8848081430153331e-02 2.9077448018832719e-09
173 6.7382812500000000e-01 4.8256633357589993e-02 4.8256630484917004e-02 2.8726729883743474e-09
174 6.7773437500000000e-01 4.7655466528594877e-02 4.7655463691572274e-02 2.8370226029528212e-09
175 6.8164062500000000e-01 4.7044835056691270e-02 4.7044832255882858e-02 2.8008084115849208e-09
176 6.8554687500000000e-01 4.6424995730008273e-02 4.6424992965962808e-02 2.7640454647315238e-09
177 6.8945312500000000e-01 4.5796210919025609e-02 4.5796208192276477e-02 2.7267491320426274e-09
178 6.9335937500000000e-01 4.5158748576573655e-02 4.5158745887638518e-02 2.6889351370518177e-09
179 6.9726562500000000e-01 4.4512882237833458e-02 4.4512879587213866e-02 2.6506195918707398e-09
180 7.0117187500000000e-01 4.3858891020336653e-02 4.3858888408517836e-02 2.6118188167778555e-09
181 7.0507812500000000e-01 4.3197059623965542e-02 4.3197057051415938e-02 2.5725496038964124e-09
182 7.0898437500000000e-01 4.2527678330953063e-02 4.2527675798124102e-02 2.5328289604553689e-09
183 7.1289062500000000e-01 4.1851043005882785e-02 4.1851040513208468e-02 2.4926743169562116e-09
184 7.1679687500000000e-01 4.1167455095688900e-02 4.1167452643585532e-02 2.4521033675783954e-09
185 7.2070312500000000e-01 4.0477221629656286e-02 4.0477219218522091e-02 2.4111341950794341e-09
186 7.2460937500000000e-01 3.9780655219420438e-02 3.9780652849635244e-02 2.3697851944670667e-09
187 7.2851562500000000e-01 3.9078074058967530e-02 3.9078071730892373e-02 2.3280751562659852e-09
188 7.3242187500000000e-01 3.8369801924634357e-02 3.8369799638611209e-02 2.2860231485566374e-09
189 7.3632812500000000e-01 3.7656168175108355e-02 3.7656165931459741e-02 2.2436486141197420e-09
190 7.4023437500000000e-01 3.6937507751427651e-02 3.6937505550456301e-02 2.2009713496196071e-09
191 7.4414062500000000e-01 3.6214161176980973e-02 3.6214159018969509e-02 2.1580114639707659e-09
192 7.4804687500000000e-01 3.5486474557507704e-02 3.5486472442718291e-02 2.1147894130324474e-09
193 7.5195312500000000e-01 3.4754799581097867e-02 3.4754797509771874e-02 2.0713259926696814e-09
194 7.5585937500000000e-01 3.4019493518192119e-02 3.4019491490549794e-02 2.0276423248755115e-09
195 7.5976562500000000e-01 3.3280919221581766e-02 3.3280917237821908e-02 1.9837598577709947e-09
196 7.6367187500000000e-01 3.2539445126408731e-02 3.2539443186708358e-02 1.9397003725440953e-09
197 7.6757812500000000e-01 3.1795445250165574e-02 3.1795443354679598e-02 1.8954859765107912e-09
198 7.7148437500000000e-01 3.1049299192695546e-02 3.1049297341556380e-02 1.8511391655651188e-09
199 7.7539062500000000e-01 3.0301392136192488e-02 3.0301390329509788e-02 1.8066826992790830e-09
200 7.7929687500000000e-01 2.9552114845200917e-02 2.9552113083061163e-02 1.7621397535583228e-09
201 7.8320312500000000e-01 2.8801863666615978e-02 2.8801861949082210e-02 1.7175337679864455e-09
202 7.8710937500000000e-01 2.8051040529683477e-02 2.8051038856794878e-02 1.6728885984806929e-09
203 7.9101562500000000e-01 2.7300052945999825e-02 2.7300051317771485e-02 1.6282283403501463e-09
204 7.9492187500000000e-01 2.6549314009512121e-02 2.6549312425934602e-02 1.5835775191153090e-09
205 7.9882812500000000e-01 2.5799242396518089e-02 2.5799240857557127e-02 1.5389609621385691e-09
206 8.0273437500000000e-01 2.5050262365666102e-02 2.5050260871262272e-02 1.4944038298492224e-09
207 8.0664062500000000e-01 2.4302803757955176e-02 2.4302802308023522e-02 1.4499316539073881e-09
208 8.1054687500000000e-01 2.3557301996734975e-02 2.3557300591164711e-02 1.4055702643456236e-09
209 8.1445312500000000e-01 2.2814198087705809e-02 2.2814196726359950e-02 1.3613458589578631e-09
210 8.1835937500000000e-01 2.2073938618918654e-02 2.2073937301633654e-02 1.3172849998299707e-09
211 8.2226562500000000e-01 2.1336975760775131e-02 2.1336974487360563e-02 1.2734145682369302e-09
212 8.2617187500000000e-01 2.0603767266027501e-02 2.0603766036265698e-02 1.2297618028067614e-09
213 8.3007812500000000e-01 1.9874776469778699e-02 1.9874775283424403e-02 1.1863542960510731e-09
214 8.3398437500000000e-01 1.9150472289482284e-02 1.9150471146262320e-02 1.1432199631400408e-09
215 8.3789062500000000e-01 1.8431329224942478e-02 1.8431328124555404e-02 1.1003870731274290e-09
216 8.4179687500000000e-01 1.7717827358314158e-02 1.7717826300429902e-02 1.0578842558894852e-09
217 8.4570312500000000e-01 1.7010452354102854e-02 1.7010451338362379e-02 1.0157404743693643e-09
218 8.4960937500000000e-01 1.6309695459164750e-02 1.6309694485179691e-02 9.7398505927159817e-10
219 8.5351562500000000e-01 1.5616053502706692e-02 1.5616052570059021e-02 9.3264767089817902e-10
220 8.5742187500000000e-01 1.4930028896286173e-02 1.4930028004527833e-02 8.9175834078192295e-10
221 8.6132812500000000e-01 1.4252129633811353e-02 1.4252128782463914e-02 8.5134743872672392e-10
222 8.6523437500000000e-01 1.3582869291541040e-02 1.3582868480095347e-02 8.1144569362423535e-10
223 8.6914062500000000e-01 1.2922767028084701e-02 1.2922766256000523e-02 7.7208417784135897e-10
224 8.7304687500000000e-01 1.2272347584402451e-02 1.2272346851108144e-02 7.3329430722024469e-10
225 8.7695312500000000e-01 1.1632141283805065e-02 1.1632140588697203e-02 6.9510786189497242e-10
226 8.8085937500000000e-01 1.1002684031953964e-02 1.1002683374397014e-02 6.5755694986235902e-10
227 8.8476562500000000e-01 1.0384517316861217e-02 1.0384516696187186e-02 6.2067403126808696e-10
228 8.8867187500000000e-01 9.7781882088895499e-03 9.7781876243976367e-03 5.8449191320253391e-10
229 8.9257812500000000e-01 9.1842493607523449e-03 9.1842488117085900e-03 5.4904375490494317e-10
230 8.9648437500000000e-01 8.6032590075136358e-03 8.6032584931505750e-03 5.1436306082452976e-10
231 9.0039062500000000e-01 8.0357809665881162e-03 8.0357804861044234e-03 4.8048369276354475e-10
232 9.0429687500000000e-01 7.4823846377411350e-03 7.4823841903012746e-03 4.4743986033629612e-10
233 9.0820312500000000e-01 6.9436450030887029e-03 6.9436445878225716e-03 4.1526613137748969e-10
234 9.1210937500000000e-01 6.4201426270974896e-03 6.4201422431000663e-03 3.8399742326861164e-10
235 9.1601562500000000e-01 5.9124636565848305e-03 5.9124633029158120e-03 3.5366901855043986e-10
236 9.1992187500000000e-01 5.4211998207187142e-03 5.4211994964021666e-03 3.2431654757580919e-10
237 9.2382812500000000e-01 4.9469484310177914e-03 4.9469481350417977e-03 2.9597599371378180e-10
238 9.2773437500000000e-01 4.4903123813513747e-03 4.4903121126676744e-03 2.6868370028854116e-10
239 9.3164062500000000e-01 4.0519001479394330e-03 4.0518999054630737e-03 2.4247635930368938e-10
240 9.3554687500000000e-01 3.6323257893525972e-03 3.6323255719615758e-03 2.1739102141690725e-10
241 9.3945312500000000e-01 3.2322089465121576e-03 3.2322087530470664e-03 1.9346509116946464e-10
242 9.4335937500000000e-01 2.8521748426900643e-03 2.8521746719537382e-03 1.7073632611885881e-10
243 9.4726562500000000e-01 2.4928542835089282e-03 2.4928541342660875e-03 1.4924284074194216e-10
244 9.5117187500000000e-01 2.1548836569420210e-03 2.1548835279189163e-03 1.2902310470019884e-10
245 9.5507812500000000e-01 1.8389049333132740e-03 1.8389048231973321e-03 1.1011594197238295e-10
246 9.5898437500000000e-01 1.5455656652972811e-03 1.5455655727367483e-03 9.2560532806082452e-11
247 9.6289062500000000e-01 1.2755189879192965e-03 1.2755189115228817e-03 7.6396414801921386e-11
248 9.6679687500000000e-01 1.0294236185552376e-03 1.0294235568917562e-03 6.1663481395676789e-11
249 9.7070312500000000e-01 8.0794385693168250e-04 8.0794380852970021e-04 4.8401982291959578e-11
250 9.7460937500000000e-01 6.1174958512587123e-04 6.1174954847334777e-04 3.6652523464214548e-11
251 9.7851562500000000e-01 4.4151626756570644e-04 4.4151624110963766e-04 2.6456068781023634e-11
252 9.8242187500000000e-01 2.9792495102975351e-04 2.9792493317581443e-04 1.7853939084534060e-11
253 9.8632812500000000e-01 1.8166226464724013e-04 1.8166225375942764e-04 1.0887812488613938e-11
254 9.9023437500000000e-01 9.3420419898056290e-05 9.3420414298332318e-05 5.5997239722764547e-12
255 9.9414062500000000e-01 3.3897210612754698e-05 3.3897208580688682e-05 2.0320660166486468e-12
256 9.9804687500000000e-01 3.7960129725509380e-06 3.7960127449622191e-06 2.2758871889733156e-13
