# P x_center tau_phi
1 9.7656250000000000e-04 -5.5611302229863213e-09
2 2.9296875000000000e-03 9.1925700940187483e-09
3 4.8828125000000000e-03 3.8669450475037337e-08
4 6.8359375000000000e-03 8.2456318717394339e-08
5 8.7890625000000000e-03 1.4073729265318136e-07
6 1.0742187500000000e-02 2.1306416314592624e-07
7 1.2695312500000000e-02 2.9912036986212698e-07
8 1.4648437500000000e-02 3.9940494106494029e-07
9 1.6601562500000000e-02 5.1258404515364120e-07
10 1.8554687500000000e-02 6.3947821543619554e-07
11 2.0507812500000000e-02 7.8085045895903704e-07
12 2.2460937500000000e-02 9.3269143608409877e-07
13 2.4414062500000000e-02 1.1004221296406769e-06
14 2.6367187500000000e-02 1.2781719176957473e-06
15 2.8320312500000000e-02 1.4706646540019186e-06
16 3.0273437500000000e-02 1.6747086319379711e-06
17 3.2226562500000000e-02 1.8920022696877759e-06
18 3.4179687500000000e-02 2.1188895623081017e-06
19 3.6132812500000000e-02 2.3600970892601048e-06
20 3.8085937500000000e-02 2.6119702083993168e-06
21 4.0039062500000000e-02 2.8750459105109094e-06
22 4.1992187500000000e-02 3.1517245130396887e-06
23 4.3945312500000000e-02 3.4362579422464457e-06
24 4.5898437500000000e-02 3.7373343059199371e-06
25 4.7851562500000000e-02 4.0394280061417653e-06
26 4.9804687500000000e-02 4.3624043843948357e-06
27 5.1757812500000000e-02 4.6930675122180965e-06
28 5.3710937500000000e-02 5.0307949971961641e-06
29 5.5664062500000000e-02 5.3921945961654671e-06
30 5.7617187500000000e-02 5.7426520057024533e-06
31 5.9570312500000000e-02 6.1243877161887283e-06
32 6.1523437500000000e-02 6.4990634968675742e-06
33 6.3476562500000000e-02 6.8870151204714070e-06
34 6.5429687500000000e-02 7.2936778801602209e-06
35 6.7382812500000000e-02 7.6946854279946741e-06
36 6.9335937500000000e-02 8.1224827744863504e-06
37 7.1289062500000000e-02 8.5480483218991488e-06
38 7.3242187500000000e-02 8.9861333146812328e-06
39 7.5195312500000000e-02 9.4310005822606513e-06
40 7.7148437500000000e-02 9.8899521514539401e-06
41 7.9101562500000000e-02 1.0347007666167141e-05
42 8.1054687500000000e-02 1.0817852419298113e-05
43 8.3007812500000000e-02 1.1304202546524866e-05
44 8.4960937500000000e-02 1.1787285768394273e-05
45 8.6914062500000000e-02 1.2281858099538745e-05
46 8.8867187500000000e-02 1.2795225655448661e-05
47 9.0820312500000000e-02 1.3295579684879932e-05
48 9.2773437500000000e-02 1.3821892633714139e-05
49 9.4726562500000000e-02 1.4357258274810825e-05
50 9.6679687500000000e-02 1.4882908417335194e-05
51 9.8632812500000000e-02 1.5417328454891965e-05
52 1.0058593750000000e-01 1.5969691236628059e-05
53 1.0253906250000000e-01 1.6521230616128868e-05
54 1.0449218750000000e-01 1.7069944934555714e-05
55 1.0644531250000000e-01 1.7660399343366606e-05
56 1.0839843750000000e-01 1.8217950385868154e-05
57 1.1035156250000000e-01 1.8813241608406361e-05
58 1.1230468750000000e-01 1.9403295884679039e-05
59 1.1425781250000000e-01 1.9967488511740683e-05
60 1.1621093750000000e-01 2.0593228886534032e-05
61 1.1816406250000000e-01 2.1170486701749258e-05
62 1.2011718750000000e-01 2.1809024459140680e-05
63 1.2207031250000000e-01 2.2411851730241850e-05
64 1.2402343750000000e-01 2.3034715670333661e-05
65 1.2597656250000000e-01 2.3645819794082534e-05
66 1.2792968750000000e-01 2.4299049974529918e-05
67 1.2988281250000000e-01 2.4912319670167271e-05
68 1.3183593750000000e-01 2.5563730503885829e-05
69 1.3378906250000000e-01 2.6212175490258893e-05
70 1.3574218750000000e-01 2.6853801228521323e-05
71 1.3769531250000000e-01 2.7503381450633135e-05
72 1.3964843750000000e-01 2.8179415860474233e-05
73 1.4160156250000000e-01 2.8814723166348255e-05
74 1.4355468750000000e-01 2.9487409079764770e-05
75 1.4550781250000000e-01 3.0186173026358620e-05
76 1.4746093750000000e-01 3.0817758726819910e-05
77 1.4941406250000000e-01 3.1534779742825592e-05
78 1.5136718750000000e-01 3.2184376513089141e-05
79 1.5332031250000000e-01 3.2911713381600372e-05
80 1.5527343750000000e-01 3.3534129827594850e-05
81 1.5722656250000000e-01 3.4263846783344487e-05
82 1.5917968750000000e-01 3.4925655671425027e-05
83 1.6113281250000000e-01 3.5649822400507514e-05
84 1.6308593750000000e-01 3.6339370852345176e-05
85 1.6503906250000000e-01 3.7038886621598710e-05
86 1.6699218750000000e-01 3.7789230693918707e-05
87 1.6894531250000000e-01 3.8430099060404732e-05
88 1.7089843750000000e-01 3.9181168003943334e-05
89 1.7285156250000000e-01 3.9889585459196297e-05
90 1.7480468750000000e-01 4.0577588686030452e-05
91 1.7675781250000000e-01 4.1334470851306371e-05
92 1.7871093750000000e-01 4.2044634836813088e-05
93 1.8066406250000000e-01 4.2704242914859414e-05
94 1.8261718750000000e-01 4.3518074295756382e-05
95 1.8457031250000000e-01 4.4169368229540762e-05
96 1.8652343750000000e-01 4.4933685805215173e-05
97 1.8847656250000000e-01 4.5665630989288886e-05
98 1.9042968750000000e-01 4.6339017719498887e-05
99 1.9238281250000000e-01 4.7136276871639904e-05
100 1.9433593750000000e-01 4.7833783360318183e-05
101 1.9628906250000000e-01 4.8576716521253616e-05
102 1.9824218750000000e-01 4.9238310179833267e-05
103 2.0019531250000000e-01 5.0079229033772599e-05
104 2.0214843750000000e-01 5.0711937950420616e-05
105 2.0410156250000000e-01 5.1523762860605782e-05
106 2.0605468750000000e-01 5.2224027542346896e-05
107 2.0800781250000000e-01 5.2969091290766546e-05
108 2.0996093750000000e-01 5.3699247245242443e-05
109 2.1191406250000000e-01 5.4399492710133224e-05
110 2.1386718750000000e-01 5.5211287863732306e-05
111 2.1582031250000000e-01 5.5843959891277439e-05
112 2.1777343750000000e-01 5.6655037171227107e-05
113 2.1972656250000000e-01 5.7361298832214747e-05
114 2.2167968750000000e-01 5.8111658358894758e-05
115 2.2363281250000000e-01 5.8801710177192046e-05
116 2.2558593750000000e-01 5.9587819715156698e-05
117 2.2753906250000000e-01 6.0276175794460318e-05
118 2.2949218750000000e-01 6.1052947528394963e-05
119 2.3144531250000000e-01 6.1687072198501891e-05
120 2.3339843750000000e-01 6.2550984796017062e-05
121 2.3535156250000000e-01 6.3152853644277140e-05
122 2.3730468750000000e-01 6.3976873806381729e-05
123 2.3925781250000000e-01 6.4635523097045233e-05
124 2.4121093750000000e-01 6.5367128782412021e-05
125 2.4316406250000000e-01 6.6097094425232594e-05
126 2.4511718750000000e-01 6.6810428914210185e-05
127 2.4707031250000000e-01 6.7492141819613938e-05
128 2.4902343750000000e-01 6.8283705585758803e-05
129 2.5097656250000000e-01 6.8887009083085093e-05
130 2.5292968750000000e-01 6.9704296439543345e-05
131 2.5488281250000000e-01 7.0407655566151472e-05
132 2.5683593750000000e-01 7.1056605246311300e-05
133 2.5878906250000000e-01 7.1807522492639553e-05
134 2.6074218750000000e-01 7.2533662936580257e-05
135 2.6269531250000000e-01 7.3167887535641185e-05
136 2.6464843750000000e-01 7.3941081152828492e-05
137 2.6660156250000000e-01 7.4584940432442792e-05
138 2.6855468750000000e-01 7.5300549277901307e-05
139 2.7050781250000000e-01 7.5983518469602274e-05
140 2.7246093750000000e-01 7.6648668758894090e-05
141 2.7441406250000000e-01 7.7430030868130828e-05
142 2.7636718750000000e-01 7.8029502526499872e-05
143 2.7832031250000000e-01 7.8648171044581883e-05
144 2.8027343750000000e-01 7.9442420930830870e-05
145 2.8222656250000000e-01 8.0061997894564918e-05
146 2.8417968750000000e-01 8.0760145354907831e-05
147 2.8613281250000000e-01 8.1387776060148909e-05
148 2.8808593750000000e-01 8.2123628986296993e-05
149 2.9003906250000000e-01 8.2736661857929494e-05
150 2.9199218750000000e-01 8.3338559788592725e-05
151 2.9394531250000000e-01 8.4018656831497118e-05
152 2.9589843750000000e-01 8.4754529012243118e-05
153 2.9785156250000000e-01 8.5292785039436936e-05
154 2.9980468750000000e-01 8.6095290040388850e-05
155 3.0175781250000000e-01 8.6603180282029957e-05
156 3.0371093750000000e-01 8.7241069351706724e-05
157 3.0566406250000000e-01 8.7971635520989189e-05
158 3.0761718750000000e-01 8.8437182777345580e-05
159 3.0957031250000000e-01 8.9181536041760268e-05
160 3.1152343750000000e-01 8.9750143116906766e-05
161 3.1347656250000000e-01 9.0396257643399203e-05
162 3.1542968750000000e-01 9.0963352010586807e-05
163 3.1738281250000000e-01 9.1622724835427327e-05
164 3.1933593750000000e-01 9.2135893483502596e-05
165 3.2128906250000000e-01 9.2845521288520416e-05
166 3.2324218750000000e-01 9.3304510722147516e-05
167 3.2519531250000000e-01 9.4131197963032154e-05
168 3.2714843750000000e-01 9.4476155493516956e-05
169 3.2910156250000000e-01 9.5188688853664605e-05
170 3.3105468750000000e-01 9.5724845693145877e-05
171 3.3300781250000000e-01 9.6211226596976118e-05
172 3.3496093750000000e-01 9.6886191540412891e-05
173 3.3691406250000000e-01 9.7414406474261028e-05
174 3.3886718750000000e-01 9.7952276350232736e-05
175 3.4082031250000000e-01 9.8484843447599335e-05
176 3.4277343750000000e-01 9.9071656533111785e-05
177 3.4472656250000000e-01 9.9593451120760790e-05
178 3.4667968750000000e-01 1.0010977734004056e-04
179 3.4863281250000000e-01 1.0065038367967905e-04
180 3.5058593750000000e-01 1.0118541466508368e-04
181 3.5253906250000000e-01 1.0162541085823040e-04
182 3.5449218750000000e-01 1.0225344253239621e-04
183 3.5644531250000000e-01 1.0259262142142678e-04
184 3.5839843750000000e-01 1.0320914122424751e-04
185 3.6035156250000000e-01 1.0365591735994606e-04
186 3.6230468750000000e-01 1.0411171469926206e-04
187 3.6425781250000000e-01 1.0466589182706043e-04
188 3.6621093750000000e-01 1.0507998246361838e-04
189 3.6816406250000000e-01 1.0559235816864909e-04
190 3.7011718750000000e-01 1.0597945518636687e-04
191 3.7207031250000000e-01 1.0656905340666878e-04
192 3.7402343750000000e-01 1.0692897417996505e-04
193 3.7597656250000000e-01 1.0749130688719744e-04
194 3.7792968750000000e-01 1.0780897308054760e-04
195 3.7988281250000000e-01 1.0829916234278425e-04
196 3.8183593750000000e-01 1.0875321616782285e-04
197 3.8378906250000000e-01 1.0915619182683134e-04
198 3.8574218750000000e-01 1.0941864146624125e-04
199 3.8769531250000000e-01 1.1004716436169293e-04
200 3.8964843750000000e-01 1.1028176176886006e-04
201 3.9160156250000000e-01 1.1088235406658820e-04
202 3.9355468750000000e-01 1.1110384503454362e-04
203 3.9550781250000000e-01 1.1155714480254320e-04
204 3.9746093750000000e-01 1.1200379799380933e-04
205 3.9941406250000000e-01 1.1229475688007140e-04
206 4.0136718750000000e-01 1.1266840460560923e-04
207 4.0332031250000000e-01 1.1306510177228057e-04
208 4.0527343750000000e-01 1.1336560501851167e-04
209 4.0722656250000000e-01 1.1382320069408536e-04
210 4.0917968750000000e-01 1.1405042589884840e-04
211 4.1113281250000000e-01 1.1441977763509970e-04
212 4.1308593750000000e-01 1.1466300365509108e-04
213 4.1503906250000000e-01 1.1503339303431392e-04
214 4.1699218750000000e-01 1.1538190417753613e-04
215 4.1894531250000000e-01 1.1560419965456203e-04
216 4.2089843750000000e-01 1.1589396594041679e-04
217 4.2285156250000000e-01 1.1637038438561120e-04
218 4.2480468750000000e-01 1.1636287547889257e-04
219 4.2675781250000000e-01 1.1688469160525683e-04
220 4.2871093750000000e-01 1.1699703371492731e-04
221 4.3066406250000000e-01 1.1729592304227099e-04
222 4.3261718750000000e-01 1.1763232344363939e-04
223 4.3457031250000000e-01 1.1781249597303534e-04
224 4.3652343750000000e-01 1.1813444068548007e-04
225 4.3847656250000000e-01 1.1824050722480939e-04
226 4.4042968750000000e-01 1.1865221442675100e-04
227 4.4238281250000000e-01 1.1866918659053649e-04
228 4.4433593750000000e-01 1.1909606597748645e-04
229 4.4628906250000000e-01 1.1902386199308390e-04
230 4.4824218750000000e-01 1.1948073567935591e-04
231 4.5019531250000000e-01 1.1949809315980886e-04
232 4.5214843750000000e-01 1.1976137013203214e-04
233 4.5410156250000000e-01 1.1986821820775262e-04
234 4.5605468750000000e-01 1.2007194077273686e-04
235 4.5800781250000000e-01 1.2034271983146771e-04
236 4.5996093750000000e-01 1.2036761600719981e-04
237 4.6191406250000000e-01 1.2053404518080901e-04
238 4.6386718750000000e-01 1.2073768559517362e-04
239 4.6582031250000000e-01 1.2075500688490948e-04
240 4.6777343750000000e-01 1.2098832813650651e-04
241 4.6972656250000000e-01 1.2097570176833328e-04
242 4.7167968750000000e-01 1.2123865751928475e-04
243 4.7363281250000000e-01 1.2130034800950096e-04
244 4.7558593750000000e-01 1.2145878692265688e-04
245 4.7753906250000000e-01 1.2152025030465197e-04
246 4.7949218750000000e-01 1.2160393926763380e-04
247 4.8144531250000000e-01 1.2166514283229457e-04
248 4.8339843750000000e-01 1.2170385418414087e-04
249 4.8535156250000000e-01 1.2176477067393776e-04
250 4.8730468750000000e-01 1.2183298568879675e-04
251 4.8925781250000000e-01 1.2187869213642344e-04
252 4.9121093750000000e-01 1.2188698476689463e-04
253 4.9316406250000000e-01 1.2197706946265319e-04
254 4.9511718750000000e-01 1.2194032724111015e-04
255 4.9707031250000000e-01 1.2197047115347637e-04
256 4.9902343750000000e-01 1.2191848822507012e-04
257 5.0097656250000000e-01 1.2200789519223321e-04
258 5.0292968750000000e-01 1.2195556999228252e-04
259 5.0488281250000000e-01 1.2186582143514091e-04
260 5.0683593750000000e-01 1.2194726714026549e-04
261 5.0878906250000000e-01 1.2194658941167003e-04
262 5.1074218750000000e-01 1.2178928516926035e-04
263 5.1269531250000000e-01 1.2189259033357214e-04
264 5.1464843750000000e-01 1.2172006719035622e-04
265 5.1660156250000000e-01 1.2176345882891626e-04
266 5.1855468750000000e-01 1.2165024167110072e-04
267 5.2050781250000000e-01 1.2161884042882765e-04
268 5.2246093750000000e-01 1.2150534914345812e-04
269 5.2441406250000000e-01 1.2129487414952456e-04
270 5.2636718750000000e-01 1.2134505149308250e-04
271 5.2832031250000000e-01 1.2113434939092782e-04
272 5.3027343750000000e-01 1.2105020757430252e-04
273 5.3222656250000000e-01 1.2100322929770035e-04
274 5.3417968750000000e-01 1.2093382081923565e-04
275 5.3613281250000000e-01 1.2063337746681668e-04
276 5.3808593750000000e-01 1.2060855098677825e-04
277 5.4003906250000000e-01 1.2045702297436289e-04
278 5.4199218750000000e-01 1.2026821402549848e-04
279 5.4394531250000000e-01 1.2010174309512456e-04
280 5.4589843750000000e-01 1.1991292169133416e-04
281 5.4785156250000000e-01 1.1973156780964445e-04
282 5.4980468750000000e-01 1.1961730244935964e-04
283 5.5175781250000000e-01 1.1936152638980513e-04
284 5.5371093750000000e-01 1.1927718173337931e-04
285 5.5566406250000000e-01 1.1876824043122181e-04
286 5.5761718750000000e-01 1.1890760516963805e-04
287 5.5957031250000000e-01 1.1845849933123098e-04
288 5.6152343750000000e-01 1.1832991419197247e-04
289 5.6347656250000000e-01 1.1800033023473544e-04
290 5.6542968750000000e-01 1.1788700177900457e-04
291 5.6738281250000000e-01 1.1763232344363939e-04
292 5.6933593750000000e-01 1.1731082420346484e-04
293 5.7128906250000000e-01 1.1710134184328425e-04
294 5.7324218750000000e-01 1.1683998812167529e-04
295 5.7519531250000000e-01 1.1643738128486181e-04
296 5.7714843750000000e-01 1.1637038438561120e-04
297 5.7910156250000000e-01 1.1584926245683524e-04
298 5.8105468750000000e-01 1.1564890313814358e-04
299 5.8300781250000000e-01 1.1536700301634228e-04
300 5.8496093750000000e-01 1.1498868955073238e-04
301 5.8691406250000000e-01 1.1469280597747877e-04
302 5.8886718750000000e-01 1.1449428344106893e-04
303 5.9082031250000000e-01 1.1405042589884840e-04
304 5.9277343750000000e-01 1.1376359604930997e-04
305 5.9472656250000000e-01 1.1339540734089937e-04
306 5.9667968750000000e-01 1.1302039828869903e-04
307 5.9863281250000000e-01 1.1271310808919077e-04
308 6.0058593750000000e-01 1.1232455920245910e-04
309 6.0253906250000000e-01 1.1192929218784009e-04
310 6.0449218750000000e-01 1.1154224364134935e-04
311 6.0644531250000000e-01 1.1114854851812517e-04
312 6.0839843750000000e-01 1.1082274942181281e-04
313 6.1035156250000000e-01 1.1034136641363546e-04
314 6.1230468750000000e-01 1.0994285623333599e-04
315 6.1425781250000000e-01 1.0956765307817973e-04
316 6.1621093750000000e-01 1.0920089531041288e-04
317 6.1816406250000000e-01 1.0869361152304746e-04
318 6.2011718750000000e-01 1.0832896466517195e-04
319 6.2207031250000000e-01 1.0788347888651684e-04
320 6.2402343750000000e-01 1.0749130688719744e-04
321 6.2597656250000000e-01 1.0692897417996505e-04
322 6.2792968750000000e-01 1.0650944876189339e-04
323 6.2988281250000000e-01 1.0615826912069304e-04
324 6.3183593750000000e-01 1.0547314887909831e-04
325 6.3378906250000000e-01 1.0521409291436301e-04
326 6.3574218750000000e-01 1.0460628718228504e-04
327 6.3769531250000000e-01 1.0420112166642514e-04
328 6.3964843750000000e-01 1.0359631271517067e-04
329 6.4160156250000000e-01 1.0320914122424751e-04
330 6.4355468750000000e-01 1.0265222606620217e-04
331 6.4550781250000000e-01 1.0211933208165158e-04
332 6.4746093750000000e-01 1.0172971898658734e-04
333 6.4941406250000000e-01 1.0118541466508368e-04
334 6.5136718750000000e-01 1.0065038367967905e-04
335 6.5332031250000000e-01 1.0010977734004056e-04
336 6.5527343750000000e-01 9.9667956926730028e-05
337 6.5722656250000000e-01 9.9012051888336394e-05
338 6.5917968750000000e-01 9.8432689383420868e-05
339 6.6113281250000000e-01 9.8034232736798899e-05
340 6.6308593750000000e-01 9.7295197184710247e-05
341 6.6503906250000000e-01 9.6901092701606739e-05
342 6.6699218750000000e-01 9.6285732402945357e-05
343 6.6894531250000000e-01 9.5627988145385867e-05
344 6.7089843750000000e-01 9.5233392337246148e-05
345 6.7285156250000000e-01 9.4498507235307727e-05
346 6.7480468750000000e-01 9.4079043898853687e-05
347 6.7675781250000000e-01 9.3304510722147516e-05
348 6.7871093750000000e-01 9.2890224772101959e-05
349 6.8066406250000000e-01 9.2128442902905672e-05
350 6.8261718750000000e-01 9.1585471932442708e-05
351 6.8457031250000000e-01 9.0970802591183730e-05
352 6.8652343750000000e-01 9.0426059965786898e-05
353 6.8847656250000000e-01 8.9779945439294462e-05
354 6.9042968750000000e-01 8.9121931396984877e-05
355 6.9238281250000000e-01 8.8586194389284056e-05
356 6.9433593750000000e-01 8.7882228553826103e-05
357 6.9628906250000000e-01 8.7352828060660581e-05
358 6.9824218750000000e-01 8.6580828540239185e-05
359 7.0019531250000000e-01 8.6028234815016535e-05
360 7.0214843750000000e-01 8.5359840264809250e-05
361 7.0410156250000000e-01 8.4680023206273880e-05
362 7.0605468750000000e-01 8.4011206250900194e-05
363 7.0800781250000000e-01 8.3390713852771192e-05
364 7.0996093750000000e-01 8.2773914760914113e-05
365 7.1191406250000000e-01 8.2049123180327754e-05
366 7.1386718750000000e-01 8.1462281866118147e-05
367 7.1582031250000000e-01 8.0715441871326288e-05
368 7.1777343750000000e-01 8.0181207184115699e-05
369 7.1972656250000000e-01 7.9315761060683165e-05
370 7.2167968750000000e-01 7.8759929753535740e-05
371 7.2363281250000000e-01 7.8066755429484491e-05
372 7.2558593750000000e-01 7.7377876803952361e-05
373 7.2753906250000000e-01 7.6581613533521775e-05
374 7.2949218750000000e-01 7.6087826597959207e-05
375 7.3144531250000000e-01 7.5218592891335145e-05
376 7.3339843750000000e-01 7.4614742754830488e-05
377 7.3535156250000000e-01 7.3866575346859253e-05
378 7.3730468750000000e-01 7.3272195663998119e-05
379 7.3925781250000000e-01 7.2421904227626399e-05
380 7.4121093750000000e-01 7.1859676556818020e-05
381 7.4316406250000000e-01 7.1071506407505147e-05
382 7.4511718750000000e-01 7.0333149760182234e-05
383 7.4707031250000000e-01 6.9711747020140269e-05
384 7.4902343750000000e-01 6.8909360824875865e-05
385 7.5097656250000000e-01 6.8276255005161879e-05
386 7.5292968750000000e-01 6.7492141819613938e-05
387 7.5488281250000000e-01 6.6810428914210185e-05
388 7.5683593750000000e-01 6.6082193264038747e-05
389 7.5878906250000000e-01 6.5382029943605868e-05
390 7.6074218750000000e-01 6.4628072516448309e-05
391 7.6269531250000000e-01 6.3969423225784805e-05
392 7.6464843750000000e-01 6.3152853644277140e-05
393 7.6660156250000000e-01 6.2543534215420138e-05
394 7.6855468750000000e-01 6.1687072198501891e-05
395 7.7050781250000000e-01 6.1045496947798039e-05
396 7.7246093750000000e-01 6.0276175794460318e-05
397 7.7441406250000000e-01 5.9587819715156698e-05
398 7.7636718750000000e-01 5.8779358435401274e-05
399 7.7832031250000000e-01 5.8096757197700910e-05
400 7.8027343750000000e-01 5.7368749412811670e-05
401 7.8222656250000000e-01 5.6647586590630183e-05
402 7.8417968750000000e-01 5.5829058730083592e-05
403 7.8613281250000000e-01 5.5203837283135382e-05
404 7.8808593750000000e-01 5.4384591548939376e-05
405 7.9003906250000000e-01 5.3676895503451671e-05
406 7.9199218750000000e-01 5.2998893613154241e-05
407 7.9394531250000000e-01 5.2186774639362277e-05
408 7.9589843750000000e-01 5.1523762860605782e-05
409 7.9785156250000000e-01 5.0734289692211387e-05
410 7.9980468750000000e-01 5.0045701421086441e-05
411 8.0175781250000000e-01 4.9286738953713272e-05
412 8.0371093750000000e-01 4.8558090069761306e-05
413 8.0566406250000000e-01 4.7826332779721259e-05
414 8.0761718750000000e-01 4.7128826291042980e-05
415 8.0957031250000000e-01 4.6368820041886583e-05
416 8.1152343750000000e-01 4.5654455118393500e-05
417 8.1347656250000000e-01 4.4929960514916711e-05
418 8.1542968750000000e-01 4.4161917648943838e-05
419 8.1738281250000000e-01 4.3480821392771762e-05
420 8.1933593750000000e-01 4.2741495817844033e-05
421 8.2128906250000000e-01 4.2014832514425393e-05
422 8.2324218750000000e-01 4.1334470851306371e-05
423 8.2519531250000000e-01 4.0603665718119686e-05
424 8.2714843750000000e-01 3.9923113071882455e-05
425 8.2910156250000000e-01 3.9143915100958715e-05
426 8.3105468750000000e-01 3.8478527834284737e-05
427 8.3300781250000000e-01 3.7766878952127936e-05
428 8.3496093750000000e-01 3.7012809589509477e-05
429 8.3691406250000000e-01 3.6380349045628257e-05
430 8.3886718750000000e-01 3.5597668336329047e-05
431 8.4082031250000000e-01 3.4948007413215798e-05
432 8.4277343750000000e-01 3.4271297363941411e-05
433 8.4472656250000000e-01 3.3541580408191773e-05
434 8.4667968750000000e-01 3.2911713381600372e-05
435 8.4863281250000000e-01 3.2184376513089141e-05
436 8.5058593750000000e-01 3.1531054452527130e-05
437 8.5253906250000000e-01 3.0828934597715296e-05
438 8.5449218750000000e-01 3.0171271865164773e-05
439 8.5644531250000000e-01 2.9465057337973999e-05
440 8.5839843750000000e-01 2.8848250779034412e-05
441 8.6035156250000000e-01 2.8149613538086538e-05
442 8.6230468750000000e-01 2.7533183773020831e-05
443 8.6425781250000000e-01 2.6857526518819785e-05
444 8.6621093750000000e-01 2.6204724909661969e-05
445 8.6816406250000000e-01 2.5587944890825831e-05
446 8.7011718750000000e-01 2.4925358186211888e-05
447 8.7207031250000000e-01 2.4287874103634532e-05
448 8.7402343750000000e-01 2.3655133019828689e-05
449 8.7597656250000000e-01 2.3038440960632123e-05
450 8.7792968750000000e-01 2.2391362633600309e-05
451 8.7988281250000000e-01 2.1810887104289911e-05
452 8.8183593750000000e-01 2.1177937282346182e-05
453 8.8378906250000000e-01 2.0582053015638646e-05
454 8.8574218750000000e-01 1.9971213802039145e-05
455 8.8769531250000000e-01 1.9401433239529808e-05
456 8.8964843750000000e-01 1.8813241608406361e-05
457 8.9160156250000000e-01 1.8221675676166615e-05
458 8.9355468750000000e-01 1.7656674053068144e-05
459 8.9550781250000000e-01 1.7082983450600331e-05
460 8.9746093750000000e-01 1.6515642680681175e-05
461 8.9941406250000000e-01 1.5982729752672675e-05
462 9.0136718750000000e-01 1.5415465809742734e-05
463 9.0332031250000000e-01 1.4875457836738271e-05
464 9.0527343750000000e-01 1.4357258274810825e-05
465 9.0722656250000000e-01 1.3820029988564908e-05
466 9.0917968750000000e-01 1.3297442330029163e-05
467 9.1113281250000000e-01 1.2786843752277122e-05
468 9.1308593750000000e-01 1.2293033970434131e-05
469 9.1503906250000000e-01 1.1778903865222734e-05
470 9.1699218750000000e-01 1.1303271223950251e-05
471 9.1894531250000000e-01 1.0818783741872728e-05
472 9.2089843750000000e-01 1.0355389569338680e-05
473 9.2285156250000000e-01 9.8759823128347080e-06
474 9.2480468750000000e-01 9.4449704208798835e-06
475 9.2675781250000000e-01 8.9740261212112316e-06
476 9.2871093750000000e-01 8.5573615476453035e-06
477 9.3066406250000000e-01 8.1178261616132730e-06
478 9.3261718750000000e-01 7.6974793957185206e-06
479 9.3457031250000000e-01 7.2936778801602209e-06
480 9.3652343750000000e-01 6.8907404107698689e-06
481 9.3847656250000000e-01 6.5018574645914207e-06
482 9.4042968750000000e-01 6.1229907323268051e-06
483 9.4238281250000000e-01 5.7435833282770687e-06
484 9.4433593750000000e-01 5.3880036445796975e-06
485 9.4628906250000000e-01 5.0331233036327028e-06
486 9.4824218750000000e-01 4.6902735444942500e-06
487 9.5019531250000000e-01 4.3624043843948357e-06
488 9.5214843750000000e-01 4.0445502803021505e-06
489 9.5410156250000000e-01 3.7340746769087829e-06
490 9.5605468750000000e-01 3.4404488938322153e-06
491 9.5800781250000000e-01 3.1486977146721884e-06
492 9.5996093750000000e-01 2.8792368620966791e-06
493 9.6191406250000000e-01 2.6094090713191243e-06
494 9.6386718750000000e-01 2.3614940731220280e-06
495 9.6582031250000000e-01 2.1205193768136787e-06
496 9.6777343750000000e-01 1.8903724551821988e-06
497 9.6972656250000000e-01 1.6762220311217213e-06
498 9.7167968750000000e-01 1.4705482386800917e-06
499 9.7363281250000000e-01 1.2795689015576706e-06
500 9.7558593750000000e-01 1.0998400530315422e-06
501 9.7753906250000000e-01 9.3327351269323344e-07
502 9.7949218750000000e-01 7.8038479767172930e-07
503 9.8144531250000000e-01 6.3942000777528207e-07
504 9.8339843750000000e-01 5.1319522559323261e-07
505 9.8535156250000000e-01 3.9923031808219989e-07
506 9.8730468750000000e-01 2.9910581794689861e-07
507 9.8925781250000000e-01 2.1309326697638298e-07
508 9.9121093750000000e-01 1.4067544701346080e-07
509 9.9316406250000000e-01 8.2454499727990793e-08
510 9.9511718750000000e-01 3.8630569576536544e-08
511 9.9707031250000000e-01 9.2050756461681260e-09
512 9.9902343750000000e-01 -5.5902340534430550e-09
