# P x_center tau_phi
1 7.8125000000000000e-03 -2.8729864496312985e-06
2 2.3437500000000000e-02 4.3663809679017618e-06
3 3.9062500000000000e-02 1.8182710191272378e-05
4 5.4687500000000000e-02 3.7906082804184393e-05
5 7.0312500000000000e-02 6.2888964361462740e-05
6 8.5937500000000000e-02 9.2506133446690342e-05
7 1.0156250000000000e-01 1.2615466348631088e-04
8 1.1718750000000000e-01 1.6325407372175249e-04
9 1.3281250000000000e-01 2.0324596541332340e-04
10 1.4843750000000000e-01 2.4559468031393195e-04
11 1.6406250000000000e-01 2.8978640936561106e-04
12 1.7968750000000000e-01 3.3533004398389465e-04
13 1.9531250000000000e-01 3.8175657943240182e-04
14 2.1093750000000000e-01 4.2861944951377851e-04
15 2.2656250000000000e-01 4.7549441015748428e-04
16 2.4218750000000000e-01 5.2197963400457681e-04
17 2.5781250000000000e-01 5.6769524474820088e-04
18 2.7343750000000000e-01 6.1228435031779327e-04
19 2.8906250000000000e-01 6.5541173320982082e-04
20 3.0468750000000000e-01 6.9676481091018871e-04
21 3.2031250000000000e-01 7.3605353403394247e-04
22 3.3593750000000000e-01 7.7300949865710677e-04
23 3.5156250000000000e-01 8.0738751792353014e-04
24 3.6718750000000000e-01 8.3896421050955183e-04
25 3.8281250000000000e-01 8.6753808793504916e-04
26 3.9843750000000000e-01 8.9293167914439309e-04
27 4.1406250000000000e-01 9.1498725224026245e-04
28 4.2968750000000000e-01 9.3357190765708253e-04
29 4.4531250000000000e-01 9.4857382376689614e-04
30 4.6093750000000000e-01 9.5990289716008093e-04
31 4.7656250000000000e-01 9.6749321647537911e-04
32 4.9218750000000000e-01 9.7129933710693450e-04
33 5.0781250000000000e-01 9.7129927889927359e-04
34 5.2343750000000000e-01 9.6749318737154866e-04
35 5.3906250000000000e-01 9.5990286805625047e-04
36 5.5468750000000000e-01 9.4857362004008294e-04
37 5.7031250000000000e-01 9.3357179124176071e-04
38 5.8593750000000000e-01 9.1498736865558428e-04
39 6.0156250000000000e-01 8.9293144631374943e-04
40 6.1718750000000000e-01 8.6753834986952327e-04
41 6.3281250000000000e-01 8.3896406499039955e-04
42 6.4843750000000000e-01 8.0738753247544537e-04
43 6.6406250000000000e-01 7.7300964417625906e-04
44 6.7968750000000000e-01 7.3605341761862064e-04
45 6.9531250000000000e-01 6.9676500008508668e-04
46 7.1093750000000000e-01 6.5541154403492285e-04
47 7.2656250000000000e-01 6.1228442307736941e-04
48 7.4218750000000000e-01 5.6769520109245519e-04
49 7.5781250000000000e-01 5.2197964855649204e-04
50 7.7343750000000000e-01 4.7549434467386575e-04
51 7.8906250000000000e-01 4.2861960230888840e-04
52 8.0468750000000000e-01 3.8175645574112238e-04
53 8.2031250000000000e-01 3.3533010946751318e-04
54 8.3593750000000000e-01 2.8978638026178061e-04
55 8.5156250000000000e-01 2.4559468031393195e-04
56 8.6718750000000000e-01 2.0324599087917505e-04
57 8.8281250000000000e-01 1.6325402642802800e-04
58 8.9843750000000000e-01 1.2615472351296120e-04
59 9.1406250000000000e-01 9.2506096157407569e-05
60 9.2968750000000000e-01 6.2888971182673004e-05
61 9.4531250000000000e-01 3.7906070071258569e-05
62 9.6093750000000000e-01 1.8182716301939905e-05
63 9.7656250000000000e-01 4.3663805131544109e-06
64 9.9218750000000000e-01 -2.8729864496312985e-06
