# P x_center tau_phi
1 3.9062500000000000e-03 -3.5819794885760814e-07
2 1.1718750000000000e-02 5.7047219836903196e-07
3 1.9531250000000000e-02 2.3857415085704048e-06
4 2.7343750000000000e-02 5.0443049306458931e-06
5 3.5156250000000000e-02 8.5035934049848549e-06
6 4.2968750000000000e-02 1.2721841168072956e-05
7 5.0781250000000000e-02 1.7657732867215614e-05
8 5.8593750000000000e-02 2.3270905601835423e-05
9 6.6406250000000000e-02 2.9521366847307107e-05
10 7.4218750000000000e-02 3.6370462157320205e-05
11 8.2031250000000000e-02 4.3779463627213744e-05
12 8.9843750000000000e-02 5.1710792256187688e-05
13 9.7656250000000000e-02 6.0127348557870164e-05
14 1.0546875000000000e-01 6.8993283812712747e-05
15 1.1328125000000000e-01 7.8272224734332596e-05
16 1.2109375000000000e-01 8.7930358474874737e-05
17 1.2890625000000000e-01 9.7932270777922881e-05
18 1.3671875000000000e-01 1.0824563169475887e-04
19 1.4453125000000000e-01 1.1883653897193369e-04
20 1.5234375000000000e-01 1.2967429107879624e-04
21 1.6015625000000000e-01 1.4072568285783404e-04
22 1.6796875000000000e-01 1.5196158298880214e-04
23 1.7578125000000000e-01 1.6335018190138939e-04
24 1.8359375000000000e-01 1.7486595575477715e-04
25 1.9140625000000000e-01 1.8647447423703056e-04
26 1.9921875000000000e-01 1.9815382098609113e-04
27 2.0703125000000000e-01 2.0987212543133182e-04
28 2.1484375000000000e-01 2.2160554896100138e-04
29 2.2265625000000000e-01 2.3332804037434762e-04
30 2.3046875000000000e-01 2.4501261644993555e-04
31 2.3828125000000000e-01 2.5663706629619476e-04
32 2.4609375000000000e-01 2.6817615152530117e-04
33 2.5390625000000000e-01 2.7960859117204251e-04
34 2.6171875000000000e-01 2.9091042602047423e-04
35 2.6953125000000000e-01 3.0205874389488407e-04
36 2.7734375000000000e-01 3.1303878099353533e-04
37 2.8515625000000000e-01 3.2382005674835845e-04
38 2.9296875000000000e-01 3.3439432521920054e-04
39 3.0078125000000000e-01 3.4473343274843415e-04
40 3.0859375000000000e-01 3.5482668727815359e-04
41 3.1640625000000000e-01 3.6464837847538512e-04
42 3.2421875000000000e-01 3.7419025760820901e-04
43 3.3203125000000000e-01 3.8343068748369902e-04
44 3.3984375000000000e-01 3.9235676136040176e-04
45 3.4765625000000000e-01 4.0095266141548791e-04
46 3.5546875000000000e-01 4.0920629441831835e-04
47 3.6328125000000000e-01 4.1710044416620740e-04
48 3.7109375000000000e-01 4.2462837113688146e-04
49 3.7890625000000000e-01 4.3177192640841966e-04
50 3.8671875000000000e-01 4.3852576604663795e-04
51 3.9453125000000000e-01 4.4487406803961349e-04
52 4.0234375000000000e-01 4.5081078856479273e-04
53 4.1015625000000000e-01 4.5632755479485532e-04
54 4.1796875000000000e-01 4.6141040526870292e-04
55 4.2578125000000000e-01 4.6606004615812324e-04
56 4.3359375000000000e-01 4.7026088479129591e-04
57 4.4140625000000000e-01 4.7401129763691152e-04
58 4.4921875000000000e-01 4.7730663366718495e-04
59 4.5703125000000000e-01 4.8013758454357180e-04
60 4.6484375000000000e-01 4.8250787974524201e-04
61 4.7265625000000000e-01 4.8440355292411752e-04
62 4.8046875000000000e-01 4.8582972914701372e-04
63 4.8828125000000000e-01 4.8678105540345129e-04
64 4.9609375000000000e-01 4.8725753308986874e-04
65 5.0390625000000000e-01 4.8725590327536317e-04
66 5.1171875000000000e-01 4.8678152106473860e-04
67 5.1953125000000000e-01 4.8582949631637007e-04
68 5.2734375000000000e-01 4.8440215594025560e-04
69 5.3515625000000000e-01 4.8250741408395470e-04
70 5.4296875000000000e-01 4.8013828303550277e-04
71 5.5078125000000000e-01 4.7730570234461034e-04
72 5.5859375000000000e-01 4.7401153046755518e-04
73 5.6640625000000000e-01 4.7025972063807764e-04
74 5.7421875000000000e-01 4.6605981332747959e-04
75 5.8203125000000000e-01 4.6141087092999022e-04
76 5.8984375000000000e-01 4.5632732196421166e-04
77 5.9765625000000000e-01 4.5081102139543638e-04
78 6.0546875000000000e-01 4.4487499936218811e-04
79 6.1328125000000000e-01 4.3852530038535065e-04
80 6.2109375000000000e-01 4.3177192640841966e-04
81 6.2890625000000000e-01 4.2462767264495049e-04
82 6.3671875000000000e-01 4.1710067699685105e-04
83 6.4453125000000000e-01 4.0920652724896200e-04
84 6.5234375000000000e-01 4.0095184650823512e-04
85 6.6015625000000000e-01 3.9235839117490734e-04
86 6.6796875000000000e-01 3.8342952333048075e-04
87 6.7578125000000000e-01 3.7419072326949632e-04
88 6.8359375000000000e-01 3.6464872772135060e-04
89 6.9140625000000000e-01 3.5482494104832618e-04
90 6.9921875000000000e-01 3.4473319991779050e-04
91 7.0703125000000000e-01 3.3439362672726958e-04
92 7.1484375000000000e-01 3.2382250147011682e-04
93 7.2265625000000000e-01 3.1303645268709879e-04
94 7.3046875000000000e-01 3.0206072295535513e-04
95 7.3828125000000000e-01 2.9090961111322144e-04
96 7.4609375000000000e-01 2.7960870758736434e-04
97 7.5390625000000000e-01 2.6817661718658847e-04
98 7.6171875000000000e-01 2.5663671705022928e-04
99 7.6953125000000000e-01 2.4501273286525738e-04
100 7.7734375000000000e-01 2.3332780754370397e-04
101 7.8515625000000000e-01 2.2160613103761051e-04
102 7.9296875000000000e-01 2.0987125231641812e-04
103 8.0078125000000000e-01 1.9815446127036118e-04
104 8.0859375000000000e-01 1.8647429961404782e-04
105 8.1640625000000000e-01 1.7486572292413349e-04
106 8.2421875000000000e-01 1.6335058935501579e-04
107 8.3203125000000000e-01 1.5196193223476762e-04
108 8.3984375000000000e-01 1.4072562465017313e-04
109 8.4765625000000000e-01 1.2967411645581350e-04
110 8.5546875000000000e-01 1.1883694642556009e-04
111 8.6328125000000000e-01 1.0824534065645430e-04
112 8.7109375000000000e-01 9.7932649127718818e-05
113 8.7890625000000000e-01 8.7930358474874737e-05
114 8.8671875000000000e-01 7.8272282941993510e-05
115 8.9453125000000000e-01 6.8993138293560463e-05
116 9.0234375000000000e-01 6.0127348557870164e-05
117 9.1015625000000000e-01 5.1710894119594286e-05
118 9.1796875000000000e-01 4.3779259900400547e-05
119 9.2578125000000000e-01 3.6370498537108276e-05
120 9.3359375000000000e-01 2.9521388675179949e-05
121 9.4140625000000000e-01 2.3270905601835423e-05
122 9.4921875000000000e-01 1.7657674659554701e-05
123 9.5703125000000000e-01 1.2721817521210710e-05
124 9.6484375000000000e-01 8.5035779435749248e-06
125 9.7265625000000000e-01 5.0443112971088055e-06
126 9.8046875000000000e-01 2.3857268998117576e-06
127 9.8828125000000000e-01 5.7047424473211095e-07
128 9.9609375000000000e-01 -3.5819794885760814e-07
