# P x_center tau_U tau_V tau_Psi
1 1.5625000000000000e-02 4.9782572894834232e-03 -7.5907911067929490e-08 4.9781813815723552e-03
2 4.6875000000000000e-02 -3.6202436476173716e-05 -2.2699269663917221e-07 -3.6429429172812888e-05
3 7.8125000000000000e-02 -5.9949881290322082e-05 -3.7589140333693649e-07 -6.0325772693659019e-05
4 1.0937500000000000e-01 -8.3119975982981487e-05 -5.2117007953711436e-07 -8.3641146062518601e-05
5 1.4062500000000000e-01 -1.0548957990863528e-04 -6.6142962396043004e-07 -1.0615100953259571e-04
6 1.7187500000000000e-01 -1.2684326145517844e-04 -7.9531923802278470e-07 -1.2763858069320122e-04
7 2.0312500000000000e-01 -1.4697537309871223e-04 -9.2154945718903036e-07 -1.4789692255590126e-04
8 2.3437500000000000e-01 -1.6569203151561851e-04 -1.0389046565251192e-06 -1.6673093617214363e-04
9 2.6562500000000000e-01 -1.8281298514466471e-04 -1.1462546751772607e-06 -1.8395923981984197e-04
10 2.9687500000000000e-01 -1.9817334978711187e-04 -1.2425656166215049e-06 -1.9941591540373338e-04
11 3.2812500000000000e-01 -2.1162519664130741e-04 -1.3269099099488812e-06 -2.1295210655125629e-04
12 3.5937500000000000e-01 -2.2303897725350907e-04 -1.3984754332341254e-06 -2.2443745268674320e-04
13 3.9062500000000000e-01 -2.3230477052038623e-04 -1.4565728179150028e-06 -2.3376134333830123e-04
14 4.2187500000000000e-01 -2.3933334182402177e-04 -1.5006426679065044e-06 -2.4083398449192828e-04
15 4.5312500000000000e-01 -2.4405700236229677e-04 -1.5302604197131586e-06 -2.4558726278200993e-04
16 4.8437500000000000e-01 -2.4643026046078376e-04 -1.5451410035893787e-06 -2.4797540146437314e-04
17 5.1562500000000000e-01 -2.4643026046078376e-04 -1.5451410035893787e-06 -2.4797540146437314e-04
18 5.4687500000000000e-01 -2.4405700236229677e-04 -1.5302604197131586e-06 -2.4558726278200993e-04
19 5.7812500000000000e-01 -2.3933334182402177e-04 -1.5006426679065044e-06 -2.4083398449192828e-04
20 6.0937500000000000e-01 -2.3230477052038623e-04 -1.4565728179150028e-06 -2.3376134333830123e-04
21 6.4062500000000000e-01 -2.2303897725350907e-04 -1.3984754332341254e-06 -2.2443745268674320e-04
22 6.7187500000000000e-01 -2.1162519664130741e-04 -1.3269099099488812e-06 -2.1295210655125629e-04
23 7.0312500000000000e-01 -1.9817334975869016e-04 -1.2425656166215049e-06 -1.9941591537531167e-04
24 7.3437500000000000e-01 -1.8281298514466471e-04 -1.1462546751772607e-06 -1.8395923981984197e-04
25 7.6562500000000000e-01 -1.6569203151561851e-04 -1.0389046565251192e-06 -1.6673093617214363e-04
26 7.9687500000000000e-01 -1.4697537309871223e-04 -9.2154945718903036e-07 -1.4789692255590126e-04
27 8.2812500000000000e-01 -1.2684326142675673e-04 -7.9531918117936584e-07 -1.2763858060793609e-04
28 8.5937500000000000e-01 -1.0548957990863528e-04 -6.6142962396043004e-07 -1.0615100953259571e-04
29 8.9062500000000000e-01 -8.3119976011403196e-05 -5.2117010795882379e-07 -8.3641146119362020e-05
30 9.2187500000000000e-01 -5.9949881276111228e-05 -3.7589140333693649e-07 -6.0325772679448164e-05
31 9.5312500000000000e-01 -3.6202436469068289e-05 -2.2699269663917221e-07 -3.6429429165707461e-05
32 9.8437500000000000e-01 4.9782572894763177e-03 -7.5907909291572651e-08 4.9781813815670262e-03
