# P x_center tau_U tau_V tau_Psi
1 3.9062500000000000e-03 3.1220291805844624e-04 -2.9661606504305382e-10 3.1220262144238120e-04
2 1.1718750000000000e-02 -1.4193858532962622e-07 -8.8967766487257904e-10 -1.4282826299449880e-07
3 1.9531250000000000e-02 -2.3646931879284239e-07 -1.4821921467955690e-09 -2.3795151093963796e-07
4 2.7343750000000000e-02 -3.3085757422668394e-07 -2.0738184502988588e-09 -3.3293139267698280e-07
5 3.5156250000000000e-02 -4.2504649400143535e-07 -2.6642226202966413e-09 -4.2771071662173199e-07
6 4.2968750000000000e-02 -5.1897950470447540e-07 -3.2529783311474603e-09 -5.2223248303562286e-07
7 5.0781250000000000e-02 -6.1259981976036215e-07 -3.8398013657570118e-09 -6.1643962112611916e-07
8 5.8593750000000000e-02 -7.0585119260613283e-07 -4.4242938201932702e-09 -7.1027548642632610e-07
9 6.6406250000000000e-02 -7.9867737667882466e-07 -5.0060862122336403e-09 -8.0368346289105830e-07
10 7.4218750000000000e-02 -8.9102229594573146e-07 -5.5849227464932483e-09 -8.9660721869222471e-07
11 8.2031250000000000e-02 -9.8283072702542995e-07 -6.1604055190400686e-09 -9.8899113254447002e-07
12 8.9843750000000000e-02 -1.0740470770542743e-06 -6.7321366259420756e-09 -1.0807792136802163e-06
13 9.7656250000000000e-02 -1.1646163216028071e-06 -7.2997750066861045e-09 -1.1719160966094933e-06
14 1.0546875000000000e-01 -1.2544841183625977e-06 -7.8630932875967119e-09 -1.2623472116501944e-06
15 1.1328125000000000e-01 -1.3435964092423092e-06 -8.4216935647418723e-09 -1.3520181028070510e-06
16 1.2109375000000000e-01 -1.4318991929940239e-06 -8.9751210907706991e-09 -1.4408743140847946e-06
17 1.2890625000000000e-01 -1.5193396052382013e-06 -9.5232621788454708e-09 -1.5288628674170468e-06
18 1.3671875000000000e-01 -1.6058645542216254e-06 -1.0065491551358718e-08 -1.6159300457729842e-06
19 1.4453125000000000e-01 -1.6914225398068083e-06 -1.0601866051729303e-08 -1.7020244058585376e-06
20 1.5234375000000000e-01 -1.7759613228918170e-06 -1.1131646715512034e-08 -1.7870929696073290e-06
21 1.6015625000000000e-01 -1.8594307675812161e-06 -1.1655060916382354e-08 -1.8710858284975984e-06
22 1.6796875000000000e-01 -1.9417796011111932e-06 -1.2171199159638491e-08 -1.9539508002708317e-06
23 1.7578125000000000e-01 -2.0229593928888789e-06 -1.2679947758442722e-08 -2.0356393406473217e-06
24 1.8359375000000000e-01 -2.1029202343925135e-06 -1.3181079339119606e-08 -2.1161013137316331e-06
25 1.9140625000000000e-01 -2.1816143771502539e-06 -1.3674252841155976e-08 -2.1952886299914098e-06
26 1.9921875000000000e-01 -2.2589946411244455e-06 -1.4159581951389555e-08 -2.2731542230758350e-06
27 2.0703125000000000e-01 -2.3350139599642716e-06 -1.4635816114605404e-08 -2.3496497760788770e-06
28 2.1484375000000000e-01 -2.4096265178741305e-06 -1.5103523764992133e-08 -2.4247300416391226e-06
29 2.2265625000000000e-01 -2.4827882043609861e-06 -1.5562136468361132e-08 -2.4983503408293473e-06
30 2.3046875000000000e-01 -2.5544538857502630e-06 -1.6011426851036958e-08 -2.5704653126013000e-06
31 2.3828125000000000e-01 -2.6245811568514910e-06 -1.6450940165668726e-08 -2.6410320970171597e-06
32 2.4609375000000000e-01 -2.6931272714136867e-06 -1.6880562725418713e-08 -2.7100078341391054e-06
33 2.5390625000000000e-01 -2.7600511884884327e-06 -1.7300180843449198e-08 -2.7773513693318819e-06
34 2.6171875000000000e-01 -2.8253124355615000e-06 -1.7709112398733851e-08 -2.8430215479602339e-06
35 2.6953125000000000e-01 -2.8888719043607125e-06 -1.8107471078110393e-08 -2.9069793754388229e-06
36 2.7734375000000000e-01 -2.9506913961085957e-06 -1.8495029507903382e-08 -2.9691864256164990e-06
37 2.8515625000000000e-01 -3.0107335078355391e-06 -1.8871446627599653e-08 -3.0296049544631387e-06
38 2.9296875000000000e-01 -3.0689619734403095e-06 -1.9236495063523762e-08 -3.0881984685038333e-06
39 3.0078125000000000e-01 -3.1253416636900511e-06 -1.9589720068324823e-08 -3.1449313837583759e-06
40 3.0859375000000000e-01 -3.1798386999071226e-06 -1.9931235328840557e-08 -3.1997699352359632e-06
41 3.1640625000000000e-01 -3.2324207950296113e-06 -2.0261040845070966e-08 -3.2526818358746823e-06
42 3.2421875000000000e-01 -3.2830553209350910e-06 -2.0578227122314274e-08 -3.3036335480574053e-06
43 3.3203125000000000e-01 -3.3317121506115654e-06 -2.0883135221083649e-08 -3.3525952858326491e-06
44 3.3984375000000000e-01 -3.3783628623496043e-06 -2.1175537767703645e-08 -3.3995384001173079e-06
45 3.4765625000000000e-01 -3.4229776701977244e-06 -2.1455434762174264e-08 -3.4444331049598986e-06
46 3.5546875000000000e-01 -3.4655311083042761e-06 -2.1722144083469175e-08 -3.4872532523877453e-06
47 3.6328125000000000e-01 -3.5059970286965836e-06 -2.1975438357912935e-08 -3.5279724670544965e-06
48 3.7109375000000000e-01 -3.5443508750176989e-06 -2.2216227080207318e-08 -3.5665671020979062e-06
49 3.7890625000000000e-01 -3.5805699099000776e-06 -2.2443146008299664e-08 -3.6030130559083773e-06
50 3.8671875000000000e-01 -3.6146323054708773e-06 -2.2656649889540859e-08 -3.6372889553604182e-06
51 3.9453125000000000e-01 -3.6465169159782818e-06 -2.2856511350255460e-08 -3.6693734273285372e-06
52 4.0234375000000000e-01 -3.6762050967809046e-06 -2.3042730390443467e-08 -3.6992478271713480e-06
53 4.1015625000000000e-01 -3.7036788853583857e-06 -2.3214624889078550e-08 -3.7268935102474643e-06
54 4.1796875000000000e-01 -3.7289219108060934e-06 -2.3373104340862483e-08 -3.7522950151469558e-06
55 4.2578125000000000e-01 -3.7519187117140973e-06 -2.3517259251093492e-08 -3.7754359709651908e-06
56 4.3359375000000000e-01 -3.7726558730355464e-06 -2.3647089619771577e-08 -3.7963029626553180e-06
57 4.4140625000000000e-01 -3.7911197523499141e-06 -2.3762822820572183e-08 -3.8148825751704862e-06
58 4.4921875000000000e-01 -3.8073005725891562e-06 -2.3864231479819864e-08 -3.8311648040689761e-06
59 4.5703125000000000e-01 -3.8211881019378779e-06 -2.3951315597514622e-08 -3.8451394175353926e-06
60 4.6484375000000000e-01 -3.8327732454490615e-06 -2.4024075173656456e-08 -3.8567973206227180e-06
61 4.7265625000000000e-01 -3.8420503187808208e-06 -2.4082055460894480e-08 -3.8661323742417153e-06
62 4.8046875000000000e-01 -3.8490125007228926e-06 -2.4125711206579581e-08 -3.8731382119294722e-06
63 4.8828125000000000e-01 -3.8536570627911715e-06 -2.4154587663360871e-08 -3.8778116504545324e-06
64 4.9609375000000000e-01 -3.8559794575121487e-06 -2.4169366952264681e-08 -3.8801488244644133e-06
65 5.0390625000000000e-01 -3.8559794575121487e-06 -2.4169366952264681e-08 -3.8801488244644133e-06
66 5.1171875000000000e-01 -3.8536570627911715e-06 -2.4154587663360871e-08 -3.8778116504545324e-06
67 5.1953125000000000e-01 -3.8490125007228926e-06 -2.4125711206579581e-08 -3.8731382119294722e-06
68 5.2734375000000000e-01 -3.8420503187808208e-06 -2.4082055460894480e-08 -3.8661323742417153e-06
69 5.3515625000000000e-01 -3.8327732454490615e-06 -2.4024075173656456e-08 -3.8567973206227180e-06
70 5.4296875000000000e-01 -3.8211881019378779e-06 -2.3951315597514622e-08 -3.8451394175353926e-06
71 5.5078125000000000e-01 -3.8073005725891562e-06 -2.3864231479819864e-08 -3.8311648040689761e-06
72 5.5859375000000000e-01 -3.7911197523499141e-06 -2.3762822820572183e-08 -3.8148825751704862e-06
73 5.6640625000000000e-01 -3.7726558730355464e-06 -2.3647089619771577e-08 -3.7963029626553180e-06
74 5.7421875000000000e-01 -3.7519184843404219e-06 -2.3517031877418049e-08 -3.7754355162178399e-06
75 5.8203125000000000e-01 -3.7289219108060934e-06 -2.3373104340862483e-08 -3.7522950151469558e-06
76 5.8984375000000000e-01 -3.7036788853583857e-06 -2.3214852262753993e-08 -3.7268937376211397e-06
77 5.9765625000000000e-01 -3.6762050967809046e-06 -2.3042503016768023e-08 -3.6992475997976726e-06
78 6.0546875000000000e-01 -3.6465166886046063e-06 -2.2856283976580016e-08 -3.6693729725811863e-06
79 6.1328125000000000e-01 -3.6146323054708773e-06 -2.2656649889540859e-08 -3.6372889553604182e-06
80 6.2109375000000000e-01 -3.5805699099000776e-06 -2.2443146008299664e-08 -3.6030130559083773e-06
81 6.2890625000000000e-01 -3.5443508750176989e-06 -2.2216227080207318e-08 -3.5665671020979062e-06
82 6.3671875000000000e-01 -3.5059970286965836e-06 -2.1975438357912935e-08 -3.5279724670544965e-06
83 6.4453125000000000e-01 -3.4655308809306007e-06 -2.1721916709793732e-08 -3.4872527976403944e-06
84 6.5234375000000000e-01 -3.4229776701977244e-06 -2.1455434762174264e-08 -3.4444331049598986e-06
85 6.6015625000000000e-01 -3.3783628623496043e-06 -2.1175537767703645e-08 -3.3995384001173079e-06
86 6.6796875000000000e-01 -3.3317126053589163e-06 -2.0883135221083649e-08 -3.3525957405800000e-06
87 6.7578125000000000e-01 -3.2830550935614156e-06 -2.0578227122314274e-08 -3.3036333206837298e-06
88 6.8359375000000000e-01 -3.2324207950296113e-06 -2.0261040845070966e-08 -3.2526818358746823e-06
89 6.9140625000000000e-01 -3.1798385862202849e-06 -1.9931235328840557e-08 -3.1997698215491255e-06
90 6.9921875000000000e-01 -3.1253414363163756e-06 -1.9589720068324823e-08 -3.1449311563847004e-06
91 7.0703125000000000e-01 -3.0689618597534718e-06 -1.9236381376686040e-08 -3.0881982411301578e-06
92 7.1484375000000000e-01 -3.0107335078355391e-06 -1.8871446627599653e-08 -3.0296049544631387e-06
93 7.2265625000000000e-01 -2.9506911687349202e-06 -1.8494915821065661e-08 -2.9691860845559859e-06
94 7.3046875000000000e-01 -2.8888719043607125e-06 -1.8107471078110393e-08 -2.9069793754388229e-06
95 7.3828125000000000e-01 -2.8253124355615000e-06 -1.7709112398733851e-08 -2.8430215479602339e-06
96 7.4609375000000000e-01 -2.7600510748015950e-06 -1.7300180843449198e-08 -2.7773512556450441e-06
97 7.5390625000000000e-01 -2.6931272714136867e-06 -1.6880562725418713e-08 -2.7100078341391054e-06
98 7.6171875000000000e-01 -2.6245811568514910e-06 -1.6450940165668726e-08 -2.6410320970171597e-06
99 7.6953125000000000e-01 -2.5544536583765876e-06 -1.6011313164199237e-08 -2.5704649715407868e-06
100 7.7734375000000000e-01 -2.4827882043609861e-06 -1.5562136468361132e-08 -2.4983503408293473e-06
101 7.8515625000000000e-01 -2.4096265178741305e-06 -1.5103523764992133e-08 -2.4247300416391226e-06
102 7.9296875000000000e-01 -2.3350140736511094e-06 -1.4635929801443126e-08 -2.3496500034525525e-06
103 8.0078125000000000e-01 -2.2589946411244455e-06 -1.4159581951389555e-08 -2.2731542230758350e-06
104 8.0859375000000000e-01 -2.1816144908370916e-06 -1.3674366527993698e-08 -2.1952888573650853e-06
105 8.1640625000000000e-01 -2.1029201207056758e-06 -1.3181079339119606e-08 -2.1161012000447954e-06
106 8.2421875000000000e-01 -2.0229593928888789e-06 -1.2679947758442722e-08 -2.0356393406473217e-06
107 8.3203125000000000e-01 -1.9417798284848686e-06 -1.2171085472800769e-08 -1.9539509139576694e-06
108 8.3984375000000000e-01 -1.8594307675812161e-06 -1.1655060916382354e-08 -1.8710858284975984e-06
109 8.4765625000000000e-01 -1.7759614365786547e-06 -1.1131760402349755e-08 -1.7870931969810044e-06
110 8.5546875000000000e-01 -1.6914226534936461e-06 -1.0601866051729303e-08 -1.7020245195453754e-06
111 8.6328125000000000e-01 -1.6058647815953009e-06 -1.0065491551358718e-08 -1.6159302731466596e-06
112 8.7109375000000000e-01 -1.5193396620816202e-06 -9.5232621788454708e-09 -1.5288629242604657e-06
113 8.7890625000000000e-01 -1.4318991929940239e-06 -8.9751210907706991e-09 -1.4408743140847946e-06
114 8.8671875000000000e-01 -1.3435964660857280e-06 -8.4217504081607331e-09 -1.3520182164938888e-06
115 8.9453125000000000e-01 -1.2544841183625977e-06 -7.8631501310155727e-09 -1.2623472684936132e-06
116 9.0234375000000000e-01 -1.1646164352896449e-06 -7.2997750066861045e-09 -1.1719162102963310e-06
117 9.1015625000000000e-01 -1.0740469633674365e-06 -6.7321366259420756e-09 -1.0807790999933786e-06
118 9.1796875000000000e-01 -9.8283067018201109e-07 -6.1603486756212078e-09 -9.8899101885763230e-07
119 9.2578125000000000e-01 -8.9102235278915032e-07 -5.5849795899121091e-09 -8.9660733237906243e-07
120 9.3359375000000000e-01 -7.9867737667882466e-07 -5.0060862122336403e-09 -8.0368346289105830e-07
121 9.4140625000000000e-01 -7.0585130629297055e-07 -4.4242938201932702e-09 -7.1027560011316382e-07
122 9.4921875000000000e-01 -6.1259981976036215e-07 -3.8398013657570118e-09 -6.1643962112611916e-07
123 9.5703125000000000e-01 -5.1897956154789426e-07 -3.2529783311474603e-09 -5.2223253987904172e-07
124 9.6484375000000000e-01 -4.2504657926656364e-07 -2.6642226202966413e-09 -4.2771080188686028e-07
125 9.7265625000000000e-01 -3.3085751738326508e-07 -2.0738184502988588e-09 -3.3293133583356394e-07
126 9.8046875000000000e-01 -2.3646937563626125e-07 -1.4821921467955690e-09 -2.3795156778305682e-07
127 9.8828125000000000e-01 -1.4193859954048094e-07 -8.8967766487257904e-10 -1.4282827720535352e-07
128 9.9609375000000000e-01 3.1220291809752609e-04 -2.9661784139989322e-10 3.1220262147968469e-04
