# P x_center tau_U tau_V tau_Psi
1 9.7656250000000000e-04 1.9516832889365787e-05 -1.1564083024495631e-12 1.9516831732957485e-05
2 2.9296875000000000e-03 -5.5457149983340059e-10 -3.4745539778668899e-12 -5.5804605381126748e-10
3 4.8828125000000000e-03 -9.2425977982202312e-10 -5.7838178690872155e-12 -9.3004359769111034e-10
4 6.8359375000000000e-03 -1.2939409543832880e-09 -8.1143980423803441e-12 -1.3020553524256684e-09
5 8.7890625000000000e-03 -1.6634942312521162e-09 -1.0430767360958271e-11 -1.6739249986130744e-09
6 1.0742187500000000e-02 -2.0330901406850899e-09 -1.2789769243681803e-11 -2.0458799099287717e-09
7 1.2695312500000000e-02 -2.4025439415709116e-09 -1.5035084288683720e-11 -2.4175790258595953e-09
8 1.4648437500000000e-02 -2.7719124773284420e-09 -1.7337242752546445e-11 -2.7892497200809885e-09
9 1.6601562500000000e-02 -3.1412241696671117e-09 -1.9667822925839573e-11 -3.1608919925929513e-09
10 1.8554687500000000e-02 -3.5103653317491990e-09 -2.1998403099132702e-11 -3.5323637348483317e-09
11 2.0507812500000000e-02 -3.8793928069935646e-09 -2.4272139853565022e-11 -3.9036649468471296e-09
12 2.2460937500000000e-02 -4.2482497519813478e-09 -2.6602720026858151e-11 -4.2748524720082060e-09
13 2.4414062500000000e-02 -4.6169930101314094e-09 -2.8990143619012088e-11 -4.6459831537504215e-09
14 2.6367187500000000e-02 -4.9855088946060278e-09 -3.1207036954583600e-11 -5.0167159315606114e-09
15 2.8320312500000000e-02 -5.3539679356617853e-09 -3.3594460546737537e-11 -5.3875623962085228e-09
16 3.0273437500000000e-02 -5.7220859162043780e-09 -3.5925040720030665e-11 -5.7580109569244087e-09
17 3.2226562500000000e-02 -6.0898628362338059e-09 -3.8141934055602178e-11 -6.1280047702894080e-09
18 3.4179687500000000e-02 -6.4576397562632337e-09 -4.0358827391173691e-11 -6.4979985836544074e-09
19 3.6132812500000000e-02 -6.8250756157794967e-09 -4.2746250983327627e-11 -6.8678218667628244e-09
20 3.8085937500000000e-02 -7.1922841016203165e-09 -4.5019987737759948e-11 -7.2373040893580765e-09
21 4.0039062500000000e-02 -7.5593789006234147e-09 -4.7407411329913884e-11 -7.6067863119533285e-09
22 4.1992187500000000e-02 -7.9260189522756264e-09 -4.9681148084346205e-11 -7.9757001003599726e-09
23 4.3945312500000000e-02 -8.2923179434146732e-09 -5.1954884838778526e-11 -8.3442728282534517e-09
24 4.5898437500000000e-02 -8.6582758740405552e-09 -5.4228621593210846e-11 -8.7125044956337661e-09
25 4.7851562500000000e-02 -9.0240064309909940e-09 -5.6616045185364783e-11 -9.0806224761763588e-09
26 4.9804687500000000e-02 -9.3895096142659895e-09 -5.8889781939797103e-11 -9.4483993962057866e-09
27 5.1757812500000000e-02 -9.7544443633523770e-09 -6.1163518694229424e-11 -9.8156078820466064e-09
28 5.3710937500000000e-02 -1.0119151738763321e-08 -6.3437255448661745e-11 -1.0182588994211983e-08
29 5.5664062500000000e-02 -1.0483631740498822e-08 -6.5710992203094065e-11 -1.0549342732701916e-08
30 5.7617187500000000e-02 -1.0847429621207993e-08 -6.8098415795248002e-11 -1.0915528037003241e-08
31 5.9570312500000000e-02 -1.1210886441404000e-08 -7.0258465711958706e-11 -1.1281144907115959e-08
32 6.1523437500000000e-02 -1.1573661140573677e-08 -7.2418515628669411e-11 -1.1646079656202346e-08
33 6.3476562500000000e-02 -1.1936435839743353e-08 -7.4805939220823348e-11 -1.2011241778964177e-08
34 6.5429687500000000e-02 -1.2298869478399865e-08 -7.7193362812977284e-11 -1.2376062841212843e-08
35 6.7382812500000000e-02 -1.2660166248679161e-08 -7.9353412729687989e-11 -1.2739519661408849e-08
36 6.9335937500000000e-02 -1.3021690392633900e-08 -8.1854523159563541e-11 -1.3103544915793464e-08
37 7.1289062500000000e-02 -1.3382305041886866e-08 -8.3900886238552630e-11 -1.3466205928125419e-08
38 7.3242187500000000e-02 -1.3742464943788946e-08 -8.5947249317541718e-11 -1.3828412193106487e-08
39 7.5195312500000000e-02 -1.4101942724664696e-08 -8.8448359747417271e-11 -1.4190391084412113e-08
40 7.7148437500000000e-02 -1.4461420505540445e-08 -9.0722096501849592e-11 -1.4552142602042295e-08
41 7.9101562500000000e-02 -1.4820216165389866e-08 -9.2995833256281912e-11 -1.4913211998646148e-08
42 8.1054687500000000e-02 -1.5178329704212956e-08 -9.5042196335271001e-11 -1.5273371900548227e-08
43 8.3007812500000000e-02 -1.5535533748334274e-08 -9.7315933089703321e-11 -1.5632849681423977e-08
44 8.4960937500000000e-02 -1.5892283045104705e-08 -9.9589669844135642e-11 -1.5991872714948840e-08
45 8.6914062500000000e-02 -1.6248804968199693e-08 -1.0163603292312473e-10 -1.6350441001122817e-08
46 8.8867187500000000e-02 -1.6604872143943794e-08 -1.0413714335300028e-10 -1.6709009287296794e-08
47 9.0820312500000000e-02 -1.6959575077635236e-08 -1.0618350643198937e-10 -1.7065758584067225e-08
48 9.2773437500000000e-02 -1.7313823263975792e-08 -1.0822986951097846e-10 -1.7422053133486770e-08
49 9.4726562500000000e-02 -1.7668526197667234e-08 -1.1073097994085401e-10 -1.7779257177608088e-08
50 9.6679687500000000e-02 -1.8021182768279687e-08 -1.1277734301984310e-10 -1.8133960111299530e-08
51 9.8632812500000000e-02 -1.8373611965216696e-08 -1.1527845344971865e-10 -1.8488890418666415e-08
52 1.0058593750000000e-01 -1.8725359041127376e-08 -1.1755219020415097e-10 -1.8842911231331527e-08
53 1.0253906250000000e-01 -1.9076196622336283e-08 -1.1959855328314006e-10 -1.9195795175619423e-08
54 1.0449218750000000e-01 -1.9426806829869747e-08 -1.2164491636212915e-10 -1.9548451746231876e-08
55 1.0644531250000000e-01 -1.9776052795350552e-08 -1.2369127944111824e-10 -1.9899744074791670e-08
56 1.0839843750000000e-01 -2.0125753508182243e-08 -1.2619238987099379e-10 -2.0251945898053236e-08
57 1.1035156250000000e-01 -2.0473407857934944e-08 -1.2823875294998288e-10 -2.0601646610884927e-08
58 1.1230468750000000e-01 -2.0820607460336760e-08 -1.3051248970441520e-10 -2.0951119950041175e-08
59 1.1425781250000000e-01 -2.1166897568036802e-08 -1.3255885278340429e-10 -2.1299456420820206e-08
60 1.1621093750000000e-01 -2.1513415049412288e-08 -1.3505996321327984e-10 -2.1648475012625568e-08
61 1.1816406250000000e-01 -2.1857886167708784e-08 -1.3665157894138247e-10 -2.1994537746650167e-08
62 1.2011718750000000e-01 -2.2201902538654394e-08 -1.3892531569581479e-10 -2.2340827854350209e-08
63 1.2207031250000000e-01 -2.2545691535924561e-08 -1.4142642612569034e-10 -2.2687117962050252e-08
64 1.2402343750000000e-01 -2.2888116291142069e-08 -1.4370016288012266e-10 -2.3031816454022191e-08
65 1.2597656250000000e-01 -2.3229404177982360e-08 -1.4574652595911175e-10 -2.3375150703941472e-08
66 1.2792968750000000e-01 -2.3570009943796322e-08 -1.4779288903810084e-10 -2.3717802832834423e-08
67 1.2988281250000000e-01 -2.3909933588583954e-08 -1.5006662579253316e-10 -2.4060000214376487e-08
68 1.3183593750000000e-01 -2.4248720364994369e-08 -1.5188561519607902e-10 -2.4400605980190448e-08
69 1.3378906250000000e-01 -2.4586370273027569e-08 -1.5415935195051134e-10 -2.4740529624978080e-08
70 1.3574218750000000e-01 -2.4923565433709882e-08 -1.5620571502950042e-10 -2.5079771148739383e-08
71 1.3769531250000000e-01 -2.5259396352339536e-08 -1.5825207810848951e-10 -2.5417648430448025e-08
72 1.3964843750000000e-01 -2.5595454644644633e-08 -1.6052581486292183e-10 -2.5755980459507555e-08
73 1.4160156250000000e-01 -2.5928784452844411e-08 -1.6234480426646769e-10 -2.6091129257110879e-08
74 1.4355468750000000e-01 -2.6261659513693303e-08 -1.6461854102090001e-10 -2.6426278054714203e-08
75 1.4550781250000000e-01 -2.6594079827191308e-08 -1.6689227777533233e-10 -2.6760972104966640e-08
76 1.4746093750000000e-01 -2.6926045393338427e-08 -1.6871126717887819e-10 -2.7094756660517305e-08
77 1.4941406250000000e-01 -2.7255737222731113e-08 -1.7053025658242404e-10 -2.7426267479313537e-08
78 1.5136718750000000e-01 -2.7585429052123800e-08 -1.7280399333685637e-10 -2.7758233045460656e-08
79 1.5332031250000000e-01 -2.7913756639463827e-08 -1.7507773009128869e-10 -2.8088834369555116e-08
80 1.5527343750000000e-01 -2.8240265237400308e-08 -1.7735146684572101e-10 -2.8417616704246029e-08
81 1.5722656250000000e-01 -2.8567228582687676e-08 -1.7917045624926686e-10 -2.8746399038936943e-08
82 1.5917968750000000e-01 -2.8891918191220611e-08 -1.8098944565281272e-10 -2.9072907636873424e-08
83 1.6113281250000000e-01 -2.9217062547104433e-08 -1.8280843505635858e-10 -2.9399870982160792e-08
84 1.6308593750000000e-01 -2.9539023671532050e-08 -1.8553691916167736e-10 -2.9724560590693727e-08
85 1.6503906250000000e-01 -2.9860984795959666e-08 -1.8735590856522322e-10 -3.0048340704524890e-08
86 1.6699218750000000e-01 -3.0181126930983737e-08 -1.8917489796876907e-10 -3.0370301828952506e-08
87 1.6894531250000000e-01 -3.0501269066007808e-08 -1.9144863472320139e-10 -3.0692717700731009e-08
88 1.7089843750000000e-01 -3.0818682716926560e-08 -1.9326762412674725e-10 -3.1011950341053307e-08
89 1.7285156250000000e-01 -3.1136096367845312e-08 -1.9554136088117957e-10 -3.1331637728726491e-08
90 1.7480468750000000e-01 -3.1452145776711404e-08 -1.9736035028472543e-10 -3.1649506126996130e-08
91 1.7675781250000000e-01 -3.1766376196173951e-08 -1.9917933968827128e-10 -3.1965555535862222e-08
92 1.7871093750000000e-01 -3.2079697120934725e-08 -2.0145307644270360e-10 -3.2281150197377428e-08
93 1.8066406250000000e-01 -3.2392563298344612e-08 -2.0281731849536300e-10 -3.2595380616839975e-08
94 1.8261718750000000e-01 -3.2704065233701840e-08 -2.0509105524979532e-10 -3.2909156288951635e-08
95 1.8457031250000000e-01 -3.3012838684953749e-08 -2.0645529730245471e-10 -3.3219293982256204e-08
96 1.8652343750000000e-01 -3.3322066883556545e-08 -2.0872903405688703e-10 -3.3530795917613432e-08
97 1.8847656250000000e-01 -3.3629476092755795e-08 -2.1100277081131935e-10 -3.3840478863567114e-08
98 1.9042968750000000e-01 -3.3935066312551498e-08 -2.1282176021486521e-10 -3.4147888072766364e-08
99 1.9238281250000000e-01 -3.4240201784996316e-08 -2.1464074961841106e-10 -3.4454842534614727e-08
100 1.9433593750000000e-01 -3.4543518268037587e-08 -2.1600499167107046e-10 -3.4759523259708658e-08
101 1.9628906250000000e-01 -3.4846380003727973e-08 -2.1827872842550278e-10 -3.5064658732153475e-08
102 1.9824218750000000e-01 -3.5147422750014812e-08 -2.2055246517993510e-10 -3.5367975215194747e-08
103 2.0019531250000000e-01 -3.5447101254248992e-08 -2.2237145458348095e-10 -3.5669472708832473e-08
104 2.0214843750000000e-01 -3.5744960769079626e-08 -2.2373569663614035e-10 -3.5968696465715766e-08
105 2.0410156250000000e-01 -3.6041910789208487e-08 -2.2555468603968620e-10 -3.6267465475248173e-08
106 2.0605468750000000e-01 -3.6338406061986461e-08 -2.2782842279411852e-10 -3.6566234484780580e-08
107 2.0800781250000000e-01 -3.6631718103308231e-08 -2.2919266484677792e-10 -3.6860910768155009e-08
108 2.0996093750000000e-01 -3.6924575397279114e-08 -2.3146640160121024e-10 -3.7156041798880324e-08
109 2.1191406250000000e-01 -3.7216977943899110e-08 -2.3328539100475609e-10 -3.7450263334903866e-08
110 2.1386718750000000e-01 -3.7507106753764674e-08 -2.3555912775918841e-10 -3.7742665881523862e-08
111 2.1582031250000000e-01 -3.7795416574226692e-08 -2.3646862246096134e-10 -3.8031885196687654e-08
112 2.1777343750000000e-01 -3.8082816899986938e-08 -2.3874235921539366e-10 -3.8321559259202331e-08
113 2.1972656250000000e-01 -3.8367943488992751e-08 -2.4056134861893952e-10 -3.8608504837611690e-08
114 2.2167968750000000e-01 -3.8652160583296791e-08 -2.4192559067159891e-10 -3.8894086173968390e-08
115 2.2363281250000000e-01 -3.8935013435548171e-08 -2.4374458007514477e-10 -3.9178758015623316e-08
116 2.2558593750000000e-01 -3.9216502045746893e-08 -2.4556356947869062e-10 -3.9462065615225583e-08
117 2.2753906250000000e-01 -3.9497081161243841e-08 -2.4783730623312294e-10 -3.9744918467476964e-08
118 2.2949218750000000e-01 -3.9774477045284584e-08 -2.4920154828578234e-10 -4.0023678593570367e-08
119 2.3144531250000000e-01 -4.0051872929325327e-08 -2.5147528504021466e-10 -4.0303348214365542e-08
120 2.3339843750000000e-01 -4.0327449823962525e-08 -2.5283952709287405e-10 -4.0580289351055399e-08
121 2.3535156250000000e-01 -4.0602117223897949e-08 -2.5465851649641991e-10 -4.0856775740394369e-08
122 2.3730468750000000e-01 -4.0873601392377168e-08 -2.5602275854907930e-10 -4.1129624150926247e-08
123 2.3925781250000000e-01 -4.1144630813505501e-08 -2.5784174795262516e-10 -4.1402472561458126e-08
124 2.4121093750000000e-01 -4.1414750739932060e-08 -2.6011548470705748e-10 -4.1674866224639118e-08
125 2.4316406250000000e-01 -4.1681687434902415e-08 -2.6102497940883040e-10 -4.1942712414311245e-08
126 2.4511718750000000e-01 -4.1949078877223656e-08 -2.6329871616326272e-10 -4.2212377593386918e-08
127 2.4707031250000000e-01 -4.2213287088088691e-08 -2.6466295821592212e-10 -4.2477950046304613e-08
128 2.4902343750000000e-01 -4.2476585804251954e-08 -2.6602720026858151e-10 -4.2742613004520535e-08
129 2.5097656250000000e-01 -4.2737156036309898e-08 -2.6784618967212737e-10 -4.3005002225982025e-08
130 2.5292968750000000e-01 -4.2998181015718728e-08 -2.6966517907567322e-10 -4.3267846194794402e-08
131 2.5488281250000000e-01 -4.3255568016320467e-08 -2.7148416847921908e-10 -4.3527052184799686e-08
132 2.5683593750000000e-01 -4.3512500269571319e-08 -2.7284841053187847e-10 -4.3785348680103198e-08
133 2.5878906250000000e-01 -4.3766249291365966e-08 -2.7421265258453786e-10 -4.4040461943950504e-08
134 2.6074218750000000e-01 -4.4020453060511500e-08 -2.7603164198808372e-10 -4.4296484702499583e-08
135 2.6269531250000000e-01 -4.4271928345551714e-08 -2.7739588404074311e-10 -4.4549324229592457e-08
136 2.6464843750000000e-01 -4.4522948883241042e-08 -2.7876012609340250e-10 -4.4801709009334445e-08
137 2.6660156250000000e-01 -4.4769876694772393e-08 -2.8057911549694836e-10 -4.5050455810269341e-08
138 2.6855468750000000e-01 -4.5017259253654629e-08 -2.8239810490049422e-10 -4.5299657358555123e-08
139 2.7050781250000000e-01 -4.5262368075782433e-08 -2.8421709430404007e-10 -4.5546585170086473e-08
140 2.7246093750000000e-01 -4.5504293666454032e-08 -2.8558133635669947e-10 -4.5789875002810732e-08
141 2.7441406250000000e-01 -4.5746674004476517e-08 -2.8694557840935886e-10 -4.6033619582885876e-08
142 2.7636718750000000e-01 -4.5986780605744570e-08 -2.8830982046201825e-10 -4.6275090426206589e-08
143 2.7832031250000000e-01 -4.6223249228205532e-08 -2.8967406251467764e-10 -4.6512923290720209e-08
144 2.8027343750000000e-01 -4.6460172598017380e-08 -2.9103830456733704e-10 -4.6751210902584717e-08
145 2.8222656250000000e-01 -4.6693912736373022e-08 -2.9240254661999643e-10 -4.6986315282993019e-08
146 2.8417968750000000e-01 -4.6927198127377778e-08 -2.9376678867265582e-10 -4.7220964916050434e-08
147 2.8613281250000000e-01 -4.7158664528978989e-08 -2.9649527277797461e-10 -4.7455159801756963e-08
148 2.8808593750000000e-01 -4.7388311941176653e-08 -2.9649527277797461e-10 -4.7684807213954628e-08
149 2.9003906250000000e-01 -4.7616140363970771e-08 -2.9831426218152046e-10 -4.7914454626152292e-08
150 2.9199218750000000e-01 -4.7841695050010458e-08 -3.0013325158506632e-10 -4.8141828301595524e-08
151 2.9394531250000000e-01 -4.8064975999295712e-08 -3.0149749363772571e-10 -4.8366473492933437e-08
152 2.9589843750000000e-01 -4.8287802201230079e-08 -3.0286173569038510e-10 -4.8590663936920464e-08
153 2.9785156250000000e-01 -4.8507899919059128e-08 -3.0331648304127157e-10 -4.8811216402100399e-08
154 2.9980468750000000e-01 -4.8724814405431971e-08 -3.0513547244481742e-10 -4.9029949877876788e-08
155 3.0175781250000000e-01 -4.8943547881208360e-08 -3.0649971449747682e-10 -4.9250047595705837e-08
156 3.0371093750000000e-01 -4.9155914894072339e-08 -3.0786395655013621e-10 -4.9463778850622475e-08
157 3.0566406250000000e-01 -4.9369646148988977e-08 -3.0922819860279560e-10 -4.9678874347591773e-08
158 3.0761718750000000e-01 -4.9581558414502069e-08 -3.1059244065545499e-10 -4.9892150855157524e-08
159 3.0957031250000000e-01 -4.9791196943260729e-08 -3.1241143005900085e-10 -5.0103608373319730e-08
160 3.1152343750000000e-01 -4.9996742745861411e-08 -3.1286617740988731e-10 -5.0309608923271298e-08
161 3.1347656250000000e-01 -5.0203198043163866e-08 -3.1468516681343317e-10 -5.0517883209977299e-08
162 3.1542968750000000e-01 -5.0406924856361002e-08 -3.1559466151520610e-10 -5.0722519517876208e-08
163 3.1738281250000000e-01 -5.0607923185452819e-08 -3.1650415621697903e-10 -5.0924427341669798e-08
164 3.1933593750000000e-01 -5.0808921514544636e-08 -3.1832314562052488e-10 -5.1127244660165161e-08
165 3.2128906250000000e-01 -5.1005372370127589e-08 -3.2014213502407074e-10 -5.1325514505151659e-08
166 3.2324218750000000e-01 -5.1201823225710541e-08 -3.2014213502407074e-10 -5.1521965360734612e-08
167 3.2519531250000000e-01 -5.1395545597188175e-08 -3.2196112442761660e-10 -5.1717506721615791e-08
168 3.2714843750000000e-01 -5.1587448979262263e-08 -3.2287061912938952e-10 -5.1910319598391652e-08
169 3.2910156250000000e-01 -5.1777533371932805e-08 -3.2468960853293538e-10 -5.2102222980465740e-08
170 3.3105468750000000e-01 -5.1964889280498028e-08 -3.2559910323470831e-10 -5.2290488383732736e-08
171 3.3300781250000000e-01 -5.2151335694361478e-08 -3.2741809263825417e-10 -5.2478753786999732e-08
172 3.3496093750000000e-01 -5.2335053624119610e-08 -3.2741809263825417e-10 -5.2662471716757864e-08
173 3.3691406250000000e-01 -5.2517862059175968e-08 -3.2832758734002709e-10 -5.2846189646515995e-08
174 3.3886718750000000e-01 -5.2698851504828781e-08 -3.3014657674357295e-10 -5.3028998081572354e-08
175 3.4082031250000000e-01 -5.2878021961078048e-08 -3.3105607144534588e-10 -5.3209078032523394e-08
176 3.4277343750000000e-01 -5.3053554438520223e-08 -3.3196556614711881e-10 -5.3385520004667342e-08
177 3.4472656250000000e-01 -5.3227267926558852e-08 -3.3287506084889174e-10 -5.3560142987407744e-08
178 3.4667968750000000e-01 -5.3400071919895709e-08 -3.3469405025243759e-10 -5.3734765970148146e-08
179 3.4863281250000000e-01 -5.3568328439723700e-08 -3.3560354495421052e-10 -5.3903931984677911e-08
180 3.5058593750000000e-01 -5.3737494454253465e-08 -3.3651303965598345e-10 -5.4074007493909448e-08
181 3.5253906250000000e-01 -5.3903931984677911e-08 -3.3833202905952930e-10 -5.4242264013737440e-08
182 3.5449218750000000e-01 -5.4068550525698811e-08 -3.4015101846307516e-10 -5.4408701544161886e-08
183 3.5644531250000000e-01 -5.4231350077316165e-08 -3.4106051316484809e-10 -5.4572410590481013e-08
184 3.5839843750000000e-01 -5.4391421144828200e-08 -3.4015101846307516e-10 -5.4731572163291276e-08
185 3.6035156250000000e-01 -5.4549673222936690e-08 -3.4197000786662102e-10 -5.4891643230803311e-08
186 3.6230468750000000e-01 -5.4705196816939861e-08 -3.4287950256839395e-10 -5.5048076319508255e-08
187 3.6425781250000000e-01 -5.4857991926837713e-08 -3.4378899727016687e-10 -5.5201780924107879e-08
188 3.6621093750000000e-01 -5.5010787036735564e-08 -3.4469849197193980e-10 -5.5355485528707504e-08
189 3.6816406250000000e-01 -5.5160853662528098e-08 -3.4651748137548566e-10 -5.5507371143903583e-08
190 3.7011718750000000e-01 -5.5308191804215312e-08 -3.4651748137548566e-10 -5.5654709285590798e-08
191 3.7207031250000000e-01 -5.5455529945902526e-08 -3.4833647077903152e-10 -5.5803866416681558e-08
192 3.7402343750000000e-01 -5.5597411119379103e-08 -3.4833647077903152e-10 -5.5945747590158135e-08
193 3.7597656250000000e-01 -5.5741111282259226e-08 -3.4924596548080444e-10 -5.6090357247740030e-08
194 3.7792968750000000e-01 -5.5879354476928711e-08 -3.5015546018257737e-10 -5.6229509937111288e-08
195 3.7988281250000000e-01 -5.6014869187492877e-08 -3.5106495488435030e-10 -5.6365934142377228e-08
196 3.8183593750000000e-01 -5.6151293392758816e-08 -3.5197444958612323e-10 -5.6503267842344940e-08
197 3.8378906250000000e-01 -5.6282260629814118e-08 -3.5288394428789616e-10 -5.6635144574102014e-08
198 3.8574218750000000e-01 -5.6415956350974739e-08 -3.5288394428789616e-10 -5.6768840295262635e-08
199 3.8769531250000000e-01 -5.6543285609222949e-08 -3.5470293369144201e-10 -5.6897988542914391e-08
200 3.8964843750000000e-01 -5.6671524362172931e-08 -3.5561242839321494e-10 -5.7027136790566146e-08
201 3.9160156250000000e-01 -5.6795215641614050e-08 -3.5561242839321494e-10 -5.7150828070007265e-08
202 3.9355468750000000e-01 -5.6916178436949849e-08 -3.5652192309498787e-10 -5.7272700360044837e-08
203 3.9550781250000000e-01 -5.7037141232285649e-08 -3.5834091249853373e-10 -5.7395482144784182e-08
204 3.9746093750000000e-01 -5.7156285038217902e-08 -3.5925040720030665e-10 -5.7515535445418209e-08
205 3.9941406250000000e-01 -5.7271790865343064e-08 -3.5925040720030665e-10 -5.7631041272543371e-08
206 4.0136718750000000e-01 -5.7385477703064680e-08 -3.5925040720030665e-10 -5.7744728110264987e-08
207 4.0332031250000000e-01 -5.7498255046084523e-08 -3.6106939660385251e-10 -5.7859324442688376e-08
208 4.0527343750000000e-01 -5.7605575420893729e-08 -3.6106939660385251e-10 -5.7966644817497581e-08
209 4.0722656250000000e-01 -5.7714714785106480e-08 -3.6197889130562544e-10 -5.8076693676412106e-08
210 4.0917968750000000e-01 -5.7819306675810367e-08 -3.6197889130562544e-10 -5.8181285567115992e-08
211 4.1113281250000000e-01 -5.7922079577110708e-08 -3.6288838600739837e-10 -5.8284967963118106e-08
212 4.1308593750000000e-01 -5.8022123994305730e-08 -3.6379788070917130e-10 -5.8385921875014901e-08
213 4.1503906250000000e-01 -5.8121258916798979e-08 -3.6470737541094422e-10 -5.8485966292209923e-08
214 4.1699218750000000e-01 -5.8217665355186909e-08 -3.6470737541094422e-10 -5.8582372730597854e-08
215 4.1894531250000000e-01 -5.8312252804171294e-08 -3.6470737541094422e-10 -5.8676960179582238e-08
216 4.2089843750000000e-01 -5.8405021263752133e-08 -3.6652636481449008e-10 -5.8771547628566623e-08
217 4.2285156250000000e-01 -5.8495061239227653e-08 -3.6652636481449008e-10 -5.8861587604042143e-08
218 4.2480468750000000e-01 -5.8582372730597854e-08 -3.6834535421803594e-10 -5.8950718084815890e-08
219 4.2675781250000000e-01 -5.8667865232564509e-08 -3.6834535421803594e-10 -5.9036210586782545e-08
220 4.2871093750000000e-01 -5.8749719755724072e-08 -3.6834535421803594e-10 -5.9118065109942108e-08
221 4.3066406250000000e-01 -5.8831574278883636e-08 -3.6834535421803594e-10 -5.9199919633101672e-08
222 4.3261718750000000e-01 -5.8909790823236108e-08 -3.7016434362158179e-10 -5.9279955166857690e-08
223 4.3457031250000000e-01 -5.8986188378185034e-08 -3.6925484891980886e-10 -5.9355443227104843e-08
224 4.3652343750000000e-01 -5.9061676438432187e-08 -3.7016434362158179e-10 -5.9431840782053769e-08
225 4.3847656250000000e-01 -5.9133526519872248e-08 -3.7107383832335472e-10 -5.9504600358195603e-08
226 4.4042968750000000e-01 -5.9202648117206991e-08 -3.7107383832335472e-10 -5.9573721955530345e-08
227 4.4238281250000000e-01 -5.9271769714541733e-08 -3.7198333302512765e-10 -5.9643753047566861e-08
228 4.4433593750000000e-01 -5.9337253333069384e-08 -3.7198333302512765e-10 -5.9709236666094512e-08
229 4.4628906250000000e-01 -5.9400008467491716e-08 -3.7198333302512765e-10 -5.9771991800516844e-08
230 4.4824218750000000e-01 -5.9460035117808729e-08 -3.7198333302512765e-10 -5.9832018450833857e-08
231 4.5019531250000000e-01 -5.9519152273423970e-08 -3.7380232242867351e-10 -5.9892954595852643e-08
232 4.5214843750000000e-01 -5.9575540944933891e-08 -3.7289282772690058e-10 -5.9948433772660792e-08
233 4.5410156250000000e-01 -5.9630110627040267e-08 -3.7471181713044643e-10 -6.0004822444170713e-08
234 4.5605468750000000e-01 -5.9681951825041324e-08 -3.7380232242867351e-10 -6.0055754147469997e-08
235 4.5800781250000000e-01 -5.9732883528340608e-08 -3.7471181713044643e-10 -6.0107595345471054e-08
236 4.5996093750000000e-01 -5.9780177252832800e-08 -3.7471181713044643e-10 -6.0154889069963247e-08
237 4.6191406250000000e-01 -5.9824742493219674e-08 -3.7471181713044643e-10 -6.0199454310350120e-08
238 4.6386718750000000e-01 -5.9867488744203001e-08 -3.7471181713044643e-10 -6.0242200561333448e-08
239 4.6582031250000000e-01 -5.9907506511081010e-08 -3.7653080653399229e-10 -6.0284037317615002e-08
240 4.6777343750000000e-01 -5.9945705288555473e-08 -3.7562131183221936e-10 -6.0321326600387692e-08
241 4.6972656250000000e-01 -5.9982085076626390e-08 -3.7562131183221936e-10 -6.0357706388458610e-08
242 4.7167968750000000e-01 -6.0016645875293761e-08 -3.7653080653399229e-10 -6.0393176681827754e-08
243 4.7363281250000000e-01 -6.0048478189855814e-08 -3.7562131183221936e-10 -6.0424099501688033e-08
244 4.7558593750000000e-01 -6.0076672525610775e-08 -3.7653080653399229e-10 -6.0453203332144767e-08
245 4.7753906250000000e-01 -6.0105776356067508e-08 -3.7653080653399229e-10 -6.0482307162601501e-08
246 4.7949218750000000e-01 -6.0129423218313605e-08 -3.7653080653399229e-10 -6.0505954024847597e-08
247 4.8144531250000000e-01 -6.0153070080559701e-08 -3.7653080653399229e-10 -6.0529600887093693e-08
248 4.8339843750000000e-01 -6.0173078963998705e-08 -3.7744030123576522e-10 -6.0550519265234470e-08
249 4.8535156250000000e-01 -6.0193087847437710e-08 -3.7653080653399229e-10 -6.0569618653971702e-08
250 4.8730468750000000e-01 -6.0207639762666076e-08 -3.7653080653399229e-10 -6.0584170569200069e-08
251 4.8925781250000000e-01 -6.0223101172596216e-08 -3.7744030123576522e-10 -6.0600541473831981e-08
252 4.9121093750000000e-01 -6.0232196119613945e-08 -3.7744030123576522e-10 -6.0609636420849711e-08
253 4.9316406250000000e-01 -6.0243110056035221e-08 -3.7744030123576522e-10 -6.0620550357270986e-08
254 4.9511718750000000e-01 -6.0247657529544085e-08 -3.7744030123576522e-10 -6.0625097830779850e-08
255 4.9707031250000000e-01 -6.0254023992456496e-08 -3.7744030123576522e-10 -6.0631464293692261e-08
256 4.9902343750000000e-01 -6.0255842981860042e-08 -3.7834979593753815e-10 -6.0634192777797580e-08
257 5.0097656250000000e-01 -6.0255842981860042e-08 -3.7834979593753815e-10 -6.0634192777797580e-08
258 5.0292968750000000e-01 -6.0254023992456496e-08 -3.7744030123576522e-10 -6.0631464293692261e-08
259 5.0488281250000000e-01 -6.0247657529544085e-08 -3.7744030123576522e-10 -6.0625097830779850e-08
260 5.0683593750000000e-01 -6.0243110056035221e-08 -3.7744030123576522e-10 -6.0620550357270986e-08
261 5.0878906250000000e-01 -6.0232196119613945e-08 -3.7744030123576522e-10 -6.0609636420849711e-08
262 5.1074218750000000e-01 -6.0223101172596216e-08 -3.7744030123576522e-10 -6.0600541473831981e-08
263 5.1269531250000000e-01 -6.0207639762666076e-08 -3.7653080653399229e-10 -6.0584170569200069e-08
264 5.1464843750000000e-01 -6.0193087847437710e-08 -3.7653080653399229e-10 -6.0569618653971702e-08
265 5.1660156250000000e-01 -6.0173988458700478e-08 -3.7744030123576522e-10 -6.0551428759936243e-08
266 5.1855468750000000e-01 -6.0153070080559701e-08 -3.7653080653399229e-10 -6.0529600887093693e-08
267 5.2050781250000000e-01 -6.0129423218313605e-08 -3.7653080653399229e-10 -6.0505954024847597e-08
268 5.2246093750000000e-01 -6.0105776356067508e-08 -3.7653080653399229e-10 -6.0482307162601501e-08
269 5.2441406250000000e-01 -6.0076672525610775e-08 -3.7653080653399229e-10 -6.0453203332144767e-08
270 5.2636718750000000e-01 -6.0048478189855814e-08 -3.7562131183221936e-10 -6.0424099501688033e-08
271 5.2832031250000000e-01 -6.0016645875293761e-08 -3.7653080653399229e-10 -6.0393176681827754e-08
272 5.3027343750000000e-01 -5.9982085076626390e-08 -3.7562131183221936e-10 -6.0357706388458610e-08
273 5.3222656250000000e-01 -5.9945705288555473e-08 -3.7562131183221936e-10 -6.0321326600387692e-08
274 5.3417968750000000e-01 -5.9907506511081010e-08 -3.7653080653399229e-10 -6.0284037317615002e-08
275 5.3613281250000000e-01 -5.9867488744203001e-08 -3.7471181713044643e-10 -6.0242200561333448e-08
276 5.3808593750000000e-01 -5.9824742493219674e-08 -3.7471181713044643e-10 -6.0199454310350120e-08
277 5.4003906250000000e-01 -5.9779267758131027e-08 -3.7471181713044643e-10 -6.0153979575261474e-08
278 5.4199218750000000e-01 -5.9732883528340608e-08 -3.7471181713044643e-10 -6.0107595345471054e-08
279 5.4394531250000000e-01 -5.9681951825041324e-08 -3.7380232242867351e-10 -6.0055754147469997e-08
280 5.4589843750000000e-01 -5.9630110627040267e-08 -3.7380232242867351e-10 -6.0003912949468940e-08
281 5.4785156250000000e-01 -5.9575540944933891e-08 -3.7289282772690058e-10 -5.9948433772660792e-08
282 5.4980468750000000e-01 -5.9519152273423970e-08 -3.7380232242867351e-10 -5.9892954595852643e-08
283 5.5175781250000000e-01 -5.9460035117808729e-08 -3.7289282772690058e-10 -5.9832927945535630e-08
284 5.5371093750000000e-01 -5.9400008467491716e-08 -3.7289282772690058e-10 -5.9772901295218617e-08
285 5.5566406250000000e-01 -5.9337253333069384e-08 -3.7198333302512765e-10 -5.9709236666094512e-08
286 5.5761718750000000e-01 -5.9271769714541733e-08 -3.7198333302512765e-10 -5.9643753047566861e-08
287 5.5957031250000000e-01 -5.9203557611908764e-08 -3.7107383832335472e-10 -5.9574631450232118e-08
288 5.6152343750000000e-01 -5.9133526519872248e-08 -3.7107383832335472e-10 -5.9504600358195603e-08
289 5.6347656250000000e-01 -5.9060766943730414e-08 -3.7016434362158179e-10 -5.9430931287351996e-08
290 5.6542968750000000e-01 -5.8986188378185034e-08 -3.6925484891980886e-10 -5.9355443227104843e-08
291 5.6738281250000000e-01 -5.8910700317937881e-08 -3.7016434362158179e-10 -5.9280864661559463e-08
292 5.6933593750000000e-01 -5.8831574278883636e-08 -3.6834535421803594e-10 -5.9199919633101672e-08
293 5.7128906250000000e-01 -5.8749719755724072e-08 -3.6834535421803594e-10 -5.9118065109942108e-08
294 5.7324218750000000e-01 -5.8666955737862736e-08 -3.6834535421803594e-10 -5.9035301092080772e-08
295 5.7519531250000000e-01 -5.8583282225299627e-08 -3.6834535421803594e-10 -5.8951627579517663e-08
296 5.7714843750000000e-01 -5.8495061239227653e-08 -3.6652636481449008e-10 -5.8861587604042143e-08
297 5.7910156250000000e-01 -5.8405021263752133e-08 -3.6652636481449008e-10 -5.8771547628566623e-08
298 5.8105468750000000e-01 -5.8312252804171294e-08 -3.6470737541094422e-10 -5.8676960179582238e-08
299 5.8300781250000000e-01 -5.8217665355186909e-08 -3.6470737541094422e-10 -5.8582372730597854e-08
300 5.8496093750000000e-01 -5.8121258916798979e-08 -3.6470737541094422e-10 -5.8485966292209923e-08
301 5.8691406250000000e-01 -5.8022123994305730e-08 -3.6379788070917130e-10 -5.8385921875014901e-08
302 5.8886718750000000e-01 -5.7922079577110708e-08 -3.6288838600739837e-10 -5.8284967963118106e-08
303 5.9082031250000000e-01 -5.7819306675810367e-08 -3.6197889130562544e-10 -5.8181285567115992e-08
304 5.9277343750000000e-01 -5.7714714785106480e-08 -3.6197889130562544e-10 -5.8076693676412106e-08
305 5.9472656250000000e-01 -5.7605575420893729e-08 -3.6106939660385251e-10 -5.7966644817497581e-08
306 5.9667968750000000e-01 -5.7498255046084523e-08 -3.6106939660385251e-10 -5.7859324442688376e-08
307 5.9863281250000000e-01 -5.7385477703064680e-08 -3.5925040720030665e-10 -5.7744728110264987e-08
308 6.0058593750000000e-01 -5.7272700360044837e-08 -3.5925040720030665e-10 -5.7631950767245144e-08
309 6.0253906250000000e-01 -5.7156285038217902e-08 -3.5834091249853373e-10 -5.7514625950716436e-08
310 6.0449218750000000e-01 -5.7038960221689194e-08 -3.5834091249853373e-10 -5.7397301134187728e-08
311 6.0644531250000000e-01 -5.6916178436949849e-08 -3.5652192309498787e-10 -5.7272700360044837e-08
312 6.0839843750000000e-01 -5.6795215641614050e-08 -3.5561242839321494e-10 -5.7150828070007265e-08
313 6.1035156250000000e-01 -5.6671524362172931e-08 -3.5561242839321494e-10 -5.7027136790566146e-08
314 6.1230468750000000e-01 -5.6543285609222949e-08 -3.5379343898966908e-10 -5.6897079048212618e-08
315 6.1425781250000000e-01 -5.6415956350974739e-08 -3.5288394428789616e-10 -5.6768840295262635e-08
316 6.1621093750000000e-01 -5.6283170124515891e-08 -3.5197444958612323e-10 -5.6635144574102014e-08
317 6.1816406250000000e-01 -5.6151293392758816e-08 -3.5197444958612323e-10 -5.6503267842344940e-08
318 6.2011718750000000e-01 -5.6014869187492877e-08 -3.5106495488435030e-10 -5.6365934142377228e-08
319 6.2207031250000000e-01 -5.5879354476928711e-08 -3.5015546018257737e-10 -5.6229509937111288e-08
320 6.2402343750000000e-01 -5.5741111282259226e-08 -3.4924596548080444e-10 -5.6090357247740030e-08
321 6.2597656250000000e-01 -5.5597411119379103e-08 -3.4833647077903152e-10 -5.5945747590158135e-08
322 6.2792968750000000e-01 -5.5454620451200753e-08 -3.4833647077903152e-10 -5.5802956921979785e-08
323 6.2988281250000000e-01 -5.5308191804215312e-08 -3.4651748137548566e-10 -5.5654709285590798e-08
324 6.3183593750000000e-01 -5.5160853662528098e-08 -3.4651748137548566e-10 -5.5507371143903583e-08
325 6.3378906250000000e-01 -5.5011696531437337e-08 -3.4469849197193980e-10 -5.5356395023409277e-08
326 6.3574218750000000e-01 -5.4857991926837713e-08 -3.4469849197193980e-10 -5.5202690418809652e-08
327 6.3769531250000000e-01 -5.4705196816939861e-08 -3.4287950256839395e-10 -5.5048076319508255e-08
328 6.3964843750000000e-01 -5.4549673222936690e-08 -3.4197000786662102e-10 -5.4891643230803311e-08
329 6.4160156250000000e-01 -5.4391421144828200e-08 -3.4015101846307516e-10 -5.4731572163291276e-08
330 6.4355468750000000e-01 -5.4231350077316165e-08 -3.4106051316484809e-10 -5.4572410590481013e-08
331 6.4550781250000000e-01 -5.4068550525698811e-08 -3.4015101846307516e-10 -5.4408701544161886e-08
332 6.4746093750000000e-01 -5.3903931984677911e-08 -3.3924152376130223e-10 -5.4243173508439213e-08
333 6.4941406250000000e-01 -5.3737494454253465e-08 -3.3651303965598345e-10 -5.4074007493909448e-08
334 6.5136718750000000e-01 -5.3569237934425473e-08 -3.3560354495421052e-10 -5.3904841479379684e-08
335 6.5332031250000000e-01 -5.3400071919895709e-08 -3.3469405025243759e-10 -5.3734765970148146e-08
336 6.5527343750000000e-01 -5.3227267926558852e-08 -3.3378455555066466e-10 -5.3561052482109517e-08
337 6.5722656250000000e-01 -5.3052644943818450e-08 -3.3287506084889174e-10 -5.3385520004667342e-08
338 6.5917968750000000e-01 -5.2878021961078048e-08 -3.3105607144534588e-10 -5.3209078032523394e-08
339 6.6113281250000000e-01 -5.2697942010127008e-08 -3.3014657674357295e-10 -5.3028088586870581e-08
340 6.6308593750000000e-01 -5.2517862059175968e-08 -3.2923708204180002e-10 -5.2847099141217768e-08
341 6.6503906250000000e-01 -5.2335053624119610e-08 -3.2741809263825417e-10 -5.2662471716757864e-08
342 6.6699218750000000e-01 -5.2152245189063251e-08 -3.2650859793648124e-10 -5.2478753786999732e-08
343 6.6894531250000000e-01 -5.1965798775199801e-08 -3.2559910323470831e-10 -5.2291397878434509e-08
344 6.7089843750000000e-01 -5.1776623877231032e-08 -3.2468960853293538e-10 -5.2101313485763967e-08
345 6.7285156250000000e-01 -5.1586539484560490e-08 -3.2378011383116245e-10 -5.1910319598391652e-08
346 6.7480468750000000e-01 -5.1395545597188175e-08 -3.2196112442761660e-10 -5.1717506721615791e-08
347 6.7675781250000000e-01 -5.1200913731008768e-08 -3.2105162972584367e-10 -5.1521965360734612e-08
348 6.7871093750000000e-01 -5.1006281864829361e-08 -3.2014213502407074e-10 -5.1326423999853432e-08
349 6.8066406250000000e-01 -5.0808921514544636e-08 -3.1832314562052488e-10 -5.1127244660165161e-08
350 6.8261718750000000e-01 -5.0608832680154592e-08 -3.1741365091875196e-10 -5.0926246331073344e-08
351 6.8457031250000000e-01 -5.0406924856361002e-08 -3.1650415621697903e-10 -5.0723429012577981e-08
352 6.8652343750000000e-01 -5.0204107537865639e-08 -3.1468516681343317e-10 -5.0518792704679072e-08
353 6.8847656250000000e-01 -4.9996742745861411e-08 -3.1286617740988731e-10 -5.0309608923271298e-08
354 6.9042968750000000e-01 -4.9789377953857183e-08 -3.1195668270811439e-10 -5.0101334636565298e-08
355 6.9238281250000000e-01 -4.9581103667151183e-08 -3.1059244065545499e-10 -4.9891696107806638e-08
356 6.9433593750000000e-01 -4.9369646148988977e-08 -3.0922819860279560e-10 -4.9678874347591773e-08
357 6.9628906250000000e-01 -4.9155914894072339e-08 -3.0786395655013621e-10 -4.9463778850622475e-08
358 6.9824218750000000e-01 -4.8942638386506587e-08 -3.0649971449747682e-10 -4.9249138101004064e-08
359 7.0019531250000000e-01 -4.8725723900133744e-08 -3.0513547244481742e-10 -4.9030859372578561e-08
360 7.0214843750000000e-01 -4.8508354666410014e-08 -3.0377123039215803e-10 -4.8812125896802172e-08
361 7.0410156250000000e-01 -4.8287347453879192e-08 -3.0331648304127157e-10 -4.8590663936920464e-08
362 7.0605468750000000e-01 -4.8065430746646598e-08 -3.0149749363772571e-10 -4.8366928240284324e-08
363 7.0800781250000000e-01 -4.7842149797361344e-08 -3.0013325158506632e-10 -4.8142283048946410e-08
364 7.0996093750000000e-01 -4.7615230869268999e-08 -2.9831426218152046e-10 -4.7913545131450519e-08
365 7.1191406250000000e-01 -4.7387857193825766e-08 -2.9695002012886107e-10 -4.7684807213954628e-08
366 7.1386718750000000e-01 -4.7158664528978989e-08 -2.9649527277797461e-10 -4.7455159801756963e-08
367 7.1582031250000000e-01 -4.6927652874728665e-08 -2.9376678867265582e-10 -4.7221419663401321e-08
368 7.1777343750000000e-01 -4.6694367483723909e-08 -2.9285729397088289e-10 -4.6987224777694792e-08
369 7.1972656250000000e-01 -4.6460172598017380e-08 -2.9103830456733704e-10 -4.6751210902584717e-08
370 7.2167968750000000e-01 -4.6223249228205532e-08 -2.8967406251467764e-10 -4.6512923290720209e-08
371 7.2363281250000000e-01 -4.5986780605744570e-08 -2.8830982046201825e-10 -4.6275090426206589e-08
372 7.2558593750000000e-01 -4.5745309762423858e-08 -2.8649083105847239e-10 -4.6031800593482330e-08
373 7.2753906250000000e-01 -4.5504293666454032e-08 -2.8558133635669947e-10 -4.5789875002810732e-08
374 7.2949218750000000e-01 -4.5261458581080660e-08 -2.8376234695315361e-10 -4.5545220928033814e-08
375 7.3144531250000000e-01 -4.5017259253654629e-08 -2.8239810490049422e-10 -4.5299657358555123e-08
376 7.3339843750000000e-01 -4.4769876694772393e-08 -2.8057911549694836e-10 -4.5050455810269341e-08
377 7.3535156250000000e-01 -4.4522494135890156e-08 -2.7921487344428897e-10 -4.4801709009334445e-08
378 7.3730468750000000e-01 -4.4271018850849941e-08 -2.7739588404074311e-10 -4.4548414734890684e-08
379 7.3925781250000000e-01 -4.4020453060511500e-08 -2.7603164198808372e-10 -4.4296484702499583e-08
380 7.4121093750000000e-01 -4.3766704038716853e-08 -2.7421265258453786e-10 -4.4040916691301391e-08
381 7.4316406250000000e-01 -4.3512500269571319e-08 -2.7239366318099201e-10 -4.3784893932752311e-08
382 7.4511718750000000e-01 -4.3255568016320467e-08 -2.7148416847921908e-10 -4.3527052184799686e-08
383 7.4707031250000000e-01 -4.2998181015718728e-08 -2.6921043172478676e-10 -4.3267391447443515e-08
384 7.4902343750000000e-01 -4.2737156036309898e-08 -2.6784618967212737e-10 -4.3005002225982025e-08
385 7.5097656250000000e-01 -4.2476585804251954e-08 -2.6648194761946797e-10 -4.2743067751871422e-08
386 7.5292968750000000e-01 -4.2213287088088691e-08 -2.6466295821592212e-10 -4.2477950046304613e-08
387 7.5488281250000000e-01 -4.1948624129872769e-08 -2.6329871616326272e-10 -4.2211922846036032e-08
388 7.5683593750000000e-01 -4.1681232687551528e-08 -2.6102497940883040e-10 -4.1942257666960359e-08
389 7.5878906250000000e-01 -4.1414750739932060e-08 -2.5966073735617101e-10 -4.1674411477288231e-08
390 7.6074218750000000e-01 -4.1144630813505501e-08 -2.5784174795262516e-10 -4.1402472561458126e-08
391 7.6269531250000000e-01 -4.0873601392377168e-08 -2.5556801119819283e-10 -4.1129169403575361e-08
392 7.6464843750000000e-01 -4.0602117223897949e-08 -2.5465851649641991e-10 -4.0856775740394369e-08
393 7.6660156250000000e-01 -4.0327449823962525e-08 -2.5283952709287405e-10 -4.0580289351055399e-08
394 7.6855468750000000e-01 -4.0052327676676214e-08 -2.5102053768932819e-10 -4.0303348214365542e-08
395 7.7050781250000000e-01 -3.9775386539986357e-08 -2.4920154828578234e-10 -4.0024588088272139e-08
396 7.7246093750000000e-01 -3.9496626413892955e-08 -2.4783730623312294e-10 -3.9744463720126078e-08
397 7.7441406250000000e-01 -3.9217411540448666e-08 -2.4601831682957709e-10 -3.9463429857278243e-08
398 7.7636718750000000e-01 -3.8934103940846398e-08 -2.4419932742603123e-10 -3.9178303268272430e-08
399 7.7832031250000000e-01 -3.8652615330647677e-08 -2.4192559067159891e-10 -3.8894540921319276e-08
400 7.8027343750000000e-01 -3.8368398236343637e-08 -2.4101609596982598e-10 -3.8609414332313463e-08
401 7.8222656250000000e-01 -3.8082816899986938e-08 -2.3874235921539366e-10 -3.8321559259202331e-08
402 7.8417968750000000e-01 -3.7795416574226692e-08 -2.3646862246096134e-10 -3.8031885196687654e-08
403 7.8613281250000000e-01 -3.7506652006413788e-08 -2.3510438040830195e-10 -3.7741756386822090e-08
404 7.8808593750000000e-01 -3.7216977943899110e-08 -2.3328539100475609e-10 -3.7450263334903866e-08
405 7.9003906250000000e-01 -3.6924575397279114e-08 -2.3101165425032377e-10 -3.7155587051529437e-08
406 7.9199218750000000e-01 -3.6631718103308231e-08 -2.2919266484677792e-10 -3.6860910768155009e-08
407 7.9394531250000000e-01 -3.6337496567284688e-08 -2.2737367544323206e-10 -3.6564870242727920e-08
408 7.9589843750000000e-01 -3.6042365536559373e-08 -2.2600943339057267e-10 -3.6268374969949946e-08
409 7.9785156250000000e-01 -3.5744960769079626e-08 -2.2373569663614035e-10 -3.5968696465715766e-08
410 7.9980468750000000e-01 -3.5446646506898105e-08 -2.2191670723259449e-10 -3.5668563214130700e-08
411 8.0175781250000000e-01 -3.5147422750014812e-08 -2.2055246517993510e-10 -3.5367975215194747e-08
412 8.0371093750000000e-01 -3.4845925256377086e-08 -2.1827872842550278e-10 -3.5064203984802589e-08
413 8.0566406250000000e-01 -3.4543518268037587e-08 -2.1600499167107046e-10 -3.4759523259708658e-08
414 8.0761718750000000e-01 -3.4239747037645429e-08 -2.1418600226752460e-10 -3.4453933039912954e-08
415 8.0957031250000000e-01 -3.3935975807253271e-08 -2.1282176021486521e-10 -3.4148797567468137e-08
416 8.1152343750000000e-01 -3.3629021345404908e-08 -2.1100277081131935e-10 -3.3840024116216227e-08
417 8.1347656250000000e-01 -3.3322976378258318e-08 -2.0918378140777349e-10 -3.3532160159666091e-08
418 8.1542968750000000e-01 -3.3013293432304636e-08 -2.0600054995156825e-10 -3.3219293982256204e-08
419 8.1738281250000000e-01 -3.2704519981052727e-08 -2.0509105524979532e-10 -3.2909611036302522e-08
420 8.1933593750000000e-01 -3.2392108550993726e-08 -2.0281731849536300e-10 -3.2594925869489089e-08
421 8.2128906250000000e-01 -3.2080151868285611e-08 -2.0145307644270360e-10 -3.2281604944728315e-08
422 8.2324218750000000e-01 -3.1766376196173951e-08 -1.9917933968827128e-10 -3.1965555535862222e-08
423 8.2519531250000000e-01 -3.1451691029360518e-08 -1.9736035028472543e-10 -3.1649051379645243e-08
424 8.2714843750000000e-01 -3.1136096367845312e-08 -1.9554136088117957e-10 -3.1331637728726491e-08
425 8.2910156250000000e-01 -3.0818682716926560e-08 -1.9372237147763371e-10 -3.1012405088404194e-08
426 8.3105468750000000e-01 -3.0501269066007808e-08 -1.9144863472320139e-10 -3.0692717700731009e-08
427 8.3300781250000000e-01 -3.0181126930983737e-08 -1.8917489796876907e-10 -3.0370301828952506e-08
428 8.3496093750000000e-01 -2.9860984795959666e-08 -1.8735590856522322e-10 -3.0048340704524890e-08
429 8.3691406250000000e-01 -2.9539023671532050e-08 -1.8508217181079090e-10 -2.9724105843342841e-08
430 8.3886718750000000e-01 -2.9216607799753547e-08 -1.8326318240724504e-10 -2.9399870982160792e-08
431 8.4082031250000000e-01 -2.8891918191220611e-08 -1.8098944565281272e-10 -2.9072907636873424e-08
432 8.4277343750000000e-01 -2.8567228582687676e-08 -1.7917045624926686e-10 -2.8746399038936943e-08
433 8.4472656250000000e-01 -2.8240719984751195e-08 -1.7735146684572101e-10 -2.8418071451596916e-08
434 8.4667968750000000e-01 -2.7913301892112941e-08 -1.7507773009128869e-10 -2.8088379622204229e-08
435 8.4863281250000000e-01 -2.7585429052123800e-08 -1.7280399333685637e-10 -2.7758233045460656e-08
436 8.5058593750000000e-01 -2.7255737222731113e-08 -1.7053025658242404e-10 -2.7426267479313537e-08
437 8.5253906250000000e-01 -2.6926045393338427e-08 -1.6871126717887819e-10 -2.7094756660517305e-08
438 8.5449218750000000e-01 -2.6593625079840422e-08 -1.6643753042444587e-10 -2.6760062610264868e-08
439 8.5644531250000000e-01 -2.6263478503096849e-08 -1.6461854102090001e-10 -2.6428097044117749e-08
440 8.5839843750000000e-01 -2.5928784452844411e-08 -1.6234480426646769e-10 -2.6091129257110879e-08
441 8.6035156250000000e-01 -2.5595909391995519e-08 -1.6052581486292183e-10 -2.5756435206858441e-08
442 8.6230468750000000e-01 -2.5259396352339536e-08 -1.5825207810848951e-10 -2.5417648430448025e-08
443 8.6425781250000000e-01 -2.4923792807385325e-08 -1.5620571502950042e-10 -2.5079998522414826e-08
444 8.6621093750000000e-01 -2.4587052394053899e-08 -1.5393197827506810e-10 -2.4740984372328967e-08
445 8.6816406250000000e-01 -2.4248265617643483e-08 -1.5188561519607902e-10 -2.4400151232839562e-08
446 8.7011718750000000e-01 -2.3910160962259397e-08 -1.5006662579253316e-10 -2.4060227588051930e-08
447 8.7207031250000000e-01 -2.3569555196445435e-08 -1.4779288903810084e-10 -2.3717348085483536e-08
448 8.7402343750000000e-01 -2.3229404177982360e-08 -1.4574652595911175e-10 -2.3375150703941472e-08
449 8.7597656250000000e-01 -2.2887661543791182e-08 -1.4347278920467943e-10 -2.3031134332995862e-08
450 8.7792968750000000e-01 -2.2545691535924561e-08 -1.4165379980113357e-10 -2.2687345335725695e-08
451 8.7988281250000000e-01 -2.2201902538654394e-08 -1.3915268937125802e-10 -2.2341055228025652e-08
452 8.8183593750000000e-01 -2.1857658794033341e-08 -1.3687895261682570e-10 -2.1994537746650167e-08
453 8.8378906250000000e-01 -2.1512960302061401e-08 -1.3460521586239338e-10 -2.1647565517923795e-08
454 8.8574218750000000e-01 -2.1167124941712245e-08 -1.3278622645884752e-10 -2.1299911168171093e-08
455 8.8769531250000000e-01 -2.0820834834012203e-08 -1.3028511602897197e-10 -2.0951119950041175e-08
456 8.8964843750000000e-01 -2.0472725736908615e-08 -1.2846612662542611e-10 -2.0601191863534041e-08
457 8.9160156250000000e-01 -2.0125753508182243e-08 -1.2619238987099379e-10 -2.0251945898053236e-08
458 8.9355468750000000e-01 -1.9775825421675108e-08 -1.2369127944111824e-10 -1.9899516701116227e-08
459 8.9550781250000000e-01 -1.9426806829869747e-08 -1.2164491636212915e-10 -1.9548451746231876e-08
460 8.9746093750000000e-01 -1.9075741874985397e-08 -1.1959855328314006e-10 -1.9195340428268537e-08
461 8.9941406250000000e-01 -1.8725813788478263e-08 -1.1755219020415097e-10 -1.8843365978682414e-08
462 9.0136718750000000e-01 -1.8373611965216696e-08 -1.1527845344971865e-10 -1.8488890418666415e-08
463 9.0332031250000000e-01 -1.8021637515630573e-08 -1.1277734301984310e-10 -1.8134414858650416e-08
464 9.0527343750000000e-01 -1.7668071450316347e-08 -1.1073097994085401e-10 -1.7778802430257201e-08
465 9.0722656250000000e-01 -1.7314278011326678e-08 -1.0845724318642169e-10 -1.7422735254513100e-08
466 9.0917968750000000e-01 -1.6959802451310679e-08 -1.0618350643198937e-10 -1.7065985957742669e-08
467 9.1113281250000000e-01 -1.6604644770268351e-08 -1.0436451702844352e-10 -1.6709009287296794e-08
468 9.1308593750000000e-01 -1.6248804968199693e-08 -1.0163603292312473e-10 -1.6350441001122817e-08
469 9.1503906250000000e-01 -1.5892055671429262e-08 -9.9589669844135642e-11 -1.5991645341273397e-08
470 9.1699218750000000e-01 -1.5535533748334274e-08 -9.7315933089703321e-11 -1.5632849681423977e-08
471 9.1894531250000000e-01 -1.5177874956862070e-08 -9.5269570010714233e-11 -1.5273144526872784e-08
472 9.2089843750000000e-01 -1.4820216165389866e-08 -9.2768459580838680e-11 -1.4912984624970704e-08
473 9.2285156250000000e-01 -1.4461420505540445e-08 -9.0722096501849592e-11 -1.4552142602042295e-08
474 9.2480468750000000e-01 -1.4102170098340139e-08 -8.8448359747417271e-11 -1.4190618458087556e-08
475 9.2675781250000000e-01 -1.3742464943788946e-08 -8.5947249317541718e-11 -1.3828412193106487e-08
476 9.2871093750000000e-01 -1.3382305041886866e-08 -8.3900886238552630e-11 -1.3466205928125419e-08
477 9.3066406250000000e-01 -1.3022145139984787e-08 -8.1627149484120309e-11 -1.3103772289468907e-08
478 9.3261718750000000e-01 -1.2660166248679161e-08 -7.9126039054244757e-11 -1.2739292287733406e-08
479 9.3457031250000000e-01 -1.2298869478399865e-08 -7.7193362812977284e-11 -1.2376062841212843e-08
480 9.3652343750000000e-01 -1.1936094779230189e-08 -7.4805939220823348e-11 -1.2010900718451012e-08
481 9.3847656250000000e-01 -1.1574002201086842e-08 -7.2418515628669411e-11 -1.1646420716715511e-08
482 9.4042968750000000e-01 -1.1210545380890835e-08 -7.0258465711958706e-11 -1.1280803846602794e-08
483 9.4238281250000000e-01 -1.0847656994883437e-08 -6.8098415795248002e-11 -1.0915755410678685e-08
484 9.4433593750000000e-01 -1.0483290679985657e-08 -6.5710992203094065e-11 -1.0549001672188751e-08
485 9.4628906250000000e-01 -1.0119038051925600e-08 -6.3437255448661745e-11 -1.0182475307374261e-08
486 9.4824218750000000e-01 -9.7547854238655418e-09 -6.1163518694229424e-11 -9.8159489425597712e-09
487 9.5019531250000000e-01 -9.3893959274282679e-09 -5.8889781939797103e-11 -9.4482857093680650e-09
488 9.5214843750000000e-01 -9.0245748651796021e-09 -5.6616045185364783e-11 -9.0811909103649668e-09
489 9.5410156250000000e-01 -8.6581621872028336e-09 -5.4114934755489230e-11 -8.7122771219583228e-09
490 9.5605468750000000e-01 -8.2925453170901164e-09 -5.1954884838778526e-11 -8.3445002019288950e-09
491 9.5800781250000000e-01 -7.9256778917624615e-09 -4.9567461246624589e-11 -7.9752453530090861e-09
492 9.5996093750000000e-01 -7.5594925874611363e-09 -4.7293724492192268e-11 -7.6067863119533285e-09
493 9.6191406250000000e-01 -7.1921704147825949e-09 -4.5019987737759948e-11 -7.2371904025203548e-09
494 9.6386718750000000e-01 -6.8254166762926616e-09 -4.2746250983327627e-11 -6.8681629272759892e-09
495 9.6582031250000000e-01 -6.4574123825877905e-09 -4.0472514228895307e-11 -6.4978848968166858e-09
496 9.6777343750000000e-01 -6.0900333664903883e-09 -3.8198777474462986e-11 -6.1282321439648513e-09
497 9.6972656250000000e-01 -5.7221427596232388e-09 -3.5811353882309049e-11 -5.7579541135055479e-09
498 9.7167968750000000e-01 -5.3537405619863421e-09 -3.3537617127876729e-11 -5.3872781791142188e-09
499 9.7363281250000000e-01 -4.9857931117003318e-09 -3.1207036954583600e-11 -5.0170001486549154e-09
500 9.7558593750000000e-01 -4.6168793232936878e-09 -2.8990143619012088e-11 -4.6458694669126999e-09
501 9.7753906250000000e-01 -4.2484771256567910e-09 -2.6602720026858151e-11 -4.2750798456836492e-09
502 9.7949218750000000e-01 -3.8792222767369822e-09 -2.4272139853565022e-11 -3.9034944165905472e-09
503 9.8144531250000000e-01 -3.5105358620057814e-09 -2.1941559680271894e-11 -3.5324774216860533e-09
504 9.8339843750000000e-01 -3.1409967959916685e-09 -1.9724666344700381e-11 -3.1607214623363689e-09
505 9.8535156250000000e-01 -2.7721682727133157e-09 -1.7365664461976849e-11 -2.7895339371752925e-09
506 9.8730468750000000e-01 -2.4022597244766075e-09 -1.5035084288683720e-11 -2.4172948087652912e-09
507 9.8925781250000000e-01 -2.0330901406850899e-09 -1.2761347534251399e-11 -2.0458514882193413e-09
508 9.9121093750000000e-01 -1.6637216049275594e-09 -1.0430767360958271e-11 -1.6741523722885177e-09
509 9.9316406250000000e-01 -1.2936851589984144e-09 -8.1143980423803441e-12 -1.3017995570407948e-09
510 9.9511718750000000e-01 -9.2451557520689676e-10 -5.7838178690872155e-12 -9.3029939307598397e-10
511 9.9707031250000000e-01 -5.5435123158531496e-10 -3.4745539778668899e-12 -5.5782578556318185e-10
512 9.9902343750000000e-01 1.9516832754362667e-05 -1.1581846592889633e-12 1.9516831596178008e-05
