# P x u_num u_exact u_err v_num v_exact v_err psi_num psi_exact psi_err
1 3.1250000000000000e-02 9.6372169664049365e-02 9.7041853487850355e-02 -6.6968382380099001e-04 9.7036817583436713e-02 9.7041853487850355e-02 -5.0359044136416564e-06 1.9340898724748606e-01 1.9408370697570071e-01 -6.7471972821464554e-04
2 9.3750000000000000e-02 2.8716816009070306e-01 2.8739629645571135e-01 -2.2813636500829126e-04 2.8739565019990004e-01 2.8739629645571135e-01 -6.4625581130961507e-07 5.7456381029060311e-01 5.7479259291142271e-01 -2.2878262081960088e-04
3 1.5625000000000000e-01 4.6673735684639356e-01 4.6670626092447931e-01 3.1095921914248148e-05 4.6670749799350997e-01 4.6670626092447931e-01 1.2370690306573451e-06 9.3344485483990347e-01 9.3341252184895862e-01 3.2332990944849982e-05
4 2.1875000000000000e-01 6.2824226047454534e-01 6.2808096551780601e-01 1.6129495673933292e-04 6.2808313529512261e-01 6.2808096551780601e-01 2.1697773165962886e-06 1.2563253957696681e+00 1.2561619310356120e+00 1.6346473405604023e-04
5 2.8125000000000000e-01 7.6554795009301913e-01 7.6531887083814687e-01 2.2907925487225533e-04 7.6532162323387842e-01 7.6531887083814687e-01 2.7523957315533920e-06 1.5308695733268975e+00 1.5306377416762937e+00 2.3183165060380873e-04
6 3.4375000000000000e-01 8.7341520111905235e-01 8.7314600114794494e-01 2.6919997110741445e-04 8.7314916295262635e-01 8.7314600114794494e-01 3.1618046814063661e-06 1.7465643640716788e+00 1.7462920022958899e+00 2.7236177578893184e-04
7 4.0625000000000000e-01 9.4771240116989663e-01 9.4741862029954660e-01 2.9378087035003553e-04 9.4742205502264409e-01 9.4741862029954660e-01 3.4347230974951515e-06 1.8951344561925407e+00 1.8948372405990932e+00 2.9721559344753068e-04
8 4.6875000000000000e-01 9.8558831074693976e-01 9.8528247319151974e-01 3.0583755542001878e-04 9.8528604584088453e-01 9.8528247319151974e-01 3.5726493647914026e-06 1.9708743565878244e+00 1.9705649463830395e+00 3.0941020478492121e-04
9 5.3125000000000000e-01 9.8558831074694042e-01 9.8528247319151985e-01 3.0583755542057389e-04 9.8528604584088453e-01 9.8528247319151985e-01 3.5726493646803803e-06 1.9708743565878248e+00 1.9705649463830397e+00 3.0941020478514325e-04
10 5.9375000000000000e-01 9.4771240116989774e-01 9.4741862029954660e-01 2.9378087035114575e-04 9.4742205502264409e-01 9.4741862029954660e-01 3.4347230974951515e-06 1.8951344561925418e+00 1.8948372405990932e+00 2.9721559344864090e-04
11 6.5625000000000000e-01 8.7341520111905291e-01 8.7314600114794505e-01 2.6919997110785854e-04 8.7314916295262668e-01 8.7314600114794505e-01 3.1618046816284107e-06 1.7465643640716797e+00 1.7462920022958901e+00 2.7236177578959797e-04
12 7.1875000000000000e-01 7.6554795009301913e-01 7.6531887083814698e-01 2.2907925487214431e-04 7.6532162323387842e-01 7.6531887083814698e-01 2.7523957314423697e-06 1.5308695733268975e+00 1.5306377416762940e+00 2.3183165060358668e-04
13 7.8125000000000000e-01 6.2824226047454557e-01 6.2808096551780601e-01 1.6129495673955496e-04 6.2808313529512261e-01 6.2808096551780601e-01 2.1697773165962886e-06 1.2563253957696681e+00 1.2561619310356120e+00 1.6346473405604023e-04
14 8.4375000000000000e-01 4.6673735684639384e-01 4.6670626092447953e-01 3.1095921914303659e-05 4.6670749799350997e-01 4.6670626092447953e-01 1.2370690304353005e-06 9.3344485483990380e-01 9.3341252184895906e-01 3.2332990944738960e-05
15 9.0625000000000000e-01 2.8716816009070328e-01 2.8739629645571141e-01 -2.2813636500812473e-04 2.8739565019990004e-01 2.8739629645571141e-01 -6.4625581136512622e-07 5.7456381029060333e-01 5.7479259291142282e-01 -2.2878262081948986e-04
16 9.6875000000000000e-01 9.6372169664049198e-02 9.7041853487850577e-02 -6.6968382380137859e-04 9.7036817583436907e-02 9.7041853487850577e-02 -5.0359044136694120e-06 1.9340898724748612e-01 1.9408370697570115e-01 -6.7471972821503412e-04
