# P x u_num u_exact u_err v_num v_exact v_err psi_num psi_exact psi_err
1 3.9062500000000000e-03 1.2147736460795613e-02 1.2149434439623564e-02 -1.6979788279511410e-06 1.2149419040091763e-02 1.2149434439623564e-02 -1.5399531800783239e-08 2.4297155500887374e-02 2.4298868879247128e-02 -1.7133783597536589e-06
2 1.1718750000000000e-02 3.6439516849147237e-02 3.6440984953860875e-02 -1.4681047136380632e-06 3.6440971977923745e-02 3.6440984953860875e-02 -1.2975937130343951e-08 7.2880488827070988e-02 7.2881969907721750e-02 -1.4810806507614682e-06
3 1.9531250000000000e-02 6.0709344865032516e-02 6.0710584781378182e-02 -1.2399163456661144e-06 6.0710574960771750e-02 6.0710584781378182e-02 -9.8206064322314823e-09 1.2141991982580427e-01 1.2142116956275636e-01 -1.2497369520914070e-06
4 2.7343750000000000e-02 8.4942601521468791e-02 8.4943614822738170e-02 -1.0133012693785970e-06 8.4943608012814087e-02 8.4943614822738170e-02 -6.8099240829733176e-09 1.6988620953428288e-01 1.6988722964547634e-01 -1.0201111934615703e-06
5 3.5156250000000000e-02 1.0912468904385160e-01 1.0912547800677527e-01 -7.8896292367292009e-07 1.0912547403396450e-01 1.0912547800677527e-01 -3.9728107747993846e-09 2.1825016307781608e-01 2.1825095601355055e-01 -7.9293573446159726e-07
6 4.2968750000000000e-02 1.3324104048241289e-01 1.3324160808332552e-01 -5.6760091263208245e-07 1.3324160678418392e-01 1.3324160808332552e-01 -1.2991415998531153e-09 2.6648264726659682e-01 2.6648321616665105e-01 -5.6890005423193557e-07
7 5.0781250000000000e-02 1.5727712853394843e-01 1.5727747839739104e-01 -3.4986344260579116e-07 1.5727747962012031e-01 1.5727747839739104e-01 1.2227292789379618e-09 3.1455460815406877e-01 3.1455495679478207e-01 -3.4864071329909763e-07
8 5.8593750000000000e-02 1.8121847430244514e-01 1.8121861063945366e-01 -1.3633700851611863e-07 1.8121861424360602e-01 1.8121861063945366e-01 3.6041523654439800e-09 3.6243708854605117e-01 3.6243722127890732e-01 -1.3273285615067465e-07
9 6.6406250000000000e-02 2.0505065602715583e-01 2.0505058356666739e-01 7.2460488442782633e-08 2.0505058942271695e-01 2.0505058356666739e-01 5.8560495619364161e-09 4.1010124544987281e-01 4.1010116713333478e-01 7.8316538032474625e-08
10 7.4218750000000000e-02 2.2875931777435060e-01 2.2875904168967570e-01 2.7608467489947941e-07 2.2875904967851921e-01 2.2875904168967570e-01 7.9888435033925731e-09 4.5751836745286978e-01 4.5751808337935140e-01 2.8407351837511641e-07
11 8.2031250000000000e-02 2.5233017808747871e-01 2.5232970391982174e-01 4.7416765697194663e-07 2.5232971393224252e-01 2.5232970391982174e-01 1.0012420781357889e-08 5.0465989201972117e-01 5.0465940783964347e-01 4.8418007769779337e-07
12 8.9843750000000000e-02 2.7574903859057853e-01 2.7574837217154174e-01 6.6641903678776870e-07 2.7574838410763103e-01 2.7574837217154174e-01 1.1936089283626217e-08 5.5149742269820956e-01 5.5149674434308349e-01 6.7835512607139492e-07
13 9.7656250000000000e-02 2.9900179253981368e-01 2.9900093991476145e-01 8.5262505222782892e-07 2.9900095368331331e-01 2.9900093991476145e-01 1.3768551854198563e-08 5.9800274622312699e-01 5.9800187982952291e-01 8.6639360408202748e-07
14 1.0546875000000000e-01 3.2207443331812713e-01 3.2207340067214174e-01 1.0326459853882142e-06 3.2207341619002489e-01 3.2207340067214174e-01 1.5517883145133027e-08 6.4414784950815207e-01 6.4414680134428348e-01 1.0481638685888583e-06
15 1.1328125000000000e-01 3.4495306286807947e-01 3.4495185645605725e-01 1.2064120222254893e-06 3.4495187364758689e-01 3.4495185645605725e-01 1.7191529644300374e-08 6.8990493651566642e-01 6.8990371291211450e-01 1.2236035519253008e-06
16 1.2109375000000000e-01 3.6762390005803652e-01 3.6762252614022439e-01 1.3739178121308093e-06 3.6762254493653146e-01 3.6762252614022439e-01 1.8796307066359930e-08 7.3524644499456793e-01 7.3524505228044879e-01 1.3927141191416581e-06
17 1.2890625000000000e-01 3.9007328897692156e-01 3.9007175376093622e-01 1.5352159853376790e-06 3.9007177409933858e-01 3.9007175376093622e-01 2.0338402351161022e-08 7.8014506307626008e-01 7.8014350752187245e-01 1.5555543876333289e-06
18 1.3671875000000000e-01 4.1228770715282126e-01 4.1228601674290488e-01 1.6904099163772557e-06 4.1228603856627688e-01 4.1228601674290488e-01 2.1823371998408447e-08 8.2457374571909814e-01 8.2457203348580976e-01 1.7122332883756641e-06
19 1.4453125000000000e-01 4.3425377369068380e-01 4.3425193404475476e-01 1.8396459290359601e-06 4.3425195730096594e-01 4.3425193404475476e-01 2.3256211179045749e-08 8.6850573099164974e-01 8.6850386808950952e-01 1.8629021402150059e-06
20 1.5234375000000000e-01 4.5595825732465251e-01 4.5595627421926171e-01 1.9831053907903851e-06 4.5595629886058825e-01 4.5595627421926171e-01 2.4641326534791119e-08 9.1191455618524075e-01 9.1191254843852343e-01 2.0077467173251762e-06
21 1.6015625000000000e-01 4.7738808438023989e-01 4.7738596338348221e-01 2.1209967576707456e-06 4.7738598936608057e-01 4.7738596338348221e-01 2.5982598350626773e-08 9.5477407374632040e-01 9.5477192676696443e-01 2.1469793559658612e-06
22 1.6796875000000000e-01 4.9853034664190643e-01 4.9852809309397150e-01 2.2535479349272691e-06 4.9852812037736127e-01 4.9852809309397150e-01 2.7283389769650057e-08 9.9705846701926770e-01 9.9705618618794301e-01 2.2808313246969192e-06
23 1.7578125000000000e-01 5.1937230912138654e-01 5.1936992812234706e-01 2.3809990394862979e-06 5.1936995666895969e-01 5.1936992812234706e-01 2.8546612629298806e-08 1.0387422657903462e+00 1.0387398562446941e+00 2.4095456521155967e-06
24 1.8359375000000000e-01 5.3990141772234446e-01 5.3989891412651414e-01 2.5035958303165629e-06 5.3989894390124693e-01 5.3989891412651414e-01 2.9774732790421865e-08 1.0798003616235914e+00 1.0797978282530283e+00 2.5333705631069847e-06
25 1.9140625000000000e-01 5.6010530679674542e-01 5.6010268521293205e-01 2.6215838133669678e-06 5.6010271618275553e-01 5.6010268521293205e-01 3.0969823483495418e-08 1.1202080229795008e+00 1.1202053704258641e+00 2.6525536367394409e-06
26 1.9921875000000000e-01 5.7997180658851988e-01 5.7996907138536613e-01 2.7352031537475341e-06 5.7996910351898256e-01 5.7996907138536613e-01 3.2133616434393275e-08 1.1599409101075024e+00 1.1599381427707323e+00 2.7673367701819274e-06
27 2.0703125000000000e-01 5.9948895056009854e-01 5.9948610587563811e-01 2.8446844604346211e-06 5.9948613914314453e-01 5.9948610587563811e-01 3.3267506416301273e-08 1.1989750897032430e+00 1.1989722117512762e+00 2.8779519667399001e-06
28 2.1484375000000000e-01 6.1864498259732470e-01 6.1864203235195991e-01 2.9502453647856086e-06 6.1864206672457600e-01 6.1864203235195991e-01 3.4372616086741914e-08 1.2372870493219006e+00 1.2372840647039198e+00 2.9846179807613282e-06
29 2.2265625000000000e-01 6.3742836408848169e-01 6.3742531200050834e-01 3.0520879733542117e-06 6.3742534745029933e-01 6.3742531200050834e-01 3.5449790991570751e-08 1.2748537115387810e+00 1.2748506240010167e+00 3.0875377643457824e-06
30 2.3046875000000000e-01 6.5582778087297011e-01 6.5582463047597550e-01 3.1503969946111710e-06 6.5582466697567676e-01 6.5582463047597550e-01 3.6499701261405448e-08 1.3116524478486469e+00 1.3116492609519510e+00 3.1868966958725764e-06
31 2.3828125000000000e-01 6.7383215005562125e-01 6.7382890471690615e-01 3.2453387150965796e-06 6.7382894223969181e-01 6.7382890471690615e-01 3.7522785656385338e-08 1.3476610922953132e+00 1.3476578094338123e+00 3.2828615008639872e-06
32 2.4609375000000000e-01 6.9143062668217137e-01 6.9142728962172118e-01 3.3370604501925527e-06 6.9142732814106445e-01 6.9142728962172118e-01 3.8519343270593254e-08 1.3828579548232358e+00 1.3828545792434424e+00 3.3755797934631460e-06
33 2.5390625000000000e-01 7.0861261027202960e-01 7.0860918458139943e-01 3.4256906301655121e-06 7.0860922407092930e-01 7.0860918458139943e-01 3.9489529868319551e-08 1.4172218343429588e+00 1.4172183691627989e+00 3.4651801599228094e-06
34 2.6171875000000000e-01 7.2536775120418862e-01 7.2536423986489018e-01 3.5113392984342795e-06 7.2536428029826283e-01 7.2536423986489018e-01 4.0433372650028332e-08 1.4507320315024514e+00 1.4507284797297804e+00 3.5517726710843078e-06
35 2.6953125000000000e-01 7.4168595695230999e-01 7.4168236285340206e-01 3.5940989079330521e-06 7.4168240420424880e-01 7.4168236285340206e-01 4.1350846746723846e-08 1.4833683611565589e+00 1.4833647257068041e+00 3.6354497547907982e-06
36 2.7734375000000000e-01 7.5755739816536516e-01 7.5755372411982103e-01 3.6740455441330866e-06 7.5755376636160632e-01 7.5755372411982103e-01 4.2241785291885492e-08 1.5151111645269715e+00 1.5151074482396421e+00 3.7162873294249721e-06
37 2.8515625000000000e-01 7.7297251458970706e-01 7.7296876334958831e-01 3.7512401187544953e-06 7.7296880645559563e-01 7.7296876334958831e-01 4.3106007319160256e-08 1.5459413210453028e+00 1.5459375266991766e+00 3.7943461261846778e-06
38 2.9296875000000000e-01 7.8792202082933627e-01 7.8791819509947758e-01 3.8257298586863442e-06 7.8791823904273883e-01 7.8791819509947758e-01 4.3943261252010757e-08 1.5758402598720751e+00 1.5758363901989552e+00 3.8696731199383549e-06
39 3.0078125000000000e-01 8.0239691194056528e-01 8.0239301439079802e-01 3.8975497672621984e-06 8.0239305914405601e-01 8.0239301439079802e-01 4.4753257988361383e-08 1.6047899710846214e+00 1.6047860287815960e+00 3.9423030253615821e-06
40 3.0859375000000000e-01 8.1638846885775707e-01 8.1638450213365676e-01 3.9667241003016329e-06 8.1638454766934443e-01 8.1638450213365676e-01 4.5535687664965963e-08 1.6327730165271015e+00 1.6327690042673135e+00 4.0122597879665989e-06
41 3.1640625000000000e-01 8.2988826364683932e-01 8.2988423037901271e-01 4.0332678266086219e-06 8.2988427666922471e-01 8.2988423037901271e-01 4.6290211996868891e-08 1.6597725403160641e+00 1.6597684607580254e+00 4.0795580387165131e-06
42 3.2421875000000000e-01 8.4288816458334426e-01 8.4288406739535870e-01 4.0971879855522531e-06 8.4288411441185662e-01 8.4288406739535870e-01 4.7016497917162781e-08 1.6857722789952008e+00 1.6857681347907174e+00 4.1442044833583935e-06
43 3.3203125000000000e-01 8.5538034105198912e-01 8.5537618256697090e-01 4.1584850182241340e-06 8.5537623028115695e-01 8.5537618256697090e-01 4.7714186046654561e-08 1.7107565713331461e+00 1.7107523651339418e+00 4.2061992042707885e-06
44 3.3984375000000000e-01 8.6735726826470405e-01 8.6735305111078032e-01 4.2171539237356725e-06 8.6735309949370187e-01 8.6735305111078032e-01 4.8382921558065561e-08 1.7347103677584059e+00 1.7347061022215606e+00 4.2655368452937381e-06
45 3.4765625000000000e-01 8.7881173179437511e-01 8.7880745860902021e-01 4.2731853548971799e-06 8.7880750763135906e-01 8.7880745860902021e-01 4.9022338854953773e-08 1.7576192394257342e+00 1.7576149172180404e+00 4.3222076937521337e-06
46 3.5546875000000000e-01 8.8973683192143438e-01 8.8973250535492143e-01 4.3265665129466058e-06 8.8973255498705084e-01 8.8973250535492143e-01 4.9632129406340653e-08 1.7794693869084852e+00 1.7794650107098429e+00 4.3761986423529464e-06
47 3.6328125000000000e-01 9.0012598779095399e-01 9.0012161050883810e-01 4.3772821158860609e-06 9.0012166072075739e-01 9.0012161050883810e-01 5.0211919289111506e-08 1.8002476485117114e+00 1.8002432210176762e+00 4.4274940351751724e-06
48 3.7109375000000000e-01 9.0997294137730322e-01 9.0996851606229923e-01 4.4253150039974543e-06 9.0996856682370031e-01 9.0996851606229923e-01 5.0761401082510815e-08 1.8199415082010035e+00 1.8199370321245985e+00 4.4760764050799651e-06
49 3.7890625000000000e-01 9.1927176125445698e-01 9.1926729060759871e-01 4.4706468582678127e-06 9.1926734188785530e-01 9.1926729060759871e-01 5.1280256596619722e-08 1.8385391031423124e+00 1.8385345812151974e+00 4.5219271149754547e-06
50 3.8671875000000000e-01 9.2801684616935576e-01 9.2801233291065433e-01 4.5132587014329317e-06 9.2801238467883840e-01 9.2801233291065433e-01 5.1768184072820134e-08 1.8560292308481943e+00 1.8560246658213087e+00 4.5650268856167742e-06
51 3.9453125000000000e-01 9.3620292841635055e-01 9.3619837528498062e-01 4.5531313699331832e-06 9.3619842750987714e-01 9.3619837528498062e-01 5.2224896518460184e-08 1.8724013559262276e+00 1.8723967505699612e+00 4.6053562663406211e-06
52 4.0234375000000000e-01 9.4382507701061613e-01 9.4382048676474728e-01 4.5902458688518166e-06 9.4382053941488198e-01 9.4382048676474728e-01 5.2650134696463624e-08 1.8876456164254982e+00 1.8876409735294946e+00 4.6428960036593026e-06
53 4.1015625000000000e-01 9.5087870065871516e-01 9.5087407607500807e-01 4.6245837070912899e-06 9.5087412911866420e-01 9.5087407607500807e-01 5.3043656134121875e-08 1.9017528297773794e+00 1.9017481521500161e+00 4.6776273632254117e-06
54 4.1796875000000000e-01 9.5735955052449373e-01 9.5735489439731303e-01 4.6561271807021853e-06 9.5735494780251806e-01 9.5735489439731303e-01 5.3405205036050063e-08 1.9147144983270117e+00 1.9147097887946261e+00 4.7095323856272131e-06
55 4.2578125000000000e-01 9.6326372278856465e-01 9.6325903792903833e-01 4.6848595263160320e-06 9.6325909166361778e-01 9.6325903792903833e-01 5.3734579452680009e-08 1.9265228144521824e+00 1.9265180758580767e+00 4.7385941057687120e-06
56 4.3359375000000000e-01 9.6858766100002613e-01 9.6858295023489061e-01 4.7107651355293712e-06 9.6858300426646893e-01 9.6858295023489061e-01 5.4031578322621954e-08 1.9371706652664951e+00 1.9371659004697812e+00 4.7647967138519931e-06
57 4.4140625000000000e-01 9.7332815821883967e-01 9.7332342438917052e-01 4.7338296691457060e-06 9.7332347868519886e-01 9.7332342438917052e-01 5.4296028340061753e-08 1.9466516369040385e+00 1.9466468487783410e+00 4.7881256974857678e-06
58 4.4921875000000000e-01 9.7748235894767854e-01 9.7747760490750568e-01 4.7540401728607407e-06 9.7747765943527831e-01 9.7747760490750568e-01 5.4527772630486027e-08 1.9549600183829567e+00 1.9549552098150114e+00 4.8085679453802044e-06
59 4.5703125000000000e-01 9.8104776085204715e-01 9.8104298946688617e-01 4.7713851609731961e-06 9.8104304419356625e-01 9.8104298946688617e-01 5.4726680076555567e-08 1.9620908050456134e+00 1.9620859789337723e+00 4.8261118410497517e-06
60 4.6484375000000000e-01 9.8402221626768438e-01 9.8401743041297207e-01 4.7858547123080797e-06 9.8401748530558275e-01 9.8401743041297207e-01 5.4892610679146969e-08 1.9680397015732671e+00 1.9680348608259441e+00 4.8407473229872267e-06
61 4.7265625000000000e-01 9.8640393349423150e-01 9.8639913605375873e-01 4.7974404727701980e-06 9.8639919107922602e-01 9.8639913605375873e-01 5.5025467293745578e-08 1.9728031245734576e+00 1.9727982721075175e+00 4.8524659401749659e-06
62 4.8046875000000000e-01 9.8819147787453154e-01 9.8818667173882613e-01 4.8061357054152154e-06 9.8818672686401055e-01 9.8818667173882613e-01 5.5125184417192941e-08 1.9763782047385421e+00 1.9763733434776523e+00 4.8612608898324083e-06
63 4.8828125000000000e-01 9.8938377265886157e-01 9.8937896072351772e-01 4.8119353438513812e-06 9.8937901591522037e-01 9.8937896072351772e-01 5.5191702652557240e-08 1.9787627885740819e+00 1.9787579214470354e+00 4.8671270465039385e-06
64 4.9609375000000000e-01 9.8998009965354905e-01 9.8997528481753150e-01 4.8148360175526150e-06 9.8997534004249732e-01 9.8997528481753150e-01 5.5224965822553429e-08 1.9799554396960464e+00 1.9799505696350630e+00 4.8700609833751685e-06
65 5.0390625000000000e-01 9.8998009965354883e-01 9.8997528481753150e-01 4.8148360173305704e-06 9.8997534004249732e-01 9.8997528481753150e-01 5.5224965822553429e-08 1.9799554396960461e+00 1.9799505696350630e+00 4.8700609831531239e-06
66 5.1171875000000000e-01 9.8938377265886157e-01 9.8937896072351772e-01 4.8119353438513812e-06 9.8937901591522037e-01 9.8937896072351772e-01 5.5191702652557240e-08 1.9787627885740819e+00 1.9787579214470354e+00 4.8671270465039385e-06
67 5.1953125000000000e-01 9.8819147787453143e-01 9.8818667173882613e-01 4.8061357053041931e-06 9.8818672686401055e-01 9.8818667173882613e-01 5.5125184417192941e-08 1.9763782047385421e+00 1.9763733434776523e+00 4.8612608898324083e-06
68 5.2734375000000000e-01 9.8640393349423205e-01 9.8639913605375873e-01 4.7974404733253095e-06 9.8639919107922602e-01 9.8639913605375873e-01 5.5025467293745578e-08 1.9728031245734581e+00 1.9727982721075175e+00 4.8524659406190551e-06
69 5.3515625000000000e-01 9.8402221626768438e-01 9.8401743041297207e-01 4.7858547123080797e-06 9.8401748530558275e-01 9.8401743041297207e-01 5.4892610679146969e-08 1.9680397015732671e+00 1.9680348608259441e+00 4.8407473229872267e-06
70 5.4296875000000000e-01 9.8104776085204715e-01 9.8104298946688617e-01 4.7713851609731961e-06 9.8104304419356625e-01 9.8104298946688617e-01 5.4726680076555567e-08 1.9620908050456134e+00 1.9620859789337723e+00 4.8261118410497517e-06
71 5.5078125000000000e-01 9.7748235894767832e-01 9.7747760490750568e-01 4.7540401726386960e-06 9.7747765943527831e-01 9.7747760490750568e-01 5.4527772630486027e-08 1.9549600183829567e+00 1.9549552098150114e+00 4.8085679453802044e-06
72 5.5859375000000000e-01 9.7332815821883967e-01 9.7332342438917052e-01 4.7338296691457060e-06 9.7332347868519886e-01 9.7332342438917052e-01 5.4296028340061753e-08 1.9466516369040385e+00 1.9466468487783410e+00 4.7881256974857678e-06
73 5.6640625000000000e-01 9.6858766100002647e-01 9.6858295023489061e-01 4.7107651358624381e-06 9.6858300426646893e-01 9.6858295023489061e-01 5.4031578322621954e-08 1.9371706652664953e+00 1.9371659004697812e+00 4.7647967140740377e-06
74 5.7421875000000000e-01 9.6326372278856498e-01 9.6325903792903844e-01 4.6848595265380766e-06 9.6325909166361778e-01 9.6325903792903844e-01 5.3734579341657707e-08 1.9265228144521829e+00 1.9265180758580769e+00 4.7385941059907566e-06
75 5.8203125000000000e-01 9.5735955052449251e-01 9.5735489439731303e-01 4.6561271794809400e-06 9.5735494780251806e-01 9.5735489439731303e-01 5.3405205036050063e-08 1.9147144983270106e+00 1.9147097887946261e+00 4.7095323845169901e-06
76 5.8984375000000000e-01 9.5087870065871383e-01 9.5087407607500818e-01 4.6245837056479999e-06 9.5087412911866420e-01 9.5087407607500818e-01 5.3043656023099572e-08 1.9017528297773780e+00 1.9017481521500164e+00 4.6776273616710995e-06
77 5.9765625000000000e-01 9.4382507701061524e-01 9.4382048676474739e-01 4.5902458678526159e-06 9.4382053941488198e-01 9.4382048676474739e-01 5.2650134585441322e-08 1.8876456164254973e+00 1.8876409735294948e+00 4.6428960025490795e-06
78 6.0546875000000000e-01 9.3620292841634833e-01 9.3619837528498073e-01 4.5531313676017149e-06 9.3619842750987947e-01 9.3619837528498073e-01 5.2224898738906234e-08 1.8724013559262278e+00 1.8723967505699615e+00 4.6053562663406211e-06
79 6.1328125000000000e-01 9.2801684616935576e-01 9.2801233291065433e-01 4.5132587014329317e-06 9.2801238467883840e-01 9.2801233291065433e-01 5.1768184072820134e-08 1.8560292308481943e+00 1.8560246658213087e+00 4.5650268856167742e-06
80 6.2109375000000000e-01 9.1927176125445675e-01 9.1926729060759882e-01 4.4706468579347458e-06 9.1926734188785530e-01 9.1926729060759882e-01 5.1280256485597420e-08 1.8385391031423119e+00 1.8385345812151976e+00 4.5219271143093209e-06
81 6.2890625000000000e-01 9.0997294137730289e-01 9.0996851606229923e-01 4.4253150036643873e-06 9.0996856682370031e-01 9.0996851606229923e-01 5.0761401082510815e-08 1.8199415082010031e+00 1.8199370321245985e+00 4.4760764046358759e-06
82 6.3671875000000000e-01 9.0012598779095310e-01 9.0012161050883832e-01 4.3772821147758378e-06 9.0012166072075739e-01 9.0012161050883832e-01 5.0211919067066901e-08 1.8002476485117105e+00 1.8002432210176766e+00 4.4274940338429047e-06
83 6.4453125000000000e-01 8.8973683192143405e-01 8.8973250535492154e-01 4.3265665125025166e-06 8.8973255498705084e-01 8.8973250535492154e-01 4.9632129295318350e-08 1.7794693869084850e+00 1.7794650107098431e+00 4.3761986419088572e-06
84 6.5234375000000000e-01 8.7881173179437522e-01 8.7880745860902021e-01 4.2731853550082022e-06 8.7880750763135906e-01 8.7880745860902021e-01 4.9022338854953773e-08 1.7576192394257344e+00 1.7576149172180404e+00 4.3222076939741783e-06
85 6.6015625000000000e-01 8.6735726826470450e-01 8.6735305111078032e-01 4.2171539241797618e-06 8.6735309949370187e-01 8.6735305111078032e-01 4.8382921558065561e-08 1.7347103677584064e+00 1.7347061022215606e+00 4.2655368457378273e-06
86 6.6796875000000000e-01 8.5538034105199034e-01 8.5537618256697101e-01 4.1584850193343570e-06 8.5537623028115695e-01 8.5537618256697101e-01 4.7714185935632258e-08 1.7107565713331474e+00 1.7107523651339420e+00 4.2061992053810116e-06
87 6.7578125000000000e-01 8.4288816458334526e-01 8.4288406739535870e-01 4.0971879865514538e-06 8.4288411441185662e-01 8.4288406739535870e-01 4.7016497917162781e-08 1.6857722789952019e+00 1.6857681347907174e+00 4.1442044844686166e-06
88 6.8359375000000000e-01 8.2988826364684021e-01 8.2988423037901293e-01 4.0332678272747557e-06 8.2988427666922471e-01 8.2988423037901293e-01 4.6290211774824286e-08 1.6597725403160650e+00 1.6597684607580259e+00 4.0795580391606023e-06
89 6.9140625000000000e-01 8.1638846885775762e-01 8.1638450213365665e-01 3.9667241009677667e-06 8.1638454766934443e-01 8.1638450213365665e-01 4.5535687775988265e-08 1.6327730165271022e+00 1.6327690042673133e+00 4.0122597888547773e-06
90 6.9921875000000000e-01 8.0239691194056595e-01 8.0239301439079802e-01 3.8975497679283322e-06 8.0239305914405601e-01 8.0239301439079802e-01 4.4753257988361383e-08 1.6047899710846218e+00 1.6047860287815960e+00 3.9423030258056713e-06
91 7.0703125000000000e-01 7.8792202082933693e-01 7.8791819509947769e-01 3.8257298592414557e-06 7.8791823904273883e-01 7.8791819509947769e-01 4.3943261140988454e-08 1.5758402598720758e+00 1.5758363901989554e+00 3.8696731203824442e-06
92 7.1484375000000000e-01 7.7297251458970806e-01 7.7296876334958853e-01 3.7512401195316514e-06 7.7296880645559563e-01 7.7296876334958853e-01 4.3106007097115651e-08 1.5459413210453037e+00 1.5459375266991771e+00 3.7943461266287670e-06
93 7.2265625000000000e-01 7.5755739816536694e-01 7.5755372411982114e-01 3.6740455457984211e-06 7.5755376636160632e-01 7.5755372411982114e-01 4.2241785180863189e-08 1.5151111645269733e+00 1.5151074482396423e+00 3.7162873309792843e-06
94 7.3046875000000000e-01 7.4168595695231210e-01 7.4168236285340206e-01 3.5940989100424758e-06 7.4168240420424880e-01 7.4168236285340206e-01 4.1350846746723846e-08 1.4833683611565609e+00 1.4833647257068041e+00 3.6354497567891997e-06
95 7.3828125000000000e-01 7.2536775120419072e-01 7.2536423986489018e-01 3.5113393005437032e-06 7.2536428029826283e-01 7.2536423986489018e-01 4.0433372650028332e-08 1.4507320315024534e+00 1.4507284797297804e+00 3.5517726730827093e-06
96 7.4609375000000000e-01 7.0861261027203171e-01 7.0860918458139954e-01 3.4256906321639136e-06 7.0860922407092930e-01 7.0860918458139954e-01 3.9489529757297248e-08 1.4172218343429610e+00 1.4172183691627991e+00 3.4651801619212108e-06
97 7.5390625000000000e-01 6.9143062668217281e-01 6.9142728962172118e-01 3.3370604516358426e-06 6.9142732814106445e-01 6.9142728962172118e-01 3.8519343270593254e-08 1.3828579548232374e+00 1.3828545792434424e+00 3.3755797950174582e-06
98 7.6171875000000000e-01 6.7383215005562302e-01 6.7382890471690637e-01 3.2453387166508918e-06 6.7382894223969181e-01 6.7382890471690637e-01 3.7522785434340733e-08 1.3476610922953149e+00 1.3476578094338127e+00 3.2828615021962548e-06
99 7.6953125000000000e-01 6.5582778087297267e-01 6.5582463047597572e-01 3.1503969969426393e-06 6.5582466697567676e-01 6.5582463047597572e-01 3.6499701039360843e-08 1.3116524478486493e+00 1.3116492609519514e+00 3.1868966978709778e-06
100 7.7734375000000000e-01 6.3742836408848425e-01 6.3742531200050834e-01 3.0520879759077246e-06 6.3742534745029933e-01 6.3742531200050834e-01 3.5449790991570751e-08 1.2748537115387837e+00 1.2748506240010167e+00 3.0875377670103177e-06
101 7.8515625000000000e-01 6.1864498259732636e-01 6.1864203235195991e-01 2.9502453664509432e-06 6.1864206672457600e-01 6.1864203235195991e-01 3.4372616086741914e-08 1.2372870493219024e+00 1.2372840647039198e+00 2.9846179825376851e-06
102 7.9296875000000000e-01 5.9948895056010021e-01 5.9948610587563822e-01 2.8446844619889333e-06 5.9948613914314453e-01 5.9948610587563822e-01 3.3267506305278971e-08 1.1989750897032447e+00 1.1989722117512764e+00 2.8779519682942123e-06
103 8.0078125000000000e-01 5.7997180658852088e-01 5.7996907138536624e-01 2.7352031546357125e-06 5.7996910351898256e-01 5.7996907138536624e-01 3.2133616323370973e-08 1.1599409101075033e+00 1.1599381427707325e+00 2.7673367708480612e-06
104 8.0859375000000000e-01 5.6010530679674664e-01 5.6010268521293238e-01 2.6215838142551462e-06 5.6010271618275553e-01 5.6010268521293238e-01 3.0969823150428510e-08 1.1202080229795022e+00 1.1202053704258648e+00 2.6525536374055747e-06
105 8.1640625000000000e-01 5.3990141772234501e-01 5.3989891412651403e-01 2.5035958309826967e-06 5.3989894390124693e-01 5.3989891412651403e-01 2.9774732901444168e-08 1.0798003616235921e+00 1.0797978282530281e+00 2.5333705639951631e-06
106 8.2421875000000000e-01 5.1937230912138732e-01 5.1936992812234706e-01 2.3809990402634540e-06 5.1936995666895969e-01 5.1936992812234706e-01 2.8546612629298806e-08 1.0387422657903471e+00 1.0387398562446941e+00 2.4095456530037751e-06
107 8.3203125000000000e-01 4.9853034664190743e-01 4.9852809309397161e-01 2.2535479358154475e-06 4.9852812037736127e-01 4.9852809309397161e-01 2.7283389658627755e-08 9.9705846701926870e-01 9.9705618618794323e-01 2.2808313254740753e-06
108 8.3984375000000000e-01 4.7738808438024088e-01 4.7738596338348238e-01 2.1209967585034128e-06 4.7738598936608057e-01 4.7738596338348238e-01 2.5982598184093320e-08 9.5477407374632151e-01 9.5477192676696476e-01 2.1469793567430173e-06
109 8.4765625000000000e-01 4.5595825732464745e-01 4.5595627421926194e-01 1.9831053855168257e-06 4.5595629886059413e-01 4.5595627421926194e-01 2.4641332196928545e-08 9.1191455618524153e-01 9.1191254843852387e-01 2.0077467176582431e-06
110 8.5546875000000000e-01 4.3425377369068463e-01 4.3425193404475465e-01 1.8396459299796497e-06 4.3425195730096594e-01 4.3425193404475465e-01 2.3256211290068052e-08 8.6850573099165063e-01 8.6850386808950930e-01 1.8629021413252289e-06
111 8.6328125000000000e-01 4.1228770715282193e-01 4.1228601674290488e-01 1.6904099170433895e-06 4.1228603856627688e-01 4.1228601674290488e-01 2.1823371998408447e-08 8.2457374571909881e-01 8.2457203348580976e-01 1.7122332890417979e-06
112 8.7109375000000000e-01 3.9007328897692162e-01 3.9007175376093628e-01 1.5352159853376790e-06 3.9007177409933858e-01 3.9007175376093628e-01 2.0338402295649871e-08 7.8014506307626019e-01 7.8014350752187256e-01 1.5555543876333289e-06
113 8.7890625000000000e-01 3.6762390005803652e-01 3.6762252614022456e-01 1.3739178119642759e-06 3.6762254493653146e-01 3.6762252614022456e-01 1.8796306899826476e-08 7.3524644499456793e-01 7.3524505228044912e-01 1.3927141188085912e-06
114 8.8671875000000000e-01 3.4495306286807897e-01 3.4495185645605747e-01 1.2064120215038443e-06 3.4495187364758689e-01 3.4495185645605747e-01 1.7191529422255769e-08 6.8990493651566587e-01 6.8990371291211494e-01 1.2236035509261001e-06
115 8.9453125000000000e-01 3.2207443331812696e-01 3.2207340067214202e-01 1.0326459849441250e-06 3.2207341619002489e-01 3.2207340067214202e-01 1.5517882867577271e-08 6.4414784950815185e-01 6.4414680134428404e-01 1.0481638678117022e-06
116 9.0234375000000000e-01 2.9900179253981379e-01 2.9900093991476140e-01 8.5262505239436237e-07 2.9900095368331331e-01 2.9900093991476140e-01 1.3768551909709714e-08 5.9800274622312710e-01 5.9800187982952280e-01 8.6639360430407208e-07
117 9.1015625000000000e-01 2.7574903859057887e-01 2.7574837217154186e-01 6.6641903700981331e-07 2.7574838410763103e-01 2.7574837217154186e-01 1.1936089172603914e-08 5.5149742269820989e-01 5.5149674434308371e-01 6.7835512618241722e-07
118 9.1796875000000000e-01 2.5233017808747871e-01 2.5232970391982185e-01 4.7416765686092432e-07 2.5232971393224252e-01 2.5232970391982185e-01 1.0012420670335587e-08 5.0465989201972117e-01 5.0465940783964369e-01 4.8418007747574876e-07
119 9.2578125000000000e-01 2.2875931777435055e-01 2.2875904168967592e-01 2.7608467462192365e-07 2.2875904967851921e-01 2.2875904168967592e-01 7.9888432813479682e-09 4.5751836745286978e-01 4.5751808337935185e-01 2.8407351793102720e-07
120 9.3359375000000000e-01 2.0505065602715586e-01 2.0505058356666767e-01 7.2460488192982453e-08 2.0505058942271695e-01 2.0505058356666767e-01 5.8560492843806600e-09 4.1010124544987281e-01 4.1010116713333533e-01 7.8316537477363113e-08
121 9.4140625000000000e-01 1.8121847430244506e-01 1.8121861063945360e-01 -1.3633700854387421e-07 1.8121861424360602e-01 1.8121861063945360e-01 3.6041524209551312e-09 3.6243708854605106e-01 3.6243722127890721e-01 -1.3273285615067465e-07
122 9.4921875000000000e-01 1.5727712853394835e-01 1.5727747839739106e-01 -3.4986344271681347e-07 1.5727747962012031e-01 1.5727747839739106e-01 1.2227292511823862e-09 3.1455460815406866e-01 3.1455495679478213e-01 -3.4864071346563108e-07
123 9.5703125000000000e-01 1.3324104048241303e-01 1.3324160808332564e-01 -5.6760091260432688e-07 1.3324160678418392e-01 1.3324160808332564e-01 -1.2991417108754177e-09 2.6648264726659698e-01 2.6648321616665127e-01 -5.6890005428744672e-07
124 9.6484375000000000e-01 1.0912468904385061e-01 1.0912547800677544e-01 -7.8896292482477648e-07 1.0912547403396565e-01 1.0912547800677544e-01 -3.9728097894764502e-09 2.1825016307781625e-01 2.1825095601355088e-01 -7.9293573462813072e-07
125 9.7265625000000000e-01 8.4942601521468528e-02 8.4943614822738420e-02 -1.0133012698920751e-06 8.4943608012814503e-02 8.4943614822738420e-02 -6.8099239164398639e-09 1.6988620953428302e-01 1.6988722964547684e-01 -1.0201111938223928e-06
126 9.8046875000000000e-01 6.0709344865032690e-02 6.0710584781378092e-02 -1.2399163454024364e-06 6.0710574960771750e-02 6.0710584781378092e-02 -9.8206063420258616e-09 1.2141991982580444e-01 1.2142116956275618e-01 -1.2497369517444623e-06
127 9.8828125000000000e-01 3.6439516849147369e-02 3.6440984953860875e-02 -1.4681047135062242e-06 3.6440971977923745e-02 3.6440984953860875e-02 -1.2975937130343951e-08 7.2880488827071113e-02 7.2881969907721750e-02 -1.4810806506365681e-06
128 9.9609375000000000e-01 1.2147736460795491e-02 1.2149434439623644e-02 -1.6979788281523689e-06 1.2149419040091933e-02 1.2149434439623644e-02 -1.5399531710577619e-08 2.4297155500887423e-02 2.4298868879247287e-02 -1.7133783598646812e-06
