# P x_center tau_Psi tau_V
1 7.8125000000000000e-03 -1.0107509694989858e-05 -1.6731706011796632e-06
2 2.3437500000000000e-02 -1.0083332938393141e-05 -1.6692263500317495e-06
3 3.9062500000000000e-02 -1.0035037576017203e-05 -1.6613472837434529e-06
4 5.4687500000000000e-02 -9.9627401937141258e-06 -1.6495525017035106e-06
5 7.0312500000000000e-02 -9.8666146186587866e-06 -1.6338703403562249e-06
6 8.5937500000000000e-02 -9.7468927151567186e-06 -1.6143385721534287e-06
7 1.0156250000000000e-01 -9.6038627361849649e-06 -1.5910042634459387e-06
8 1.1718750000000000e-01 -9.4378692665486597e-06 -1.5639236039532989e-06
9 1.3281250000000000e-01 -9.2493123702297453e-06 -1.5331619636071991e-06
10 1.4843750000000000e-01 -9.0386460556146631e-06 -1.4987932672738680e-06
11 1.6406250000000000e-01 -8.8063778775904211e-06 -1.4609004210797139e-06
12 1.7968750000000000e-01 -8.5530676301459607e-06 -1.4195746871337178e-06
13 1.9531250000000000e-01 -8.2793251863222395e-06 -1.3749156266840146e-06
14 2.1093750000000000e-01 -7.9858104413688125e-06 -1.3270308159007982e-06
15 2.2656250000000000e-01 -7.6732301863557950e-06 -1.2760356185026467e-06
16 2.4218750000000000e-01 -7.3423375965830928e-06 -1.2220528446960088e-06
17 2.5781250000000000e-01 -6.9939297304699721e-06 -1.1652126659100759e-06
18 2.7343750000000000e-01 -6.6288460516261694e-06 -1.1056519326757552e-06
19 2.8906250000000000e-01 -6.2479658140546235e-06 -1.0435140609388327e-06
20 3.0468750000000000e-01 -5.8522069252830988e-06 -9.7894888995142537e-07
21 3.2031250000000000e-01 -5.4425225357590534e-06 -9.1211185804240813e-07
22 3.3593750000000000e-01 -5.0198997882944241e-06 -8.4316403103912307e-07
23 3.5156250000000000e-01 -4.5853568053644267e-06 -7.7227150541148148e-07
24 3.6718750000000000e-01 -4.1399403585273831e-06 -6.9960503878974123e-07
25 3.8281250000000000e-01 -3.6847235946879664e-06 -6.2533976574741246e-07
26 3.9843750000000000e-01 -3.2208030233960017e-06 -5.4965451568023127e-07
27 4.1406250000000000e-01 -2.7492964704833867e-06 -4.7273158543248428e-07
28 4.2968750000000000e-01 -2.2713394969287037e-06 -3.9475642665820487e-07
29 4.4531250000000000e-01 -1.7880838640849106e-06 -3.1591679316989030e-07
30 4.6093750000000000e-01 -1.3006938388571143e-06 -2.3640262725166394e-07
31 4.7656250000000000e-01 -8.1034326626650000e-07 -1.5640550543594145e-07
32 4.9218750000000000e-01 -3.1821366519579897e-07 -7.6118126912660955e-08
33 5.0781250000000000e-01 1.7450952327635605e-07 4.2660701637942111e-09
34 5.2343750000000000e-01 6.6663915276876651e-07 8.4553448687074706e-08
35 5.3906250000000000e-01 1.1569896685159620e-06 1.6455057050279720e-07
36 5.5468750000000000e-01 1.6443798358523054e-06 2.4406472221016884e-07
37 5.7031250000000000e-01 2.1276354118526797e-06 3.2290436990933813e-07
38 5.8593750000000000e-01 2.6055923001422343e-06 4.0087957131618168e-07
39 6.0156250000000000e-01 3.0770989667416870e-06 4.7780244472050981e-07
40 6.1718750000000000e-01 3.5410194527685235e-06 5.5348769478769100e-07
41 6.3281250000000000e-01 3.9962363302947779e-06 6.2775301046258392e-07
42 6.4843750000000000e-01 4.4416527060775479e-06 7.0041945576804210e-07
43 6.6406250000000000e-01 4.8761957458509642e-06 7.7131200271196576e-07
44 6.7968750000000000e-01 5.2988185075264482e-06 8.4025982971525082e-07
45 6.9531250000000000e-01 5.7085027691528012e-06 9.0709684030798599e-07
46 7.1093750000000000e-01 6.1042617431894541e-06 9.7166204682253010e-07
47 7.2656250000000000e-01 6.4851418670741623e-06 1.0337998617160338e-06
48 7.4218750000000000e-01 6.8502256311830934e-06 1.0933606233720639e-06
49 7.5781250000000000e-01 7.1986335115070688e-06 1.1502008376851336e-06
50 7.7343750000000000e-01 7.5295261297014804e-06 1.2041835582010663e-06
51 7.8906250000000000e-01 7.8421063847144978e-06 1.2551787555992178e-06
52 8.0468750000000000e-01 8.1356212149330531e-06 1.3030635699351478e-06
53 8.2031250000000000e-01 8.4093635095427999e-06 1.3477226303848511e-06
54 8.3593750000000000e-01 8.6626738351469612e-06 1.3890483714362745e-06
55 8.5156250000000000e-01 8.8949419101425065e-06 1.4269412176304286e-06
56 8.6718750000000000e-01 9.1056081927831656e-06 1.4613098908711208e-06
57 8.8281250000000000e-01 9.2941651832489924e-06 1.4920715907251747e-06
58 8.9843750000000000e-01 9.4601586049236630e-06 1.5191522120261425e-06
59 9.1406250000000000e-01 9.6031885821190599e-06 1.5424865127400267e-06
60 9.2968750000000000e-01 9.7229105406881899e-06 1.5620182800546445e-06
61 9.4531250000000000e-01 9.8190360526828613e-06 1.5777004584993648e-06
62 9.6093750000000000e-01 9.8913335546679804e-06 1.5894952702932841e-06
63 9.7656250000000000e-01 9.9396288667508159e-06 1.5973742993335982e-06
64 9.9218750000000000e-01 9.9638056440844169e-06 1.6013185647721639e-06
