# P x psi_num psi_exact psi_err v_num v_exact v_err
1 3.1250000000000000e-02 8.5494973376958260e+128 7.3398744228196477e-01 8.5494973376958260e+128 -1.6002529507932753e+129 3.6699372114098239e-01 -1.6002529507932753e+129
2 9.3750000000000000e-02 -2.5319788522377866e+129 7.1991811711501974e-01 -2.5319788522377866e+129 4.7392337477157303e+129 3.5995905855750987e-01 4.7392337477157303e+129
3 1.5625000000000000e-01 4.1116624129757148e+129 6.9232014305712697e-01 4.1116624129757148e+129 -7.6960079114723467e+129 3.4616007152856348e-01 -7.6960079114723467e+129
4 2.1875000000000000e-01 -5.5332726935050879e+129 6.5225409477420926e-01 -5.5332726935050879e+129 1.0356908273482243e+130 3.2612704738710463e-01 1.0356908273482243e+130
5 2.8125000000000000e-01 6.7421664431050404e+129 6.0125968803248020e-01 6.7421664431050404e+129 -1.2619656279604644e+130 3.0062984401624010e-01 -1.2619656279604644e+130
6 3.4375000000000000e-01 -7.6918865529420275e+129 5.4129660928503187e-01 -7.6918865529420275e+129 1.4397295792943256e+130 2.7064830464251594e-01 1.4397295792943256e+130
7 4.0625000000000000e-01 8.3459473767061262e+129 4.7466920602044643e-01 8.3459473767061262e+129 -1.5621534769416430e+130 2.3733460301022322e-01 -1.5621534769416430e+130
8 4.6875000000000000e-01 -8.6792350928837352e+129 4.0393793198110406e-01 -8.6792350928837352e+129 1.6245366387376914e+130 2.0196896599055203e-01 1.6245366387376914e+130
9 5.3125000000000000e-01 8.6789695615742070e+129 3.3182095036178072e-01 8.6789695615742070e+129 -1.6244869404426065e+130 1.6591047518089036e-01 -1.6244869404426065e+130
10 5.9375000000000000e-01 -8.3451912075123705e+129 2.6108967632243829e-01 -8.3451912075123705e+129 1.5620119481712960e+130 1.3054483816121915e-01 1.5620119481712960e+130
11 6.5625000000000000e-01 7.6907548657691103e+129 1.9446227305785282e-01 7.6907548657691103e+129 -1.4395177665210386e+130 9.7231136528926412e-02 -1.4395177665210386e+130
12 7.1875000000000000e-01 -6.7408315270662426e+129 1.3449919431040447e-01 -6.7408315270662426e+129 1.2617157777588841e+130 6.7249597155202234e-02 1.2617157777588841e+130
13 7.8125000000000000e-01 5.5319377774662704e+129 8.3504787568675368e-02 5.5319377774662704e+129 -1.0354409771466379e+130 4.1752393784337684e-02 -1.0354409771466379e+130
14 8.4375000000000000e-01 -4.1105307258027373e+129 4.3438739285757651e-02 -4.1105307258027373e+129 7.6938897837393787e+129 2.1719369642878825e-02 7.6938897837393787e+129
15 9.0625000000000000e-01 2.5312226830439936e+129 1.5840765227864942e-02 2.5312226830439936e+129 -4.7378184600121716e+129 7.9203826139324709e-03 -4.7378184600121716e+129
16 9.6875000000000000e-01 -8.5468420246004150e+128 1.7714400609199861e-03 -8.5468420246004150e+128 1.5997559678423869e+129 8.8572003045999303e-04 1.5997559678423869e+129
