# P x_center tau_Psi tau_V
1 1.9531250000000000e-03 -1.5798559616087005e-07 -2.6152292775805108e-08
2 5.8593750000000000e-03 -1.5796217667229939e-07 -2.6148427423322573e-08
3 9.7656250000000000e-03 -1.5791511032148264e-07 -2.6140810405195225e-08
4 1.3671875000000000e-02 -1.5784416973474436e-07 -2.6129328034585342e-08
5 1.7578125000000000e-02 -1.5774980965943541e-07 -2.6113866624655202e-08
6 2.1484375000000000e-02 -1.5763157534820493e-07 -2.6094767235917971e-08
7 2.5390625000000000e-02 -1.5748992154840380e-07 -2.6071688807860482e-08
8 2.9296875000000000e-02 -1.5732462088635657e-07 -2.6044745027320459e-08
9 3.3203125000000000e-02 -1.5713590073573869e-07 -2.6013935894297902e-08
10 3.7109375000000000e-02 -1.5692376109655015e-07 -2.5979147721955087e-08
11 4.1015625000000000e-02 -1.5668865671614185e-07 -2.5940607883967459e-08
12 4.4921875000000000e-02 -1.5642922335246112e-07 -2.5898430067172740e-08
13 4.8828125000000000e-02 -1.5614727999491151e-07 -2.5852500584733207e-08
14 5.2734375000000000e-02 -1.5584055290673859e-07 -2.5802478376135696e-08
15 5.6640625000000000e-02 -1.5551222531939857e-07 -2.5748818188731093e-08
16 6.0546875000000000e-02 -1.5515911400143523e-07 -2.5691292648843955e-08
17 6.4453125000000000e-02 -1.5478417481062934e-07 -2.5629901756474283e-08
18 6.8359375000000000e-02 -1.5438558875757735e-07 -2.5565100258972961e-08
19 7.2265625000000000e-02 -1.5396358321595471e-07 -2.5496092348475941e-08
20 7.6171875000000000e-02 -1.5351838555943687e-07 -2.5423673832847271e-08
21 8.0078125000000000e-02 -1.5305045053537469e-07 -2.5347162591060624e-08
22 8.3984375000000000e-02 -1.5256046026479453e-07 -2.5267354430980049e-08
23 8.7890625000000000e-02 -1.5204682313196827e-07 -2.5183567231579218e-08
24 9.1796875000000000e-02 -1.5151067600527313e-07 -2.5095914679695852e-08
25 9.5703125000000000e-02 -1.5095179151103366e-07 -2.5004965209518559e-08
26 9.9609375000000000e-02 -1.5036994227557443e-07 -2.4909923013183288e-08
27 1.0351562500000000e-01 -1.4976671991462354e-07 -2.4811583898554090e-08
28 1.0742187500000000e-01 -1.4914030543877743e-07 -2.4709265744604636e-08
29 1.1132812500000000e-01 -1.4849138096906245e-07 -2.4603423298685811e-08
30 1.1523437500000000e-01 -1.4782108337385580e-07 -2.4494056560797617e-08
31 1.1914062500000000e-01 -1.4712827578478027e-07 -2.4381051844102331e-08
32 1.2304687500000000e-01 -1.4641364032286219e-07 -2.4264522835437674e-08
33 1.2695312500000000e-01 -1.4567694961442612e-07 -2.4144242161128204e-08
34 1.3085937500000000e-01 -1.4491843103314750e-07 -2.4020550881687086e-08
35 1.3476562500000000e-01 -1.4413831195270177e-07 -2.3893335310276598e-08
36 1.3867187500000000e-01 -1.4333636499941349e-07 -2.3762368073221296e-08
37 1.4257812500000000e-01 -1.4251349966798443e-07 -2.3628331291547511e-08
38 1.4648437500000000e-01 -1.4166926121106371e-07 -2.3490429157391191e-08
39 1.5039062500000000e-01 -1.4080364962865133e-07 -2.3349343791778665e-08
40 1.5429687500000000e-01 -1.3991734704177361e-07 -2.3204506760521326e-08
41 1.5820312500000000e-01 -1.3900967132940423e-07 -2.3056600184645504e-08
42 1.6210937500000000e-01 -1.3808153198624495e-07 -2.2905283003638033e-08
43 1.6601562500000000e-01 -1.3713270163862035e-07 -2.2750441530661192e-08
44 1.6992187500000000e-01 -1.3616318028653041e-07 -2.2592189452552702e-08
45 1.7382812500000000e-01 -1.3517365005100146e-07 -2.2430867829825729e-08
46 1.7773437500000000e-01 -1.3416388355835807e-07 -2.2266021915129386e-08
47 1.8164062500000000e-01 -1.3313365343492478e-07 -2.2097879082139116e-08
48 1.8554687500000000e-01 -1.3208432392275427e-07 -2.1926780391368084e-08
49 1.8945312500000000e-01 -1.3101498552714474e-07 -2.1752271095465403e-08
50 1.9335937500000000e-01 -1.2992541087442078e-07 -2.1574464881268796e-08
51 1.9726562500000000e-01 -1.2881719158031046e-07 -2.1393702809291426e-08
52 2.0117187500000000e-01 -1.2769010027113836e-07 -2.1209871192695573e-08
53 2.0507812500000000e-01 -1.2654300007852726e-07 -2.1022742657805793e-08
54 2.0898437500000000e-01 -1.2537725524452981e-07 -2.0832430891459808e-08
55 2.1289062500000000e-01 -1.2419332051649690e-07 -2.0639504327846225e-08
56 2.1679687500000000e-01 -1.2298983165237587e-07 -2.0443053472263273e-08
57 2.2070312500000000e-01 -1.2176883501524571e-07 -2.0243874132575002e-08
58 2.2460937500000000e-01 -1.2052964848408010e-07 -2.0041738935105968e-08
59 2.2851562500000000e-01 -1.1927181731152814e-07 -1.9836534193018451e-08
60 2.3242187500000000e-01 -1.1799693311331794e-07 -1.9628487279987894e-08
61 2.3632812500000000e-01 -1.1670454114209861e-07 -1.9417598196014296e-08
62 2.4023437500000000e-01 -1.1539373190316837e-07 -1.9203753254259937e-08
63 2.4414062500000000e-01 -1.1406632438593078e-07 -1.8987293515237980e-08
64 2.4804687500000000e-01 -1.1272254596406128e-07 -1.8767991605272982e-08
65 2.5195312500000000e-01 -1.1136103239550721e-07 -1.8545961211202666e-08
66 2.5585937500000000e-01 -1.0998360266967211e-07 -1.8321202333027031e-08
67 2.5976562500000000e-01 -1.0858911991817877e-07 -1.8093828657583799e-08
68 2.6367187500000000e-01 -1.0717872100940440e-07 -1.7863612811197527e-08
69 2.6757812500000000e-01 -1.0575240594334900e-07 -1.7630895854381379e-08
70 2.7148437500000000e-01 -1.0431062946736347e-07 -1.7395677787135355e-08
71 2.7539062500000000e-01 -1.0285293683409691e-07 -1.7157844922621734e-08
72 2.7929687500000000e-01 -1.0137955541722476e-07 -1.6917510947678238e-08
73 2.8320312500000000e-01 -9.9891849458799697e-08 -1.6674903235980310e-08
74 2.8710937500000000e-01 -9.8388454716769047e-08 -1.6429567040177062e-08
75 2.9101562500000000e-01 -9.6870508059510030e-08 -1.6181843420781661e-08
76 2.9492187500000000e-01 -9.5338464234373532e-08 -1.5931846064631827e-08
77 2.9882812500000000e-01 -9.3792323241359554e-08 -1.5679688658565283e-08
78 3.0273437500000000e-01 -9.2232312454143539e-08 -1.5425257515744306e-08
79 3.0664062500000000e-01 -9.0658886620076373e-08 -1.5168552636168897e-08
80 3.1054687500000000e-01 -8.9071590991807170e-08 -1.4909574019839056e-08
81 3.1445312500000000e-01 -8.7470880316686817e-08 -1.4648549040430225e-08
82 3.1835937500000000e-01 -8.5857664089417085e-08 -1.4385250324266963e-08
83 3.2226562500000000e-01 -8.4230350694269873e-08 -1.4119791558186989e-08
84 3.2617187500000000e-01 -8.2591895989025943e-08 -1.3852513802703470e-08
85 3.3007812500000000e-01 -8.0940708357957192e-08 -1.3582962310465518e-08
86 3.3398437500000000e-01 -7.9277469922089949e-08 -1.3311819202499464e-08
87 3.3789062500000000e-01 -7.7602635428775102e-08 -1.3038402357778978e-08
88 3.4179687500000000e-01 -7.5916432251688093e-08 -1.2763393897330388e-08
89 3.4570312500000000e-01 -7.4218633017153479e-08 -1.2486452760640532e-08
90 3.4960937500000000e-01 -7.2509465098846704e-08 -1.2207578947709408e-08
91 3.5351562500000000e-01 -7.0790520112495869e-08 -1.1927113519050181e-08
92 3.5742187500000000e-01 -6.9060206442372873e-08 -1.1644829100987408e-08
93 3.6132812500000000e-01 -6.7319888330530375e-08 -1.1360953067196533e-08
94 3.6523437500000000e-01 -6.5569565776968375e-08 -1.1075371730839834e-08
95 3.6914062500000000e-01 -6.3810148276388645e-08 -1.0788426152430475e-08
96 3.7304687500000000e-01 -6.2040726334089413e-08 -1.0499661584617570e-08
97 3.7695312500000000e-01 -6.0262209444772452e-08 -1.0209419087914284e-08
98 3.8085937500000000e-01 -5.8474824982113205e-08 -9.9179260359960608e-09
99 3.8476562500000000e-01 -5.6679027693462558e-08 -9.6249550551874563e-09
100 3.8867187500000000e-01 -5.4874362831469625e-08 -9.3306198323261924e-09
101 3.9257812500000000e-01 -5.3062422011862509e-08 -9.0349203674122691e-09
102 3.9648437500000000e-01 -5.1241613618913107e-08 -8.7379703472834080e-09
103 4.0039062500000000e-01 -4.9413756642024964e-08 -8.4395423982641660e-09
104 4.0429687500000000e-01 -4.7578623707522638e-08 -8.1403186413808726e-09
105 4.0820312500000000e-01 -4.5736442189081572e-08 -7.8398443292826414e-09
106 4.1210937500000000e-01 -4.3887666834052652e-08 -7.5382331488071941e-09
107 4.1601562500000000e-01 -4.2032297642435879e-08 -7.2353714131168090e-09
108 4.1992187500000000e-01 -4.0171244108933024e-08 -6.9318275564000942e-09
109 4.2382812500000000e-01 -3.8303824112517759e-08 -6.6271468313061632e-09
110 4.2773437500000000e-01 -3.6430719774216413e-08 -6.3215566115104593e-09
111 4.3164062500000000e-01 -3.4552385841379873e-08 -6.0151705838507041e-09
112 4.3554687500000000e-01 -3.2669049687683582e-08 -5.7078750614891760e-09
113 4.3945312500000000e-01 -3.0780711313127540e-08 -5.3996700444258749e-09
114 4.4335937500000000e-01 -2.8888507586088963e-08 -5.0912376536871307e-09
115 4.4726562500000000e-01 -2.6991756385541521e-08 -4.7816683945711702e-09
116 4.5117187500000000e-01 -2.5091367206186987e-08 -4.4716443881043233e-09
117 4.5507812500000000e-01 -2.3187340048025362e-08 -4.1609382606111467e-09
118 4.5898437500000000e-01 -2.1279902284732088e-08 -3.8497773857670836e-09
119 4.6289062500000000e-01 -1.9369053916307166e-08 -3.5380480767344125e-09
120 4.6679687500000000e-01 -1.7455818124290090e-08 -3.2259777071885765e-09
121 4.7070312500000000e-01 -1.5540194908680860e-08 -2.9134525902918540e-09
122 4.7460937500000000e-01 -1.3622184269479476e-08 -2.6005295694631059e-09
123 4.7851562500000000e-01 -1.1702354640874546e-08 -2.2873791749589145e-09
124 4.8242187500000000e-01 -9.7810470833792351e-09 -1.9738877199415583e-09
125 4.8632812500000000e-01 -7.8579205364803784e-09 -1.6601688912487589e-09
126 4.9023437500000000e-01 -5.9345666159060784e-09 -1.3463932191370986e-09
127 4.9414062500000000e-01 -4.0100758269545622e-09 -1.0323333299311344e-09
128 4.9804687500000000e-01 -2.0850166038144380e-09 -7.1844397098175250e-10
129 5.0195312500000000e-01 -1.6018475434975699e-10 -4.0432723835692741e-10
130 5.0585937500000000e-01 1.7647607819526456e-09 -9.0267349150963128e-11
131 5.0976562500000000e-01 3.6892515709041618e-09 2.2367885321727954e-10
132 5.1367187500000000e-01 5.6129465519916266e-09 5.3756821216666140e-10
133 5.1757812500000000e-01 7.5356183515395969e-09 8.5117335402173921e-10
134 5.2148437500000000e-01 9.4571532827103510e-09 1.1646648090390954e-09
135 5.2539062500000000e-01 1.1376869224477559e-08 1.4778152035432868e-09
136 5.2929687500000000e-01 1.3294766176841222e-08 1.7907382243720349e-09
137 5.3320312500000000e-01 1.5210503079288173e-08 2.1032633412687574e-09
138 5.3710937500000000e-01 1.7123852558142971e-08 2.4155042410711758e-09
139 5.4101562500000000e-01 1.9034359866054729e-08 2.7271198632661253e-09
140 5.4492187500000000e-01 2.0941797629348002e-08 3.0382238946913276e-09
141 5.4882812500000000e-01 2.2845824787509628e-08 3.3489300221845042e-09
142 5.5273437500000000e-01 2.4746668714215048e-08 3.6590677154890727e-09
143 5.5664062500000000e-01 2.6643306227924768e-08 3.9685232877673116e-09
144 5.6054687500000000e-01 2.8535964702314232e-08 4.2771830521814991e-09
145 5.6445312500000000e-01 3.0423848329519387e-08 4.5852175389882177e-09
146 5.6835937500000000e-01 3.2307070796377957e-08 4.8924562179308850e-09
147 5.7226562500000000e-01 3.4185404729214497e-08 5.1988990890095010e-09
148 5.7617187500000000e-01 3.6058281693840399e-08 5.5044324653863441e-09
149 5.8007812500000000e-01 3.7925588003417943e-08 5.8090563470614143e-09
150 5.8398437500000000e-01 3.9787209971109405e-08 6.1127707340347115e-09
151 5.8789062500000000e-01 4.1642351789050736e-08 6.4154619394685142e-09
152 5.9179687500000000e-01 4.3491354517755099e-08 6.7171299633628223e-09
153 5.9570312500000000e-01 4.5333308662520722e-08 7.0176042754610535e-09
154 5.9960937500000000e-01 4.7168214223347604e-08 7.3169417191820685e-09
155 6.0351562500000000e-01 4.8996412260748912e-08 7.6152559813635889e-09
156 6.0742187500000000e-01 5.0816765906347428e-08 7.9122628449113108e-09
157 6.1132812500000000e-01 5.2629275160143152e-08 8.2078486229875125e-09
158 6.1523437500000000e-01 5.4433598961622920e-08 8.5022406892676372e-09
159 6.1914062500000000e-01 5.6229737310786732e-08 8.7952685134951025e-09
160 6.2304687500000000e-01 5.8017008086608257e-08 9.0868184088321868e-09
161 6.2695312500000000e-01 5.9795524975925218e-08 9.3770040621166117e-09
162 6.3085937500000000e-01 6.1564833231386729e-08 9.6656549430917948e-09
163 6.3476562500000000e-01 6.3324705479317345e-08 9.9527710517577361e-09
164 6.3867187500000000e-01 6.5074800659203902e-08 1.0238295544695575e-08
165 6.4257812500000000e-01 6.6815005084208678e-08 1.0522228421905311e-08
166 6.4648437500000000e-01 6.8545205067493953e-08 1.0804427574839792e-08
167 6.5039062500000000e-01 7.0264547957776813e-08 1.1084921425208449e-08
168 6.5429687500000000e-01 7.1973261128732702e-08 1.1363681551301852e-08
169 6.5820312500000000e-01 7.3670946676429594e-08 1.1640679531410569e-08
170 6.6210937500000000e-01 7.5357320383773185e-08 1.1915801678696880e-08
171 6.6601562500000000e-01 7.7032268563925754e-08 1.2189076414870215e-08
172 6.6992187500000000e-01 7.8695506999792997e-08 1.2460390053092851e-08
173 6.7382812500000000e-01 8.0346694630861748e-08 1.2729771015074220e-08
174 6.7773437500000000e-01 8.1985604083456565e-08 1.2997134035686031e-08
175 6.8164062500000000e-01 8.3612007983902004e-08 1.3262450693218852e-08
176 6.8554687500000000e-01 8.5225622115103761e-08 1.3525777831091546e-08
177 6.8945312500000000e-01 8.6826219103386393e-08 1.3786831232209806e-08
178 6.9335937500000000e-01 8.8413514731655596e-08 1.4045838270249078e-08
179 6.9726562500000000e-01 8.9987338469654787e-08 1.4302543149824487e-08
180 7.0117187500000000e-01 9.1547462943708524e-08 1.4557059557773755e-08
181 7.0507812500000000e-01 9.3093660780141363e-08 1.4809359072387451e-08
182 7.0898437500000000e-01 9.4625761448696721e-08 1.5059299585118424e-08
183 7.1289062500000000e-01 9.6143310202023713e-08 1.5306852674257243e-08
184 7.1679687500000000e-01 9.7646363883541198e-08 1.5552103604932199e-08
185 7.2070312500000000e-01 9.9134297215641709e-08 1.5794825003467849e-08
186 7.2460937500000000e-01 1.0060733757200069e-07 1.6035130556701915e-08
187 7.2851562500000000e-01 1.0206480283159181e-07 1.6272878156087245e-08
188 7.3242187500000000e-01 1.0350709089834709e-07 1.6508209910170990e-08
189 7.3632812500000000e-01 1.0493340596440248e-07 1.6740926866987138e-08
190 7.4023437500000000e-01 1.0634380487317685e-07 1.6971029026535689e-08
191 7.4414062500000000e-01 1.0773800340757589e-07 1.7198459545397782e-08
192 7.4804687500000000e-01 1.0911571735050529e-07 1.7423246845282847e-08
193 7.5195312500000000e-01 1.1047688985854620e-07 1.7645277239353163e-08
194 7.5585937500000000e-01 1.1182129355802317e-07 1.7864635992737021e-08
195 7.5976562500000000e-01 1.1314872949697019e-07 1.8081195207741985e-08
196 7.6367187500000000e-01 1.1445891345829295e-07 1.8294954884368053e-08
197 7.6757812500000000e-01 1.1575161806831602e-07 1.8505829757486936e-08
198 7.7148437500000000e-01 1.1702687174874882e-07 1.8713876670517493e-08
199 7.7539062500000000e-01 1.1828419133053103e-07 1.8918996147476719e-08
200 7.7929687500000000e-01 1.1952354839195323e-07 1.9121188188364613e-08
201 7.8320312500000000e-01 1.2074485766788712e-07 1.9320438582326460e-08
202 7.8710937500000000e-01 1.2194772125440068e-07 1.9516662064233969e-08
203 7.9101562500000000e-01 1.2313208230807504e-07 1.9709887055796571e-08
204 7.9492187500000000e-01 1.2429759976839705e-07 1.9900042502740689e-08
205 7.9882812500000000e-01 1.2544435890049499e-07 2.0087128405066323e-08
206 8.0273437500000000e-01 1.2657199022214627e-07 2.0271087919354613e-08
207 8.0664062500000000e-01 1.2768046531164146e-07 2.0451935256460274e-08
208 8.1054687500000000e-01 1.2876952837359568e-07 2.0629613572964445e-08
209 8.1445312500000000e-01 1.2983903729946178e-07 2.0804066025448265e-08
210 8.1835937500000000e-01 1.3088879313727375e-07 2.0975335246475879e-08
211 8.2226562500000000e-01 1.3191868220019387e-07 2.1143364392628428e-08
212 8.2617187500000000e-01 1.3292847711454669e-07 2.1308110831341764e-08
213 8.3007812500000000e-01 1.3391822051289637e-07 2.1469574562615890e-08
214 8.3398437500000000e-01 1.3488747185874672e-07 2.1627698743031942e-08
215 8.3789062500000000e-01 1.3583633062808076e-07 2.1782490478017280e-08
216 8.4179687500000000e-01 1.3676454102551361e-07 2.1933928451289830e-08
217 8.4570312500000000e-01 1.3767203199677169e-07 2.2081984241140162e-08
218 8.4960937500000000e-01 1.3855856195732486e-07 2.2226615215004131e-08
219 8.5351562500000000e-01 1.3942405985289952e-07 2.2367807162027020e-08
220 8.5742187500000000e-01 1.4026841199665796e-07 2.2505560082208831e-08
221 8.6132812500000000e-01 1.4109144785834360e-07 2.2639831342985417e-08
222 8.6523437500000000e-01 1.4189309638368286e-07 2.2770606733502063e-08
223 8.6914062500000000e-01 1.4267321546412859e-07 2.2897879148331413e-08
224 8.7304687500000000e-01 1.4343166299113363e-07 2.3021620165764034e-08
225 8.7695312500000000e-01 1.4416829685615085e-07 2.3141794258663140e-08
226 8.8085937500000000e-01 1.4488313837546229e-07 2.3258419190597124e-08
227 8.8476562500000000e-01 1.4557591043740103e-07 2.3371438118147125e-08
228 8.8867187500000000e-01 1.4624664146367650e-07 2.3480865252167860e-08
229 8.9257812500000000e-01 1.4689515381860474e-07 2.3586657960095181e-08
230 8.9648437500000000e-01 1.4752139065876690e-07 2.3688826900070126e-08
231 9.0039062500000000e-01 1.4812523829732527e-07 2.3787340097669585e-08
232 9.0429687500000000e-01 1.4870661146915154e-07 2.3882190447466201e-08
233 9.0820312500000000e-01 1.4926541069826271e-07 2.3973353080464221e-08
234 9.1210937500000000e-01 1.4980157914123993e-07 2.4060820891236290e-08
235 9.1601562500000000e-01 1.5031500311124546e-07 2.4144586774355048e-08
236 9.1992187500000000e-01 1.5080559734315102e-07 2.4224622308111066e-08
237 9.2382812500000000e-01 1.5127336183695661e-07 2.4300932821574861e-08
238 9.2773437500000000e-01 1.5171815093140140e-07 2.4373500551178040e-08
239 9.3164062500000000e-01 1.5213991844120756e-07 2.4442305956995369e-08
240 9.3554687500000000e-01 1.5253863239195198e-07 2.4507354368097367e-08
241 9.3945312500000000e-01 1.5291417554408326e-07 2.4568620915488282e-08
242 9.4335937500000000e-01 1.5326652658131934e-07 2.4626106487346533e-08
243 9.4726562500000000e-01 1.5359564642380974e-07 2.4679798649174245e-08
244 9.5117187500000000e-01 1.5390143204285778e-07 2.4729684966473542e-08
245 9.5507812500000000e-01 1.5418391718924340e-07 2.4775769880136522e-08
246 9.5898437500000000e-01 1.5444296153077630e-07 2.4818032517970323e-08
247 9.6289062500000000e-01 1.5467861924634008e-07 2.4856477764956253e-08
248 9.6679687500000000e-01 1.5489080240627118e-07 2.4891094518864065e-08
249 9.7070312500000000e-01 1.5507947237480835e-07 2.4921874119954168e-08
250 9.7460937500000000e-01 1.5524465668548260e-07 2.4948823007520105e-08
251 9.7851562500000000e-01 1.5538625142141882e-07 2.4971923195948875e-08
252 9.8242187500000000e-01 1.5550429877109195e-07 2.4991181568623233e-08
253 9.8632812500000000e-01 1.5559876209714218e-07 2.5006592629939206e-08
254 9.9023437500000000e-01 1.5566961336643814e-07 2.5018151467159910e-08
255 9.9414062500000000e-01 1.5571685435533666e-07 2.5025858496618980e-08
256 9.9804687500000000e-01 1.5574047993165835e-07 2.5029712818862293e-08
