# P x_center tau_Psi tau_V
1 1.5625000000000000e-02 -8.0768371219619439e-05 -1.3370459924999523e-05
2 4.6875000000000000e-02 -7.9996063618636981e-05 -1.3244463048067701e-05
3 7.8125000000000000e-02 -7.8458886065391198e-05 -1.2993682716455623e-05
4 1.0937500000000000e-01 -7.6171642575673104e-05 -1.2620534093343849e-05
5 1.4062500000000000e-01 -7.3156360372195195e-05 -1.2128610819672758e-05
6 1.7187500000000000e-01 -6.9442078398651574e-05 -1.1522650311235338e-05
7 2.0312500000000000e-01 -6.5064567166928100e-05 -1.0808488383418080e-05
8 2.3437500000000000e-01 -6.0065984541779471e-05 -9.9930027488426276e-06
9 2.6562500000000000e-01 -5.4494469594601469e-05 -9.0840470221564829e-06
10 2.9687500000000000e-01 -4.8403679016928436e-05 -8.0903749335448083e-06
11 3.2812500000000000e-01 -4.1852270499020960e-05 -7.0215560583619663e-06
12 3.5937500000000000e-01 -3.4903337649438981e-05 -5.8878837307929643e-06
13 3.9062500000000000e-01 -2.7623802537846132e-05 -4.7002758236658337e-06
14 4.2187500000000000e-01 -2.0083771033796438e-05 -3.4701696733918652e-06
15 4.5312500000000000e-01 -1.2355857791135350e-05 -2.2094118463655832e-06
16 4.8437500000000000e-01 -4.5144868039415087e-06 -9.3014416080450246e-07
17 5.1562500000000000e-01 3.3648252468765349e-06 3.5531336806116087e-07
18 5.4687500000000000e-01 1.1206196234070376e-05 1.6345810749385237e-06
19 5.7812500000000000e-01 1.8934109490942319e-05 2.8953388806485236e-06
20 6.0937500000000000e-01 2.6474140994992013e-05 4.1254450380279195e-06
21 6.4062500000000000e-01 3.3753676092374008e-05 5.3130529380496228e-06
22 6.7187500000000000e-01 4.0702608927745132e-05 6.4467252691713384e-06
23 7.0312500000000000e-01 4.7254017466968889e-05 7.5155441408014667e-06
24 7.3437500000000000e-01 5.3344808016220213e-05 8.5092162400712823e-06
25 7.6562500000000000e-01 5.8916322988267211e-05 9.4181719774155681e-06
26 7.9687500000000000e-01 6.3914905613415840e-05 1.0233657599556523e-05
27 8.2812500000000000e-01 6.8292416845139314e-05 1.0947819538031922e-05
28 8.5937500000000000e-01 7.2006698820459292e-05 1.1553780018935811e-05
29 8.9062500000000000e-01 7.5021980995515491e-05 1.2045703318364076e-05
30 9.2187500000000000e-01 7.7309224543409272e-05 1.2418851941031761e-05
31 9.5312500000000000e-01 7.8846402064458587e-05 1.2669632263428987e-05
32 9.8437500000000000e-01 7.9618709698428547e-05 1.2795629134240705e-05
