# P x_center tau_U tau_V tau_Psi
1 1.9531250000000000e-03 -3.4863863964667077e-03 -3.4863863964667077e-03 -6.9727727929334155e-03
2 5.8593750000000000e-03 -5.3932606602913324e-08 -5.3932606616791112e-08 -1.0786521321970444e-07
3 9.7656250000000000e-03 -5.3932771137965574e-08 -5.3932771137965574e-08 -1.0786554227593115e-07
4 1.3671875000000000e-02 -5.3933015053964084e-08 -5.3933015109475235e-08 -1.0786603016343932e-07
5 1.7578125000000000e-02 -5.3933336241485108e-08 -5.3933336241485108e-08 -1.0786667248297022e-07
6 2.1484375000000000e-02 -5.3933733479283319e-08 -5.3933733146216412e-08 -1.0786746662549973e-07
7 2.5390625000000000e-02 -5.3934204213845760e-08 -5.3934204213845760e-08 -1.0786840842769152e-07
8 2.9296875000000000e-02 -5.3934746224726382e-08 -5.3934746224726382e-08 -1.0786949244945276e-07
9 3.3203125000000000e-02 -5.3935358401702160e-08 -5.3935358401702160e-08 -1.0787071680340432e-07
10 3.7109375000000000e-02 -5.3936038746371651e-08 -5.3936038746371651e-08 -1.0787207749274330e-07
11 4.1015625000000000e-02 -5.3936785260333409e-08 -5.3936785260333409e-08 -1.0787357052066682e-07
12 4.4921875000000000e-02 -5.3937596611319805e-08 -5.3937596611319805e-08 -1.0787519322263961e-07
13 4.8828125000000000e-02 -5.3938470578884790e-08 -5.3938470578884790e-08 -1.0787694115776958e-07
14 5.2734375000000000e-02 -5.3939404054403894e-08 -5.3939403166225475e-08 -1.0787880722062937e-07
15 5.6640625000000000e-02 -5.3940397926055539e-08 -5.3940397926055539e-08 -1.0788079585211108e-07
16 6.0546875000000000e-02 -5.3941446864769205e-08 -5.3941447752947624e-08 -1.0788289461771683e-07
17 6.4453125000000000e-02 -5.3942553535080151e-08 -5.3942551758723312e-08 -1.0788510529380346e-07
18 6.8359375000000000e-02 -5.3943715272453119e-08 -5.3943713496096279e-08 -1.0788742876854940e-07
19 7.2265625000000000e-02 -5.3944924971460750e-08 -5.3944923195103911e-08 -1.0788984816656466e-07
20 7.6171875000000000e-02 -5.3946189737530403e-08 -5.3946189737530403e-08 -1.0789237947506081e-07
21 8.0078125000000000e-02 -5.3947500688877881e-08 -5.3947500688877881e-08 -1.0789500137775576e-07
22 8.3984375000000000e-02 -5.3948857825503183e-08 -5.3948857825503183e-08 -1.0789771565100637e-07
23 8.7890625000000000e-02 -5.3950262923763148e-08 -5.3950262923763148e-08 -1.0790052584752630e-07
24 9.1796875000000000e-02 -5.3951708878230420e-08 -5.3951708878230420e-08 -1.0790341775646084e-07
25 9.5703125000000000e-02 -5.3953197465261837e-08 -5.3953197465261837e-08 -1.0790639493052367e-07
26 9.9609375000000000e-02 -5.3954728684857400e-08 -5.3954728684857400e-08 -1.0790945736971480e-07
27 1.0351562500000000e-01 -5.3956295431589751e-08 -5.3956295431589751e-08 -1.0791259086317950e-07
28 1.0742187500000000e-01 -5.3957901258172569e-08 -5.3957901258172569e-08 -1.0791580251634514e-07
29 1.1132812500000000e-01 -5.3959542611892175e-08 -5.3959546164605854e-08 -1.0791908877649803e-07
30 1.1523437500000000e-01 -5.3961219492748569e-08 -5.3961219492748569e-08 -1.0792243898549714e-07
31 1.1914062500000000e-01 -5.3962924795314393e-08 -5.3962924795314393e-08 -1.0792584959062879e-07
32 1.2304687500000000e-01 -5.3964669177730684e-08 -5.3964669177730684e-08 -1.0792933835546137e-07
33 1.2695312500000000e-01 -5.3966438429142727e-08 -5.3966438429142727e-08 -1.0793287685828545e-07
34 1.3085937500000000e-01 -5.3968232549550521e-08 -5.3968239654977879e-08 -1.0793647220452840e-07
35 1.3476562500000000e-01 -5.3970058644381425e-08 -5.3970058644381425e-08 -1.0794011728876285e-07
36 1.3867187500000000e-01 -5.3971909608208080e-08 -5.3971909608208080e-08 -1.0794381921641616e-07
37 1.4257812500000000e-01 -5.3973785441030486e-08 -5.3973785441030486e-08 -1.0794757088206097e-07
38 1.4648437500000000e-01 -5.3975682590134966e-08 -5.3975682590134966e-08 -1.0795136518026993e-07
39 1.5039062500000000e-01 -5.3977608160948876e-08 -5.3977608160948876e-08 -1.0795521632189775e-07
40 1.5429687500000000e-01 -5.3979533731762785e-08 -5.3979540837190143e-08 -1.0795907456895293e-07
41 1.5820312500000000e-01 -5.3981494829713483e-08 -5.3981494829713483e-08 -1.0796298965942697e-07
42 1.6210937500000000e-01 -5.3983470138518896e-08 -5.3983463033091539e-08 -1.0796693317161044e-07
43 1.6601562500000000e-01 -5.3985452552751667e-08 -5.3985445447324309e-08 -1.0797089800007598e-07
44 1.6992187500000000e-01 -5.3987456283266511e-08 -5.3987449177839153e-08 -1.0797490546110566e-07
45 1.7382812500000000e-01 -5.3989467119208712e-08 -5.3989467119208712e-08 -1.0797893423841742e-07
46 1.7773437500000000e-01 -5.3991499271432986e-08 -5.3991506376860343e-08 -1.0798300564829333e-07
47 1.8164062500000000e-01 -5.3993531423657259e-08 -5.3993538529084617e-08 -1.0798706995274188e-07
48 1.8554687500000000e-01 -5.3995570681308891e-08 -5.3995570681308891e-08 -1.0799114136261778e-07
49 1.8945312500000000e-01 -5.3997638360669953e-08 -5.3997638360669953e-08 -1.0799527672133991e-07
50 1.9335937500000000e-01 -5.3999691829176300e-08 -5.3999691829176300e-08 -1.0799938365835260e-07
51 1.9726562500000000e-01 -5.4001759508537361e-08 -5.4001759508537361e-08 -1.0800351901707472e-07
52 2.0117187500000000e-01 -5.4003834293325781e-08 -5.4003827187898423e-08 -1.0800766148122420e-07
53 2.0507812500000000e-01 -5.4005887761832128e-08 -5.4005894867259485e-08 -1.0801178262909161e-07
54 2.0898437500000000e-01 -5.4007983862902620e-08 -5.4007990968329977e-08 -1.0801597483123260e-07
55 2.1289062500000000e-01 -5.4010058647691039e-08 -5.4010051542263682e-08 -1.0802011018995472e-07
56 2.1679687500000000e-01 -5.4012147643334174e-08 -5.4012133432479459e-08 -1.0802428107581363e-07
57 2.2070312500000000e-01 -5.4014208217267878e-08 -5.4014194006413163e-08 -1.0802840222368104e-07
58 2.2460937500000000e-01 -5.4016283002056298e-08 -5.4016283002056298e-08 -1.0803256600411260e-07
59 2.2851562500000000e-01 -5.4018343575990002e-08 -5.4018343575990002e-08 -1.0803668715198000e-07
60 2.3242187500000000e-01 -5.4020404149923706e-08 -5.4020418360778422e-08 -1.0804082251070213e-07
61 2.3632812500000000e-01 -5.4022464723857411e-08 -5.4022464723857411e-08 -1.0804492944771482e-07
62 2.4023437500000000e-01 -5.4024511086936400e-08 -5.4024511086936400e-08 -1.0804902217387280e-07
63 2.4414062500000000e-01 -5.4026543239160674e-08 -5.4026543239160674e-08 -1.0805308647832135e-07
64 2.4804687500000000e-01 -5.4028589602239663e-08 -5.4028589602239663e-08 -1.0805717920447933e-07
65 2.5195312500000000e-01 -5.4030593332754506e-08 -5.4030593332754506e-08 -1.0806118666550901e-07
66 2.5585937500000000e-01 -5.4032597063269350e-08 -5.4032597063269350e-08 -1.0806519412653870e-07
67 2.5976562500000000e-01 -5.4034615004638908e-08 -5.4034615004638908e-08 -1.0806923000927782e-07
68 2.6367187500000000e-01 -5.4036618735153752e-08 -5.4036604524299037e-08 -1.0807322325945279e-07
69 2.6757812500000000e-01 -5.4038565622249735e-08 -5.4038565622249735e-08 -1.0807713124449947e-07
70 2.7148437500000000e-01 -5.4040540931055148e-08 -5.4040540931055148e-08 -1.0808108186211030e-07
71 2.7539062500000000e-01 -5.4042473607296415e-08 -5.4042487818151130e-08 -1.0808496142544755e-07
72 2.7929687500000000e-01 -5.4044420494392398e-08 -5.4044420494392398e-08 -1.0808884098878480e-07
73 2.8320312500000000e-01 -5.4046310538069520e-08 -5.4046310538069520e-08 -1.0809262107613904e-07
74 2.8710937500000000e-01 -5.4048200581746642e-08 -5.4048214792601357e-08 -1.0809641537434800e-07
75 2.9101562500000000e-01 -5.4050076414569048e-08 -5.4050090625423763e-08 -1.0810016703999281e-07
76 2.9492187500000000e-01 -5.4051923825682024e-08 -5.4051923825682024e-08 -1.0810384765136405e-07
77 2.9882812500000000e-01 -5.4053757025940286e-08 -5.4053757025940286e-08 -1.0810751405188057e-07
78 3.0273437500000000e-01 -5.4055561804489116e-08 -5.4055561804489116e-08 -1.0811112360897823e-07
79 3.0664062500000000e-01 -5.4057338161328516e-08 -5.4057352372183232e-08 -1.0811469053351175e-07
80 3.1054687500000000e-01 -5.4059100307313201e-08 -5.4059100307313201e-08 -1.0811820061462640e-07
81 3.1445312500000000e-01 -5.4060848242443171e-08 -5.4060862453297887e-08 -1.0812171069574106e-07
82 3.1835937500000000e-01 -5.4062553545008996e-08 -5.4062553545008996e-08 -1.0812510709001799e-07
83 3.2226562500000000e-01 -5.4064258847574820e-08 -5.4064258847574820e-08 -1.0812851769514964e-07
84 3.2617187500000000e-01 -5.4065907306721783e-08 -5.4065907306721783e-08 -1.0813181461344357e-07
85 3.3007812500000000e-01 -5.4067541555014031e-08 -5.4067541555014031e-08 -1.0813508311002806e-07
86 3.3398437500000000e-01 -5.4069133170742134e-08 -5.4069147381596849e-08 -1.0813828055233898e-07
87 3.3789062500000000e-01 -5.4070738997324952e-08 -5.4070738997324952e-08 -1.0814147799464990e-07
88 3.4179687500000000e-01 -5.4072287980488909e-08 -5.4072273769634194e-08 -1.0814456175012310e-07
89 3.4570312500000000e-01 -5.4073794331088720e-08 -5.4073794331088720e-08 -1.0814758866217744e-07
90 3.4960937500000000e-01 -5.4075272259979101e-08 -5.4075286470833817e-08 -1.0815055873081292e-07
91 3.5351562500000000e-01 -5.4076764399724198e-08 -5.4076778610578913e-08 -1.0815354301030311e-07
92 3.5742187500000000e-01 -5.4078185485195718e-08 -5.4078199696050433e-08 -1.0815638518124615e-07
93 3.6132812500000000e-01 -5.4079563938103092e-08 -5.4079578148957808e-08 -1.0815914208706090e-07
94 3.6523437500000000e-01 -5.4080942391010467e-08 -5.4080956601865182e-08 -1.0816189899287565e-07
95 3.6914062500000000e-01 -5.4082292422208411e-08 -5.4082292422208411e-08 -1.0816458484441682e-07
96 3.7304687500000000e-01 -5.4083542977423349e-08 -5.4083571399132779e-08 -1.0816711437655613e-07
97 3.7695312500000000e-01 -5.4084836165202432e-08 -5.4084821954347717e-08 -1.0816965811955015e-07
98 3.8085937500000000e-01 -5.4086086720417370e-08 -5.4086058298707940e-08 -1.0817214501912531e-07
99 3.8476562500000000e-01 -5.4087237799649301e-08 -5.4087252010504017e-08 -1.0817448981015332e-07
100 3.8867187500000000e-01 -5.4088431511445378e-08 -5.4088431511445378e-08 -1.0817686302289076e-07
101 3.9257812500000000e-01 -5.4089525747258449e-08 -5.4089554168967879e-08 -1.0817907991622633e-07
102 3.9648437500000000e-01 -5.4090634193926235e-08 -5.4090634193926235e-08 -1.0818126838785247e-07
103 4.0039062500000000e-01 -5.4091685797175160e-08 -5.4091685797175160e-08 -1.0818337159435032e-07
104 4.0429687500000000e-01 -5.4092680557005224e-08 -5.4092680557005224e-08 -1.0818536111401045e-07
105 4.0820312500000000e-01 -5.4093675316835288e-08 -5.4093675316835288e-08 -1.0818735063367058e-07
106 4.1210937500000000e-01 -5.4094613233246491e-08 -5.4094613233246491e-08 -1.0818922646649298e-07
107 4.1601562500000000e-01 -5.4095494306238834e-08 -5.4095465884529403e-08 -1.0819096019076824e-07
108 4.1992187500000000e-01 -5.4096375379231176e-08 -5.4096375379231176e-08 -1.0819275075846235e-07
109 4.2382812500000000e-01 -5.4097142765385797e-08 -5.4097142765385797e-08 -1.0819428553077159e-07
110 4.2773437500000000e-01 -5.4097966994959279e-08 -5.4097966994959279e-08 -1.0819593398991856e-07
111 4.3164062500000000e-01 -5.4098734381113900e-08 -5.4098734381113900e-08 -1.0819746876222780e-07
112 4.3554687500000000e-01 -5.4099388080430799e-08 -5.4099416502140230e-08 -1.0819880458257103e-07
113 4.3945312500000000e-01 -5.4100098623166559e-08 -5.4100098623166559e-08 -1.0820019724633312e-07
114 4.4335937500000000e-01 -5.4100695479064598e-08 -5.4100723900774028e-08 -1.0820141937983863e-07
115 4.4726562500000000e-01 -5.4101320756672067e-08 -5.4101320756672067e-08 -1.0820264151334413e-07
116 4.5117187500000000e-01 -5.4101832347441814e-08 -5.4101832347441814e-08 -1.0820366469488363e-07
117 4.5507812500000000e-01 -5.4102315516502131e-08 -5.4102343938211561e-08 -1.0820465945471369e-07
118 4.5898437500000000e-01 -5.4102798685562448e-08 -5.4102798685562448e-08 -1.0820559737112490e-07
119 4.6289062500000000e-01 -5.4103196589494473e-08 -5.4103225011203904e-08 -1.0820642160069838e-07
120 4.6679687500000000e-01 -5.4103594493426499e-08 -5.4103566071717069e-08 -1.0820716056514357e-07
121 4.7070312500000000e-01 -5.4103907132230233e-08 -5.4103907132230233e-08 -1.0820781426446047e-07
122 4.7460937500000000e-01 -5.4104248192743398e-08 -5.4104219771033968e-08 -1.0820846796377737e-07
123 4.7851562500000000e-01 -5.4104447144709411e-08 -5.4104447144709411e-08 -1.0820889428941882e-07
124 4.8242187500000000e-01 -5.4104702940094285e-08 -5.4104674518384854e-08 -1.0820937745847914e-07
125 4.8632812500000000e-01 -5.4104845048641437e-08 -5.4104845048641437e-08 -1.0820969009728287e-07
126 4.9023437500000000e-01 -5.4104958735479158e-08 -5.4104958735479158e-08 -1.0820991747095832e-07
127 4.9414062500000000e-01 -5.4105044000607450e-08 -5.4105044000607450e-08 -1.0821008800121490e-07
128 4.9804687500000000e-01 -5.4105100844026310e-08 -5.4105100844026310e-08 -1.0821020168805262e-07
129 5.0195312500000000e-01 -5.4105100844026310e-08 -5.4105100844026310e-08 -1.0821020168805262e-07
130 5.0585937500000000e-01 -5.4105044000607450e-08 -5.4105044000607450e-08 -1.0821008800121490e-07
131 5.0976562500000000e-01 -5.4104958735479158e-08 -5.4104958735479158e-08 -1.0820991747095832e-07
132 5.1367187500000000e-01 -5.4104845048641437e-08 -5.4104845048641437e-08 -1.0820969009728287e-07
133 5.1757812500000000e-01 -5.4104702940094285e-08 -5.4104674518384854e-08 -1.0820937745847914e-07
134 5.2148437500000000e-01 -5.4104447144709411e-08 -5.4104447144709411e-08 -1.0820889428941882e-07
135 5.2539062500000000e-01 -5.4104248192743398e-08 -5.4104219771033968e-08 -1.0820846796377737e-07
136 5.2929687500000000e-01 -5.4103907132230233e-08 -5.4103907132230233e-08 -1.0820781426446047e-07
137 5.3320312500000000e-01 -5.4103594493426499e-08 -5.4103566071717069e-08 -1.0820716056514357e-07
138 5.3710937500000000e-01 -5.4103196589494473e-08 -5.4103225011203904e-08 -1.0820642160069838e-07
139 5.4101562500000000e-01 -5.4102798685562448e-08 -5.4102798685562448e-08 -1.0820559737112490e-07
140 5.4492187500000000e-01 -5.4102315516502131e-08 -5.4102343938211561e-08 -1.0820465945471369e-07
141 5.4882812500000000e-01 -5.4101832347441814e-08 -5.4101832347441814e-08 -1.0820366469488363e-07
142 5.5273437500000000e-01 -5.4101320756672067e-08 -5.4101320756672067e-08 -1.0820264151334413e-07
143 5.5664062500000000e-01 -5.4100695479064598e-08 -5.4100723900774028e-08 -1.0820141937983863e-07
144 5.6054687500000000e-01 -5.4100098623166559e-08 -5.4100098623166559e-08 -1.0820019724633312e-07
145 5.6445312500000000e-01 -5.4099388080430799e-08 -5.4099416502140230e-08 -1.0819880458257103e-07
146 5.6835937500000000e-01 -5.4098734381113900e-08 -5.4098734381113900e-08 -1.0819746876222780e-07
147 5.7226562500000000e-01 -5.4097966994959279e-08 -5.4097966994959279e-08 -1.0819593398991856e-07
148 5.7617187500000000e-01 -5.4097142765385797e-08 -5.4097142765385797e-08 -1.0819428553077159e-07
149 5.8007812500000000e-01 -5.4096375379231176e-08 -5.4096375379231176e-08 -1.0819275075846235e-07
150 5.8398437500000000e-01 -5.4095494306238834e-08 -5.4095494306238834e-08 -1.0819098861247767e-07
151 5.8789062500000000e-01 -5.4094613233246491e-08 -5.4094613233246491e-08 -1.0818922646649298e-07
152 5.9179687500000000e-01 -5.4093675316835288e-08 -5.4093646895125858e-08 -1.0818732221196115e-07
153 5.9570312500000000e-01 -5.4092680557005224e-08 -5.4092680557005224e-08 -1.0818536111401045e-07
154 5.9960937500000000e-01 -5.4091685797175160e-08 -5.4091714218884590e-08 -1.0818340001605975e-07
155 6.0351562500000000e-01 -5.4090634193926235e-08 -5.4090634193926235e-08 -1.0818126838785247e-07
156 6.0742187500000000e-01 -5.4089525747258449e-08 -5.4089525747258449e-08 -1.0817905149451690e-07
157 6.1132812500000000e-01 -5.4088431511445378e-08 -5.4088431511445378e-08 -1.0817686302289076e-07
158 6.1523437500000000e-01 -5.4087237799649301e-08 -5.4087252010504017e-08 -1.0817448981015332e-07
159 6.1914062500000000e-01 -5.4086072509562655e-08 -5.4086072509562655e-08 -1.0817214501912531e-07
160 6.2304687500000000e-01 -5.4084807743493002e-08 -5.4084821954347717e-08 -1.0816962969784072e-07
161 6.2695312500000000e-01 -5.4083571399132779e-08 -5.4083571399132779e-08 -1.0816714279826556e-07
162 6.3085937500000000e-01 -5.4082306633063126e-08 -5.4082278211353696e-08 -1.0816458484441682e-07
163 6.3476562500000000e-01 -5.4080942391010467e-08 -5.4080956601865182e-08 -1.0816189899287565e-07
164 6.3867187500000000e-01 -5.4079563938103092e-08 -5.4079578148957808e-08 -1.0815914208706090e-07
165 6.4257812500000000e-01 -5.4078185485195718e-08 -5.4078199696050433e-08 -1.0815638518124615e-07
166 6.4648437500000000e-01 -5.4076764399724198e-08 -5.4076778610578913e-08 -1.0815354301030311e-07
167 6.5039062500000000e-01 -5.4075272259979101e-08 -5.4075286470833817e-08 -1.0815055873081292e-07
168 6.5429687500000000e-01 -5.4073794331088720e-08 -5.4073794331088720e-08 -1.0814758866217744e-07
169 6.5820312500000000e-01 -5.4072273769634194e-08 -5.4072287980488909e-08 -1.0814456175012310e-07
170 6.6210937500000000e-01 -5.4070738997324952e-08 -5.4070738997324952e-08 -1.0814147799464990e-07
171 6.6601562500000000e-01 -5.4069147381596849e-08 -5.4069133170742134e-08 -1.0813828055233898e-07
172 6.6992187500000000e-01 -5.4067541555014031e-08 -5.4067541555014031e-08 -1.0813508311002806e-07
173 6.7382812500000000e-01 -5.4065907306721783e-08 -5.4065907306721783e-08 -1.0813181461344357e-07
174 6.7773437500000000e-01 -5.4064258847574820e-08 -5.4064244636720105e-08 -1.0812850348429492e-07
175 6.8164062500000000e-01 -5.4062553545008996e-08 -5.4062553545008996e-08 -1.0812510709001799e-07
176 6.8554687500000000e-01 -5.4060848242443171e-08 -5.4060862453297887e-08 -1.0812171069574106e-07
177 6.8945312500000000e-01 -5.4059100307313201e-08 -5.4059100307313201e-08 -1.0811820061462640e-07
178 6.9335937500000000e-01 -5.4057338161328516e-08 -5.4057352372183232e-08 -1.0811469053351175e-07
179 6.9726562500000000e-01 -5.4055561804489116e-08 -5.4055561804489116e-08 -1.0811112360897823e-07
180 7.0117187500000000e-01 -5.4053757025940286e-08 -5.4053757025940286e-08 -1.0810751405188057e-07
181 7.0507812500000000e-01 -5.4051923825682024e-08 -5.4051923825682024e-08 -1.0810384765136405e-07
182 7.0898437500000000e-01 -5.4050076414569048e-08 -5.4050090625423763e-08 -1.0810016703999281e-07
183 7.1289062500000000e-01 -5.4048200581746642e-08 -5.4048214792601357e-08 -1.0809641537434800e-07
184 7.1679687500000000e-01 -5.4046310538069520e-08 -5.4046310538069520e-08 -1.0809262107613904e-07
185 7.2070312500000000e-01 -5.4044420494392398e-08 -5.4044420494392398e-08 -1.0808884098878480e-07
186 7.2460937500000000e-01 -5.4042473607296415e-08 -5.4042487818151130e-08 -1.0808496142544755e-07
187 7.2851562500000000e-01 -5.4040540931055148e-08 -5.4040540931055148e-08 -1.0808108186211030e-07
188 7.3242187500000000e-01 -5.4038565622249735e-08 -5.4038565622249735e-08 -1.0807713124449947e-07
189 7.3632812500000000e-01 -5.4036618735153752e-08 -5.4036604524299037e-08 -1.0807322325945279e-07
190 7.4023437500000000e-01 -5.4034615004638908e-08 -5.4034615004638908e-08 -1.0806923000927782e-07
191 7.4414062500000000e-01 -5.4032597063269350e-08 -5.4032597063269350e-08 -1.0806519412653870e-07
192 7.4804687500000000e-01 -5.4030593332754506e-08 -5.4030593332754506e-08 -1.0806118666550901e-07
193 7.5195312500000000e-01 -5.4028589602239663e-08 -5.4028589602239663e-08 -1.0805717920447933e-07
194 7.5585937500000000e-01 -5.4026543239160674e-08 -5.4026543239160674e-08 -1.0805308647832135e-07
195 7.5976562500000000e-01 -5.4024511086936400e-08 -5.4024511086936400e-08 -1.0804902217387280e-07
196 7.6367187500000000e-01 -5.4022464723857411e-08 -5.4022464723857411e-08 -1.0804492944771482e-07
197 7.6757812500000000e-01 -5.4020404149923706e-08 -5.4020418360778422e-08 -1.0804082251070213e-07
198 7.7148437500000000e-01 -5.4018343575990002e-08 -5.4018343575990002e-08 -1.0803668715198000e-07
199 7.7539062500000000e-01 -5.4016283002056298e-08 -5.4016283002056298e-08 -1.0803256600411260e-07
200 7.7929687500000000e-01 -5.4014208217267878e-08 -5.4014208217267878e-08 -1.0802841643453576e-07
201 7.8320312500000000e-01 -5.4012147643334174e-08 -5.4012133432479459e-08 -1.0802428107581363e-07
202 7.8710937500000000e-01 -5.4010051542263682e-08 -5.4010058647691039e-08 -1.0802011018995472e-07
203 7.9101562500000000e-01 -5.4007983862902620e-08 -5.4007990968329977e-08 -1.0801597483123260e-07
204 7.9492187500000000e-01 -5.4005887761832128e-08 -5.4005901972686843e-08 -1.0801178973451897e-07
205 7.9882812500000000e-01 -5.4003834293325781e-08 -5.4003827187898423e-08 -1.0800766148122420e-07
206 8.0273437500000000e-01 -5.4001759508537361e-08 -5.4001759508537361e-08 -1.0800351901707472e-07
207 8.0664062500000000e-01 -5.3999691829176300e-08 -5.3999691829176300e-08 -1.0799938365835260e-07
208 8.1054687500000000e-01 -5.3997638360669953e-08 -5.3997638360669953e-08 -1.0799527672133991e-07
209 8.1445312500000000e-01 -5.3995570681308891e-08 -5.3995570681308891e-08 -1.0799114136261778e-07
210 8.1835937500000000e-01 -5.3993531423657259e-08 -5.3993538529084617e-08 -1.0798706995274188e-07
211 8.2226562500000000e-01 -5.3991506376860343e-08 -5.3991499271432986e-08 -1.0798300564829333e-07
212 8.2617187500000000e-01 -5.3989467119208712e-08 -5.3989467119208712e-08 -1.0797893423841742e-07
213 8.3007812500000000e-01 -5.3987449177839153e-08 -5.3987442072411795e-08 -1.0797489125025095e-07
214 8.3398437500000000e-01 -5.3985452552751667e-08 -5.3985445447324309e-08 -1.0797089800007598e-07
215 8.3789062500000000e-01 -5.3983463033091539e-08 -5.3983470138518896e-08 -1.0796693317161044e-07
216 8.4179687500000000e-01 -5.3981494829713483e-08 -5.3981494829713483e-08 -1.0796298965942697e-07
217 8.4570312500000000e-01 -5.3979540837190143e-08 -5.3979533731762785e-08 -1.0795907456895293e-07
218 8.4960937500000000e-01 -5.3977608160948876e-08 -5.3977608160948876e-08 -1.0795521632189775e-07
219 8.5351562500000000e-01 -5.3975682590134966e-08 -5.3975682590134966e-08 -1.0795136518026993e-07
220 8.5742187500000000e-01 -5.3973785441030486e-08 -5.3973778335603129e-08 -1.0794756377663361e-07
221 8.6132812500000000e-01 -5.3971909608208080e-08 -5.3971902502780722e-08 -1.0794381211098880e-07
222 8.6523437500000000e-01 -5.3970058644381425e-08 -5.3970058644381425e-08 -1.0794011728876285e-07
223 8.6914062500000000e-01 -5.3968232549550521e-08 -5.3968236102264200e-08 -1.0793646865181472e-07
224 8.7304687500000000e-01 -5.3966438429142727e-08 -5.3966438429142727e-08 -1.0793287685828545e-07
225 8.7695312500000000e-01 -5.3964669177730684e-08 -5.3964669177730684e-08 -1.0792933835546137e-07
226 8.8085937500000000e-01 -5.3962921242600714e-08 -5.3962921242600714e-08 -1.0792584248520143e-07
227 8.8476562500000000e-01 -5.3961219492748569e-08 -5.3961215940034890e-08 -1.0792243543278346e-07
228 8.8867187500000000e-01 -5.3959542611892175e-08 -5.3959539059178496e-08 -1.0791908167107067e-07
229 8.9257812500000000e-01 -5.3957901258172569e-08 -5.3957901258172569e-08 -1.0791580251634514e-07
230 8.9648437500000000e-01 -5.3956295431589751e-08 -5.3956295431589751e-08 -1.0791259086317950e-07
231 9.0039062500000000e-01 -5.3954728684857400e-08 -5.3954728684857400e-08 -1.0790945736971480e-07
232 9.0429687500000000e-01 -5.3953197465261837e-08 -5.3953197465261837e-08 -1.0790639493052367e-07
233 9.0820312500000000e-01 -5.3951710654587259e-08 -5.3951707101873581e-08 -1.0790341775646084e-07
234 9.1210937500000000e-01 -5.3950262923763148e-08 -5.3950261147406309e-08 -1.0790052407116946e-07
235 9.1601562500000000e-01 -5.3948857825503183e-08 -5.3948857825503183e-08 -1.0789771565100637e-07
236 9.1992187500000000e-01 -5.3947498912521041e-08 -5.3947498912521041e-08 -1.0789499782504208e-07
237 9.2382812500000000e-01 -5.3946189737530403e-08 -5.3946189737530403e-08 -1.0789237947506081e-07
238 9.2773437500000000e-01 -5.3944924971460750e-08 -5.3944923195103911e-08 -1.0788984816656466e-07
239 9.3164062500000000e-01 -5.3943715272453119e-08 -5.3943713496096279e-08 -1.0788742876854940e-07
240 9.3554687500000000e-01 -5.3942553535080151e-08 -5.3942553535080151e-08 -1.0788510707016030e-07
241 9.3945312500000000e-01 -5.3941447752947624e-08 -5.3941447752947624e-08 -1.0788289550589525e-07
242 9.4335937500000000e-01 -5.3940397926055539e-08 -5.3940397926055539e-08 -1.0788079585211108e-07
243 9.4726562500000000e-01 -5.3939404054403894e-08 -5.3939402278047055e-08 -1.0787880633245095e-07
244 9.5117187500000000e-01 -5.3938470578884790e-08 -5.3938470578884790e-08 -1.0787694115776958e-07
245 9.5507812500000000e-01 -5.3937596611319805e-08 -5.3937596611319805e-08 -1.0787519322263961e-07
246 9.5898437500000000e-01 -5.3936785260333409e-08 -5.3936785260333409e-08 -1.0787357052066682e-07
247 9.6289062500000000e-01 -5.3936038746371651e-08 -5.3936038746371651e-08 -1.0787207749274330e-07
248 9.6679687500000000e-01 -5.3935358401702160e-08 -5.3935358401702160e-08 -1.0787071680340432e-07
249 9.7070312500000000e-01 -5.3934746224726382e-08 -5.3934746224726382e-08 -1.0786949244945276e-07
250 9.7460937500000000e-01 -5.3934204213845760e-08 -5.3934204213845760e-08 -1.0786840842769152e-07
251 9.7851562500000000e-01 -5.3933733368261016e-08 -5.3933733257238714e-08 -1.0786746662549973e-07
252 9.8242187500000000e-01 -5.3933336241485108e-08 -5.3933336241485108e-08 -1.0786667248297022e-07
253 9.8632812500000000e-01 -5.3933015053964084e-08 -5.3933015109475235e-08 -1.0786603016343932e-07
254 9.9023437500000000e-01 -5.3932771137965574e-08 -5.3932771137965574e-08 -1.0786554227593115e-07
255 9.9414062500000000e-01 -5.3932606602913324e-08 -5.3932606616791112e-08 -1.0786521321970444e-07
256 9.9804687500000000e-01 -3.4863863964667073e-03 -3.4863863964667073e-03 -6.9727727929334146e-03
