# P x_center tau_U tau_V tau_Psi
1 9.7656250000000000e-04 -1.7552032946907387e-03 -1.7552032946907387e-03 -3.5104065893814774e-03
2 2.9296875000000000e-03 -6.7415670476633771e-09 -6.7415670546022710e-09 -1.3483134102265648e-08
3 4.8828125000000000e-03 -6.7415722587726989e-09 -6.7415722448949111e-09 -1.3483144503667610e-08
4 6.8359375000000000e-03 -6.7415800719672347e-09 -6.7415800719672347e-09 -1.3483160143934469e-08
5 8.7890625000000000e-03 -6.7415902860190613e-09 -6.7415903415302125e-09 -1.3483180627549274e-08
6 1.0742187500000000e-02 -6.7416031646061469e-09 -6.7416031646061469e-09 -1.3483206329212294e-08
7 1.2695312500000000e-02 -6.7416182636392818e-09 -6.7416182636392818e-09 -1.3483236527278564e-08
8 1.4648437500000000e-02 -6.7416359161853734e-09 -6.7416361382299783e-09 -1.3483272054415352e-08
9 1.6601562500000000e-02 -6.7416561222444216e-09 -6.7416563442890265e-09 -1.3483312466533448e-08
10 1.8554687500000000e-02 -6.7416785487495190e-09 -6.7416785487495190e-09 -1.3483357097499038e-08
11 2.0507812500000000e-02 -6.7417034177452706e-09 -6.7417034177452706e-09 -1.3483406835490541e-08
12 2.2460937500000000e-02 -6.7417302851424665e-09 -6.7417302851424665e-09 -1.3483460570284933e-08
13 2.4414062500000000e-02 -6.7417604832087363e-09 -6.7417609272979462e-09 -1.3483521410506683e-08
14 2.6367187500000000e-02 -6.7417920135426357e-09 -6.7417924576318455e-09 -1.3483584471174481e-08
15 2.8320312500000000e-02 -6.7418262084117941e-09 -6.7418262084117941e-09 -1.3483652416823588e-08
16 3.0273437500000000e-02 -6.7418626237270018e-09 -6.7418617355485821e-09 -1.3483724359275584e-08
17 3.2226562500000000e-02 -6.7419003713098391e-09 -6.7418994831314194e-09 -1.3483799854441259e-08
18 3.4179687500000000e-02 -6.7419412275171453e-09 -6.7419412275171453e-09 -1.3483882455034291e-08
19 3.6132812500000000e-02 -6.7419838600812909e-09 -6.7419829719028712e-09 -1.3483966831984162e-08
20 3.8085937500000000e-02 -6.7420291571806956e-09 -6.7420282690022759e-09 -1.3484057426182972e-08
21 4.0039062500000000e-02 -6.7420744542801003e-09 -6.7420744542801003e-09 -1.3484148908560201e-08
22 4.1992187500000000e-02 -6.7421241922716035e-09 -6.7421233040931838e-09 -1.3484247496364787e-08
23 4.3945312500000000e-02 -6.7421739302631067e-09 -6.7421748184415264e-09 -1.3484348748704633e-08
24 4.5898437500000000e-02 -6.7422263327898690e-09 -6.7422263327898690e-09 -1.3484452665579738e-08
25 4.7851562500000000e-02 -6.7422813998518905e-09 -6.7422813998518905e-09 -1.3484562799703781e-08
26 4.9804687500000000e-02 -6.7423382432707513e-09 -6.7423400196275907e-09 -1.3484678262898342e-08
27 5.1757812500000000e-02 -6.7423968630464515e-09 -6.7423968630464515e-09 -1.3484793726092903e-08
28 5.3710937500000000e-02 -6.7424590355358305e-09 -6.7424590355358305e-09 -1.3484918071071661e-08
29 5.5664062500000000e-02 -6.7425176553115307e-09 -6.7425176553115307e-09 -1.3485035310623061e-08
30 5.7617187500000000e-02 -6.7425833805145885e-09 -6.7425833805145885e-09 -1.3485166761029177e-08
31 5.9570312500000000e-02 -6.7426473293608069e-09 -6.7426473293608069e-09 -1.3485294658721614e-08
32 6.1523437500000000e-02 -6.7427166072775435e-09 -6.7427148309207041e-09 -1.3485431438198248e-08
33 6.3476562500000000e-02 -6.7427858851942801e-09 -6.7427841088374407e-09 -1.3485569994031721e-08
34 6.5429687500000000e-02 -6.7428551631110167e-09 -6.7428551631110167e-09 -1.3485710326222033e-08
35 6.7382812500000000e-02 -6.7429262173845927e-09 -6.7429262173845927e-09 -1.3485852434769185e-08
36 6.9335937500000000e-02 -6.7430043770855264e-09 -6.7430008243718476e-09 -1.3486005201457374e-08
37 7.1289062500000000e-02 -6.7430754313591024e-09 -6.7430754313591024e-09 -1.3486150862718205e-08
38 7.3242187500000000e-02 -6.7431571437737148e-09 -6.7431571437737148e-09 -1.3486314287547430e-08
39 7.5195312500000000e-02 -6.7432353034746484e-09 -6.7432353034746484e-09 -1.3486470606949297e-08
40 7.7148437500000000e-02 -6.7433134631755820e-09 -6.7433170158892608e-09 -1.3486630479064843e-08
41 7.9101562500000000e-02 -6.7433951755901944e-09 -6.7433951755901944e-09 -1.3486790351180389e-08
42 8.1054687500000000e-02 -6.7434804407184856e-09 -6.7434839934321644e-09 -1.3486964434150650e-08
43 8.3007812500000000e-02 -6.7435621531330980e-09 -6.7435621531330980e-09 -1.3487124306266196e-08
44 8.4960937500000000e-02 -6.7436545236887468e-09 -6.7436545236887468e-09 -1.3487309047377494e-08
45 8.6914062500000000e-02 -6.7437362361033593e-09 -6.7437362361033593e-09 -1.3487472472206719e-08
46 8.8867187500000000e-02 -6.7438286066590081e-09 -6.7438250539453293e-09 -1.3487653660604337e-08
47 9.0820312500000000e-02 -6.7439316353556933e-09 -6.7439209772146569e-09 -1.3487852612570350e-08
48 9.2773437500000000e-02 -6.7440097950566269e-09 -6.7440169004839845e-09 -1.3488026695540611e-08
49 9.4726562500000000e-02 -6.7441021656122757e-09 -6.7441092710396333e-09 -1.3488211436651909e-08
50 9.6679687500000000e-02 -6.7442087470226397e-09 -6.7442087470226397e-09 -1.3488417494045279e-08
51 9.8632812500000000e-02 -6.7442940121509309e-09 -6.7442940121509309e-09 -1.3488588024301862e-08
52 1.0058593750000000e-01 -6.7444005935612950e-09 -6.7444005935612950e-09 -1.3488801187122590e-08
53 1.0253906250000000e-01 -6.7444858586895862e-09 -6.7444858586895862e-09 -1.3488971717379172e-08
54 1.0449218750000000e-01 -6.7445924400999502e-09 -6.7445853346725926e-09 -1.3489177774772543e-08
55 1.0644531250000000e-01 -6.7446848106555990e-09 -6.7446777052282414e-09 -1.3489362515883840e-08
56 1.0839843750000000e-01 -6.7447913920659630e-09 -6.7447913920659630e-09 -1.3489582784131926e-08
57 1.1035156250000000e-01 -6.7448908680489694e-09 -6.7448979734763270e-09 -1.3489788841525296e-08
58 1.1230468750000000e-01 -6.7449903440319758e-09 -6.7449903440319758e-09 -1.3489980688063952e-08
59 1.1425781250000000e-01 -6.7451040308696975e-09 -6.7451040308696975e-09 -1.3490208061739395e-08
60 1.1621093750000000e-01 -6.7452106122800615e-09 -6.7452106122800615e-09 -1.3490421224560123e-08
61 1.1816406250000000e-01 -6.7453171936904255e-09 -6.7453171936904255e-09 -1.3490634387380851e-08
62 1.2011718750000000e-01 -6.7454166696734319e-09 -6.7454166696734319e-09 -1.3490833339346864e-08
63 1.2207031250000000e-01 -6.7455232510837959e-09 -6.7455303565111535e-09 -1.3491053607594949e-08
64 1.2402343750000000e-01 -6.7456440433488751e-09 -6.7456440433488751e-09 -1.3491288086697750e-08
65 1.2597656250000000e-01 -6.7457506247592391e-09 -6.7457506247592391e-09 -1.3491501249518478e-08
66 1.2792968750000000e-01 -6.7458643115969608e-09 -6.7458643115969608e-09 -1.3491728623193922e-08
67 1.2988281250000000e-01 -6.7459708930073248e-09 -6.7459708930073248e-09 -1.3491941786014650e-08
68 1.3183593750000000e-01 -6.7460845798450464e-09 -6.7460987906997616e-09 -1.3492183370544808e-08
69 1.3378906250000000e-01 -6.7462053721101256e-09 -6.7462053721101256e-09 -1.3492410744220251e-08
70 1.3574218750000000e-01 -6.7463332698025624e-09 -6.7463190589478472e-09 -1.3492652328750410e-08
71 1.3769531250000000e-01 -6.7464398512129264e-09 -6.7464398512129264e-09 -1.3492879702425853e-08
72 1.3964843750000000e-01 -6.7465322217685753e-09 -6.7465464326232905e-09 -1.3493078654391866e-08
73 1.4160156250000000e-01 -6.7466459086062969e-09 -6.7466601194610121e-09 -1.3493306028067309e-08
74 1.4355468750000000e-01 -6.7467880171534489e-09 -6.7467880171534489e-09 -1.3493576034306898e-08
75 1.4550781250000000e-01 -6.7468874931364553e-09 -6.7469017039911705e-09 -1.3493789197127626e-08
76 1.4746093750000000e-01 -6.7470438125383225e-09 -6.7470438125383225e-09 -1.3494087625076645e-08
77 1.4941406250000000e-01 -6.7471290776666137e-09 -6.7471432885213289e-09 -1.3494272366187943e-08
78 1.5136718750000000e-01 -6.7472569753590506e-09 -6.7472569753590506e-09 -1.3494513950718101e-08
79 1.5332031250000000e-01 -6.7473848730514874e-09 -6.7473990839062026e-09 -1.3494783956957690e-08
80 1.5527343750000000e-01 -6.7474985598892090e-09 -6.7475127707439242e-09 -1.3495011330633133e-08
81 1.5722656250000000e-01 -6.7476264575816458e-09 -6.7476264575816458e-09 -1.3495252915163292e-08
82 1.5917968750000000e-01 -6.7477543552740826e-09 -6.7477685661287978e-09 -1.3495522921402880e-08
83 1.6113281250000000e-01 -6.7478822529665194e-09 -6.7478822529665194e-09 -1.3495764505933039e-08
84 1.6308593750000000e-01 -6.7479959398042411e-09 -6.7479959398042411e-09 -1.3495991879608482e-08
85 1.6503906250000000e-01 -6.7480954157872475e-09 -6.7480954157872475e-09 -1.3496190831574495e-08
86 1.6699218750000000e-01 -6.7482375243343995e-09 -6.7482233134796843e-09 -1.3496460837814084e-08
87 1.6894531250000000e-01 -6.7483654220268363e-09 -6.7483512111721211e-09 -1.3496716633198957e-08
88 1.7089843750000000e-01 -6.7485075305739883e-09 -6.7485075305739883e-09 -1.3497015061147977e-08
89 1.7285156250000000e-01 -6.7486354282664252e-09 -6.7486354282664252e-09 -1.3497270856532850e-08
90 1.7480468750000000e-01 -6.7487491151041468e-09 -6.7487491151041468e-09 -1.3497498230208294e-08
91 1.7675781250000000e-01 -6.7488770127965836e-09 -6.7488770127965836e-09 -1.3497754025593167e-08
92 1.7871093750000000e-01 -6.7490191213437356e-09 -6.7490191213437356e-09 -1.3498038242687471e-08
93 1.8066406250000000e-01 -6.7491470190361724e-09 -6.7491328081814572e-09 -1.3498279827217630e-08
94 1.8261718750000000e-01 -6.7492749167286092e-09 -6.7492749167286092e-09 -1.3498549833457218e-08
95 1.8457031250000000e-01 -6.7494170252757613e-09 -6.7494028144210461e-09 -1.3498819839696807e-08
96 1.8652343750000000e-01 -6.7495165012587677e-09 -6.7495165012587677e-09 -1.3499033002517535e-08
97 1.8847656250000000e-01 -6.7496586098059197e-09 -6.7496586098059197e-09 -1.3499317219611839e-08
98 1.9042968750000000e-01 -6.7497865074983565e-09 -6.7497865074983565e-09 -1.3499573014996713e-08
99 1.9238281250000000e-01 -6.7499001943360781e-09 -6.7499001943360781e-09 -1.3499800388672156e-08
100 1.9433593750000000e-01 -6.7500565137379454e-09 -6.7500423028832301e-09 -1.3500098816621176e-08
101 1.9628906250000000e-01 -6.7501702005756670e-09 -6.7501844114303822e-09 -1.3500354612006049e-08
102 1.9824218750000000e-01 -6.7502980982681038e-09 -6.7502838874133886e-09 -1.3500581985681492e-08
103 2.0019531250000000e-01 -6.7504259959605406e-09 -6.7504259959605406e-09 -1.3500851991921081e-08
104 2.0214843750000000e-01 -6.7505396827982622e-09 -6.7505396827982622e-09 -1.3501079365596524e-08
105 2.0410156250000000e-01 -6.7507102130548446e-09 -6.7506960022001294e-09 -1.3501406215254974e-08
106 2.0605468750000000e-01 -6.7508381107472815e-09 -6.7508238998925663e-09 -1.3501662010639848e-08
107 2.0800781250000000e-01 -6.7509233758755727e-09 -6.7509517975850031e-09 -1.3501875173460576e-08
108 2.0996093750000000e-01 -6.7510654844227247e-09 -6.7510796952774399e-09 -1.3502145179700165e-08
109 2.1191406250000000e-01 -6.7511933821151615e-09 -6.7511933821151615e-09 -1.3502386764230323e-08
110 2.1386718750000000e-01 -6.7513212798075983e-09 -6.7513354906623135e-09 -1.3502656770469912e-08
111 2.1582031250000000e-01 -6.7514633883547504e-09 -6.7514633883547504e-09 -1.3502926776709501e-08
112 2.1777343750000000e-01 -6.7515770751924720e-09 -6.7515770751924720e-09 -1.3503154150384944e-08
113 2.1972656250000000e-01 -6.7517191837396240e-09 -6.7517191837396240e-09 -1.3503438367479248e-08
114 2.2167968750000000e-01 -6.7518328705773456e-09 -6.7518612922867760e-09 -1.3503694162864122e-08
115 2.2363281250000000e-01 -6.7519749791244976e-09 -6.7519749791244976e-09 -1.3503949958248995e-08
116 2.2558593750000000e-01 -6.7521170876716496e-09 -6.7521170876716496e-09 -1.3504234175343299e-08
117 2.2753906250000000e-01 -6.7522307745093713e-09 -6.7522307745093713e-09 -1.3504461549018743e-08
118 2.2949218750000000e-01 -6.7523444613470929e-09 -6.7523444613470929e-09 -1.3504688922694186e-08
119 2.3144531250000000e-01 -6.7524865698942449e-09 -6.7524865698942449e-09 -1.3504973139788490e-08
120 2.3339843750000000e-01 -6.7526002567319665e-09 -6.7526002567319665e-09 -1.3505200513463933e-08
121 2.3535156250000000e-01 -6.7527707869885489e-09 -6.7527423652791185e-09 -1.3505513152267667e-08
122 2.3730468750000000e-01 -6.7528844738262706e-09 -6.7528844738262706e-09 -1.3505768947652541e-08
123 2.3925781250000000e-01 -6.7529981606639922e-09 -6.7530265823734226e-09 -1.3506024743037415e-08
124 2.4121093750000000e-01 -6.7531686909205746e-09 -6.7531686909205746e-09 -1.3506337381841149e-08
125 2.4316406250000000e-01 -6.7532823777582962e-09 -6.7532823777582962e-09 -1.3506564755516592e-08
126 2.4511718750000000e-01 -6.7534244863054482e-09 -6.7533960645960178e-09 -1.3506820550901466e-08
127 2.4707031250000000e-01 -6.7535097514337394e-09 -6.7535097514337394e-09 -1.3507019502867479e-08
128 2.4902343750000000e-01 -6.7536518599808915e-09 -6.7536518599808915e-09 -1.3507303719961783e-08
129 2.5097656250000000e-01 -6.7537655468186131e-09 -6.7537655468186131e-09 -1.3507531093637226e-08
130 2.5292968750000000e-01 -6.7538792336563347e-09 -6.7538792336563347e-09 -1.3507758467312669e-08
131 2.5488281250000000e-01 -6.7539929204940563e-09 -6.7539929204940563e-09 -1.3507985840988113e-08
132 2.5683593750000000e-01 -6.7541350290412083e-09 -6.7541634507506387e-09 -1.3508298479791847e-08
133 2.5878906250000000e-01 -6.7542771375883603e-09 -6.7542771375883603e-09 -1.3508554275176721e-08
134 2.6074218750000000e-01 -6.7543908244260820e-09 -6.7544192461355124e-09 -1.3508810070561594e-08
135 2.6269531250000000e-01 -6.7545045112638036e-09 -6.7545045112638036e-09 -1.3509009022527607e-08
136 2.6464843750000000e-01 -6.7546750415203860e-09 -6.7546466198109556e-09 -1.3509321661331342e-08
137 2.6660156250000000e-01 -6.7547318849392468e-09 -6.7547318849392468e-09 -1.3509463769878494e-08
138 2.6855468750000000e-01 -6.7549024151958292e-09 -6.7549024151958292e-09 -1.3509804830391658e-08
139 2.7050781250000000e-01 -6.7550445237429813e-09 -6.7550445237429813e-09 -1.3510089047485963e-08
140 2.7246093750000000e-01 -6.7551297888712725e-09 -6.7551297888712725e-09 -1.3510259577742545e-08
141 2.7441406250000000e-01 -6.7552718974184245e-09 -6.7553003191278549e-09 -1.3510572216546279e-08
142 2.7636718750000000e-01 -6.7553571625467157e-09 -6.7553571625467157e-09 -1.3510714325093431e-08
143 2.7832031250000000e-01 -6.7554992710938677e-09 -6.7555276928032981e-09 -1.3511026963897166e-08
144 2.8027343750000000e-01 -6.7555845362221589e-09 -6.7556129579315893e-09 -1.3511197494153748e-08
145 2.8222656250000000e-01 -6.7556698013504501e-09 -6.7556982230598805e-09 -1.3511368024410331e-08
146 2.8417968750000000e-01 -6.7558971750258934e-09 -6.7558687533164630e-09 -1.3511765928342356e-08
147 2.8613281250000000e-01 -6.7559824401541846e-09 -6.7559824401541846e-09 -1.3511964880308369e-08
148 2.8808593750000000e-01 -6.7561529704107670e-09 -6.7561245487013366e-09 -1.3512277519112104e-08
149 2.9003906250000000e-01 -6.7562382355390582e-09 -6.7562382355390582e-09 -1.3512476471078116e-08
150 2.9199218750000000e-01 -6.7563235006673494e-09 -6.7563235006673494e-09 -1.3512647001334699e-08
151 2.9394531250000000e-01 -6.7564656092145015e-09 -6.7564087657956406e-09 -1.3512874375010142e-08
152 2.9589843750000000e-01 -6.7565224526333623e-09 -6.7565508743427927e-09 -1.3513073326976155e-08
153 2.9785156250000000e-01 -6.7566361394710839e-09 -6.7566645611805143e-09 -1.3513300700651598e-08
154 2.9980468750000000e-01 -6.7567214045993751e-09 -6.7567498263088055e-09 -1.3513471230908181e-08
155 3.0175781250000000e-01 -6.7568919348559575e-09 -6.7568919348559575e-09 -1.3513783869711915e-08
156 3.0371093750000000e-01 -6.7570056216936791e-09 -6.7570340434031095e-09 -1.3514039665096789e-08
157 3.0566406250000000e-01 -6.7570908868219703e-09 -6.7570908868219703e-09 -1.3514181773643941e-08
158 3.0761718750000000e-01 -6.7572329953691224e-09 -6.7572614170785528e-09 -1.3514494412447675e-08
159 3.0957031250000000e-01 -6.7573466822068440e-09 -6.7573466822068440e-09 -1.3514693364413688e-08
160 3.1152343750000000e-01 -6.7574035256257048e-09 -6.7574319473351352e-09 -1.3514835472960840e-08
161 3.1347656250000000e-01 -6.7575456341728568e-09 -6.7575456341728568e-09 -1.3515091268345714e-08
162 3.1542968750000000e-01 -6.7576593210105784e-09 -6.7576593210105784e-09 -1.3515318642021157e-08
163 3.1738281250000000e-01 -6.7577730078483000e-09 -6.7577730078483000e-09 -1.3515546015696600e-08
164 3.1933593750000000e-01 -6.7578866946860217e-09 -6.7579151163954521e-09 -1.3515801811081474e-08
165 3.2128906250000000e-01 -6.7580003815237433e-09 -6.7580288032331737e-09 -1.3516029184756917e-08
166 3.2324218750000000e-01 -6.7580572249426041e-09 -6.7580856466520345e-09 -1.3516142871594639e-08
167 3.2519531250000000e-01 -6.7581709117803257e-09 -6.7581709117803257e-09 -1.3516341823560651e-08
168 3.2714843750000000e-01 -6.7582845986180473e-09 -6.7582845986180473e-09 -1.3516569197236095e-08
169 3.2910156250000000e-01 -6.7583982854557689e-09 -6.7583982854557689e-09 -1.3516796570911538e-08
170 3.3105468750000000e-01 -6.7585119722934905e-09 -6.7584835505840601e-09 -1.3516995522877551e-08
171 3.3300781250000000e-01 -6.7585972374217818e-09 -6.7585972374217818e-09 -1.3517194474843564e-08
172 3.3496093750000000e-01 -6.7587393459689338e-09 -6.7587109242595034e-09 -1.3517450270228437e-08
173 3.3691406250000000e-01 -6.7587961893877946e-09 -6.7587961893877946e-09 -1.3517592378775589e-08
174 3.3886718750000000e-01 -6.7589382979349466e-09 -6.7589667196443770e-09 -1.3517905017579324e-08
175 3.4082031250000000e-01 -6.7589951413538074e-09 -6.7589951413538074e-09 -1.3517990282707615e-08
176 3.4277343750000000e-01 -6.7591088281915290e-09 -6.7591372499009594e-09 -1.3518246078092488e-08
177 3.4472656250000000e-01 -6.7592509367386810e-09 -6.7592509367386810e-09 -1.3518501873477362e-08
178 3.4667968750000000e-01 -6.7592509367386810e-09 -6.7592509367386810e-09 -1.3518501873477362e-08
179 3.4863281250000000e-01 -6.7593646235764027e-09 -6.7593930452858331e-09 -1.3518757668862236e-08
180 3.5058593750000000e-01 -6.7594498887046939e-09 -6.7594783104141243e-09 -1.3518928199118818e-08
181 3.5253906250000000e-01 -6.7595351538329851e-09 -6.7595351538329851e-09 -1.3519070307665970e-08
182 3.5449218750000000e-01 -6.7596772623801371e-09 -6.7596488406707067e-09 -1.3519326103050844e-08
183 3.5644531250000000e-01 -6.7597341057989979e-09 -6.7597625275084283e-09 -1.3519496633307426e-08
184 3.5839843750000000e-01 -6.7598193709272891e-09 -6.7598193709272891e-09 -1.3519638741854578e-08
185 3.6035156250000000e-01 -6.7599330577650107e-09 -6.7599330577650107e-09 -1.3519866115530021e-08
186 3.6230468750000000e-01 -6.7600183228933020e-09 -6.7600183228933020e-09 -1.3520036645786604e-08
187 3.6425781250000000e-01 -6.7601035880215932e-09 -6.7600751663121628e-09 -1.3520178754333756e-08
188 3.6621093750000000e-01 -6.7601888531498844e-09 -6.7601888531498844e-09 -1.3520377706299769e-08
189 3.6816406250000000e-01 -6.7602741182781756e-09 -6.7602456965687452e-09 -1.3520519814846921e-08
190 3.7011718750000000e-01 -6.7603309616970364e-09 -6.7603878051158972e-09 -1.3520718766812934e-08
191 3.7207031250000000e-01 -6.7603878051158972e-09 -6.7604162268253276e-09 -1.3520804031941225e-08
192 3.7402343750000000e-01 -6.7605014919536188e-09 -6.7605299136630492e-09 -1.3521031405616668e-08
193 3.7597656250000000e-01 -6.7605299136630492e-09 -6.7606151787913404e-09 -1.3521145092454390e-08
194 3.7792968750000000e-01 -6.7606436005007708e-09 -6.7606436005007708e-09 -1.3521287201001542e-08
195 3.7988281250000000e-01 -6.7607572873384925e-09 -6.7607288656290621e-09 -1.3521486152967555e-08
196 3.8183593750000000e-01 -6.7608709741762141e-09 -6.7608141307573533e-09 -1.3521685104933567e-08
197 3.8378906250000000e-01 -6.7608993958856445e-09 -6.7608993958856445e-09 -1.3521798791771289e-08
198 3.8574218750000000e-01 -6.7609562393045053e-09 -6.7610130827233661e-09 -1.3521969322027871e-08
199 3.8769531250000000e-01 -6.7610699261422269e-09 -6.7610699261422269e-09 -1.3522139852284454e-08
200 3.8964843750000000e-01 -6.7610699261422269e-09 -6.7610983478516573e-09 -1.3522168273993884e-08
201 3.9160156250000000e-01 -6.7611267695610877e-09 -6.7611836129799485e-09 -1.3522310382541036e-08
202 3.9355468750000000e-01 -6.7612972998176701e-09 -6.7612972998176701e-09 -1.3522594599635340e-08
203 3.9550781250000000e-01 -6.7613541432365309e-09 -6.7613541432365309e-09 -1.3522708286473062e-08
204 3.9746093750000000e-01 -6.7614109866553918e-09 -6.7613541432365309e-09 -1.3522765129891923e-08
205 3.9941406250000000e-01 -6.7614109866553918e-09 -6.7613541432365309e-09 -1.3522765129891923e-08
206 4.0136718750000000e-01 -6.7615246734931134e-09 -6.7615246734931134e-09 -1.3523049346986227e-08
207 4.0332031250000000e-01 -6.7615815169119742e-09 -6.7615815169119742e-09 -1.3523163033823948e-08
208 4.0527343750000000e-01 -6.7617520471685566e-09 -6.7617520471685566e-09 -1.3523504094337113e-08
209 4.0722656250000000e-01 -6.7616383603308350e-09 -6.7616952037496958e-09 -1.3523333564080531e-08
210 4.0917968750000000e-01 -6.7617520471685566e-09 -6.7616952037496958e-09 -1.3523447250918252e-08
211 4.1113281250000000e-01 -6.7617520471685566e-09 -6.7617520471685566e-09 -1.3523504094337113e-08
212 4.1308593750000000e-01 -6.7618657340062782e-09 -6.7618657340062782e-09 -1.3523731468012556e-08
213 4.1503906250000000e-01 -6.7618657340062782e-09 -6.7618657340062782e-09 -1.3523731468012556e-08
214 4.1699218750000000e-01 -6.7619794208439998e-09 -6.7619794208439998e-09 -1.3523958841688000e-08
215 4.1894531250000000e-01 -6.7620362642628606e-09 -6.7620931076817214e-09 -1.3524129371944582e-08
216 4.2089843750000000e-01 -6.7620362642628606e-09 -6.7620931076817214e-09 -1.3524129371944582e-08
217 4.2285156250000000e-01 -6.7622067945194431e-09 -6.7622067945194431e-09 -1.3524413589038886e-08
218 4.2480468750000000e-01 -6.7622067945194431e-09 -6.7622067945194431e-09 -1.3524413589038886e-08
219 4.2675781250000000e-01 -6.7622636379383039e-09 -6.7622636379383039e-09 -1.3524527275876608e-08
220 4.2871093750000000e-01 -6.7623204813571647e-09 -6.7623204813571647e-09 -1.3524640962714329e-08
221 4.3066406250000000e-01 -6.7623773247760255e-09 -6.7623773247760255e-09 -1.3524754649552051e-08
222 4.3261718750000000e-01 -6.7623204813571647e-09 -6.7623204813571647e-09 -1.3524640962714329e-08
223 4.3457031250000000e-01 -6.7623773247760255e-09 -6.7624341681948863e-09 -1.3524811492970912e-08
224 4.3652343750000000e-01 -6.7624341681948863e-09 -6.7624341681948863e-09 -1.3524868336389773e-08
225 4.3847656250000000e-01 -6.7624910116137471e-09 -6.7624910116137471e-09 -1.3524982023227494e-08
226 4.4042968750000000e-01 -6.7625478550326079e-09 -6.7625478550326079e-09 -1.3525095710065216e-08
227 4.4238281250000000e-01 -6.7625478550326079e-09 -6.7626046984514687e-09 -1.3525152553484077e-08
228 4.4433593750000000e-01 -6.7626615418703295e-09 -6.7626615418703295e-09 -1.3525323083740659e-08
229 4.4628906250000000e-01 -6.7627183852891903e-09 -6.7626615418703295e-09 -1.3525379927159520e-08
230 4.4824218750000000e-01 -6.7626615418703295e-09 -6.7626615418703295e-09 -1.3525323083740659e-08
231 4.5019531250000000e-01 -6.7627752287080511e-09 -6.7627752287080511e-09 -1.3525550457416102e-08
232 4.5214843750000000e-01 -6.7627752287080511e-09 -6.7627752287080511e-09 -1.3525550457416102e-08
233 4.5410156250000000e-01 -6.7628320721269120e-09 -6.7627752287080511e-09 -1.3525607300834963e-08
234 4.5605468750000000e-01 -6.7627752287080511e-09 -6.7628320721269120e-09 -1.3525607300834963e-08
235 4.5800781250000000e-01 -6.7628889155457728e-09 -6.7628889155457728e-09 -1.3525777831091546e-08
236 4.5996093750000000e-01 -6.7628889155457728e-09 -6.7628889155457728e-09 -1.3525777831091546e-08
237 4.6191406250000000e-01 -6.7628889155457728e-09 -6.7629457589646336e-09 -1.3525834674510406e-08
238 4.6386718750000000e-01 -6.7629457589646336e-09 -6.7629457589646336e-09 -1.3525891517929267e-08
239 4.6582031250000000e-01 -6.7629457589646336e-09 -6.7629457589646336e-09 -1.3525891517929267e-08
240 4.6777343750000000e-01 -6.7630026023834944e-09 -6.7630026023834944e-09 -1.3526005204766989e-08
241 4.6972656250000000e-01 -6.7630026023834944e-09 -6.7629457589646336e-09 -1.3525948361348128e-08
242 4.7167968750000000e-01 -6.7630026023834944e-09 -6.7630026023834944e-09 -1.3526005204766989e-08
243 4.7363281250000000e-01 -6.7630026023834944e-09 -6.7630594458023552e-09 -1.3526062048185850e-08
244 4.7558593750000000e-01 -6.7631162892212160e-09 -6.7631162892212160e-09 -1.3526232578442432e-08
245 4.7753906250000000e-01 -6.7630026023834944e-09 -6.7630594458023552e-09 -1.3526062048185850e-08
246 4.7949218750000000e-01 -6.7630594458023552e-09 -6.7630594458023552e-09 -1.3526118891604710e-08
247 4.8144531250000000e-01 -6.7630594458023552e-09 -6.7630594458023552e-09 -1.3526118891604710e-08
248 4.8339843750000000e-01 -6.7630594458023552e-09 -6.7630594458023552e-09 -1.3526118891604710e-08
249 4.8535156250000000e-01 -6.7631162892212160e-09 -6.7631162892212160e-09 -1.3526232578442432e-08
250 4.8730468750000000e-01 -6.7630594458023552e-09 -6.7631162892212160e-09 -1.3526175735023571e-08
251 4.8925781250000000e-01 -6.7631162892212160e-09 -6.7631162892212160e-09 -1.3526232578442432e-08
252 4.9121093750000000e-01 -6.7631731326400768e-09 -6.7631731326400768e-09 -1.3526346265280154e-08
253 4.9316406250000000e-01 -6.7631162892212160e-09 -6.7630594458023552e-09 -1.3526175735023571e-08
254 4.9511718750000000e-01 -6.7631731326400768e-09 -6.7631731326400768e-09 -1.3526346265280154e-08
255 4.9707031250000000e-01 -6.7631162892212160e-09 -6.7631731326400768e-09 -1.3526289421861293e-08
256 4.9902343750000000e-01 -6.7631731326400768e-09 -6.7631731326400768e-09 -1.3526346265280154e-08
257 5.0097656250000000e-01 -6.7631731326400768e-09 -6.7631731326400768e-09 -1.3526346265280154e-08
258 5.0292968750000000e-01 -6.7631162892212160e-09 -6.7631731326400768e-09 -1.3526289421861293e-08
259 5.0488281250000000e-01 -6.7631731326400768e-09 -6.7631731326400768e-09 -1.3526346265280154e-08
260 5.0683593750000000e-01 -6.7631162892212160e-09 -6.7630594458023552e-09 -1.3526175735023571e-08
261 5.0878906250000000e-01 -6.7631731326400768e-09 -6.7631731326400768e-09 -1.3526346265280154e-08
262 5.1074218750000000e-01 -6.7631731326400768e-09 -6.7631731326400768e-09 -1.3526346265280154e-08
263 5.1269531250000000e-01 -6.7630594458023552e-09 -6.7631162892212160e-09 -1.3526175735023571e-08
264 5.1464843750000000e-01 -6.7631162892212160e-09 -6.7631162892212160e-09 -1.3526232578442432e-08
265 5.1660156250000000e-01 -6.7630594458023552e-09 -6.7630594458023552e-09 -1.3526118891604710e-08
266 5.1855468750000000e-01 -6.7630594458023552e-09 -6.7630594458023552e-09 -1.3526118891604710e-08
267 5.2050781250000000e-01 -6.7630594458023552e-09 -6.7630594458023552e-09 -1.3526118891604710e-08
268 5.2246093750000000e-01 -6.7630026023834944e-09 -6.7630594458023552e-09 -1.3526062048185850e-08
269 5.2441406250000000e-01 -6.7631162892212160e-09 -6.7631162892212160e-09 -1.3526232578442432e-08
270 5.2636718750000000e-01 -6.7630026023834944e-09 -6.7630594458023552e-09 -1.3526062048185850e-08
271 5.2832031250000000e-01 -6.7630026023834944e-09 -6.7630026023834944e-09 -1.3526005204766989e-08
272 5.3027343750000000e-01 -6.7630026023834944e-09 -6.7629457589646336e-09 -1.3525948361348128e-08
273 5.3222656250000000e-01 -6.7630026023834944e-09 -6.7630026023834944e-09 -1.3526005204766989e-08
274 5.3417968750000000e-01 -6.7629457589646336e-09 -6.7629457589646336e-09 -1.3525891517929267e-08
275 5.3613281250000000e-01 -6.7629457589646336e-09 -6.7629457589646336e-09 -1.3525891517929267e-08
276 5.3808593750000000e-01 -6.7628889155457728e-09 -6.7629457589646336e-09 -1.3525834674510406e-08
277 5.4003906250000000e-01 -6.7628889155457728e-09 -6.7628889155457728e-09 -1.3525777831091546e-08
278 5.4199218750000000e-01 -6.7628889155457728e-09 -6.7628889155457728e-09 -1.3525777831091546e-08
279 5.4394531250000000e-01 -6.7627752287080511e-09 -6.7628320721269120e-09 -1.3525607300834963e-08
280 5.4589843750000000e-01 -6.7628320721269120e-09 -6.7628320721269120e-09 -1.3525664144253824e-08
281 5.4785156250000000e-01 -6.7627752287080511e-09 -6.7627752287080511e-09 -1.3525550457416102e-08
282 5.4980468750000000e-01 -6.7627752287080511e-09 -6.7627183852891903e-09 -1.3525493613997241e-08
283 5.5175781250000000e-01 -6.7626615418703295e-09 -6.7626615418703295e-09 -1.3525323083740659e-08
284 5.5371093750000000e-01 -6.7627183852891903e-09 -6.7626615418703295e-09 -1.3525379927159520e-08
285 5.5566406250000000e-01 -6.7626615418703295e-09 -6.7626615418703295e-09 -1.3525323083740659e-08
286 5.5761718750000000e-01 -6.7625478550326079e-09 -6.7626046984514687e-09 -1.3525152553484077e-08
287 5.5957031250000000e-01 -6.7625478550326079e-09 -6.7625478550326079e-09 -1.3525095710065216e-08
288 5.6152343750000000e-01 -6.7624910116137471e-09 -6.7624910116137471e-09 -1.3524982023227494e-08
289 5.6347656250000000e-01 -6.7624341681948863e-09 -6.7624341681948863e-09 -1.3524868336389773e-08
290 5.6542968750000000e-01 -6.7623773247760255e-09 -6.7624341681948863e-09 -1.3524811492970912e-08
291 5.6738281250000000e-01 -6.7623773247760255e-09 -6.7623773247760255e-09 -1.3524754649552051e-08
292 5.6933593750000000e-01 -6.7623773247760255e-09 -6.7623773247760255e-09 -1.3524754649552051e-08
293 5.7128906250000000e-01 -6.7623204813571647e-09 -6.7623204813571647e-09 -1.3524640962714329e-08
294 5.7324218750000000e-01 -6.7622636379383039e-09 -6.7622636379383039e-09 -1.3524527275876608e-08
295 5.7519531250000000e-01 -6.7622067945194431e-09 -6.7622067945194431e-09 -1.3524413589038886e-08
296 5.7714843750000000e-01 -6.7622067945194431e-09 -6.7622067945194431e-09 -1.3524413589038886e-08
297 5.7910156250000000e-01 -6.7620362642628606e-09 -6.7620931076817214e-09 -1.3524129371944582e-08
298 5.8105468750000000e-01 -6.7620362642628606e-09 -6.7620931076817214e-09 -1.3524129371944582e-08
299 5.8300781250000000e-01 -6.7619794208439998e-09 -6.7619794208439998e-09 -1.3523958841688000e-08
300 5.8496093750000000e-01 -6.7618657340062782e-09 -6.7618657340062782e-09 -1.3523731468012556e-08
301 5.8691406250000000e-01 -6.7618657340062782e-09 -6.7618657340062782e-09 -1.3523731468012556e-08
302 5.8886718750000000e-01 -6.7617520471685566e-09 -6.7617520471685566e-09 -1.3523504094337113e-08
303 5.9082031250000000e-01 -6.7617520471685566e-09 -6.7617520471685566e-09 -1.3523504094337113e-08
304 5.9277343750000000e-01 -6.7616383603308350e-09 -6.7616952037496958e-09 -1.3523333564080531e-08
305 5.9472656250000000e-01 -6.7617520471685566e-09 -6.7616952037496958e-09 -1.3523447250918252e-08
306 5.9667968750000000e-01 -6.7615815169119742e-09 -6.7615815169119742e-09 -1.3523163033823948e-08
307 5.9863281250000000e-01 -6.7615246734931134e-09 -6.7615246734931134e-09 -1.3523049346986227e-08
308 6.0058593750000000e-01 -6.7614109866553918e-09 -6.7614109866553918e-09 -1.3522821973310784e-08
309 6.0253906250000000e-01 -6.7614109866553918e-09 -6.7613541432365309e-09 -1.3522765129891923e-08
310 6.0449218750000000e-01 -6.7613541432365309e-09 -6.7612972998176701e-09 -1.3522651443054201e-08
311 6.0644531250000000e-01 -6.7612972998176701e-09 -6.7612972998176701e-09 -1.3522594599635340e-08
312 6.0839843750000000e-01 -6.7611267695610877e-09 -6.7611836129799485e-09 -1.3522310382541036e-08
313 6.1035156250000000e-01 -6.7610983478516573e-09 -6.7610699261422269e-09 -1.3522168273993884e-08
314 6.1230468750000000e-01 -6.7610415044327965e-09 -6.7610983478516573e-09 -1.3522139852284454e-08
315 6.1425781250000000e-01 -6.7609846610139357e-09 -6.7609846610139357e-09 -1.3521969322027871e-08
316 6.1621093750000000e-01 -6.7608709741762141e-09 -6.7608709741762141e-09 -1.3521741948352428e-08
317 6.1816406250000000e-01 -6.7608141307573533e-09 -6.7608141307573533e-09 -1.3521628261514707e-08
318 6.2011718750000000e-01 -6.7607572873384925e-09 -6.7607288656290621e-09 -1.3521486152967555e-08
319 6.2207031250000000e-01 -6.7606720222102012e-09 -6.7606720222102012e-09 -1.3521344044420402e-08
320 6.2402343750000000e-01 -6.7605867570819100e-09 -6.7606151787913404e-09 -1.3521201935873250e-08
321 6.2597656250000000e-01 -6.7605014919536188e-09 -6.7605299136630492e-09 -1.3521031405616668e-08
322 6.2792968750000000e-01 -6.7603593834064668e-09 -6.7603878051158972e-09 -1.3520747188522364e-08
323 6.2988281250000000e-01 -6.7603593834064668e-09 -6.7603593834064668e-09 -1.3520718766812934e-08
324 6.3183593750000000e-01 -6.7602456965687452e-09 -6.7602172748593148e-09 -1.3520462971428060e-08
325 6.3378906250000000e-01 -6.7601604314404540e-09 -6.7601604314404540e-09 -1.3520320862880908e-08
326 6.3574218750000000e-01 -6.7601035880215932e-09 -6.7600751663121628e-09 -1.3520178754333756e-08
327 6.3769531250000000e-01 -6.7600183228933020e-09 -6.7600183228933020e-09 -1.3520036645786604e-08
328 6.3964843750000000e-01 -6.7599330577650107e-09 -6.7599046360555803e-09 -1.3519837693820591e-08
329 6.4160156250000000e-01 -6.7598193709272891e-09 -6.7598193709272891e-09 -1.3519638741854578e-08
330 6.4355468750000000e-01 -6.7597341057989979e-09 -6.7597341057989979e-09 -1.3519468211597996e-08
331 6.4550781250000000e-01 -6.7596772623801371e-09 -6.7596488406707067e-09 -1.3519326103050844e-08
332 6.4746093750000000e-01 -6.7595067321235547e-09 -6.7595067321235547e-09 -1.3519013464247109e-08
333 6.4941406250000000e-01 -6.7594498887046939e-09 -6.7594783104141243e-09 -1.3518928199118818e-08
334 6.5136718750000000e-01 -6.7593646235764027e-09 -6.7593930452858331e-09 -1.3518757668862236e-08
335 6.5332031250000000e-01 -6.7592509367386810e-09 -6.7592509367386810e-09 -1.3518501873477362e-08
336 6.5527343750000000e-01 -6.7592509367386810e-09 -6.7592509367386810e-09 -1.3518501873477362e-08
337 6.5722656250000000e-01 -6.7591088281915290e-09 -6.7591372499009594e-09 -1.3518246078092488e-08
338 6.5917968750000000e-01 -6.7589951413538074e-09 -6.7589951413538074e-09 -1.3517990282707615e-08
339 6.6113281250000000e-01 -6.7589382979349466e-09 -6.7589667196443770e-09 -1.3517905017579324e-08
340 6.6308593750000000e-01 -6.7587961893877946e-09 -6.7587961893877946e-09 -1.3517592378775589e-08
341 6.6503906250000000e-01 -6.7587393459689338e-09 -6.7587109242595034e-09 -1.3517450270228437e-08
342 6.6699218750000000e-01 -6.7585972374217818e-09 -6.7585972374217818e-09 -1.3517194474843564e-08
343 6.6894531250000000e-01 -6.7585119722934905e-09 -6.7584835505840601e-09 -1.3516995522877551e-08
344 6.7089843750000000e-01 -6.7583982854557689e-09 -6.7583982854557689e-09 -1.3516796570911538e-08
345 6.7285156250000000e-01 -6.7582845986180473e-09 -6.7582845986180473e-09 -1.3516569197236095e-08
346 6.7480468750000000e-01 -6.7581709117803257e-09 -6.7581709117803257e-09 -1.3516341823560651e-08
347 6.7675781250000000e-01 -6.7580572249426041e-09 -6.7580856466520345e-09 -1.3516142871594639e-08
348 6.7871093750000000e-01 -6.7580003815237433e-09 -6.7580288032331737e-09 -1.3516029184756917e-08
349 6.8066406250000000e-01 -6.7578866946860217e-09 -6.7579151163954521e-09 -1.3515801811081474e-08
350 6.8261718750000000e-01 -6.7577730078483000e-09 -6.7577730078483000e-09 -1.3515546015696600e-08
351 6.8457031250000000e-01 -6.7576593210105784e-09 -6.7576593210105784e-09 -1.3515318642021157e-08
352 6.8652343750000000e-01 -6.7575456341728568e-09 -6.7575456341728568e-09 -1.3515091268345714e-08
353 6.8847656250000000e-01 -6.7574035256257048e-09 -6.7574319473351352e-09 -1.3514835472960840e-08
354 6.9042968750000000e-01 -6.7573466822068440e-09 -6.7573466822068440e-09 -1.3514693364413688e-08
355 6.9238281250000000e-01 -6.7572329953691224e-09 -6.7572614170785528e-09 -1.3514494412447675e-08
356 6.9433593750000000e-01 -6.7570908868219703e-09 -6.7571193085314007e-09 -1.3514210195353371e-08
357 6.9628906250000000e-01 -6.7570340434031095e-09 -6.7570340434031095e-09 -1.3514068086806219e-08
358 6.9824218750000000e-01 -6.7568919348559575e-09 -6.7568919348559575e-09 -1.3513783869711915e-08
359 7.0019531250000000e-01 -6.7567214045993751e-09 -6.7567214045993751e-09 -1.3513442809198750e-08
360 7.0214843750000000e-01 -6.7566361394710839e-09 -6.7566361394710839e-09 -1.3513272278942168e-08
361 7.0410156250000000e-01 -6.7565224526333623e-09 -6.7565224526333623e-09 -1.3513044905266725e-08
362 7.0605468750000000e-01 -6.7564371875050711e-09 -6.7564087657956406e-09 -1.3512845953300712e-08
363 7.0800781250000000e-01 -6.7563235006673494e-09 -6.7563235006673494e-09 -1.3512647001334699e-08
364 7.0996093750000000e-01 -6.7562382355390582e-09 -6.7562098138296278e-09 -1.3512448049368686e-08
365 7.1191406250000000e-01 -6.7561529704107670e-09 -6.7561245487013366e-09 -1.3512277519112104e-08
366 7.1386718750000000e-01 -6.7559824401541846e-09 -6.7559824401541846e-09 -1.3511964880308369e-08
367 7.1582031250000000e-01 -6.7559255967353238e-09 -6.7558687533164630e-09 -1.3511794350051787e-08
368 7.1777343750000000e-01 -6.7556698013504501e-09 -6.7556982230598805e-09 -1.3511368024410331e-08
369 7.1972656250000000e-01 -6.7555845362221589e-09 -6.7556129579315893e-09 -1.3511197494153748e-08
370 7.2167968750000000e-01 -6.7554992710938677e-09 -6.7555276928032981e-09 -1.3511026963897166e-08
371 7.2363281250000000e-01 -6.7553571625467157e-09 -6.7553571625467157e-09 -1.3510714325093431e-08
372 7.2558593750000000e-01 -6.7552718974184245e-09 -6.7553003191278549e-09 -1.3510572216546279e-08
373 7.2753906250000000e-01 -6.7551297888712725e-09 -6.7551297888712725e-09 -1.3510259577742545e-08
374 7.2949218750000000e-01 -6.7550445237429813e-09 -6.7550445237429813e-09 -1.3510089047485963e-08
375 7.3144531250000000e-01 -6.7549024151958292e-09 -6.7549024151958292e-09 -1.3509804830391658e-08
376 7.3339843750000000e-01 -6.7547318849392468e-09 -6.7547318849392468e-09 -1.3509463769878494e-08
377 7.3535156250000000e-01 -6.7546750415203860e-09 -6.7546466198109556e-09 -1.3509321661331342e-08
378 7.3730468750000000e-01 -6.7545045112638036e-09 -6.7545045112638036e-09 -1.3509009022527607e-08
379 7.3925781250000000e-01 -6.7543908244260820e-09 -6.7544192461355124e-09 -1.3508810070561594e-08
380 7.4121093750000000e-01 -6.7542771375883603e-09 -6.7542771375883603e-09 -1.3508554275176721e-08
381 7.4316406250000000e-01 -6.7541350290412083e-09 -6.7541634507506387e-09 -1.3508298479791847e-08
382 7.4511718750000000e-01 -6.7539929204940563e-09 -6.7539929204940563e-09 -1.3507985840988113e-08
383 7.4707031250000000e-01 -6.7538792336563347e-09 -6.7538792336563347e-09 -1.3507758467312669e-08
384 7.4902343750000000e-01 -6.7537655468186131e-09 -6.7537655468186131e-09 -1.3507531093637226e-08
385 7.5097656250000000e-01 -6.7536518599808915e-09 -6.7536518599808915e-09 -1.3507303719961783e-08
386 7.5292968750000000e-01 -6.7535097514337394e-09 -6.7535097514337394e-09 -1.3507019502867479e-08
387 7.5488281250000000e-01 -6.7534244863054482e-09 -6.7533960645960178e-09 -1.3506820550901466e-08
388 7.5683593750000000e-01 -6.7532823777582962e-09 -6.7532823777582962e-09 -1.3506564755516592e-08
389 7.5878906250000000e-01 -6.7531686909205746e-09 -6.7531686909205746e-09 -1.3506337381841149e-08
390 7.6074218750000000e-01 -6.7529981606639922e-09 -6.7530265823734226e-09 -1.3506024743037415e-08
391 7.6269531250000000e-01 -6.7528844738262706e-09 -6.7528844738262706e-09 -1.3505768947652541e-08
392 7.6464843750000000e-01 -6.7527707869885489e-09 -6.7527423652791185e-09 -1.3505513152267667e-08
393 7.6660156250000000e-01 -6.7526002567319665e-09 -6.7526002567319665e-09 -1.3505200513463933e-08
394 7.6855468750000000e-01 -6.7524865698942449e-09 -6.7524865698942449e-09 -1.3504973139788490e-08
395 7.7050781250000000e-01 -6.7523444613470929e-09 -6.7523444613470929e-09 -1.3504688922694186e-08
396 7.7246093750000000e-01 -6.7522307745093713e-09 -6.7522307745093713e-09 -1.3504461549018743e-08
397 7.7441406250000000e-01 -6.7521170876716496e-09 -6.7521170876716496e-09 -1.3504234175343299e-08
398 7.7636718750000000e-01 -6.7519749791244976e-09 -6.7519749791244976e-09 -1.3503949958248995e-08
399 7.7832031250000000e-01 -6.7518328705773456e-09 -6.7518612922867760e-09 -1.3503694162864122e-08
400 7.8027343750000000e-01 -6.7517191837396240e-09 -6.7517476054490544e-09 -1.3503466789188678e-08
401 7.8222656250000000e-01 -6.7515770751924720e-09 -6.7515486534830416e-09 -1.3503125728675514e-08
402 7.8417968750000000e-01 -6.7514633883547504e-09 -6.7514349666453199e-09 -1.3502898355000070e-08
403 7.8613281250000000e-01 -6.7513212798075983e-09 -6.7513354906623135e-09 -1.3502656770469912e-08
404 7.8808593750000000e-01 -6.7511933821151615e-09 -6.7511933821151615e-09 -1.3502386764230323e-08
405 7.9003906250000000e-01 -6.7510512735680095e-09 -6.7510654844227247e-09 -1.3502116757990734e-08
406 7.9199218750000000e-01 -6.7509233758755727e-09 -6.7509517975850031e-09 -1.3501875173460576e-08
407 7.9394531250000000e-01 -6.7508381107472815e-09 -6.7508238998925663e-09 -1.3501662010639848e-08
408 7.9589843750000000e-01 -6.7507102130548446e-09 -6.7506960022001294e-09 -1.3501406215254974e-08
409 7.9785156250000000e-01 -6.7505396827982622e-09 -6.7505396827982622e-09 -1.3501079365596524e-08
410 7.9980468750000000e-01 -6.7504259959605406e-09 -6.7504259959605406e-09 -1.3500851991921081e-08
411 8.0175781250000000e-01 -6.7502980982681038e-09 -6.7502838874133886e-09 -1.3500581985681492e-08
412 8.0371093750000000e-01 -6.7501702005756670e-09 -6.7501844114303822e-09 -1.3500354612006049e-08
413 8.0566406250000000e-01 -6.7500565137379454e-09 -6.7500423028832301e-09 -1.3500098816621176e-08
414 8.0761718750000000e-01 -6.7499001943360781e-09 -6.7499001943360781e-09 -1.3499800388672156e-08
415 8.0957031250000000e-01 -6.7497865074983565e-09 -6.7497722966436413e-09 -1.3499558804141998e-08
416 8.1152343750000000e-01 -6.7496586098059197e-09 -6.7496586098059197e-09 -1.3499317219611839e-08
417 8.1347656250000000e-01 -6.7495022904040525e-09 -6.7495165012587677e-09 -1.3499018791662820e-08
418 8.1542968750000000e-01 -6.7494170252757613e-09 -6.7494028144210461e-09 -1.3498819839696807e-08
419 8.1738281250000000e-01 -6.7492749167286092e-09 -6.7492749167286092e-09 -1.3498549833457218e-08
420 8.1933593750000000e-01 -6.7491470190361724e-09 -6.7491470190361724e-09 -1.3498294038072345e-08
421 8.2128906250000000e-01 -6.7490191213437356e-09 -6.7490191213437356e-09 -1.3498038242687471e-08
422 8.2324218750000000e-01 -6.7488628019418684e-09 -6.7488628019418684e-09 -1.3497725603883737e-08
423 8.2519531250000000e-01 -6.7487491151041468e-09 -6.7487491151041468e-09 -1.3497498230208294e-08
424 8.2714843750000000e-01 -6.7486354282664252e-09 -6.7486354282664252e-09 -1.3497270856532850e-08
425 8.2910156250000000e-01 -6.7485075305739883e-09 -6.7485075305739883e-09 -1.3497015061147977e-08
426 8.3105468750000000e-01 -6.7483654220268363e-09 -6.7483512111721211e-09 -1.3496716633198957e-08
427 8.3300781250000000e-01 -6.7482375243343995e-09 -6.7482233134796843e-09 -1.3496460837814084e-08
428 8.3496093750000000e-01 -6.7480954157872475e-09 -6.7480954157872475e-09 -1.3496190831574495e-08
429 8.3691406250000000e-01 -6.7479959398042411e-09 -6.7479959398042411e-09 -1.3495991879608482e-08
430 8.3886718750000000e-01 -6.7478822529665194e-09 -6.7478822529665194e-09 -1.3495764505933039e-08
431 8.4082031250000000e-01 -6.7477401444193674e-09 -6.7477685661287978e-09 -1.3495508710548165e-08
432 8.4277343750000000e-01 -6.7476264575816458e-09 -6.7476264575816458e-09 -1.3495252915163292e-08
433 8.4472656250000000e-01 -6.7474985598892090e-09 -6.7474985598892090e-09 -1.3494997119778418e-08
434 8.4667968750000000e-01 -6.7473848730514874e-09 -6.7473990839062026e-09 -1.3494783956957690e-08
435 8.4863281250000000e-01 -6.7472569753590506e-09 -6.7472569753590506e-09 -1.3494513950718101e-08
436 8.5058593750000000e-01 -6.7471290776666137e-09 -6.7471432885213289e-09 -1.3494272366187943e-08
437 8.5253906250000000e-01 -6.7470438125383225e-09 -6.7470438125383225e-09 -1.3494087625076645e-08
438 8.5449218750000000e-01 -6.7468874931364553e-09 -6.7469017039911705e-09 -1.3493789197127626e-08
439 8.5644531250000000e-01 -6.7467880171534489e-09 -6.7467880171534489e-09 -1.3493576034306898e-08
440 8.5839843750000000e-01 -6.7466459086062969e-09 -6.7466601194610121e-09 -1.3493306028067309e-08
441 8.6035156250000000e-01 -6.7465322217685753e-09 -6.7465606434780057e-09 -1.3493092865246581e-08
442 8.6230468750000000e-01 -6.7464398512129264e-09 -6.7464398512129264e-09 -1.3492879702425853e-08
443 8.6425781250000000e-01 -6.7463332698025624e-09 -6.7463190589478472e-09 -1.3492652328750410e-08
444 8.6621093750000000e-01 -6.7462053721101256e-09 -6.7462053721101256e-09 -1.3492410744220251e-08
445 8.6816406250000000e-01 -6.7460916852724040e-09 -6.7460916852724040e-09 -1.3492183370544808e-08
446 8.7011718750000000e-01 -6.7459708930073248e-09 -6.7459708930073248e-09 -1.3491941786014650e-08
447 8.7207031250000000e-01 -6.7458643115969608e-09 -6.7458643115969608e-09 -1.3491728623193922e-08
448 8.7402343750000000e-01 -6.7457506247592391e-09 -6.7457506247592391e-09 -1.3491501249518478e-08
449 8.7597656250000000e-01 -6.7456440433488751e-09 -6.7456440433488751e-09 -1.3491288086697750e-08
450 8.7792968750000000e-01 -6.7455232510837959e-09 -6.7455303565111535e-09 -1.3491053607594949e-08
451 8.7988281250000000e-01 -6.7454166696734319e-09 -6.7454166696734319e-09 -1.3490833339346864e-08
452 8.8183593750000000e-01 -6.7453171936904255e-09 -6.7453171936904255e-09 -1.3490634387380851e-08
453 8.8378906250000000e-01 -6.7452106122800615e-09 -6.7452106122800615e-09 -1.3490421224560123e-08
454 8.8574218750000000e-01 -6.7451040308696975e-09 -6.7451040308696975e-09 -1.3490208061739395e-08
455 8.8769531250000000e-01 -6.7449974494593334e-09 -6.7449974494593334e-09 -1.3489994898918667e-08
456 8.8964843750000000e-01 -6.7448979734763270e-09 -6.7448908680489694e-09 -1.3489788841525296e-08
457 8.9160156250000000e-01 -6.7447913920659630e-09 -6.7447913920659630e-09 -1.3489582784131926e-08
458 8.9355468750000000e-01 -6.7446777052282414e-09 -6.7446777052282414e-09 -1.3489355410456483e-08
459 8.9550781250000000e-01 -6.7445924400999502e-09 -6.7445924400999502e-09 -1.3489184880199900e-08
460 8.9746093750000000e-01 -6.7444858586895862e-09 -6.7444858586895862e-09 -1.3488971717379172e-08
461 8.9941406250000000e-01 -6.7444005935612950e-09 -6.7444005935612950e-09 -1.3488801187122590e-08
462 9.0136718750000000e-01 -6.7442940121509309e-09 -6.7442940121509309e-09 -1.3488588024301862e-08
463 9.0332031250000000e-01 -6.7442087470226397e-09 -6.7442087470226397e-09 -1.3488417494045279e-08
464 9.0527343750000000e-01 -6.7441021656122757e-09 -6.7441021656122757e-09 -1.3488204331224551e-08
465 9.0722656250000000e-01 -6.7440097950566269e-09 -6.7440097950566269e-09 -1.3488019590113254e-08
466 9.0917968750000000e-01 -6.7439245299283357e-09 -6.7439209772146569e-09 -1.3487845507142993e-08
467 9.1113281250000000e-01 -6.7438250539453293e-09 -6.7438286066590081e-09 -1.3487653660604337e-08
468 9.1308593750000000e-01 -6.7437362361033593e-09 -6.7437362361033593e-09 -1.3487472472206719e-08
469 9.1503906250000000e-01 -6.7436545236887468e-09 -6.7436545236887468e-09 -1.3487309047377494e-08
470 9.1699218750000000e-01 -6.7435621531330980e-09 -6.7435621531330980e-09 -1.3487124306266196e-08
471 9.1894531250000000e-01 -6.7434804407184856e-09 -6.7434839934321644e-09 -1.3486964434150650e-08
472 9.2089843750000000e-01 -6.7433951755901944e-09 -6.7433951755901944e-09 -1.3486790351180389e-08
473 9.2285156250000000e-01 -6.7433134631755820e-09 -6.7433170158892608e-09 -1.3486630479064843e-08
474 9.2480468750000000e-01 -6.7432353034746484e-09 -6.7432353034746484e-09 -1.3486470606949297e-08
475 9.2675781250000000e-01 -6.7431571437737148e-09 -6.7431571437737148e-09 -1.3486314287547430e-08
476 9.2871093750000000e-01 -6.7430754313591024e-09 -6.7430754313591024e-09 -1.3486150862718205e-08
477 9.3066406250000000e-01 -6.7430043770855264e-09 -6.7430008243718476e-09 -1.3486005201457374e-08
478 9.3261718750000000e-01 -6.7429262173845927e-09 -6.7429262173845927e-09 -1.3485852434769185e-08
479 9.3457031250000000e-01 -6.7428551631110167e-09 -6.7428551631110167e-09 -1.3485710326222033e-08
480 9.3652343750000000e-01 -6.7427858851942801e-09 -6.7427841088374407e-09 -1.3485569994031721e-08
481 9.3847656250000000e-01 -6.7427166072775435e-09 -6.7427148309207041e-09 -1.3485431438198248e-08
482 9.4042968750000000e-01 -6.7426473293608069e-09 -6.7426491057176463e-09 -1.3485296435078453e-08
483 9.4238281250000000e-01 -6.7425833805145885e-09 -6.7425833805145885e-09 -1.3485166761029177e-08
484 9.4433593750000000e-01 -6.7425176553115307e-09 -6.7425176553115307e-09 -1.3485035310623061e-08
485 9.4628906250000000e-01 -6.7424590355358305e-09 -6.7424590355358305e-09 -1.3484918071071661e-08
486 9.4824218750000000e-01 -6.7423968630464515e-09 -6.7423968630464515e-09 -1.3484793726092903e-08
487 9.5019531250000000e-01 -6.7423382432707513e-09 -6.7423400196275907e-09 -1.3484678262898342e-08
488 9.5214843750000000e-01 -6.7422813998518905e-09 -6.7422813998518905e-09 -1.3484562799703781e-08
489 9.5410156250000000e-01 -6.7422263327898690e-09 -6.7422263327898690e-09 -1.3484452665579738e-08
490 9.5605468750000000e-01 -6.7421739302631067e-09 -6.7421748184415264e-09 -1.3484348748704633e-08
491 9.5800781250000000e-01 -6.7421241922716035e-09 -6.7421233040931838e-09 -1.3484247496364787e-08
492 9.5996093750000000e-01 -6.7420744542801003e-09 -6.7420744542801003e-09 -1.3484148908560201e-08
493 9.6191406250000000e-01 -6.7420291571806956e-09 -6.7420282690022759e-09 -1.3484057426182972e-08
494 9.6386718750000000e-01 -6.7419838600812909e-09 -6.7419829719028712e-09 -1.3483966831984162e-08
495 9.6582031250000000e-01 -6.7419412275171453e-09 -6.7419412275171453e-09 -1.3483882455034291e-08
496 9.6777343750000000e-01 -6.7419003713098391e-09 -6.7418994831314194e-09 -1.3483799854441259e-08
497 9.6972656250000000e-01 -6.7418621796377920e-09 -6.7418621796377920e-09 -1.3483724359275584e-08
498 9.7167968750000000e-01 -6.7418262084117941e-09 -6.7418262084117941e-09 -1.3483652416823588e-08
499 9.7363281250000000e-01 -6.7417920135426357e-09 -6.7417920135426357e-09 -1.3483584027085271e-08
500 9.7558593750000000e-01 -6.7417604832087363e-09 -6.7417604832087363e-09 -1.3483520966417473e-08
501 9.7753906250000000e-01 -6.7417302851424665e-09 -6.7417302851424665e-09 -1.3483460570284933e-08
502 9.7949218750000000e-01 -6.7417034177452706e-09 -6.7417034177452706e-09 -1.3483406835490541e-08
503 9.8144531250000000e-01 -6.7416785487495190e-09 -6.7416785487495190e-09 -1.3483357097499038e-08
504 9.8339843750000000e-01 -6.7416561222444216e-09 -6.7416563442890265e-09 -1.3483312466533448e-08
505 9.8535156250000000e-01 -6.7416360272076759e-09 -6.7416361382299783e-09 -1.3483272165437654e-08
506 9.8730468750000000e-01 -6.7416182636392818e-09 -6.7416182636392818e-09 -1.3483236527278564e-08
507 9.8925781250000000e-01 -6.7416031646061469e-09 -6.7416031646061469e-09 -1.3483206329212294e-08
508 9.9121093750000000e-01 -6.7415902860190613e-09 -6.7415903415302125e-09 -1.3483180627549274e-08
509 9.9316406250000000e-01 -6.7415800719672347e-09 -6.7415800442116591e-09 -1.3483160116178894e-08
510 9.9511718750000000e-01 -6.7415722587726989e-09 -6.7415722448949111e-09 -1.3483144503667610e-08
511 9.9707031250000000e-01 -6.7415670476633771e-09 -6.7415670546022710e-09 -1.3483134102265648e-08
512 9.9902343750000000e-01 -1.7552032946907389e-03 -1.7552032946907389e-03 -3.5104065893814779e-03
