# P x u_num u_exact u_err v_num v_exact v_err psi_num psi_exact psi_err
1 7.8125000000000000e-03 3.5715778942996489e-03 5.4367343766622214e-05 3.5172105505330265e-03 3.5715779184508625e-03 5.4367343766622214e-05 3.5172105746842401e-03 7.1431558127505110e-03 1.0873468753324443e-04 7.0344211252172661e-03
2 2.3437500000000000e-02 3.7860383792002348e-03 4.7401622649769040e-04 3.3120221527025446e-03 3.7860384084863041e-03 4.7401622649769040e-04 3.3120221819886138e-03 7.5720767876865389e-03 9.4803245299538081e-04 6.6240443346911584e-03
3 3.9062500000000000e-02 4.3893846279322354e-03 1.2749140427881882e-03 3.1144705851440472e-03 4.3893845599333276e-03 1.2749140427881882e-03 3.1144705171451395e-03 8.7787691878655622e-03 2.5498280855763764e-03 6.2289411022891858e-03
4 5.4687500000000000e-02 5.3428529568193923e-03 2.4182293833634244e-03 2.9246235734559679e-03 5.3428529585544072e-03 2.4182293833634244e-03 2.9246235751909828e-03 1.0685705915373800e-02 4.8364587667268488e-03 5.8492471486469508e-03
5 7.0312500000000000e-02 6.6089514698688557e-03 3.8664252192578651e-03 2.7425262506109906e-03 6.6089514775070869e-03 3.8664252192578651e-03 2.7425262582492218e-03 1.3217902947375942e-02 7.7328504385157301e-03 5.4850525088602116e-03
6 8.5937500000000000e-02 8.1514605221857418e-03 5.5832589018151319e-03 2.5682016203706099e-03 8.1514605294536451e-03 5.5832589018151319e-03 2.5682016276385132e-03 1.6302921051639385e-02 1.1166517803630264e-02 5.1364032480091214e-03
7 1.0156250000000000e-01 9.9354333806222338e-03 7.5337821626880038e-03 2.4016512179342300e-03 9.9354333871031660e-03 7.5337821626880038e-03 2.4016512244151621e-03 1.9870866767725398e-02 1.5067564325376008e-02 4.8033024423493904e-03
8 1.1718750000000000e-01 1.1927197074170221e-02 9.6843411138384135e-03 2.2428559603318073e-03 1.1927197079867263e-02 9.6843411138384135e-03 2.2428559660288491e-03 2.3854394154037485e-02 1.9368682227676827e-02 4.4857119263606582e-03
9 1.3281250000000000e-01 1.4094353424396440e-02 1.2002576247537455e-02 2.0917771768589853e-03 1.4094353429339741e-02 1.2002576247537455e-02 2.0917771818022863e-03 2.8188706853736180e-02 2.4005152495074910e-02 4.1835543586612699e-03
10 1.4843750000000000e-01 1.6405780244350455e-02 1.4457422436365374e-02 1.9483578079850811e-03 1.6405780248570395e-02 1.4457422436365374e-02 1.9483578122050215e-03 3.2811560492920847e-02 2.8914844872730747e-02 3.8967156201900992e-03
11 1.6406250000000000e-01 1.8831632692641504e-02 1.7019108933211572e-02 1.8125237594299320e-03 1.8831632696170730e-02 1.7019108933211572e-02 1.8125237629591576e-03 3.7663265388812234e-02 3.4038217866423144e-02 3.6250475223890896e-03
12 1.7968750000000000e-01 2.1343344767816345e-02 1.9659159371274614e-02 1.6841853965417312e-03 2.1343344770685450e-02 1.9659159371274614e-02 1.6841853994108355e-03 4.2686689538501799e-02 3.9318318742549228e-02 3.3683707959525702e-03
13 1.9531250000000000e-01 2.3913630926794743e-02 2.2350391764062210e-02 1.5632391627325333e-03 2.3913630929035208e-02 2.2350391764062210e-02 1.5632391649729981e-03 4.7827261855829951e-02 4.4700783528124420e-02 3.1264783277055314e-03
14 2.1093750000000000e-01 2.6516487809947187e-02 2.5066918505391240e-02 1.4495693045559477e-03 2.6516487811590793e-02 2.5066918505391240e-02 1.4495693061995531e-03 5.3032975621537984e-02 5.0133837010782480e-02 2.8991386107555042e-03
15 2.2656250000000000e-01 2.9127196054439228e-02 2.7784146369387728e-02 1.3430496850515006e-03 2.9127196055517918e-02 2.7784146369387728e-02 1.3430496861301898e-03 5.8254392109957143e-02 5.5568292738775456e-02 2.6860993711816869e-03
16 2.4218750000000000e-01 3.1722322176726062e-02 3.0478776510486864e-02 1.2435456662391979e-03 3.1722322177269988e-02 3.0478776510486864e-02 1.2435456667831239e-03 6.3444644353996049e-02 6.0957553020973727e-02 2.4870913330223218e-03
17 2.5781250000000000e-01 3.4279720504560018e-02 3.3128804463432984e-02 1.1509160411270342e-03 3.4279720504601513e-02 3.3128804463432984e-02 1.1509160411685287e-03 6.8559441009161531e-02 6.6257608926865968e-02 2.3018320822955629e-03
18 2.7343750000000000e-01 3.6778535138574563e-02 3.5713520143279588e-02 1.0650149952949745e-03 3.6778535138144768e-02 3.5713520143279588e-02 1.0650149948651794e-03 7.3557070276719330e-02 7.1427040286559176e-02 2.1300299901601538e-03
19 2.8906250000000000e-01 3.9199201923424569e-02 3.8213507845389336e-02 9.8569407803523329e-04 3.9199201922556874e-02 3.8213507845389336e-02 9.8569407716753848e-04 7.8398403845981443e-02 7.6427015690778671e-02 1.9713881552027718e-03
20 3.0468750000000000e-01 4.1523450408587896e-02 4.0610646245434034e-02 9.1280416315386165e-04 4.1523450407310078e-02 4.0610646245434034e-02 9.1280416187604352e-04 8.3046900815897967e-02 8.1221292490868069e-02 1.8256083250298982e-03
21 3.2031250000000000e-01 4.3734305779259526e-02 4.2888108399394650e-02 8.4619737986487559e-04 4.3734305777605106e-02 4.2888108399394650e-02 8.4619737821045593e-04 8.7468611556864639e-02 8.5776216798789301e-02 1.6923947580753385e-03
22 3.3593750000000000e-01 4.5816090738282397e-02 4.5030361743561308e-02 7.8572899472108965e-04 4.5816090736281900e-02 4.5030361743561308e-02 7.8572899272059266e-04 9.1632181474564298e-02 9.0060723487122615e-02 1.5714579874416823e-03
23 3.5156250000000000e-01 4.7754427320749665e-02 4.7023168094533288e-02 7.3125922621637696e-04 4.7754427318436009e-02 4.7023168094533288e-02 7.3125922390272075e-04 9.5508854639185681e-02 9.4046336189066576e-02 1.4625184501191046e-03
24 3.6718750000000000e-01 4.9536238623762031e-02 4.8853583649219025e-02 6.8265497454300661e-04 4.9536238621165275e-02 4.8853583649219025e-02 6.8265497194625047e-04 9.9072477244927307e-02 9.7707167298438050e-02 1.3653099464892571e-03
25 3.8281250000000000e-01 5.1149750434821034e-02 5.0509958984836109e-02 6.3979144998492499e-04 5.1149750431973076e-02 5.0509958984836109e-02 6.3979144713696701e-04 1.0229950086679411e-01 1.0101991796967222e-01 1.2795828971218920e-03
26 3.9843750000000000e-01 5.2584492743465230e-02 5.1981939058911297e-02 6.0255368455393310e-04 5.2584492740397150e-02 5.1981939058911297e-02 6.0255368148585259e-04 1.0516898548386239e-01 1.0396387811782259e-01 1.2051073660397926e-03
27 4.1406250000000000e-01 5.3831301121999534e-02 5.3260463209280497e-02 5.7083791271903689e-04 5.3831301118741487e-02 5.3260463209280497e-02 5.7083790946099028e-04 1.0766260224074102e-01 1.0652092641856099e-01 1.1416758221800272e-03
28 4.2968750000000000e-01 5.4882317962509579e-02 5.4337765154088759e-02 5.4455280842082010e-04 5.4882317959096288e-02 5.4337765154088759e-02 5.4455280500752962e-04 1.0976463592160587e-01 1.0867553030817752e-01 1.0891056134283567e-03
29 4.4531250000000000e-01 5.5730993558781847e-02 5.5207372991790307e-02 5.2362056699153947e-04 5.5730993555241783e-02 5.5207372991790307e-02 5.2362056345147540e-04 1.1146198711402364e-01 1.1041474598358061e-01 1.0472411304430218e-03
30 4.6093750000000000e-01 5.6372087023251985e-02 5.5864109201148510e-02 5.0797782210347531e-04 5.6372087019618856e-02 5.5864109201148510e-02 5.0797781847034679e-04 1.1274417404287085e-01 1.1172821840229702e-01 1.0159556405738290e-03
31 4.7656250000000000e-01 5.6801667030663382e-02 5.6304090641235913e-02 4.9757638942746901e-04 5.6801667026967165e-02 5.6304090641235913e-02 4.9757638573125207e-04 1.1360333405763054e-01 1.1260818128247183e-01 9.9515277515871414e-04
32 4.9218750000000000e-01 5.7017112381728498e-02 5.6524728551434186e-02 4.9238383029431149e-04 5.7017112378001444e-02 5.6524728551434186e-02 4.9238382656725810e-04 1.1403422475972994e-01 1.1304945710286837e-01 9.8476765686156265e-04
33 5.0781250000000000e-01 5.7017112381728491e-02 5.6524728551434186e-02 4.9238383029430455e-04 5.7017112378001215e-02 5.6524728551434186e-02 4.9238382656702911e-04 1.1403422475972971e-01 1.1304945710286837e-01 9.8476765686134060e-04
34 5.2343750000000000e-01 5.6801667030663403e-02 5.6304090641235913e-02 4.9757638942748983e-04 5.6801667026967227e-02 5.6304090641235913e-02 4.9757638573131452e-04 1.1360333405763062e-01 1.1260818128247183e-01 9.9515277515879741e-04
35 5.3906250000000000e-01 5.6372087023251971e-02 5.5864109201148510e-02 5.0797782210346143e-04 5.6372087019618197e-02 5.5864109201148510e-02 5.0797781846968759e-04 1.1274417404287017e-01 1.1172821840229702e-01 1.0159556405731490e-03
36 5.5468750000000000e-01 5.5730993558781847e-02 5.5207372991790307e-02 5.2362056699153947e-04 5.5730993555242310e-02 5.5207372991790307e-02 5.2362056345200275e-04 1.1146198711402416e-01 1.1041474598358061e-01 1.0472411304435492e-03
37 5.7031250000000000e-01 5.4882317962509558e-02 5.4337765154088759e-02 5.4455280842079928e-04 5.4882317959096677e-02 5.4337765154088759e-02 5.4455280500791819e-04 1.0976463592160624e-01 1.0867553030817752e-01 1.0891056134287175e-03
38 5.8593750000000000e-01 5.3831301121999506e-02 5.3260463209280497e-02 5.7083791271900913e-04 5.3831301118742098e-02 5.3260463209280497e-02 5.7083790946160090e-04 1.0766260224074160e-01 1.0652092641856099e-01 1.1416758221806100e-03
39 6.0156250000000000e-01 5.2584492743465168e-02 5.1981939058911297e-02 6.0255368455387065e-04 5.2584492740397379e-02 5.1981939058911297e-02 6.0255368148608157e-04 1.0516898548386255e-01 1.0396387811782259e-01 1.2051073660399592e-03
40 6.1718750000000000e-01 5.1149750434820972e-02 5.0509958984836109e-02 6.3979144998486254e-04 5.1149750431973291e-02 5.0509958984836109e-02 6.3979144713718211e-04 1.0229950086679426e-01 1.0101991796967222e-01 1.2795828971220446e-03
41 6.3281250000000000e-01 4.9536238623761983e-02 4.8853583649219025e-02 6.8265497454295804e-04 4.9536238621164838e-02 4.8853583649219025e-02 6.8265497194581332e-04 9.9072477244926821e-02 9.7707167298438050e-02 1.3653099464887714e-03
42 6.4843750000000000e-01 4.7754427320749644e-02 4.7023168094533288e-02 7.3125922621635614e-04 4.7754427318434281e-02 4.7023168094533288e-02 7.3125922390099296e-04 9.5508854639183932e-02 9.4046336189066576e-02 1.4625184501173560e-03
43 6.6406250000000000e-01 4.5816090738282363e-02 4.5030361743561308e-02 7.8572899472105495e-04 4.5816090736282213e-02 4.5030361743561308e-02 7.8572899272090491e-04 9.1632181474564575e-02 9.0060723487122615e-02 1.5714579874419599e-03
44 6.7968750000000000e-01 4.3734305779259512e-02 4.2888108399394650e-02 8.4619737986486171e-04 4.3734305777605557e-02 4.2888108399394650e-02 8.4619737821090696e-04 8.7468611556865070e-02 8.5776216798789301e-02 1.6923947580757687e-03
45 6.9531250000000000e-01 4.1523450408587882e-02 4.0610646245434034e-02 9.1280416315384777e-04 4.1523450407310918e-02 4.0610646245434034e-02 9.1280416187688312e-04 8.3046900815898800e-02 8.1221292490868069e-02 1.8256083250307309e-03
46 7.1093750000000000e-01 3.9199201923424548e-02 3.8213507845389336e-02 9.8569407803521247e-04 3.9199201922555466e-02 3.8213507845389336e-02 9.8569407716612989e-04 7.8398403845980014e-02 7.6427015690778671e-02 1.9713881552013424e-03
47 7.2656250000000000e-01 3.6778535138574528e-02 3.5713520143279588e-02 1.0650149952949398e-03 3.6778535138145885e-02 3.5713520143279588e-02 1.0650149948662965e-03 7.3557070276720413e-02 7.1427040286559176e-02 2.1300299901612363e-03
48 7.4218750000000000e-01 3.4279720504559970e-02 3.3128804463432984e-02 1.1509160411269856e-03 3.4279720504602262e-02 3.3128804463432984e-02 1.1509160411692781e-03 6.8559441009162225e-02 6.6257608926865968e-02 2.3018320822962568e-03
49 7.5781250000000000e-01 3.1722322176725985e-02 3.0478776510486864e-02 1.2435456662391216e-03 3.1722322177271070e-02 3.0478776510486864e-02 1.2435456667842064e-03 6.3444644353997048e-02 6.0957553020973727e-02 2.4870913330233210e-03
50 7.7343750000000000e-01 2.9127196054439065e-02 2.7784146369387728e-02 1.3430496850513375e-03 2.9127196055517723e-02 2.7784146369387728e-02 1.3430496861299955e-03 5.8254392109956789e-02 5.5568292738775456e-02 2.6860993711813330e-03
51 7.8906250000000000e-01 2.6516487809947000e-02 2.5066918505391240e-02 1.4495693045557603e-03 2.6516487811591695e-02 2.5066918505391240e-02 1.4495693062004551e-03 5.3032975621538692e-02 5.0133837010782480e-02 2.8991386107562120e-03
52 8.0468750000000000e-01 2.3913630926794546e-02 2.2350391764062210e-02 1.5632391627323355e-03 2.3913630929035878e-02 2.2350391764062210e-02 1.5632391649736677e-03 4.7827261855830423e-02 4.4700783528124420e-02 3.1264783277060032e-03
53 8.2031250000000000e-01 2.1343344767816158e-02 1.9659159371274614e-02 1.6841853965415439e-03 2.1343344770685477e-02 1.9659159371274614e-02 1.6841853994108633e-03 4.2686689538501632e-02 3.9318318742549228e-02 3.3683707959524037e-03
54 8.3593750000000000e-01 1.8831632692641296e-02 1.7019108933211572e-02 1.8125237594297239e-03 1.8831632696170549e-02 1.7019108933211572e-02 1.8125237629589772e-03 3.7663265388811845e-02 3.4038217866423144e-02 3.6250475223887010e-03
55 8.5156250000000000e-01 1.6405780244350226e-02 1.4457422436365374e-02 1.9483578079848522e-03 1.6405780248570624e-02 1.4457422436365374e-02 1.9483578122052505e-03 3.2811560492920847e-02 2.8914844872730747e-02 3.8967156201900992e-03
56 8.6718750000000000e-01 1.4094353424396210e-02 1.2002576247537455e-02 2.0917771768587546e-03 1.4094353429339127e-02 1.2002576247537455e-02 2.0917771818016722e-03 2.8188706853735337e-02 2.4005152495074910e-02 4.1835543586604268e-03
57 8.8281250000000000e-01 1.1927197074169957e-02 9.6843411138384135e-03 2.2428559603315436e-03 1.1927197079866784e-02 9.6843411138384135e-03 2.2428559660283703e-03 2.3854394154036743e-02 1.9368682227676827e-02 4.4857119263599157e-03
58 8.9843750000000000e-01 9.9354333806219598e-03 7.5337821626880038e-03 2.4016512179339559e-03 9.9354333871029925e-03 7.5337821626880038e-03 2.4016512244149886e-03 1.9870866767724954e-02 1.5067564325376008e-02 4.8033024423489463e-03
59 9.1406250000000000e-01 8.1514605221854608e-03 5.5832589018151319e-03 2.5682016203703289e-03 8.1514605294532756e-03 5.5832589018151319e-03 2.5682016276381437e-03 1.6302921051638736e-02 1.1166517803630264e-02 5.1364032480084726e-03
60 9.2968750000000000e-01 6.6089514698685478e-03 3.8664252192578651e-03 2.7425262506106827e-03 6.6089514775065587e-03 3.8664252192578651e-03 2.7425262582486936e-03 1.3217902947375106e-02 7.7328504385157301e-03 5.4850525088593755e-03
61 9.4531250000000000e-01 5.3428529568190601e-03 2.4182293833634244e-03 2.9246235734556357e-03 5.3428529585541383e-03 2.4182293833634244e-03 2.9246235751907140e-03 1.0685705915373198e-02 4.8364587667268488e-03 5.8492471486463488e-03
62 9.6093750000000000e-01 4.3893846279318745e-03 1.2749140427881882e-03 3.1144705851436864e-03 4.3893845599329183e-03 1.2749140427881882e-03 3.1144705171447301e-03 8.7787691878647919e-03 2.5498280855763764e-03 6.2289411022884156e-03
63 9.7656250000000000e-01 3.7860383791998406e-03 4.7401622649769040e-04 3.3120221527021504e-03 3.7860384084859107e-03 4.7401622649769040e-04 3.3120221819882205e-03 7.5720767876857513e-03 9.4803245299538081e-04 6.6240443346903708e-03
64 9.9218750000000000e-01 3.5715778942992187e-03 5.4367343766622214e-05 3.5172105505325963e-03 3.5715779184505004e-03 5.4367343766622214e-05 3.5172105746838780e-03 7.1431558127497191e-03 1.0873468753324443e-04 7.0344211252164742e-03
