# P x u_num u_exact u_err v_num v_exact v_err psi_num psi_exact psi_err
1 1.9531250000000000e-03 9.1580726309194193e-04 3.4382108633139838e-06 9.1236905222862790e-04 9.1580745106934706e-04 3.4382108633139838e-06 9.1236924020603302e-04 1.8316147141612890e-03 6.8764217266279675e-06 1.8247382924346609e-03
2 5.8593750000000000e-03 9.2951427414838476e-04 3.0702149494312029e-05 8.9881212465407268e-04 9.2951396459261485e-04 3.0702149494312029e-05 8.9881181509830277e-04 1.8590282387409996e-03 6.1404298988624058e-05 1.7976239397523755e-03
3 9.7656250000000000e-03 9.6999307955419282e-04 8.4614859031253344e-05 8.8537822052293946e-04 9.6999249221263060e-04 8.4614859031253344e-05 8.8537763318137725e-04 1.9399855717668235e-03 1.6922971806250669e-04 1.7707558537043168e-03
4 1.3671875000000000e-02 1.0366069818073154e-03 1.6453926166572504e-04 8.7206772014159037e-04 1.0366065078039200e-03 1.6453926166572504e-04 8.7206724613819503e-04 2.0732134896112352e-03 3.2907852333145007e-04 1.7441349662797852e-03
5 1.7578125000000000e-02 1.1287243160575172e-03 2.6984333576239686e-04 8.5888098029512027e-04 1.1287238635572458e-03 2.6984333576239686e-04 8.5888052779484886e-04 2.2574481796147627e-03 5.3968667152479372e-04 1.7177615080899689e-03
6 2.1484375000000000e-02 1.2457184501027767e-03 3.9990011585902118e-04 8.4581833424375553e-04 1.2457180096249038e-03 3.9990011585902118e-04 8.4581789376588260e-04 2.4914364597276805e-03 7.9980023171804236e-04 1.6916362280096381e-03
7 2.5390625000000000e-02 1.3869677844181392e-03 5.5408769266643298e-04 8.3288009175170620e-04 1.3869673551957016e-03 5.5408769266643298e-04 8.3287966252926866e-04 2.7739351396138408e-03 1.1081753853328660e-03 1.6657597542809749e-03
8 2.9296875000000000e-02 1.5518557522015517e-03 7.3178921306855005e-04 8.2006653913300163e-04 1.5518553341001017e-03 7.3178921306855005e-04 8.2006612103155169e-04 3.1037110863016536e-03 1.4635784261371001e-03 1.6401326601645535e-03
9 3.3203125000000000e-02 1.7397708194330415e-03 9.3239288012237265e-04 8.0737793931066882e-04 1.7397704123581282e-03 9.3239288012237265e-04 8.0737753223575554e-04 3.4795412317911696e-03 1.8647857602447453e-03 1.6147554715464244e-03
10 3.7109375000000000e-02 1.9501064849468534e-03 1.1552919530579838e-03 7.9481453188886956e-04 1.9501060888065115e-03 1.1552919530579838e-03 7.9481413574852768e-04 3.9002125737533648e-03 2.3105839061159676e-03 1.5896286676373972e-03
11 4.1015625000000000e-02 2.1822612805165046e-03 1.3998847472785488e-03 7.8237653323795574e-04 2.1822608952190500e-03 1.3998847472785488e-03 7.8237614794050120e-04 4.3645221757355546e-03 2.7997694945570977e-03 1.5647526811784569e-03
12 4.4921875000000000e-02 2.4356387709526528e-03 1.6655746343603162e-03 7.7006413659233661e-04 2.4356383964058465e-03 1.6655746343603162e-03 7.7006376204553028e-04 4.8712771673584988e-03 3.3311492687206324e-03 1.5401278986378665e-03
13 4.8828125000000000e-02 2.7096475542137326e-03 1.9517700420526168e-03 7.5787751216111572e-04 2.7096471903262417e-03 1.9517700420526168e-03 7.5787714827362483e-04 5.4192947445399747e-03 3.9035400841052337e-03 1.5157546604347410e-03
14 5.2734375000000000e-02 3.0037012615292693e-03 2.2578844542778644e-03 7.4581680725140488e-04 3.0037009082087007e-03 2.2578844542778644e-03 7.4581645393083634e-04 6.0074021697379704e-03 4.5157689085557288e-03 1.4916332611822417e-03
15 5.6640625000000000e-02 3.3172185575357708e-03 2.5833364111315545e-03 7.3388214640421638e-04 3.3172182146907099e-03 2.5833364111315545e-03 7.3388180355915544e-04 6.6344367722264812e-03 5.1666728222631089e-03 1.4677639499633723e-03
16 6.0546875000000000e-02 3.6496231404251193e-03 2.9275495088822664e-03 7.2207363154285290e-04 3.6496228079629161e-03 2.9275495088822664e-03 7.2207329908064973e-04 7.2992459483880359e-03 5.8550990177645328e-03 1.4441469306235031e-03
17 6.4453125000000000e-02 4.0003437421053207e-03 3.2899523999716618e-03 7.1039134213365896e-04 4.0003434199350780e-03 3.2899523999716618e-03 7.1039101996341622e-04 8.0006871620403978e-03 6.5799047999433235e-03 1.4207823620970743e-03
18 6.8359375000000000e-02 4.3688141283735353e-03 3.6699787930144839e-03 6.9883533535905137e-04 4.3688138164024995e-03 3.6699787930144839e-03 6.9883502338801556e-04 8.7376279447760347e-03 7.3399575860289678e-03 1.3976703587470669e-03
19 7.2265625000000000e-02 4.7544730991012415e-03 4.0670674527985605e-03 6.8740564630268095e-04 4.7544727972384532e-03 4.0670674527985605e-03 6.8740534443989271e-04 9.5089458963396947e-03 8.1341349055971211e-03 1.3748109907425737e-03
20 7.6171875000000000e-02 5.1567644884314319e-03 4.4806622002847999e-03 6.7610228814663203e-04 5.1567641965841503e-03 4.4806622002847999e-03 6.7610199629935044e-04 1.0313528685015581e-02 8.9613244005695997e-03 1.3522042844459816e-03
21 8.0078125000000000e-02 5.5751371649876078e-03 4.9102119126071949e-03 6.6492525238041281e-04 5.5751368830643184e-03 4.9102119126071949e-03 6.6492497045712341e-04 1.1150274048051925e-02 9.8204238252143899e-03 1.3298502228375354e-03
22 8.3984375000000000e-02 6.0090450320945841e-03 5.3551705230728205e-03 6.5387450902176358e-04 6.0090447600029059e-03 5.3551705230728205e-03 6.5387423693008540e-04 1.2018089792097491e-02 1.0710341046145641e-02 1.3077487459518498e-03
23 8.7890625000000000e-02 6.4579470280108154e-03 5.8149970211618324e-03 6.4295000684898296e-04 6.4579467656603841e-03 5.8149970211618324e-03 6.4294974449855165e-04 1.2915893793671199e-02 1.1629994042323665e-02 1.2858997513475346e-03
24 9.1796875000000000e-02 6.9213071261720865e-03 6.2891554525274724e-03 6.3215167364461412e-04 6.9213068734694065e-03 6.2891554525274724e-03 6.3215142094193415e-04 1.3842613999641493e-02 1.2578310905054945e-02 1.2643030945865483e-03
25 9.5703125000000000e-02 7.3985943354465599e-03 6.7771149189960623e-03 6.2147941645049765e-04 7.3985940922996381e-03 6.7771149189960623e-03 6.2147917330357579e-04 1.4797188427746199e-02 1.3554229837992125e-02 1.2429585897540743e-03
26 9.9609375000000000e-02 7.8892827004007210e-03 7.2783495785670067e-03 6.1093312183371426e-04 7.8892824667183715e-03 7.2783495785670067e-03 6.1093288815136475e-04 1.5778565167119091e-02 1.4556699157134013e-02 1.2218660099850773e-03
27 1.0351562500000000e-01 8.3928513015763401e-03 7.7923386454127946e-03 6.0051265616354547e-04 8.3928510772657144e-03 7.7923386454127946e-03 6.0051243185291984e-04 1.6785702378842055e-02 1.5584677290825589e-02 1.2010250880164653e-03
28 1.0742187500000000e-01 8.9087842557780197e-03 8.3185663898789949e-03 5.9021786589902488e-04 8.9087840407476963e-03 8.3185663898789949e-03 5.9021765086870147e-04 1.7817568296525716e-02 1.6637132779757990e-02 1.1804355167677263e-03
29 1.1132812500000000e-01 9.4365707163712696e-03 8.8565221384842626e-03 5.8004857788700702e-04 9.4365705105298597e-03 8.8565221384842626e-03 5.8004837204559713e-04 1.8873141226901129e-02 1.7713044276968525e-02 1.1600969499326041e-03
30 1.1523437500000000e-01 9.9757048735908873e-03 9.4057002739203338e-03 5.7000459967055349e-04 9.9757046768464835e-03 9.4057002739203338e-03 5.7000440292614973e-04 1.9951409550437373e-02 1.8811400547840668e-02 1.1400090025967050e-03
31 1.1914062500000000e-01 1.0525685954859317e-02 9.9656002350520245e-03 5.6008571980729199e-04 1.0525685767120502e-02 9.9656002350520245e-03 5.6008553206847791e-04 2.1051371721979819e-02 1.9931200470104049e-02 1.1201712518757699e-03
32 1.2304687500000000e-01 1.1086018225114957e-02 1.0535726516917237e-02 5.5029170819772058e-04 1.1086018046288356e-02 1.0535726516917237e-02 5.5029152937111948e-04 2.2172036271403316e-02 2.1071453033834474e-02 1.1005832375688418e-03
33 1.2695312500000000e-01 1.1656210987150067e-02 1.1115588670726956e-02 5.4062231642311095e-04 1.1656210817144991e-02 1.1115588670726956e-02 5.4062214641803497e-04 2.3312421804295057e-02 2.2231177341453912e-02 1.0812444628411459e-03
34 1.3085937500000000e-01 1.2235778581958052e-02 1.1704701303865247e-02 5.3107727809280532e-04 1.2235778420680216e-02 1.1704701303865247e-02 5.3107711681496875e-04 2.4471557002638269e-02 2.3409402607730494e-02 1.0621543949077758e-03
35 1.3476562500000000e-01 1.2824240389089898e-02 1.2302584079889258e-02 5.2165630920063960e-04 1.2824240236448967e-02 1.2302584079889258e-02 5.2165615655970846e-04 2.5648480625538865e-02 2.4605168159778517e-02 1.0433124657603481e-03
36 1.3867187500000000e-01 1.3421120827019687e-02 1.2908761718529223e-02 5.1235910849046357e-04 1.3421120682927539e-02 1.2908761718529223e-02 5.1235896439831563e-04 2.6842241509947226e-02 2.5817523437058447e-02 1.0247180728887792e-03
37 1.4257812500000000e-01 1.4025949353518466e-02 1.3522763995688454e-02 5.0318535783001189e-04 1.4025949217876069e-02 1.3522763995688454e-02 5.0318522218761527e-04 2.8051898571394535e-02 2.7045527991376907e-02 1.0063705800176272e-03
38 1.4648437500000000e-01 1.4638260466036940e-02 1.4144125743443351e-02 4.9413472259358937e-04 1.4638260338756579e-02 1.4144125743443351e-02 4.9413459531322777e-04 2.9276520804793517e-02 2.8288251486886701e-02 9.8826931790681541e-04
39 1.5039062500000000e-01 1.5257593702096011e-02 1.4772386850043388e-02 4.8520685205262308e-04 1.5257593583086445e-02 1.4772386850043388e-02 4.8520673304305699e-04 3.0515187285182457e-02 2.9544773700086777e-02 9.7041358509568007e-04
40 1.5429687500000000e-01 1.5883493639685432e-02 1.5407092259911133e-02 4.7640137977429838e-04 1.5883493528851416e-02 1.5407092259911133e-02 4.7640126894028280e-04 3.1766987168536848e-02 3.0814184519822267e-02 9.5280264871458117e-04
41 1.5820312500000000e-01 1.6515509897669974e-02 1.6047791973642228e-02 4.6771792402774612e-04 1.6515509794920592e-02 1.6047791973642228e-02 4.6771782127836420e-04 3.3031019692590563e-02 3.2095583947284456e-02 9.3543574530610685e-04
42 1.6210937500000000e-01 1.7153197136203148e-02 1.6694041048005401e-02 4.5915608819774648e-04 1.7153197041448329e-02 1.6694041048005401e-02 4.5915599344292790e-04 3.4306394177651481e-02 3.3388082096010803e-02 9.1831208164067785e-04
43 1.6601562500000000e-01 1.7796115057147770e-02 1.7345399595942463e-02 4.5071546120530742e-04 1.7796114970295030e-02 1.7345399595942463e-02 4.5071537435256714e-04 3.5592230027442801e-02 3.4690799191884926e-02 9.0143083555787457e-04
44 1.6992187500000000e-01 1.8443828404503610e-02 1.8001432786568305e-02 4.4239561793530530e-04 1.8443828325459398e-02 1.8001432786568305e-02 4.4239553889109315e-04 3.6887656729963011e-02 3.6002865573136610e-02 8.8479115682640191e-04
45 1.7382812500000000e-01 1.9095906964841414e-02 1.8661710845170904e-02 4.3419611967051089e-04 1.9095906893515879e-02 1.8661710845170904e-02 4.3419604834497513e-04 3.8191813858357293e-02 3.7323421690341807e-02 8.6839216801548602e-04
46 1.7773437500000000e-01 1.9751925567743217e-02 1.9325809053211317e-02 4.2611651453190041e-04 1.9751925504043252e-02 1.9325809053211317e-02 4.2611645083193497e-04 3.9503851071786472e-02 3.8651618106422633e-02 8.5223296536383886e-04
47 1.8164062500000000e-01 2.0411464086248800e-02 1.9993307748323686e-02 4.1815633792511436e-04 2.0411464030084116e-02 1.9993307748323686e-02 4.1815628176043035e-04 4.0822928116332917e-02 3.9986615496647372e-02 8.3631261968554471e-04
48 1.8554687500000000e-01 2.1074107437307466e-02 2.0663792324315235e-02 4.1031511299223153e-04 2.1074107388581360e-02 2.0663792324315235e-02 4.1031506426612505e-04 4.2148214825888826e-02 4.1327584648630469e-02 8.2063017725835657e-04
49 1.8945312500000000e-01 2.1739445582235565e-02 2.1336853231166266e-02 4.0259235106929886e-04 2.1739445540860693e-02 2.1336853231166266e-02 4.0259230969442658e-04 4.3478891123096261e-02 4.2673706462332532e-02 8.0518466076372891e-04
50 1.9335937500000000e-01 2.2407073527178929e-02 2.2012085975030168e-02 3.9498755214876016e-04 2.2407073493061602e-02 2.2012085975030168e-02 3.9498751803143314e-04 4.4814147020240530e-02 4.4024171950060337e-02 7.8997507018019331e-04
51 1.9726562500000000e-01 2.3076591323580090e-02 2.2689091118233421e-02 3.8750020534666918e-04 2.3076591296628979e-02 2.2689091118233421e-02 3.8750017839555770e-04 4.6153182620209066e-02 4.5378182236466842e-02 7.7500038374222341e-04
52 2.0117187500000000e-01 2.3747604068650112e-02 2.3367474279275567e-02 3.8012978937454478e-04 2.3747604048773539e-02 2.3367474279275567e-02 3.8012976949797217e-04 4.7495208117423651e-02 4.6734948558551134e-02 7.6025955887251695e-04
53 2.0507812500000000e-01 2.4419721905844346e-02 2.4046846132829251e-02 3.7287577301509459e-04 2.4419721892951531e-02 2.4046846132829251e-02 3.7287576012227930e-04 4.8839443798795873e-02 4.8093692265658503e-02 7.4575153313737041e-04
54 2.0898437500000000e-01 2.5092560025342419e-02 2.4726822409740185e-02 3.6573761560223378e-04 2.5092560019339950e-02 2.4726822409740185e-02 3.6573760959976442e-04 5.0185120044682369e-02 4.9453644819480370e-02 7.3147522520199820e-04
55 2.1289062500000000e-01 2.5765738664531520e-02 2.5407023897027179e-02 3.5871476750434089e-04 2.5765738665326367e-02 2.5407023897027179e-02 3.5871476829918772e-04 5.1531477329857883e-02 5.0814047794054358e-02 7.1742953580352514e-04
56 2.1679687500000000e-01 2.6438883108492961e-02 2.6087076437882113e-02 3.5180667061084775e-04 2.6438883115995862e-02 2.6087076437882113e-02 3.5180667811374883e-04 5.2877766224488823e-02 5.2174152875764226e-02 7.0361334872459658e-04
57 2.2070312500000000e-01 2.7111623690491988e-02 2.6766610931669953e-02 3.4501275882203516e-04 2.7111623704607925e-02 2.6766610931669953e-02 3.4501277293797275e-04 5.4223247395099913e-02 5.3533221863339905e-02 6.9002553176000792e-04
58 2.2460937500000000e-01 2.7783595792469775e-02 2.7445263333928754e-02 3.3833245854102134e-04 2.7783595813106611e-02 2.7445263333928754e-02 3.3833247917785733e-04 5.5567191605576383e-02 5.4890526667857507e-02 6.7666493771887520e-04
59 2.2851562500000000e-01 2.8454439845538176e-02 2.8122674656369639e-02 3.3176518916853623e-04 2.8454439872606874e-02 2.8122674656369639e-02 3.3176521623723421e-04 5.6908879718145053e-02 5.6245349312739279e-02 6.6353040540577390e-04
60 2.3242187500000000e-01 2.9123801330476186e-02 2.8798490966876835e-02 3.2531036359935081e-04 2.9123801363884313e-02 2.8798490966876835e-02 3.2531039700747777e-04 5.8247602694360495e-02 5.7596981933753670e-02 6.5062076060682511e-04
61 2.3632812500000000e-01 2.9791330778228275e-02 2.9472363389507629e-02 3.1896738872064581e-04 2.9791330817881087e-02 2.9472363389507629e-02 3.1896742837345810e-04 5.9582661596109365e-02 5.8944726779015258e-02 6.3793481709410738e-04
62 2.4023437500000000e-01 3.0456683770404069e-02 3.0143948104492408e-02 3.1273566591166063e-04 3.0456683816213859e-02 3.0143948104492408e-02 3.1273571172145062e-04 6.0913367586617931e-02 6.0287896208984816e-02 6.2547137763311472e-04
63 2.4414062500000000e-01 3.1119520939779242e-02 3.0812906348234633e-02 3.0661459154460863e-04 3.1119520991651318e-02 3.0812906348234633e-02 3.0661464341668471e-04 6.2239041931430560e-02 6.1625812696469266e-02 6.1322923496129333e-04
64 2.4804687500000000e-01 3.1779507970796830e-02 3.1478904413310846e-02 3.0060355748598444e-04 3.1779508028640706e-02 3.1478904413310846e-02 3.0060361532985996e-04 6.3559015999437529e-02 6.2957808826621692e-02 6.0120717281583747e-04
65 2.5195312500000000e-01 3.2436315600069425e-02 3.2141613648470686e-02 2.9470195159873869e-04 3.2436315663790703e-02 3.2141613648470686e-02 2.9470201532001694e-04 6.4872631263860128e-02 6.4283227296941373e-02 5.8940396691875563e-04
66 2.5585937500000000e-01 3.3089619616881213e-02 3.2800710458636854e-02 2.8890915824435898e-04 3.3089619686387642e-02 3.2800710458636854e-02 2.8890922775078737e-04 6.6179239303268855e-02 6.5601420917273709e-02 5.7781838599514634e-04
67 2.5976562500000000e-01 3.3739100863690127e-02 3.3455876304905145e-02 2.8322455878498215e-04 3.3739100938896142e-02 3.3455876304905145e-02 2.8322463399099718e-04 6.7478201802586263e-02 6.6911752609810290e-02 5.6644919277597239e-04
68 2.6367187500000000e-01 3.4384445236629139e-02 3.4106797704544431e-02 2.7764753208470855e-04 3.4384445317438311e-02 3.4106797704544431e-02 2.7764761289388040e-04 6.8768890554067458e-02 6.8213595409088862e-02 5.5529514497859589e-04
69 2.6757812500000000e-01 3.5025343686007133e-02 3.4753166230996682e-02 2.7217745501045137e-04 3.5025343772320583e-02 3.4753166230996682e-02 2.7217754132390082e-04 7.0050687458327709e-02 6.9506332461993364e-02 5.4435499633434525e-04
70 2.7148437500000000e-01 3.5661492216808602e-02 3.5394678513876933e-02 2.6681370293166889e-04 3.5661492308553859e-02 3.5394678513876933e-02 2.6681379467692612e-04 7.1322984525362454e-02 7.0789357027753866e-02 5.3362749760858808e-04
71 2.7539062500000000e-01 3.6292591889191775e-02 3.6031036238973309e-02 2.6155565021846600e-04 3.6292591986261183e-02 3.6031036238973309e-02 2.6155574728787406e-04 7.2585183875452958e-02 7.2062072477946618e-02 5.2311139750634006e-04
72 2.7929687500000000e-01 3.6918348818985397e-02 3.6661946148247020e-02 2.5640267073837736e-04 3.6918348921290881e-02 3.6661946148247020e-02 2.5640277304386089e-04 7.3836697740276278e-02 7.3323892296494039e-02 5.1280544378223825e-04
73 2.8320312500000000e-01 3.7538474178183179e-02 3.7287120039832346e-02 2.5135413835083303e-04 3.7538474285629987e-02 3.7287120039832346e-02 2.5135424579764143e-04 7.5076948463813159e-02 7.4574240079664691e-02 5.0270838414846752e-04
74 2.8710937500000000e-01 3.8152684195436111e-02 3.7906274768036673e-02 2.4640942739943827e-04 3.8152684307934288e-02 3.7906274768036673e-02 2.4640953989761571e-04 7.6305368503370399e-02 7.5812549536073345e-02 4.9281896729705399e-04
75 2.9101562500000000e-01 3.8760700156542142e-02 3.8519132243340443e-02 2.4156791320169985e-04 3.8760700274001560e-02 3.8519132243340443e-02 2.4156803066111704e-04 7.7521400430543702e-02 7.7038264486680885e-02 4.8313594386281689e-04
76 2.9492187500000000e-01 3.9362248404933173e-02 3.9125419432397196e-02 2.3682897253597679e-04 3.9362248527262181e-02 3.9125419432397196e-02 2.3682909486498482e-04 7.8724496932195354e-02 7.8250838864794392e-02 4.7365806740096161e-04
77 2.9882812500000000e-01 3.9957060342158547e-02 3.9724868358033558e-02 2.3219198412498948e-04 3.9957060469258038e-02 3.9724868358033558e-02 2.3219211122448014e-04 7.9914120811416578e-02 7.9449736716067115e-02 4.6438409534946268e-04
78 3.0273437500000000e-01 4.0544872428365270e-02 4.0317216099249223e-02 2.2765632911604661e-04 4.0544872560148847e-02 4.0317216099249223e-02 2.2765646089962371e-04 8.1089744988514123e-02 8.0634432198498446e-02 4.5531279001567726e-04
79 3.0664062500000000e-01 4.1125426182774462e-02 4.0902204791216985e-02 2.2322139155747656e-04 4.1125426319155091e-02 4.0902204791216985e-02 2.2322152793810557e-04 8.2250852501929553e-02 8.1804409582433971e-02 4.4644291949558212e-04
80 3.1054687500000000e-01 4.1698468184153861e-02 4.1479581625282709e-02 2.1888655887115221e-04 4.1698468325030824e-02 4.1479581625282709e-02 2.1888669974811509e-04 8.3396936509184685e-02 8.2959163250565418e-02 4.3777325861926730e-04
81 3.1445312500000000e-01 4.2263750071285897e-02 4.2049098848965343e-02 2.1465122232055406e-04 4.2263750216568259e-02 4.2049098848965343e-02 2.1465136760291659e-04 8.4527500287854163e-02 8.4098197697930685e-02 4.2930258992347758e-04
82 3.1835937500000000e-01 4.2821028543431061e-02 4.2610513765956919e-02 2.1051477747414254e-04 4.2821028693034092e-02 4.2610513765956919e-02 2.1051492707717390e-04 8.5642057236465147e-02 8.5221027531913837e-02 4.2102970455130950e-04
83 3.2226562500000000e-01 4.3370065360786914e-02 4.3163588736122555e-02 2.0647662466435901e-04 4.3370065514616370e-02 4.3163588736122555e-02 2.0647677849381513e-04 8.6740130875403276e-02 8.6327177472245109e-02 4.1295340315816720e-04
84 3.2617187500000000e-01 4.3910627344941305e-02 4.3708091175500452e-02 2.0253616944085340e-04 4.3910627502906495e-02 4.3708091175500452e-02 2.0253632740604294e-04 8.7821254847847807e-02 8.7416182351000904e-02 4.0507249684690327e-04
85 3.3007812500000000e-01 4.4442486379320766e-02 4.4243793556301890e-02 1.9869282301887559e-04 4.4442486541322199e-02 4.4243793556301890e-02 1.9869298502030869e-04 8.8884972920642957e-02 8.8487587112603780e-02 3.9738580803917734e-04
86 3.3398437500000000e-01 4.4965419409632834e-02 4.4770473406911232e-02 1.9494600272160212e-04 4.4965419575582859e-02 4.4770473406911232e-02 1.9494616867162667e-04 8.9930838985215700e-02 8.9540946813822464e-02 3.8989217139323573e-04
87 3.3789062500000000e-01 4.5479208444302768e-02 4.5287913311885919e-02 1.9129513241684937e-04 4.5479208614114155e-02 4.5287913311885919e-02 1.9129530222823654e-04 9.0958417058416924e-02 9.0575826623771838e-02 3.8259043464508591e-04
88 3.4179687500000000e-01 4.5983640554903921e-02 4.5795900911956490e-02 1.8773964294743067e-04 4.5983640728477049e-02 4.5795900911956490e-02 1.8773981652055877e-04 9.1967281283380969e-02 9.1591801823912980e-02 3.7547945946798944e-04
89 3.4570312500000000e-01 4.6478507876581907e-02 4.6294228904026555e-02 1.8427897255535175e-04 4.6478508053832523e-02 4.6294228904026555e-02 1.8427914980596871e-04 9.2957015930414430e-02 9.2588457808053110e-02 3.6855812236132046e-04
90 3.4960937500000000e-01 4.6963607608471757e-02 4.6782695041172800e-02 1.8091256729895616e-04 4.6963607789300359e-02 4.6782695041172800e-02 1.8091274812755825e-04 9.3927215397772115e-02 9.3565390082345601e-02 3.6182531542651442e-04
91 3.5351562500000000e-01 4.7438742014108706e-02 4.7261102132645005e-02 1.7763988146370091e-04 4.7438742198430535e-02 4.7261102132645005e-02 1.7764006578552954e-04 9.4877484212539248e-02 9.4522204265290011e-02 3.5527994724923739e-04
92 3.5742187500000000e-01 4.7903718421831311e-02 4.7729258043866032e-02 1.7446037796527841e-04 4.7903718609549277e-02 4.7729258043866032e-02 1.7446056568324458e-04 9.5807437031380588e-02 9.5458516087732065e-02 3.4892094364852300e-04
93 3.6132812500000000e-01 4.8358349225177469e-02 4.8186975696431829e-02 1.7137352874563999e-04 4.8358349416206550e-02 4.8186975696431829e-02 1.7137371977472143e-04 9.6716698641384019e-02 9.6373951392863658e-02 3.4274724852036142e-04
94 3.6523437500000000e-01 4.8802451883272979e-02 4.8634073068111412e-02 1.6837881516156700e-04 4.8802452077511889e-02 4.8634073068111412e-02 1.6837900940047668e-04 9.7604903960784861e-02 9.7268146136222824e-02 3.3675782456203673e-04
95 3.6914062500000000e-01 4.9235848921212064e-02 4.9070373192846892e-02 1.6547572836517199e-04 4.9235849118570735e-02 4.9070373192846892e-02 1.6547592572384306e-04 9.8471698039782798e-02 9.8140746385693783e-02 3.3095165408901506e-04
96 3.7304687500000000e-01 4.9658367930430033e-02 4.9495704160753454e-02 1.6266376967657981e-04 4.9658368130822195e-02 4.9495704160753454e-02 1.6266397006874100e-04 9.9316736061252228e-02 9.8991408321506907e-02 3.2532773974532081e-04
97 3.7695312500000000e-01 5.0069841569067540e-02 4.9909899118119383e-02 1.5994245094815701e-04 5.0069841772394201e-02 4.9909899118119383e-02 1.5994265427481807e-04 1.0013968334146174e-01 9.9819798236238766e-02 3.1988510522297509e-04
98 3.8085937500000000e-01 5.0470107562326609e-02 5.0312796267406021e-02 1.5731129492058821e-04 5.0470107768502338e-02 5.0312796267406021e-02 1.5731150109631747e-04 1.0094021533082895e-01 1.0062559253481204e-01 3.1462279601690568e-04
99 3.8476562500000000e-01 5.0859008702818058e-02 5.0704238867247814e-02 1.5476983557024399e-04 5.0859008911749222e-02 5.0704238867247814e-02 1.5477004450140802e-04 1.0171801761456728e-01 1.0140847773449563e-01 3.0953988007165201e-04
100 3.8867187500000000e-01 5.1236392850899815e-02 5.1084075232452279e-02 1.5231761844753527e-04 5.1236393062497318e-02 5.1084075232452279e-02 1.5231783004503868e-04 1.0247278591339713e-01 1.0216815046490456e-01 3.0463544849257396e-04
101 3.9257812500000000e-01 5.1602112935006397e-02 5.1452158734000025e-02 1.4995420100637202e-04 5.1602113149170424e-02 5.1452158734000025e-02 1.4995441517039881e-04 1.0320422608417681e-01 1.0290431746800005e-01 2.9990861617676390e-04
102 3.9648437500000000e-01 5.1956026951969020e-02 5.1808347799044731e-02 1.4767915292428907e-04 5.1956027168617691e-02 5.1808347799044731e-02 1.4767936957296030e-04 1.0391205412058671e-01 1.0361669559808946e-01 2.9535852249724937e-04
103 4.0039062500000000e-01 5.2297997967326940e-02 5.2152505910913166e-02 1.4549205641377350e-04 5.2297998186361452e-02 5.2152505910913166e-02 1.4549227544828625e-04 1.0459599615368839e-01 1.0430501182182633e-01 2.9098433186205974e-04
104 4.0429687500000000e-01 5.2627894115628529e-02 5.2484501609105193e-02 1.4339250652333629e-04 5.2627894336951322e-02 5.2484501609105193e-02 1.4339272784612972e-04 1.0525578845257985e-01 1.0496900321821039e-01 2.8678523436946601e-04
105 4.0820312500000000e-01 5.2945588600722543e-02 5.2804208489293729e-02 1.4138011142881407e-04 5.2945588824258025e-02 5.2804208489293729e-02 1.4138033496429586e-04 1.0589117742498057e-01 1.0560841697858746e-01 2.8276044639310993e-04
106 4.1210937500000000e-01 5.3250959696040510e-02 5.3111505203324798e-02 1.3945449271571264e-04 5.3250959921687518e-02 5.3111505203324798e-02 1.3945471836272066e-04 1.0650191961772804e-01 1.0622301040664960e-01 2.7890921107844024e-04
107 4.1601562500000000e-01 5.3543890744867935e-02 5.3406275459217507e-02 1.3761528565042758e-04 5.3543890972533863e-02 5.3406275459217507e-02 1.3761551331635535e-04 1.0708778171740180e-01 1.0681255091843501e-01 2.7523079896678293e-04
108 4.1992187500000000e-01 5.3824270160606043e-02 5.3688408021164022e-02 1.3586213944202091e-04 5.3824270390200199e-02 5.3688408021164022e-02 1.3586236903617710e-04 1.0764854055080625e-01 1.0737681604232804e-01 2.7172450847820495e-04
109 4.2382812500000000e-01 5.4091991427022756e-02 5.3957796709529625e-02 1.3419471749313155e-04 5.4091991658447899e-02 5.3957796709529625e-02 1.3419494891827449e-04 1.0818398308547066e-01 1.0791559341905925e-01 2.6838966641140605e-04
110 4.2773437500000000e-01 5.4346953098493758e-02 5.4214340400852649e-02 1.3261269764110878e-04 5.4346953331673539e-02 5.4214340400852649e-02 1.3261293082088982e-04 1.0869390643016730e-01 1.0842868080170530e-01 2.6522562846199860e-04
111 4.3164062500000000e-01 5.4589058800232189e-02 5.4457943027844527e-02 1.3111577238766187e-04 5.4589059035058785e-02 5.4457943027844527e-02 1.3111600721425754e-04 1.0917811783529097e-01 1.0891588605568905e-01 2.6223177960191246e-04
112 4.3554687500000000e-01 5.4818217228508583e-02 5.4688513579389780e-02 1.2970364911880222e-04 5.4818217464896860e-02 5.4688513579389780e-02 1.2970388550707923e-04 1.0963643469340545e-01 1.0937702715877956e-01 2.5940753462588839e-04
113 4.3945312500000000e-01 5.5034342150858853e-02 5.4905966100545989e-02 1.2837605031286448e-04 5.5034342388714068e-02 5.4905966100545989e-02 1.2837628816807917e-04 1.1006868453957291e-01 1.0981193220109198e-01 2.5675233848093670e-04
114 4.4335937500000000e-01 5.5237352406282143e-02 5.5110219692543844e-02 1.2713271373829965e-04 5.5237352645517442e-02 5.5110219692543844e-02 1.2713295297359789e-04 1.1047470505179958e-01 1.1022043938508769e-01 2.5426566671189754e-04
115 4.4726562500000000e-01 5.5427171905427584e-02 5.5301198512787100e-02 1.2597339264048407e-04 5.5427172145949805e-02 5.5301198512787100e-02 1.2597363316270427e-04 1.1085434405137740e-01 1.1060239702557420e-01 2.5194702580319528e-04
116 4.5117187500000000e-01 5.5603729630769240e-02 5.5478831774852605e-02 1.2489785591663499e-04 5.5603729872480794e-02 5.5478831774852605e-02 1.2489809762818854e-04 1.1120745950325003e-01 1.1095766354970521e-01 2.4979595354482353e-04
117 4.5507812500000000e-01 5.5766959636770537e-02 5.5643053748490275e-02 1.2390588828026239e-04 5.5766959879588136e-02 5.5643053748490275e-02 1.2390613109786175e-04 1.1153391951635867e-01 1.1128610749698055e-01 2.4781201937812414e-04
118 4.5898437500000000e-01 5.5916801050037004e-02 5.5793803759623124e-02 1.2299729041388013e-04 5.5916801293856795e-02 5.5793803759623124e-02 1.2299753423367088e-04 1.1183360234389381e-01 1.1158760751924625e-01 2.4599482464755795e-04
119 4.6289062500000000e-01 5.6053198069457237e-02 5.5931026190347247e-02 1.2217187910999044e-04 5.6053198314204189e-02 5.5931026190347247e-02 1.2217212385694232e-04 1.1210639638366143e-01 1.1186205238069449e-01 2.4434400296693970e-04
120 4.6679687500000000e-01 5.6176099966333340e-02 5.6054670478931812e-02 1.2142948740152815e-04 5.6176100211904299e-02 5.6054670478931812e-02 1.2142973297248755e-04 1.1235220017823763e-01 1.1210934095786362e-01 2.4285922037400876e-04
121 4.7070312500000000e-01 5.6285461084498556e-02 5.6164691119819074e-02 1.2076996467948187e-04 5.6285461330805524e-02 5.6164691119819074e-02 1.2077021098644974e-04 1.1257092241530409e-01 1.1232938223963815e-01 2.4154017566593855e-04
122 4.7460937500000000e-01 5.6381240840424320e-02 5.6261047663624372e-02 1.2019317679994729e-04 5.6381241087373454e-02 5.6261047663624372e-02 1.2019342374908204e-04 1.1276248192779778e-01 1.1252209532724874e-01 2.4038660054903627e-04
123 4.7851562500000000e-01 5.6463403723314855e-02 5.6343704717136137e-02 1.1969900617871815e-04 5.6463403970811891e-02 5.6343704717136137e-02 1.1969925367575490e-04 1.1292680769412675e-01 1.1268740943427227e-01 2.3939825985447305e-04
124 4.8242187500000000e-01 5.6531919295190546e-02 5.6412631943315861e-02 1.1928735187468481e-04 5.6531919543153168e-02 5.6412631943315861e-02 1.1928759983730747e-04 1.1306383883834371e-01 1.1282526388663172e-01 2.3857495171199228e-04
125 4.8632812500000000e-01 5.6586762190959095e-02 5.6467804061298137e-02 1.1895812966095792e-04 5.6586762439283213e-02 5.6467804061298137e-02 1.1895837798507614e-04 1.1317352463024230e-01 1.1293560812259627e-01 2.3791650764602712e-04
126 4.9023437500000000e-01 5.6627912118475315e-02 5.6509200846390634e-02 1.1871127208468168e-04 5.6627912367073534e-02 5.6509200846390634e-02 1.1871152068290008e-04 1.1325582448554886e-01 1.1301840169278127e-01 2.3742279276758871e-04
127 4.9414062500000000e-01 5.6655353858588338e-02 5.6536807130074106e-02 1.1854672851423220e-04 5.6655354107369965e-02 5.6536807130074106e-02 1.1854697729585945e-04 1.1331070796595830e-01 1.1307361426014821e-01 2.3709370581008471e-04
128 4.9804687500000000e-01 5.6669077265177947e-02 5.6550612800002377e-02 1.1846446517557035e-04 5.6669077514059765e-02 5.6550612800002377e-02 1.1846471405738829e-04 1.1333815477923771e-01 1.1310122560000475e-01 2.3692917923295864e-04
129 5.0195312500000000e-01 5.6669077265177926e-02 5.6550612800002377e-02 1.1846446517554954e-04 5.6669077514051071e-02 5.6550612800002377e-02 1.1846471404869385e-04 1.1333815477922900e-01 1.1310122560000475e-01 2.3692917922424339e-04
130 5.0585937500000000e-01 5.6655353858588275e-02 5.6536807130074106e-02 1.1854672851416975e-04 5.6655354107371790e-02 5.6536807130074106e-02 1.1854697729768437e-04 1.1331070796596007e-01 1.1307361426014821e-01 2.3709370581186107e-04
131 5.0976562500000000e-01 5.6627912118475184e-02 5.6509200846390634e-02 1.1871127208454985e-04 5.6627912367073402e-02 5.6509200846390634e-02 1.1871152068276825e-04 1.1325582448554858e-01 1.1301840169278127e-01 2.3742279276731115e-04
132 5.1367187500000000e-01 5.6586762190958990e-02 5.6467804061298137e-02 1.1895812966085384e-04 5.6586762439280881e-02 5.6467804061298137e-02 1.1895837798274467e-04 1.1317352463023987e-01 1.1293560812259627e-01 2.3791650764359851e-04
133 5.1757812500000000e-01 5.6531919295190421e-02 5.6412631943315861e-02 1.1928735187455991e-04 5.6531919543145681e-02 5.6412631943315861e-02 1.1928759982982040e-04 1.1306383883833609e-01 1.1282526388663172e-01 2.3857495170437337e-04
134 5.2148437500000000e-01 5.6463403723314695e-02 5.6343704717136137e-02 1.1969900617855855e-04 5.6463403970819136e-02 5.6343704717136137e-02 1.1969925368299911e-04 1.1292680769413382e-01 1.1268740943427227e-01 2.3939825986155072e-04
135 5.2539062500000000e-01 5.6381240840424118e-02 5.6261047663624372e-02 1.2019317679974606e-04 5.6381241087368882e-02 5.6261047663624372e-02 1.2019342374450931e-04 1.1276248192779301e-01 1.1252209532724874e-01 2.4038660054426231e-04
136 5.2929687500000000e-01 5.6285461084498410e-02 5.6164691119819074e-02 1.2076996467933615e-04 5.6285461330808341e-02 5.6164691119819074e-02 1.2077021098926694e-04 1.1257092241530675e-01 1.1232938223963815e-01 2.4154017566860309e-04
137 5.3320312500000000e-01 5.6176099966333194e-02 5.6054670478931812e-02 1.2142948740138243e-04 5.6176100211902946e-02 5.6054670478931812e-02 1.2142973297113446e-04 1.1235220017823613e-01 1.1210934095786362e-01 2.4285922037250995e-04
138 5.3710937500000000e-01 5.6053198069457147e-02 5.5931026190347247e-02 1.2217187910990024e-04 5.6053198314199082e-02 5.5931026190347247e-02 1.2217212385183529e-04 1.1210639638365623e-01 1.1186205238069449e-01 2.4434400296173553e-04
139 5.4101562500000000e-01 5.5916801050036893e-02 5.5793803759623124e-02 1.2299729041376911e-04 5.5916801293857045e-02 5.5793803759623124e-02 1.2299753423392068e-04 1.1183360234389395e-01 1.1158760751924625e-01 2.4599482464769673e-04
140 5.4492187500000000e-01 5.5766959636770481e-02 5.5643053748490275e-02 1.2390588828020688e-04 5.5766959879583917e-02 5.5643053748490275e-02 1.2390613109364290e-04 1.1153391951635440e-01 1.1128610749698055e-01 2.4781201937384978e-04
141 5.4882812500000000e-01 5.5603729630769226e-02 5.5478831774852605e-02 1.2489785591662111e-04 5.5603729872487087e-02 5.5478831774852605e-02 1.2489809763448212e-04 1.1120745950325631e-01 1.1095766354970521e-01 2.4979595355109629e-04
142 5.5273437500000000e-01 5.5427171905427619e-02 5.5301198512787100e-02 1.2597339264051877e-04 5.5427172145944351e-02 5.5301198512787100e-02 1.2597363315725030e-04 1.1085434405137197e-01 1.1060239702557420e-01 2.5194702579776906e-04
143 5.5664062500000000e-01 5.5237352406282164e-02 5.5110219692543844e-02 1.2713271373832047e-04 5.5237352645517442e-02 5.5110219692543844e-02 1.2713295297359789e-04 1.1047470505179960e-01 1.1022043938508769e-01 2.5426566671191142e-04
144 5.6054687500000000e-01 5.5034342150858923e-02 5.4905966100545989e-02 1.2837605031293386e-04 5.5034342388710737e-02 5.4905966100545989e-02 1.2837628816474850e-04 1.1006868453956967e-01 1.0981193220109198e-01 2.5675233847768930e-04
145 5.6445312500000000e-01 5.4818217228508714e-02 5.4688513579389780e-02 1.2970364911893406e-04 5.4818217464892717e-02 5.4688513579389780e-02 1.2970388550293671e-04 1.0963643469340142e-01 1.0937702715877956e-01 2.5940753462186383e-04
146 5.6835937500000000e-01 5.4589058800232362e-02 5.4457943027844527e-02 1.3111577238783534e-04 5.4589059035057230e-02 5.4457943027844527e-02 1.3111600721270322e-04 1.0917811783528959e-01 1.0891588605568905e-01 2.6223177960053856e-04
147 5.7226562500000000e-01 5.4346953098493904e-02 5.4214340400852649e-02 1.3261269764125450e-04 5.4346953331673900e-02 5.4214340400852649e-02 1.3261293082125064e-04 1.0869390643016780e-01 1.0842868080170530e-01 2.6522562846249820e-04
148 5.7617187500000000e-01 5.4091991427022902e-02 5.3957796709529625e-02 1.3419471749327727e-04 5.4091991658445200e-02 5.3957796709529625e-02 1.3419494891557526e-04 1.0818398308546810e-01 1.0791559341905925e-01 2.6838966640885253e-04
149 5.8007812500000000e-01 5.3824270160606195e-02 5.3688408021164022e-02 1.3586213944217357e-04 5.3824270390204841e-02 5.3688408021164022e-02 1.3586236904081922e-04 1.0764854055081104e-01 1.0737681604232804e-01 2.7172450848299279e-04
150 5.8398437500000000e-01 5.3543890744868115e-02 5.3406275459217507e-02 1.3761528565060799e-04 5.3543890972535146e-02 5.3406275459217507e-02 1.3761551331763905e-04 1.0708778171740327e-01 1.0681255091843501e-01 2.7523079896825398e-04
151 5.8789062500000000e-01 5.3250959696040684e-02 5.3111505203324798e-02 1.3945449271588611e-04 5.3250959921688337e-02 5.3111505203324798e-02 1.3945471836353945e-04 1.0650191961772902e-01 1.0622301040664960e-01 2.7890921107942557e-04
152 5.9179687500000000e-01 5.2945588600722675e-02 5.2804208489293729e-02 1.4138011142894591e-04 5.2945588824252869e-02 5.2804208489293729e-02 1.4138033495914026e-04 1.0589117742497554e-01 1.0560841697858746e-01 2.8276044638808617e-04
153 5.9570312500000000e-01 5.2627894115628557e-02 5.2484501609105193e-02 1.4339250652336405e-04 5.2627894336963035e-02 5.2484501609105193e-02 1.4339272785784257e-04 1.0525578845259159e-01 1.0496900321821039e-01 2.8678523438120662e-04
154 5.9960937500000000e-01 5.2297997967327016e-02 5.2152505910913166e-02 1.4549205641384982e-04 5.2297998186356241e-02 5.2152505910913166e-02 1.4549227544307514e-04 1.0459599615368326e-01 1.0430501182182633e-01 2.9098433185692496e-04
155 6.0351562500000000e-01 5.1956026951968971e-02 5.1808347799044731e-02 1.4767915292424050e-04 5.1956027168616088e-02 5.1808347799044731e-02 1.4767936957135741e-04 1.0391205412058506e-01 1.0361669559808946e-01 2.9535852249559791e-04
156 6.0742187500000000e-01 5.1602112935006383e-02 5.1452158734000025e-02 1.4995420100635815e-04 5.1602113149175899e-02 5.1452158734000025e-02 1.4995441517587360e-04 1.0320422608418228e-01 1.0290431746800005e-01 2.9990861618223175e-04
157 6.1132812500000000e-01 5.1236392850899849e-02 5.1084075232452279e-02 1.5231761844756997e-04 5.1236393062494015e-02 5.1084075232452279e-02 1.5231783004173577e-04 1.0247278591339387e-01 1.0216815046490456e-01 3.0463544848931268e-04
158 6.1523437500000000e-01 5.0859008702818072e-02 5.0704238867247814e-02 1.5476983557025786e-04 5.0859008911752532e-02 5.0704238867247814e-02 1.5477004450471787e-04 1.0171801761457061e-01 1.0140847773449563e-01 3.0953988007498268e-04
159 6.1914062500000000e-01 5.0470107562326609e-02 5.0312796267406021e-02 1.5731129492058821e-04 5.0470107768508007e-02 5.0312796267406021e-02 1.5731150110198655e-04 1.0094021533083461e-01 1.0062559253481204e-01 3.1462279602256782e-04
160 6.2304687500000000e-01 5.0069841569067554e-02 4.9909899118119383e-02 1.5994245094817089e-04 5.0069841772399794e-02 4.9909899118119383e-02 1.5994265428041082e-04 1.0013968334146735e-01 9.9819798236238766e-02 3.1988510522858171e-04
161 6.2695312500000000e-01 4.9658367930430061e-02 4.9495704160753454e-02 1.6266376967660756e-04 4.9658368130820620e-02 4.9495704160753454e-02 1.6266397006716588e-04 9.9316736061250688e-02 9.8991408321506907e-02 3.2532773974378038e-04
162 6.3085937500000000e-01 4.9235848921212085e-02 4.9070373192846892e-02 1.6547572836519281e-04 4.9235849118574530e-02 4.9070373192846892e-02 1.6547592572763864e-04 9.8471698039786615e-02 9.8140746385693783e-02 3.3095165409283145e-04
163 6.3476562500000000e-01 4.8802451883272979e-02 4.8634073068111412e-02 1.6837881516156700e-04 4.8802452077513540e-02 4.8634073068111412e-02 1.6837900940212813e-04 9.7604903960786527e-02 9.7268146136222824e-02 3.3675782456370207e-04
164 6.3867187500000000e-01 4.8358349225177455e-02 4.8186975696431829e-02 1.7137352874562611e-04 4.8358349416200729e-02 4.8186975696431829e-02 1.7137371976889970e-04 9.6716698641378190e-02 9.6373951392863658e-02 3.4274724851453275e-04
165 6.4257812500000000e-01 4.7903718421831283e-02 4.7729258043866032e-02 1.7446037796525066e-04 4.7903718609546245e-02 4.7729258043866032e-02 1.7446056568021229e-04 9.5807437031377535e-02 9.5458516087732065e-02 3.4892094364546988e-04
166 6.4648437500000000e-01 4.7438742014108679e-02 4.7261102132645005e-02 1.7763988146367315e-04 4.7438742198429279e-02 4.7261102132645005e-02 1.7764006578427360e-04 9.4877484212537957e-02 9.4522204265290011e-02 3.5527994724794676e-04
167 6.5039062500000000e-01 4.6963607608471708e-02 4.6782695041172800e-02 1.8091256729890759e-04 4.6963607789302891e-02 4.6782695041172800e-02 1.8091274813009095e-04 9.3927215397774599e-02 9.3565390082345601e-02 3.6182531542899854e-04
168 6.5429687500000000e-01 4.6478507876581879e-02 4.6294228904026555e-02 1.8427897255532399e-04 4.6478508053829429e-02 4.6294228904026555e-02 1.8427914980287396e-04 9.2957015930411308e-02 9.2588457808053110e-02 3.6855812235819796e-04
169 6.5820312500000000e-01 4.5983640554903907e-02 4.5795900911956490e-02 1.8773964294741680e-04 4.5983640728477174e-02 4.5795900911956490e-02 1.8773981652068367e-04 9.1967281283381080e-02 9.1591801823912980e-02 3.7547945946810046e-04
170 6.6210937500000000e-01 4.5479208444302734e-02 4.5287913311885919e-02 1.9129513241681467e-04 4.5479208614114620e-02 4.5287913311885919e-02 1.9129530222870145e-04 9.0958417058417354e-02 9.0575826623771838e-02 3.8259043464551612e-04
171 6.6601562500000000e-01 4.4965419409632779e-02 4.4770473406911232e-02 1.9494600272154661e-04 4.4965419575587535e-02 4.4770473406911232e-02 1.9494616867630349e-04 8.9930838985220307e-02 8.9540946813822464e-02 3.8989217139784316e-04
172 6.6992187500000000e-01 4.4442486379320752e-02 4.4243793556301890e-02 1.9869282301886171e-04 4.4442486541325030e-02 4.4243793556301890e-02 1.9869298502313976e-04 8.8884972920645788e-02 8.8487587112603780e-02 3.9738580804200840e-04
173 6.7382812500000000e-01 4.3910627344941278e-02 4.3708091175500452e-02 2.0253616944082564e-04 4.3910627502904025e-02 4.3708091175500452e-02 2.0253632740357269e-04 8.7821254847845309e-02 8.7416182351000904e-02 4.0507249684440527e-04
174 6.7773437500000000e-01 4.3370065360786914e-02 4.3163588736122555e-02 2.0647662466435901e-04 4.3370065514614912e-02 4.3163588736122555e-02 2.0647677849235796e-04 8.6740130875401833e-02 8.6327177472245109e-02 4.1295340315672391e-04
175 6.8164062500000000e-01 4.2821028543431082e-02 4.2610513765956919e-02 2.1051477747416336e-04 4.2821028693036063e-02 4.2610513765956919e-02 2.1051492707914454e-04 8.5642057236467145e-02 8.5221027531913837e-02 4.2102970455330790e-04
176 6.8554687500000000e-01 4.2263750071285855e-02 4.2049098848965343e-02 2.1465122232051242e-04 4.2263750216570223e-02 4.2049098848965343e-02 2.1465136760488029e-04 8.4527500287856078e-02 8.4098197697930685e-02 4.2930258992539272e-04
177 6.8945312500000000e-01 4.1698468184153847e-02 4.1479581625282709e-02 2.1888655887113834e-04 4.1698468325031997e-02 4.1479581625282709e-02 2.1888669974928776e-04 8.3396936509185837e-02 8.2959163250565418e-02 4.3777325862041916e-04
178 6.9335937500000000e-01 4.1125426182774427e-02 4.0902204791216985e-02 2.2322139155744186e-04 4.1125426319152156e-02 4.0902204791216985e-02 2.2322152793517042e-04 8.2250852501926583e-02 8.1804409582433971e-02 4.4644291949261228e-04
179 6.9726562500000000e-01 4.0544872428365193e-02 4.0317216099249223e-02 2.2765632911597028e-04 4.0544872560153558e-02 4.0317216099249223e-02 2.2765646090433522e-04 8.1089744988518758e-02 8.0634432198498446e-02 4.5531279002031244e-04
180 7.0117187500000000e-01 3.9957060342158512e-02 3.9724868358033558e-02 2.3219198412495479e-04 3.9957060469259668e-02 3.9724868358033558e-02 2.3219211122611078e-04 7.9914120811418188e-02 7.9449736716067115e-02 4.6438409535107250e-04
181 7.0507812500000000e-01 3.9362248404933110e-02 3.9125419432397196e-02 2.3682897253591434e-04 3.9362248527258843e-02 3.9125419432397196e-02 2.3682909486164722e-04 7.8724496932191954e-02 7.8250838864794392e-02 4.7365806739756156e-04
182 7.0898437500000000e-01 3.8760700156542045e-02 3.8519132243340443e-02 2.4156791320160270e-04 3.8760700274001907e-02 3.8519132243340443e-02 2.4156803066146398e-04 7.7521400430543952e-02 7.7038264486680885e-02 4.8313594386306669e-04
183 7.1289062500000000e-01 3.8152684195435972e-02 3.7906274768036673e-02 2.4640942739929950e-04 3.8152684307933539e-02 3.7906274768036673e-02 2.4640953989686631e-04 7.6305368503369511e-02 7.5812549536073345e-02 4.9281896729616581e-04
184 7.1679687500000000e-01 3.7538474178183068e-02 3.7287120039832346e-02 2.5135413835072201e-04 3.7538474285629467e-02 3.7287120039832346e-02 2.5135424579712101e-04 7.5076948463812535e-02 7.4574240079664691e-02 5.0270838414784302e-04
185 7.2070312500000000e-01 3.6918348818985279e-02 3.6661946148247020e-02 2.5640267073825940e-04 3.6918348921288202e-02 3.6661946148247020e-02 2.5640277304118247e-04 7.3836697740273488e-02 7.3323892296494039e-02 5.1280544377944881e-04
186 7.2460937500000000e-01 3.6292591889191650e-02 3.6031036238973309e-02 2.6155565021834110e-04 3.6292591986260822e-02 3.6031036238973309e-02 2.6155574728751324e-04 7.2585183875452472e-02 7.2062072477946618e-02 5.2311139750585434e-04
187 7.2851562500000000e-01 3.5661492216808477e-02 3.5394678513876933e-02 2.6681370293154399e-04 3.5661492308549043e-02 3.5394678513876933e-02 2.6681379467211053e-04 7.1322984525357513e-02 7.0789357027753866e-02 5.3362749760364758e-04
188 7.3242187500000000e-01 3.5025343686006988e-02 3.4753166230996682e-02 2.7217745501030566e-04 3.5025343772327043e-02 3.4753166230996682e-02 2.7217754133036093e-04 7.0050687458334038e-02 6.9506332461993364e-02 5.4435499634067352e-04
189 7.3632812500000000e-01 3.4384445236629008e-02 3.4106797704544431e-02 2.7764753208457671e-04 3.4384445317436861e-02 3.4106797704544431e-02 2.7764761289243017e-04 6.8768890554065876e-02 6.8213595409088862e-02 5.5529514497701382e-04
190 7.4023437500000000e-01 3.3739100863689989e-02 3.3455876304905145e-02 2.8322455878484337e-04 3.3739100938893214e-02 3.3455876304905145e-02 2.8322463398806896e-04 6.7478201802583210e-02 6.6911752609810290e-02 5.6644919277291927e-04
191 7.4414062500000000e-01 3.3089619616881047e-02 3.2800710458636854e-02 2.8890915824419244e-04 3.3089619686390140e-02 3.2800710458636854e-02 2.8890922775328537e-04 6.6179239303271187e-02 6.5601420917273709e-02 5.7781838599747781e-04
192 7.4804687500000000e-01 3.2436315600069245e-02 3.2141613648470686e-02 2.9470195159855828e-04 3.2436315663787227e-02 3.2141613648470686e-02 2.9470201531654056e-04 6.4872631263856478e-02 6.4283227296941373e-02 5.8940396691510577e-04
193 7.5195312500000000e-01 3.1779507970796657e-02 3.1478904413310846e-02 3.0060355748581097e-04 3.1779508028635280e-02 3.1478904413310846e-02 3.0060361532443375e-04 6.3559015999431936e-02 6.2957808826621692e-02 6.0120717281024472e-04
194 7.5585937500000000e-01 3.1119520939779051e-02 3.0812906348234633e-02 3.0661459154441781e-04 3.1119520991647560e-02 3.0812906348234633e-02 3.0661464341292730e-04 6.2239041931426611e-02 6.1625812696469266e-02 6.1322923495734510e-04
195 7.5976562500000000e-01 3.0456683770403881e-02 3.0143948104492408e-02 3.1273566591147328e-04 3.0456683816212245e-02 3.0143948104492408e-02 3.1273571171983733e-04 6.0913367586616127e-02 6.0287896208984816e-02 6.2547137763131061e-04
196 7.6367187500000000e-01 2.9791330778228080e-02 2.9472363389507629e-02 3.1896738872045152e-04 2.9791330817883536e-02 2.9472363389507629e-02 3.1896742837590752e-04 5.9582661596111614e-02 5.8944726779015258e-02 6.3793481709635558e-04
197 7.6757812500000000e-01 2.9123801330475992e-02 2.8798490966876835e-02 3.2531036359915652e-04 2.9123801363884767e-02 2.8798490966876835e-02 3.2531039700793227e-04 5.8247602694360759e-02 5.7596981933753670e-02 6.5062076060708879e-04
198 7.7148437500000000e-01 2.8454439845538002e-02 2.8122674656369639e-02 3.3176518916836276e-04 2.8454439872604587e-02 2.8122674656369639e-02 3.3176521623494784e-04 5.6908879718142590e-02 5.6245349312739279e-02 6.6353040540331060e-04
199 7.7539062500000000e-01 2.7783595792469598e-02 2.7445263333928754e-02 3.3833245854084440e-04 2.7783595813109182e-02 2.7445263333928754e-02 3.3833247918042819e-04 5.5567191605578783e-02 5.4890526667857507e-02 6.7666493772127606e-04
200 7.7929687500000000e-01 2.7111623690491797e-02 2.6766610931669953e-02 3.4501275882184435e-04 2.7111623704607082e-02 2.6766610931669953e-02 3.4501277293712967e-04 5.4223247395098879e-02 5.3533221863339905e-02 6.9002553175897402e-04
201 7.8320312500000000e-01 2.6438883108492739e-02 2.6087076437882113e-02 3.5180667061062570e-04 2.6438883115993152e-02 2.6087076437882113e-02 3.5180667811103919e-04 5.2877766224485895e-02 5.2174152875764226e-02 7.0361334872166836e-04
202 7.8710937500000000e-01 2.5765738664531308e-02 2.5407023897027179e-02 3.5871476750412926e-04 2.5765738665327245e-02 2.5407023897027179e-02 3.5871476830006549e-04 5.1531477329858549e-02 5.0814047794054358e-02 7.1742953580419128e-04
203 7.9101562500000000e-01 2.5092560025342207e-02 2.4726822409740185e-02 3.6573761560202214e-04 2.5092560019339748e-02 2.4726822409740185e-02 3.6573760959956320e-04 5.0185120044681952e-02 4.9453644819480370e-02 7.3147522520158187e-04
204 7.9492187500000000e-01 2.4419721905844145e-02 2.4046846132829251e-02 3.7287577301489336e-04 2.4419721892950590e-02 2.4046846132829251e-02 3.7287576012133908e-04 4.8839443798794735e-02 4.8093692265658503e-02 7.4575153313623244e-04
205 7.9882812500000000e-01 2.3747604068649893e-02 2.3367474279275567e-02 3.8012978937432620e-04 2.3747604048774455e-02 2.3367474279275567e-02 3.8012976949888810e-04 4.7495208117424345e-02 4.6734948558551134e-02 7.6025955887321084e-04
206 8.0273437500000000e-01 2.3076591323579868e-02 2.2689091118233421e-02 3.8750020534644714e-04 2.3076591296627810e-02 2.2689091118233421e-02 3.8750017839438849e-04 4.6153182620207678e-02 4.5378182236466842e-02 7.7500038374083563e-04
207 8.0664062500000000e-01 2.2407073527178665e-02 2.2012085975030168e-02 3.9498755214849648e-04 2.2407073493060883e-02 2.2012085975030168e-02 3.9498751803071497e-04 4.4814147020239545e-02 4.4024171950060337e-02 7.8997507017920798e-04
208 8.1054687500000000e-01 2.1739445582235322e-02 2.1336853231166266e-02 4.0259235106905600e-04 2.1739445540860977e-02 2.1336853231166266e-02 4.0259230969471108e-04 4.3478891123096303e-02 4.2673706462332532e-02 8.0518466076377054e-04
209 8.1445312500000000e-01 2.1074107437307230e-02 2.0663792324315235e-02 4.1031511299199561e-04 2.1074107388582067e-02 2.0663792324315235e-02 4.1031506426683281e-04 4.2148214825889298e-02 4.1327584648630469e-02 8.2063017725882842e-04
210 8.1835937500000000e-01 2.0411464086248565e-02 1.9993307748323686e-02 4.1815633792487844e-04 2.0411464030083790e-02 1.9993307748323686e-02 4.1815628176010422e-04 4.0822928116332355e-02 3.9986615496647372e-02 8.3631261968498266e-04
211 8.2226562500000000e-01 1.9751925567742967e-02 1.9325809053211317e-02 4.2611651453165061e-04 1.9751925504041069e-02 1.9325809053211317e-02 4.2611645082975269e-04 3.9503851071784037e-02 3.8651618106422633e-02 8.5223296536140331e-04
212 8.2617187500000000e-01 1.9095906964841126e-02 1.8661710845170904e-02 4.3419611967022292e-04 1.9095906893515244e-02 1.8661710845170904e-02 4.3419604834434022e-04 3.8191813858356370e-02 3.7323421690341807e-02 8.6839216801456315e-04
213 8.3007812500000000e-01 1.8443828404503308e-02 1.8001432786568305e-02 4.4239561793500345e-04 1.8443828325458819e-02 1.8001432786568305e-02 4.4239553889051375e-04 3.6887656729962123e-02 3.6002865573136610e-02 8.8479115682551374e-04
214 8.3398437500000000e-01 1.7796115057147458e-02 1.7345399595942463e-02 4.5071546120499517e-04 1.7796114970294163e-02 1.7345399595942463e-02 4.5071537435169978e-04 3.5592230027441621e-02 3.4690799191884926e-02 9.0143083555669495e-04
215 8.3789062500000000e-01 1.7153197136202822e-02 1.6694041048005401e-02 4.5915608819742035e-04 1.7153197041448427e-02 1.6694041048005401e-02 4.5915599344302505e-04 3.4306394177651245e-02 3.3388082096010803e-02 9.1831208164044192e-04
216 8.4179687500000000e-01 1.6515509897669655e-02 1.6047791973642228e-02 4.6771792402742693e-04 1.6515509794922861e-02 1.6047791973642228e-02 4.6771782128063322e-04 3.3031019692592520e-02 3.2095583947284456e-02 9.3543574530806362e-04
217 8.4570312500000000e-01 1.5883493639685092e-02 1.5407092259911133e-02 4.7640137977395837e-04 1.5883493528850816e-02 1.5407092259911133e-02 4.7640126893968258e-04 3.1766987168535904e-02 3.0814184519822267e-02 9.5280264871363748e-04
218 8.4960937500000000e-01 1.5257593702095675e-02 1.4772386850043388e-02 4.8520685205228654e-04 1.5257593583085852e-02 1.4772386850043388e-02 4.8520673304246371e-04 3.0515187285181527e-02 2.9544773700086777e-02 9.7041358509475026e-04
219 8.5351562500000000e-01 1.4638260466036600e-02 1.4144125743443351e-02 4.9413472259324936e-04 1.4638260338754989e-02 1.4144125743443351e-02 4.9413459531163877e-04 2.9276520804791588e-02 2.8288251486886701e-02 9.8826931790488640e-04
220 8.5742187500000000e-01 1.4025949353518134e-02 1.3522763995688454e-02 5.0318535782968056e-04 1.4025949217877186e-02 1.3522763995688454e-02 5.0318522218873243e-04 2.8051898571395319e-02 2.7045527991376907e-02 1.0063705800184113e-03
221 8.6132812500000000e-01 1.3421120827019331e-02 1.2908761718529223e-02 5.1235910849010795e-04 1.3421120682924583e-02 1.2908761718529223e-02 5.1235896439535966e-04 2.6842241509943916e-02 2.5817523437058447e-02 1.0247180728854693e-03
222 8.6523437500000000e-01 1.2824240389089536e-02 1.2302584079889258e-02 5.2165630920027704e-04 1.2824240236450625e-02 1.2302584079889258e-02 5.2165615656136685e-04 2.5648480625540163e-02 2.4605168159778517e-02 1.0433124657616456e-03
223 8.6914062500000000e-01 1.2235778581957671e-02 1.1704701303865247e-02 5.3107727809242368e-04 1.2235778420680604e-02 1.1704701303865247e-02 5.3107711681535733e-04 2.4471557002638276e-02 2.3409402607730494e-02 1.0621543949077827e-03
224 8.7304687500000000e-01 1.1656210987149669e-02 1.1115588670726956e-02 5.4062231642271370e-04 1.1656210817143849e-02 1.1115588670726956e-02 5.4062214641689352e-04 2.3312421804293521e-02 2.2231177341453912e-02 1.0812444628396090e-03
225 8.7695312500000000e-01 1.1086018225114559e-02 1.0535726516917237e-02 5.5029170819732159e-04 1.1086018046287199e-02 1.0535726516917237e-02 5.5029152936996242e-04 2.2172036271401758e-02 2.1071453033834474e-02 1.1005832375672840e-03
226 8.8085937500000000e-01 1.0525685954858902e-02 9.9656002350520245e-03 5.6008571980687739e-04 1.0525685767118905e-02 9.9656002350520245e-03 5.6008553206688023e-04 2.1051371721977807e-02 1.9931200470104049e-02 1.1201712518737576e-03
227 8.8476562500000000e-01 9.9757048735904571e-03 9.4057002739203338e-03 5.7000459967012328e-04 9.9757046768457567e-03 9.4057002739203338e-03 5.7000440292542288e-04 1.9951409550436214e-02 1.8811400547840668e-02 1.1400090025955462e-03
228 8.8867187500000000e-01 9.4365707163708290e-03 8.8565221384842626e-03 5.8004857788656640e-04 9.4365705105295683e-03 8.8565221384842626e-03 5.8004837204530570e-04 1.8873141226900397e-02 1.7713044276968525e-02 1.1600969499318721e-03
229 8.9257812500000000e-01 8.9087842557775600e-03 8.3185663898789949e-03 5.9021786589856517e-04 8.9087840407477414e-03 8.3185663898789949e-03 5.9021765086874657e-04 1.7817568296525303e-02 1.6637132779757990e-02 1.1804355167673135e-03
230 8.9648437500000000e-01 8.3928513015758613e-03 7.7923386454127946e-03 6.0051265616306668e-04 8.3928510772653744e-03 7.7923386454127946e-03 6.0051243185257983e-04 1.6785702378841236e-02 1.5584677290825589e-02 1.2010250880156465e-03
231 9.0039062500000000e-01 7.8892827004002249e-03 7.2783495785670067e-03 6.1093312183321813e-04 7.8892824667180089e-03 7.2783495785670067e-03 6.1093288815100219e-04 1.5778565167118234e-02 1.4556699157134013e-02 1.2218660099842203e-03
232 9.0429687500000000e-01 7.3985943354460447e-03 6.7771149189960623e-03 6.2147941644998244e-04 7.3985940922986129e-03 6.7771149189960623e-03 6.2147917330255056e-04 1.4797188427744658e-02 1.3554229837992125e-02 1.2429585897525339e-03
233 9.0820312500000000e-01 6.9213071261715530e-03 6.2891554525274724e-03 6.3215167364408069e-04 6.9213068734683535e-03 6.2891554525274724e-03 6.3215142094088118e-04 1.3842613999639906e-02 1.2578310905054945e-02 1.2643030945849610e-03
234 9.1210937500000000e-01 6.4579470280102637e-03 5.8149970211618324e-03 6.4295000684843132e-04 6.4579467656591559e-03 5.8149970211618324e-03 6.4294974449732346e-04 1.2915893793669420e-02 1.1629994042323665e-02 1.2858997513457548e-03
235 9.1601562500000000e-01 6.0090450320939978e-03 5.3551705230728205e-03 6.5387450902117724e-04 6.0090447600023647e-03 5.3551705230728205e-03 6.5387423692954416e-04 1.2018089792096363e-02 1.0710341046145641e-02 1.3077487459507223e-03
236 9.1992187500000000e-01 5.5751371649869980e-03 4.9102119126071949e-03 6.6492525237980306e-04 5.5751368830631882e-03 4.9102119126071949e-03 6.6492497045599324e-04 1.1150274048050187e-02 9.8204238252143899e-03 1.3298502228357972e-03
237 9.2382812500000000e-01 5.1567644884307909e-03 4.4806622002847999e-03 6.7610228814599105e-04 5.1567641965836542e-03 4.4806622002847999e-03 6.7610199629885431e-04 1.0313528685014445e-02 8.9613244005695997e-03 1.3522042844448454e-03
238 9.2773437500000000e-01 4.7544730991005762e-03 4.0670674527985605e-03 6.8740564630201569e-04 4.7544727972373378e-03 4.0670674527985605e-03 6.8740534443877729e-04 9.5089458963379149e-03 8.1341349055971211e-03 1.3748109907407938e-03
239 9.3164062500000000e-01 4.3688141283728362e-03 3.6699787930144839e-03 6.9883533535835228e-04 4.3688138164016000e-03 3.6699787930144839e-03 6.9883502338711611e-04 8.7376279447744370e-03 7.3399575860289678e-03 1.3976703587454693e-03
240 9.3554687500000000e-01 4.0003437421045878e-03 3.2899523999716618e-03 7.1039134213292604e-04 4.0003434199342297e-03 3.2899523999716618e-03 7.1039101996256794e-04 8.0006871620388175e-03 6.5799047999433235e-03 1.4207823620954940e-03
241 9.3945312500000000e-01 3.6496231404243604e-03 2.9275495088822664e-03 7.2207363154209395e-04 3.6496228079625518e-03 2.9275495088822664e-03 7.2207329908028544e-04 7.2992459483869118e-03 5.8550990177645328e-03 1.4441469306223790e-03
242 9.4335937500000000e-01 3.3172185575349854e-03 2.5833364111315545e-03 7.3388214640343098e-04 3.3172182146895229e-03 2.5833364111315545e-03 7.3388180355796846e-04 6.6344367722245088e-03 5.1666728222631089e-03 1.4677639499613999e-03
243 9.4726562500000000e-01 3.0037012615284501e-03 2.2578844542778644e-03 7.4581680725058566e-04 3.0037009082078455e-03 2.2578844542778644e-03 7.4581645392998112e-04 6.0074021697362956e-03 4.5157689085557288e-03 1.4916332611805668e-03
244 9.5117187500000000e-01 2.7096475542128791e-03 1.9517700420526168e-03 7.5787751216026223e-04 2.7096471903252143e-03 1.9517700420526168e-03 7.5787714827259744e-04 5.4192947445380934e-03 3.9035400841052337e-03 1.5157546604328597e-03
245 9.5507812500000000e-01 2.4356387709517668e-03 1.6655746343603162e-03 7.7006413659145060e-04 2.4356383964050324e-03 1.6655746343603162e-03 7.7006376204471626e-04 4.8712771673567988e-03 3.3311492687206324e-03 1.5401278986361664e-03
246 9.5898437500000000e-01 2.1822612805155852e-03 1.3998847472785488e-03 7.8237653323703633e-04 2.1822608952179641e-03 1.3998847472785488e-03 7.8237614793941527e-04 4.3645221757335493e-03 2.7997694945570977e-03 1.5647526811764516e-03
247 9.6289062500000000e-01 1.9501064849458971e-03 1.1552919530579838e-03 7.9481453188791329e-04 1.9501060888055283e-03 1.1552919530579838e-03 7.9481413574754452e-04 3.9002125737514254e-03 2.3105839061159676e-03 1.5896286676354578e-03
248 9.6679687500000000e-01 1.7397708194320459e-03 9.3239288012237265e-04 8.0737793930967330e-04 1.7397704123570479e-03 9.3239288012237265e-04 8.0737753223467524e-04 3.4795412317890941e-03 1.8647857602447453e-03 1.6147554715443488e-03
249 9.7070312500000000e-01 1.5518557522005200e-03 7.3178921306855005e-04 8.2006653913196991e-04 1.5518553340990494e-03 7.3178921306855005e-04 8.2006612103049936e-04 3.1037110862995694e-03 1.4635784261371001e-03 1.6401326601624693e-03
250 9.7460937500000000e-01 1.3869677844170710e-03 5.5408769266643298e-04 8.3288009175063805e-04 1.3869673551946216e-03 5.5408769266643298e-04 8.3287966252818858e-04 2.7739351396116928e-03 1.1081753853328660e-03 1.6657597542788268e-03
251 9.7851562500000000e-01 1.2457184501016728e-03 3.9990011585902118e-04 8.4581833424265159e-04 1.2457180096238586e-03 3.9990011585902118e-04 8.4581789376483743e-04 2.4914364597255316e-03 7.9980023171804236e-04 1.6916362280074892e-03
252 9.8242187500000000e-01 1.1287243160563760e-03 2.6984333576239686e-04 8.5888098029397904e-04 1.1287238635561809e-03 2.6984333576239686e-04 8.5888052779378395e-04 2.2574481796125570e-03 5.3968667152479372e-04 1.7177615080877632e-03
253 9.8632812500000000e-01 1.0366069818061358e-03 1.6453926166572504e-04 8.7206772014041076e-04 1.0366065078027628e-03 1.6453926166572504e-04 8.7206724613703775e-04 2.0732134896088985e-03 3.2907852333145007e-04 1.7441349662774485e-03
254 9.9023437500000000e-01 9.6999307955297602e-04 8.4614859031253344e-05 8.8537822052172266e-04 9.6999249221135135e-04 8.4614859031253344e-05 8.8537763318009800e-04 1.9399855717643273e-03 1.6922971806250669e-04 1.7707558537018205e-03
255 9.9414062500000000e-01 9.2951427414713023e-04 3.0702149494312029e-05 8.9881212465281815e-04 9.2951396459129256e-04 3.0702149494312029e-05 8.9881181509698048e-04 1.8590282387384227e-03 6.1404298988624058e-05 1.7976239397497985e-03
256 9.9804687500000000e-01 9.1580726309064870e-04 3.4382108633139838e-06 9.1236905222733466e-04 9.1580745106806347e-04 3.4382108633139838e-06 9.1236924020474943e-04 1.8316147141587123e-03 6.8764217266279675e-06 1.8247382924320842e-03
