# P x_center tau_U tau_V tau_Psi
1 3.9062500000000000e-03 -6.8772583129337161e-03 -6.8772583129337161e-03 -1.3754516625867432e-02
2 1.1718750000000000e-02 -4.3146306608066176e-07 -4.3146306608066176e-07 -8.6292613216132352e-07
3 1.9531250000000000e-02 -4.3146820405404185e-07 -4.3146820405404185e-07 -8.6293640810808370e-07
4 2.7343750000000000e-02 -4.3147572892365815e-07 -4.3147572892365815e-07 -8.6295145784731631e-07
5 3.5156250000000000e-02 -4.3148552042460153e-07 -4.3148552064664614e-07 -8.6297104107124767e-07
6 4.2968750000000000e-02 -4.3149745954096375e-07 -4.3149745998505296e-07 -8.6299491952601670e-07
7 5.0781250000000000e-02 -4.3151143058750563e-07 -4.3151142969932721e-07 -8.6302286028683284e-07
8 5.8593750000000000e-02 -4.3152731832307722e-07 -4.3152731832307722e-07 -8.6305463664615445e-07
9 6.6406250000000000e-02 -4.3154501128128686e-07 -4.3154501039310844e-07 -8.6309002167439530e-07
10 7.4218750000000000e-02 -4.3156439666347524e-07 -4.3156439666347524e-07 -8.6312879332695047e-07
11 8.2031250000000000e-02 -4.3158536833232120e-07 -4.3158536744414278e-07 -8.6317073577646397e-07
12 8.9843750000000000e-02 -4.3160781704187912e-07 -4.3160781704187912e-07 -8.6321563408375823e-07
13 9.7656250000000000e-02 -4.3163163887527389e-07 -4.3163163887527389e-07 -8.6326327775054779e-07
14 1.0546875000000000e-01 -4.3165673346834410e-07 -4.3165673346834410e-07 -8.6331346693668820e-07
15 1.1328125000000000e-01 -4.3168299690421463e-07 -4.3168299690421463e-07 -8.6336599380842927e-07
16 1.2109375000000000e-01 -4.3171033148325932e-07 -4.3171032970690248e-07 -8.6342066119016181e-07
17 1.2890625000000000e-01 -4.3173864305856569e-07 -4.3173864305856569e-07 -8.6347728611713137e-07
18 1.3671875000000000e-01 -4.3176783570686439e-07 -4.3176783393050755e-07 -8.6353566963737194e-07
19 1.4453125000000000e-01 -4.3179781528124295e-07 -4.3179781172852927e-07 -8.6359562700977222e-07
20 1.5234375000000000e-01 -4.3182848230571835e-07 -4.3182848230571835e-07 -8.6365696461143671e-07
21 1.6015625000000000e-01 -4.3185977105508755e-07 -4.3185977105508755e-07 -8.6371954211017510e-07
22 1.6796875000000000e-01 -4.3189157494794017e-07 -4.3189157494794017e-07 -8.6378314989588034e-07
23 1.7578125000000000e-01 -4.3192381227186161e-07 -4.3192380871914793e-07 -8.6384762099100953e-07
24 1.8359375000000000e-01 -4.3195640131443724e-07 -4.3195639776172357e-07 -8.6391279907616081e-07
25 1.9140625000000000e-01 -4.3198926391596615e-07 -4.3198926391596615e-07 -8.6397852783193230e-07
26 1.9921875000000000e-01 -4.3202231481132003e-07 -4.3202231481132003e-07 -8.6404462962264006e-07
27 2.0703125000000000e-01 -4.3205547939351163e-07 -4.3205547939351163e-07 -8.6411095878702326e-07
28 2.1484375000000000e-01 -4.3208869726640842e-07 -4.3208869726640842e-07 -8.6417739453281683e-07
29 2.2265625000000000e-01 -4.3212187961216841e-07 -4.3212187961216841e-07 -8.6424375922433683e-07
30 2.3046875000000000e-01 -4.3215494116566333e-07 -4.3215494116566333e-07 -8.6430988233132666e-07
31 2.3828125000000000e-01 -4.3218785350518374e-07 -4.3218785350518374e-07 -8.6437570701036748e-07
32 2.4609375000000000e-01 -4.3222051715474663e-07 -4.3222051004931927e-07 -8.6444102720406590e-07
33 2.5390625000000000e-01 -4.3225287527093315e-07 -4.3225287527093315e-07 -8.6450575054186629e-07
34 2.6171875000000000e-01 -4.3228485679946971e-07 -4.3228485679946971e-07 -8.6456971359893942e-07
35 2.6953125000000000e-01 -4.3231642621321953e-07 -4.3231642621321953e-07 -8.6463285242643906e-07
36 2.7734375000000000e-01 -4.3234749114162696e-07 -4.3234748403619960e-07 -8.6469497517782656e-07
37 2.8515625000000000e-01 -4.3237801605755521e-07 -4.3237801605755521e-07 -8.6475603211511043e-07
38 2.9296875000000000e-01 -4.3240792990673071e-07 -4.3240792990673071e-07 -8.6481585981346143e-07
39 3.0078125000000000e-01 -4.3243720426744403e-07 -4.3243720426744403e-07 -8.6487440853488806e-07
40 3.0859375000000000e-01 -4.3246576097999423e-07 -4.3246576808542159e-07 -8.6493152906541582e-07
41 3.1640625000000000e-01 -4.3249357162267188e-07 -4.3249357162267188e-07 -8.6498714324534376e-07
42 3.2421875000000000e-01 -4.3252057935205812e-07 -4.3252057935205812e-07 -8.6504115870411624e-07
43 3.3203125000000000e-01 -4.3254673443016145e-07 -4.3254673443016145e-07 -8.6509346886032290e-07
44 3.3984375000000000e-01 -4.3257200132984508e-07 -4.3257200132984508e-07 -8.6514400265969016e-07
45 3.4765625000000000e-01 -4.3259633031311751e-07 -4.3259633031311751e-07 -8.6519266062623501e-07
46 3.5546875000000000e-01 -4.3261969295826930e-07 -4.3261969295826930e-07 -8.6523938591653859e-07
47 3.6328125000000000e-01 -4.3264203952730895e-07 -4.3264203952730895e-07 -8.6528407905461791e-07
48 3.7109375000000000e-01 -4.3266334870395440e-07 -4.3266334159852704e-07 -8.6532669030248144e-07
49 3.7890625000000000e-01 -4.3268357075021413e-07 -4.3268358496106885e-07 -8.6536715571128298e-07
50 3.8671875000000000e-01 -4.3270267724437872e-07 -4.3270267013895136e-07 -8.6540534738333008e-07
51 3.9453125000000000e-01 -4.3272063976473873e-07 -4.3272063976473873e-07 -8.6544127952947747e-07
52 4.0234375000000000e-01 -4.3273743699501210e-07 -4.3273745120586682e-07 -8.6547488820087892e-07
53 4.1015625000000000e-01 -4.3275305472434411e-07 -4.3275305472434411e-07 -8.6550610944868822e-07
54 4.1796875000000000e-01 -4.3276745032017061e-07 -4.3276745032017061e-07 -8.6553490064034122e-07
55 4.2578125000000000e-01 -4.3278060957163689e-07 -4.3278060957163689e-07 -8.6556121914327377e-07
56 4.3359375000000000e-01 -4.3279248984617880e-07 -4.3279248984617880e-07 -8.6558497969235759e-07
57 4.4140625000000000e-01 -4.3280310535465105e-07 -4.3280310535465105e-07 -8.6560621070930210e-07
58 4.4921875000000000e-01 -4.3281244188619894e-07 -4.3281245609705365e-07 -8.6562489798325259e-07
59 4.5703125000000000e-01 -4.3282047101911303e-07 -4.3282045680825831e-07 -8.6564092782737134e-07
60 4.6484375000000000e-01 -4.3282715012082917e-07 -4.3282715012082917e-07 -8.6565430024165835e-07
61 4.7265625000000000e-01 -4.3283253603476624e-07 -4.3283252182391152e-07 -8.6566505785867776e-07
62 4.8046875000000000e-01 -4.3283655770665064e-07 -4.3283657191750535e-07 -8.6567312962415599e-07
63 4.8828125000000000e-01 -4.3283925776904653e-07 -4.3283927197990124e-07 -8.6567852974894777e-07
64 4.9609375000000000e-01 -4.3284060780024447e-07 -4.3284060780024447e-07 -8.6568121560048894e-07
65 5.0390625000000000e-01 -4.3284060780024447e-07 -4.3284060780024447e-07 -8.6568121560048894e-07
66 5.1171875000000000e-01 -4.3283925776904653e-07 -4.3283927197990124e-07 -8.6567852974894777e-07
67 5.1953125000000000e-01 -4.3283655770665064e-07 -4.3283657191750535e-07 -8.6567312962415599e-07
68 5.2734375000000000e-01 -4.3283253603476624e-07 -4.3283253603476624e-07 -8.6566507206953247e-07
69 5.3515625000000000e-01 -4.3282715012082917e-07 -4.3282715012082917e-07 -8.6565430024165835e-07
70 5.4296875000000000e-01 -4.3282047101911303e-07 -4.3282045680825831e-07 -8.6564092782737134e-07
71 5.5078125000000000e-01 -4.3281244188619894e-07 -4.3281245609705365e-07 -8.6562489798325259e-07
72 5.5859375000000000e-01 -4.3280310535465105e-07 -4.3280310535465105e-07 -8.6560621070930210e-07
73 5.6640625000000000e-01 -4.3279248984617880e-07 -4.3279248984617880e-07 -8.6558497969235759e-07
74 5.7421875000000000e-01 -4.3278060957163689e-07 -4.3278060957163689e-07 -8.6556121914327377e-07
75 5.8203125000000000e-01 -4.3276745032017061e-07 -4.3276745032017061e-07 -8.6553490064034122e-07
76 5.8984375000000000e-01 -4.3275305472434411e-07 -4.3275306893519883e-07 -8.6550612365954294e-07
77 5.9765625000000000e-01 -4.3273743699501210e-07 -4.3273745120586682e-07 -8.6547488820087892e-07
78 6.0546875000000000e-01 -4.3272063976473873e-07 -4.3272062555388402e-07 -8.6544126531862275e-07
79 6.1328125000000000e-01 -4.3270267013895136e-07 -4.3270267724437872e-07 -8.6540534738333008e-07
80 6.2109375000000000e-01 -4.3268357075021413e-07 -4.3268358496106885e-07 -8.6536715571128298e-07
81 6.2890625000000000e-01 -4.3266335580938176e-07 -4.3266334870395440e-07 -8.6532670451333615e-07
82 6.3671875000000000e-01 -4.3264203952730895e-07 -4.3264203952730895e-07 -8.6528407905461791e-07
83 6.4453125000000000e-01 -4.3261969295826930e-07 -4.3261969295826930e-07 -8.6523938591653859e-07
84 6.5234375000000000e-01 -4.3259633031311751e-07 -4.3259633031311751e-07 -8.6519266062623501e-07
85 6.6015625000000000e-01 -4.3257200132984508e-07 -4.3257200132984508e-07 -8.6514400265969016e-07
86 6.6796875000000000e-01 -4.3254673443016145e-07 -4.3254673443016145e-07 -8.6509346886032290e-07
87 6.7578125000000000e-01 -4.3252057935205812e-07 -4.3252057935205812e-07 -8.6504115870411624e-07
88 6.8359375000000000e-01 -4.3249357162267188e-07 -4.3249357162267188e-07 -8.6498714324534376e-07
89 6.9140625000000000e-01 -4.3246576097999423e-07 -4.3246576808542159e-07 -8.6493152906541582e-07
90 6.9921875000000000e-01 -4.3243720426744403e-07 -4.3243720426744403e-07 -8.6487440853488806e-07
91 7.0703125000000000e-01 -4.3240792990673071e-07 -4.3240792990673071e-07 -8.6481585981346143e-07
92 7.1484375000000000e-01 -4.3237801605755521e-07 -4.3237801605755521e-07 -8.6475603211511043e-07
93 7.2265625000000000e-01 -4.3234749114162696e-07 -4.3234748403619960e-07 -8.6469497517782656e-07
94 7.3046875000000000e-01 -4.3231642621321953e-07 -4.3231642621321953e-07 -8.6463285242643906e-07
95 7.3828125000000000e-01 -4.3228485679946971e-07 -4.3228484969404235e-07 -8.6456970649351206e-07
96 7.4609375000000000e-01 -4.3225287527093315e-07 -4.3225287527093315e-07 -8.6450575054186629e-07
97 7.5390625000000000e-01 -4.3222051715474663e-07 -4.3222051004931927e-07 -8.6444102720406590e-07
98 7.6171875000000000e-01 -4.3218785350518374e-07 -4.3218785350518374e-07 -8.6437570701036748e-07
99 7.6953125000000000e-01 -4.3215494116566333e-07 -4.3215494116566333e-07 -8.6430988233132666e-07
100 7.7734375000000000e-01 -4.3212187961216841e-07 -4.3212187961216841e-07 -8.6424375922433683e-07
101 7.8515625000000000e-01 -4.3208869726640842e-07 -4.3208869726640842e-07 -8.6417739453281683e-07
102 7.9296875000000000e-01 -4.3205548294622531e-07 -4.3205548294622531e-07 -8.6411096589245062e-07
103 8.0078125000000000e-01 -4.3202231481132003e-07 -4.3202231125860635e-07 -8.6404462606992638e-07
104 8.0859375000000000e-01 -4.3198926391596615e-07 -4.3198926391596615e-07 -8.6397852783193230e-07
105 8.1640625000000000e-01 -4.3195640131443724e-07 -4.3195639776172357e-07 -8.6391279907616081e-07
106 8.2421875000000000e-01 -4.3192381227186161e-07 -4.3192380871914793e-07 -8.6384762099100953e-07
107 8.3203125000000000e-01 -4.3189157494794017e-07 -4.3189157494794017e-07 -8.6378314989588034e-07
108 8.3984375000000000e-01 -4.3185977105508755e-07 -4.3185977105508755e-07 -8.6371954211017510e-07
109 8.4765625000000000e-01 -4.3182848230571835e-07 -4.3182848230571835e-07 -8.6365696461143671e-07
110 8.5546875000000000e-01 -4.3179781528124295e-07 -4.3179781172852927e-07 -8.6359562700977222e-07
111 8.6328125000000000e-01 -4.3176783393050755e-07 -4.3176783570686439e-07 -8.6353566963737194e-07
112 8.7109375000000000e-01 -4.3173864305856569e-07 -4.3173864305856569e-07 -8.6347728611713137e-07
113 8.7890625000000000e-01 -4.3171033148325932e-07 -4.3171032970690248e-07 -8.6342066119016181e-07
114 8.8671875000000000e-01 -4.3168299690421463e-07 -4.3168299690421463e-07 -8.6336599380842927e-07
115 8.9453125000000000e-01 -4.3165673346834410e-07 -4.3165673346834410e-07 -8.6331346693668820e-07
116 9.0234375000000000e-01 -4.3163163887527389e-07 -4.3163163887527389e-07 -8.6326327775054779e-07
117 9.1015625000000000e-01 -4.3160781704187912e-07 -4.3160781704187912e-07 -8.6321563408375823e-07
118 9.1796875000000000e-01 -4.3158536833232120e-07 -4.3158536744414278e-07 -8.6317073577646397e-07
119 9.2578125000000000e-01 -4.3156439666347524e-07 -4.3156439666347524e-07 -8.6312879332695047e-07
120 9.3359375000000000e-01 -4.3154501128128686e-07 -4.3154501039310844e-07 -8.6309002167439530e-07
121 9.4140625000000000e-01 -4.3152731832307722e-07 -4.3152731832307722e-07 -8.6305463664615445e-07
122 9.4921875000000000e-01 -4.3151143014341642e-07 -4.3151142969932721e-07 -8.6302285984274363e-07
123 9.5703125000000000e-01 -4.3149745954096375e-07 -4.3149745998505296e-07 -8.6299491952601670e-07
124 9.6484375000000000e-01 -4.3148552042460153e-07 -4.3148552064664614e-07 -8.6297104107124767e-07
125 9.7265625000000000e-01 -4.3147572892365815e-07 -4.3147572892365815e-07 -8.6295145784731631e-07
126 9.8046875000000000e-01 -4.3146820405404185e-07 -4.3146820405404185e-07 -8.6293640810808370e-07
127 9.8828125000000000e-01 -4.3146306608066176e-07 -4.3146306608066176e-07 -8.6292613216132352e-07
128 9.9609375000000000e-01 -6.8772583129337161e-03 -6.8772583129337161e-03 -1.3754516625867432e-02
