# P x u_num u_exact u_err v_num v_exact v_err psi_num psi_exact psi_err
1 3.9062500000000000e-03 1.8163251503417739e-03 1.3699068945783253e-05 1.8026260813959907e-03 1.8163251596745799e-03 1.3699068945783253e-05 1.8026260907287968e-03 3.6326503100163540e-03 2.7398137891566506e-05 3.6052521721247877e-03
2 1.1718750000000000e-02 1.8707502247489449e-03 1.2136521856756266e-04 1.7493850061813822e-03 1.8707502350563624e-03 1.2136521856756266e-04 1.7493850164887997e-03 3.7415004598053076e-03 2.4273043713512533e-04 3.4987700226701821e-03
3 1.9531250000000000e-02 2.0289350143238038e-03 3.3181662539534437e-04 1.6971183889284594e-03 2.0289349936766705e-03 3.3181662539534437e-04 1.6971183682813261e-03 4.0578700080004743e-03 6.6363325079068873e-04 3.3942367572097855e-03
4 2.7343750000000000e-02 2.2858692424343775e-03 6.4003756573114746e-04 1.6458316767032301e-03 2.2858692414861798e-03 6.4003756573114746e-04 1.6458316757550324e-03 4.5717384839205569e-03 1.2800751314622949e-03 3.2916633524582620e-03
5 3.5156250000000000e-02 2.6366227921151221e-03 1.0410932146463134e-03 1.5955295774688087e-03 2.6366227930199894e-03 1.0410932146463134e-03 1.5955295783736760e-03 5.2732455851351116e-03 2.0821864292926268e-03 3.1910591558424847e-03
6 4.2968750000000000e-02 3.0763457094120272e-03 1.5301296459815058e-03 1.5462160634305215e-03 3.0763457104000854e-03 1.5301296459815058e-03 1.5462160644185796e-03 6.1526914198121122e-03 3.0602592919630116e-03 3.0924321278491007e-03
7 5.0781250000000000e-02 3.6002682083559057e-03 2.1023738323467105e-03 1.4978943760091952e-03 3.6002682093018087e-03 2.1023738323467105e-03 1.4978943769550983e-03 7.2005364176577144e-03 4.2047476646934210e-03 2.9957887529642934e-03
8 5.8593750000000000e-02 4.2037006775606546e-03 2.7531336451212356e-03 1.4505670324394190e-03 4.2037006784571692e-03 2.7531336451212356e-03 1.4505670333359337e-03 8.4074013560178247e-03 5.5062672902424711e-03 2.9011340657753536e-03
9 6.6406250000000000e-02 4.8820336884250071e-03 3.4777978544537117e-03 1.4042358339712954e-03 4.8820336892727431e-03 3.4777978544537117e-03 1.4042358348190314e-03 9.7640673776977494e-03 6.9555957089074234e-03 2.8084716687903260e-03
10 7.4218750000000000e-02 5.6307380049136525e-03 4.2718361292620917e-03 1.3589018756515608e-03 5.6307380057135812e-03 4.2718361292620917e-03 1.3589018764514895e-03 1.1261476010627235e-02 8.5436722585241834e-03 2.7178037521030513e-03
11 8.2031250000000000e-02 6.4453645948892658e-03 5.1307990372336503e-03 1.3145655576556154e-03 6.4453645956415286e-03 5.1307990372336503e-03 1.3145655584078783e-03 1.2890729190530794e-02 1.0261598074467301e-02 2.6291311160634937e-03
12 8.9843750000000000e-02 7.3215446429631204e-03 6.0503180448249856e-03 1.2712265981381348e-03 7.3215446436694955e-03 6.0503180448249856e-03 1.2712265988445099e-03 1.4643089286632615e-02 1.2100636089649971e-02 2.5424531969826438e-03
13 9.7656250000000000e-02 8.2549895648278155e-03 7.0261055172620157e-03 1.2288840475657998e-03 8.2549895654888406e-03 7.0261055172620157e-03 1.2288840482268248e-03 1.6509979130316654e-02 1.4052211034524031e-02 2.4577680957926229e-03
14 1.0546875000000000e-01 9.2414910230319038e-03 8.0539547185399848e-03 1.1875363044919190e-03 9.2414910236487628e-03 8.0539547185399848e-03 1.1875363051087780e-03 1.8482982046680668e-02 1.6107909437079970e-02 2.3750726096006987e-03
15 1.1328125000000000e-01 1.0276920944152293e-02 9.1297398114234540e-03 1.1471811327288389e-03 1.0276920944725088e-02 9.1297398114234540e-03 1.1471811333016342e-03 2.0553841888877381e-02 1.8259479622846908e-02 2.2943622660304731e-03
16 1.2109375000000000e-01 1.1357231537316839e-02 1.0249415857446311e-02 1.1078156798705278e-03 1.1357231537847408e-02 1.0249415857446311e-02 1.1078156804010964e-03 2.2714463075164247e-02 2.0498831714892623e-02 2.2156313602716242e-03
17 1.2890625000000000e-01 1.2478455314026051e-02 1.1409018816911766e-02 1.0694364971142855e-03 1.2478455314514386e-02 1.1409018816911766e-02 1.0694364976026206e-03 2.4956910628540437e-02 2.2818037633823531e-02 2.1388729947169061e-03
18 1.3671875000000000e-01 1.3636705109219580e-02 1.2604665548892346e-02 1.0320395603272345e-03 1.3636705109667024e-02 1.2604665548892346e-02 1.0320395607746786e-03 2.7273410218886605e-02 2.5209331097784692e-02 2.0640791211019131e-03
19 1.4453125000000000e-01 1.4828174103529974e-02 1.3832553811229909e-02 9.9562029230006524e-04 1.4828174103937098e-02 1.3832553811229909e-02 9.9562029270718923e-04 2.9656348207467070e-02 2.7665107622459818e-02 1.9912405850072527e-03
20 1.5234375000000000e-01 1.6049135846663391e-02 1.5088962260535627e-02 9.6017358612776431e-04 1.6049135847031909e-02 1.5088962260535627e-02 9.6017358649628202e-04 3.2098271693695300e-02 3.0177924521071254e-02 1.9203471726240463e-03
21 1.6015625000000000e-01 1.7295944281844167e-02 1.6370250452190000e-02 9.2569382965416655e-04 1.7295944282173605e-02 1.6370250452190000e-02 9.2569382998360442e-04 3.4591888564017771e-02 3.2740500904380000e-02 1.8513876596377710e-03
22 1.6796875000000000e-01 1.8565033771257494e-02 1.7672858840342844e-02 8.9217493091464997e-04 1.8565033771550787e-02 1.7672858840342844e-02 8.9217493120794314e-04 3.7130067542808280e-02 3.5345717680685687e-02 1.7843498621225931e-03
23 1.7578125000000000e-01 1.9852919122422687e-02 1.8993308777913307e-02 8.5961034450937959e-04 1.9852919122678902e-02 1.8993308777913307e-02 8.5961034476559478e-04 3.9705838245101585e-02 3.7986617555826614e-02 1.7192206892749709e-03
24 1.8359375000000000e-01 2.1156195615426258e-02 2.0328202516589851e-02 8.2799309883640690e-04 2.1156195615645010e-02 2.0328202516589851e-02 8.2799309905515900e-04 4.2312391231071264e-02 4.0656405033179702e-02 1.6559861978915624e-03
25 1.9140625000000000e-01 2.2471539030943628e-02 2.1674223206830261e-02 7.9731582411336765e-04 2.2471539031130153e-02 2.1674223206830261e-02 7.9731582429989206e-04 4.4943078062073781e-02 4.3348446413660521e-02 1.5946316484132597e-03
26 1.9921875000000000e-01 2.3795705678975276e-02 2.3028134897861648e-02 7.6757078111362731e-04 2.3795705679127820e-02 2.3028134897861648e-02 7.6757078126617195e-04 4.7591411358103096e-02 4.6056269795723297e-02 1.5351415623797993e-03
27 2.0703125000000000e-01 2.5125532428222457e-02 2.4386782537680445e-02 7.3874989054201201e-04 2.5125532428340199e-02 2.4386782537680445e-02 7.3874989065975463e-04 5.0251064856562652e-02 4.8773565075360889e-02 1.4774997812017632e-03
28 2.1484375000000000e-01 2.6457936736026061e-02 2.5747091973052399e-02 7.1084476297366209e-04 2.6457936736111475e-02 2.5747091973052399e-02 7.1084476305907640e-04 5.2915873472137540e-02 5.1494183946104798e-02 1.4216895260327420e-03
29 2.2265625000000000e-01 2.7789916678791257e-02 2.7106069949512594e-02 6.8384672927866361e-04 2.7789916678845304e-02 2.7106069949512594e-02 6.8384672933271065e-04 5.5579833357636561e-02 5.4212139899025187e-02 1.3676934586113743e-03
30 2.3046875000000000e-01 2.9118550982819600e-02 2.8460804111365427e-02 6.5774687145417343e-04 2.9118550982844407e-02 2.8460804111365427e-02 6.5774687147897998e-04 5.8237101965664007e-02 5.6921608222730853e-02 1.3154937429331534e-03
31 2.3828125000000000e-01 3.0440999055469972e-02 2.9808463001684611e-02 6.3253605378536110e-04 3.0440999055464178e-02 2.9808463001684611e-02 6.3253605377956712e-04 6.0881998110934150e-02 5.9616926003369222e-02 1.2650721075649282e-03
32 2.4609375000000000e-01 3.1754501016569105e-02 3.1146296062313197e-02 6.0820495425590801e-04 3.1754501016534563e-02 3.1146296062313197e-02 6.0820495422136620e-04 6.3509002033103668e-02 6.2292592124626393e-02 1.2164099084772742e-03
33 2.5390625000000000e-01 3.3056377729992127e-02 3.2471633633863545e-02 5.8474409612858241e-04 3.3056377729929143e-02 3.2471633633863545e-02 5.8474409606559807e-04 6.6112755459921263e-02 6.4943267267727089e-02 1.1694881921941735e-03
34 2.6171875000000000e-01 3.4344030835334168e-02 3.3781886955717350e-02 5.6214387961681794e-04 3.4344030835244004e-02 3.3781886955717350e-02 5.6214387952665396e-04 6.8688061670578171e-02 6.7563773911434699e-02 1.1242877591434719e-03
35 2.6953125000000000e-01 3.5614942779593754e-02 3.5074548166025607e-02 5.4039461356814728e-04 3.5614942779477875e-02 3.5074548166025607e-02 5.4039461345226775e-04 7.1229885559071629e-02 7.0149096332051214e-02 1.0807892270204150e-03
36 2.7734375000000000e-01 3.6866676848789096e-02 3.6347190301708666e-02 5.1948654708042913e-04 3.6866676848647841e-02 3.6347190301708666e-02 5.1948654693917407e-04 7.3733353697436943e-02 7.2694380603417333e-02 1.0389730940196101e-03
37 2.8515625000000000e-01 3.8096877199429932e-02 3.7597467298456165e-02 4.9940990097376708e-04 3.8096877199261470e-02 3.7597467298456165e-02 4.9940990080530462e-04 7.6193754398691402e-02 7.5194934596912330e-02 9.9881980177907170e-04
38 2.9296875000000000e-01 3.9303268889767151e-02 3.8823113990727090e-02 4.8015489904006114e-04 3.9303268889577858e-02 3.8823113990727090e-02 4.8015489885076812e-04 7.8606537779345009e-02 7.7646227981454180e-02 9.6030979789082926e-04
39 3.0078125000000000e-01 4.0483657910744000e-02 4.0021946111749737e-02 4.6171179899426318e-04 4.0483657910531330e-02 4.0021946111749737e-02 4.6171179878159302e-04 8.0967315821275337e-02 8.0043892223499474e-02 9.2342359777586314e-04
40 3.0859375000000000e-01 4.1635931216574419e-02 4.1191860293521725e-02 4.4407092305269458e-04 4.1635931216342729e-02 4.1191860293521725e-02 4.4407092282100491e-04 8.3271862432917149e-02 8.2383720587043449e-02 8.8814184587369949e-04
41 3.1640625000000000e-01 4.2758056754874402e-02 4.2330834066810000e-02 4.2722268806440200e-04 4.2758056754619883e-02 4.2330834066810000e-02 4.2722268780988337e-04 8.5516113509494285e-02 8.4661668133619999e-02 8.5444537587428537e-04
42 3.2421875000000000e-01 4.3848083496274087e-02 4.3436925861150825e-02 4.1115763512326181e-04 4.3848083496000612e-02 4.3436925861150825e-02 4.1115763484978612e-04 8.7696166992274699e-02 8.6873851722301651e-02 8.2231526997304794e-04
43 3.3203125000000000e-01 4.4904141463440746e-02 4.4508275004849787e-02 3.9586645859095854e-04 4.4904141463144184e-02 4.4508275004849787e-02 3.9586645829439715e-04 8.9808282926584937e-02 8.9016550009699574e-02 7.9173291688536263e-04
44 3.3984375000000000e-01 4.5924441759443331e-02 4.5543101724981799e-02 3.8134003446153170e-04 4.5924441759131733e-02 4.5543101724981799e-02 3.8134003414993373e-04 9.1848883518575064e-02 9.1086203449963599e-02 7.6268006861146542e-04
45 3.4765625000000000e-01 4.6907276595392192e-02 4.6539707147391099e-02 3.6756944800109270e-04 4.6907276595062296e-02 4.6539707147391099e-02 3.6756944767119687e-04 9.3814553190454480e-02 9.3079414294782198e-02 7.3513889567228263e-04
46 3.5546875000000000e-01 4.7851019317288877e-02 4.7496473296691231e-02 3.5454602059764584e-04 4.7851019316942321e-02 4.7496473296691231e-02 3.5454602025108972e-04 9.5702038634231198e-02 9.4992946593382463e-02 7.0909204084873556e-04
47 3.6328125000000000e-01 4.8754124432024447e-02 4.8411863096265072e-02 3.4226133575937512e-04 4.8754124431661328e-02 4.8411863096265072e-02 3.4226133539625586e-04 9.7508248863685781e-02 9.6823726192530143e-02 6.8452267115563792e-04
48 3.7109375000000000e-01 4.9615127632464971e-02 4.9284420368264831e-02 3.3070726420014046e-04 4.9615127632090077e-02 4.9284420368264831e-02 3.3070726382524590e-04 9.9230255264555048e-02 9.8568840736529661e-02 6.6141452802538636e-04
49 3.7890625000000000e-01 5.0432645821567319e-02 5.0112769833612014e-02 3.1987598795530509e-04 5.0432645821177992e-02 5.0112769833612014e-02 3.1987598756597763e-04 1.0086529164274531e-01 1.0022553966722403e-01 6.3975197552128271e-04
50 3.8671875000000000e-01 5.1205377135469743e-02 5.0895617111997485e-02 3.0976002347225806e-04 5.1205377135065157e-02 5.0895617111997485e-02 3.0976002306767197e-04 1.0241075427053489e-01 1.0179123422399497e-01 6.1952004653992310e-04
51 3.9453125000000000e-01 5.1932100965504435e-02 5.1631748721881393e-02 3.0035224362304214e-04 5.1932100965085874e-02 5.1631748721881393e-02 3.0035224320448112e-04 1.0386420193059032e-01 1.0326349744376279e-01 6.0070448682753019e-04
52 4.0234375000000000e-01 5.2611677979082637e-02 5.2320032080493233e-02 2.9164589858940437e-04 5.2611677978654695e-02 5.2320032080493233e-02 2.9164589816146197e-04 1.0522335595773732e-01 1.0464006416098647e-01 5.8329179675085940e-04
53 4.1015625000000000e-01 5.3243050139404578e-02 5.2959415503831812e-02 2.8363463557276591e-04 5.3243050138969787e-02 5.2959415503831812e-02 2.8363463513797482e-04 1.0648610027837437e-01 1.0591883100766362e-01 5.6726927071074074e-04
54 4.1796875000000000e-01 5.3825240723950382e-02 5.3548928206665264e-02 2.7631251728511830e-04 5.3825240723502213e-02 5.3548928206665264e-02 2.7631251683694902e-04 1.0765048144745260e-01 1.0709785641333053e-01 5.5262503412206732e-04
55 4.2578125000000000e-01 5.4357354341710164e-02 5.4087680302531048e-02 2.6967403917911581e-04 5.4357354341253633e-02 5.4087680302531048e-02 2.6967403872258516e-04 1.0871470868296379e-01 1.0817536060506210e-01 5.3934807790169403e-04
56 4.3359375000000000e-01 5.4838576949115377e-02 5.4574862803735941e-02 2.6371414537943588e-04 5.4838576948651692e-02 5.4574862803735941e-02 2.6371414491575124e-04 1.0967715389776707e-01 1.0914972560747188e-01 5.2742829029518712e-04
57 4.4140625000000000e-01 5.5268175864635942e-02 5.5009747621356034e-02 2.5842824327990815e-04 5.5268175864165041e-02 5.5009747621356034e-02 2.5842824280900706e-04 1.1053635172880098e-01 1.1001949524271207e-01 5.1685648608891521e-04
58 4.4921875000000000e-01 5.5645499782009888e-02 5.5391687565236762e-02 2.5381221677312632e-04 5.5645499781534498e-02 5.5391687565236762e-02 2.5381221629773576e-04 1.1129099956354438e-01 1.1078337513047352e-01 5.0762443307085514e-04
59 4.5703125000000000e-01 5.5969978782077816e-02 5.5720116343992855e-02 2.4986243808496067e-04 5.5969978781596506e-02 5.5720116343992855e-02 2.4986243760365123e-04 1.1193995756367432e-01 1.1144023268798571e-01 4.9972487568861190e-04
60 4.6484375000000000e-01 5.6241124343195330e-02 5.5994548565008392e-02 2.4657577818693738e-04 5.6241124342711203e-02 5.5994548565008392e-02 2.4657577770281075e-04 1.1248224868590653e-01 1.1198909713001678e-01 4.9315155588974813e-04
61 4.7265625000000000e-01 5.6458529350200418e-02 5.6214579734436748e-02 2.4394961576366947e-04 5.6458529349711434e-02 5.6214579734436748e-02 2.4394961527468562e-04 1.1291705869991185e-01 1.1242915946887350e-01 4.8789923103835509e-04
62 4.8046875000000000e-01 5.6621868101916342e-02 5.6379886257200647e-02 2.4198184471569545e-04 5.6621868101424333e-02 5.6379886257200647e-02 2.4198184422368624e-04 1.1324373620334068e-01 1.1275977251440129e-01 4.8396368893938169e-04
63 4.8828125000000000e-01 5.6730896317173894e-02 5.6490225436992121e-02 2.4067088018177307e-04 5.6730896316678762e-02 5.6490225436992121e-02 2.4067087968664136e-04 1.1346179263385266e-01 1.1298045087398424e-01 4.8134175986841443e-04
64 4.9609375000000000e-01 5.6785451139339561e-02 5.6545435476272513e-02 2.4001566306704886e-04 5.6785451138845519e-02 5.6545435476272513e-02 2.4001566257300655e-04 1.1357090227818509e-01 1.1309087095254503e-01 4.8003132564006235e-04
65 5.0390625000000000e-01 5.6785451139339596e-02 5.6545435476272513e-02 2.4001566306708355e-04 5.6785451138845401e-02 5.6545435476272513e-02 2.4001566257288859e-04 1.1357090227818500e-01 1.1309087095254503e-01 4.8003132563997908e-04
66 5.1171875000000000e-01 5.6730896317173998e-02 5.6490225436992121e-02 2.4067088018187716e-04 5.6730896316678318e-02 5.6490225436992121e-02 2.4067087968619727e-04 1.1346179263385231e-01 1.1298045087398424e-01 4.8134175986806749e-04
67 5.1953125000000000e-01 5.6621868101916467e-02 5.6379886257200647e-02 2.4198184471582035e-04 5.6621868101422015e-02 5.6379886257200647e-02 2.4198184422136865e-04 1.1324373620333848e-01 1.1275977251440129e-01 4.8396368893718900e-04
68 5.2734375000000000e-01 5.6458529350200522e-02 5.6214579734436748e-02 2.4394961576377355e-04 5.6458529349709533e-02 5.6214579734436748e-02 2.4394961527278436e-04 1.1291705869991006e-01 1.1242915946887350e-01 4.8789923103656485e-04
69 5.3515625000000000e-01 5.6241124343195448e-02 5.5994548565008392e-02 2.4657577818705534e-04 5.6241124342707990e-02 5.5994548565008392e-02 2.4657577769959804e-04 1.1248224868590344e-01 1.1198909713001678e-01 4.9315155588665338e-04
70 5.4296875000000000e-01 5.5969978782077864e-02 5.5720116343992855e-02 2.4986243808500924e-04 5.5969978781596590e-02 5.5720116343992855e-02 2.4986243760373450e-04 1.1193995756367445e-01 1.1144023268798571e-01 4.9972487568873680e-04
71 5.5078125000000000e-01 5.5645499782009958e-02 5.5391687565236762e-02 2.5381221677319571e-04 5.5645499781534408e-02 5.5391687565236762e-02 2.5381221629764555e-04 1.1129099956354437e-01 1.1078337513047352e-01 5.0762443307084126e-04
72 5.5859375000000000e-01 5.5268175864636039e-02 5.5009747621356034e-02 2.5842824328000530e-04 5.5268175864164451e-02 5.5009747621356034e-02 2.5842824280841725e-04 1.1053635172880050e-01 1.1001949524271207e-01 5.1685648608842949e-04
73 5.6640625000000000e-01 5.4838576949115474e-02 5.4574862803735941e-02 2.6371414537953303e-04 5.4838576948650644e-02 5.4574862803735941e-02 2.6371414491470346e-04 1.0967715389776611e-01 1.0914972560747188e-01 5.2742829029422955e-04
74 5.7421875000000000e-01 5.4357354341710157e-02 5.4087680302531048e-02 2.6967403917910887e-04 5.4357354341254556e-02 5.4087680302531048e-02 2.6967403872350804e-04 1.0871470868296471e-01 1.0817536060506210e-01 5.3934807790260997e-04
75 5.8203125000000000e-01 5.3825240723950445e-02 5.3548928206665264e-02 2.7631251728518075e-04 5.3825240723502338e-02 5.3548928206665264e-02 2.7631251683707392e-04 1.0765048144745279e-01 1.0709785641333053e-01 5.5262503412226160e-04
76 5.8984375000000000e-01 5.3243050139404627e-02 5.2959415503831812e-02 2.8363463557281449e-04 5.3243050138967629e-02 5.2959415503831812e-02 2.8363463513581683e-04 1.0648610027837226e-01 1.0591883100766362e-01 5.6726927070863131e-04
77 5.9765625000000000e-01 5.2611677979082776e-02 5.2320032080493233e-02 2.9164589858954315e-04 5.2611677978656408e-02 5.2320032080493233e-02 2.9164589816317588e-04 1.0522335595773918e-01 1.0464006416098647e-01 5.8329179675271903e-04
78 6.0546875000000000e-01 5.1932100965504567e-02 5.1631748721881393e-02 3.0035224362317398e-04 5.1932100965089184e-02 5.1631748721881393e-02 3.0035224320779097e-04 1.0386420193059376e-01 1.0326349744376279e-01 6.0070448683097188e-04
79 6.1328125000000000e-01 5.1205377135469937e-02 5.0895617111997485e-02 3.0976002347245235e-04 5.1205377135065427e-02 5.0895617111997485e-02 3.0976002306794259e-04 1.0241075427053536e-01 1.0179123422399497e-01 6.1952004654039494e-04
80 6.2109375000000000e-01 5.0432645821567548e-02 5.0112769833612014e-02 3.1987598795553407e-04 5.0432645821177582e-02 5.0112769833612014e-02 3.1987598756556823e-04 1.0086529164274513e-01 1.0022553966722403e-01 6.3975197552110230e-04
81 6.2890625000000000e-01 4.9615127632465228e-02 4.9284420368264831e-02 3.3070726420039720e-04 4.9615127632089237e-02 4.9284420368264831e-02 3.3070726382440629e-04 9.9230255264554465e-02 9.8568840736529661e-02 6.6141452802480349e-04
82 6.3671875000000000e-01 4.8754124432024717e-02 4.8411863096265072e-02 3.4226133575964574e-04 4.8754124431661765e-02 4.8411863096265072e-02 3.4226133539669301e-04 9.7508248863686475e-02 9.6823726192530143e-02 6.8452267115633181e-04
83 6.4453125000000000e-01 4.7851019317289134e-02 4.7496473296691231e-02 3.5454602059790258e-04 4.7851019316943619e-02 4.7496473296691231e-02 3.5454602025238730e-04 9.5702038634232753e-02 9.4992946593382463e-02 7.0909204085028987e-04
84 6.5234375000000000e-01 4.6907276595392393e-02 4.6539707147391099e-02 3.6756944800129393e-04 4.6907276595061692e-02 4.6539707147391099e-02 3.6756944767059319e-04 9.3814553190454092e-02 9.3079414294782198e-02 7.3513889567189405e-04
85 6.6015625000000000e-01 4.5924441759443525e-02 4.5543101724981799e-02 3.8134003446172599e-04 4.5924441759131615e-02 4.5543101724981799e-02 3.8134003414981577e-04 9.1848883518575147e-02 9.1086203449963599e-02 7.6268006861154869e-04
86 6.6796875000000000e-01 4.4904141463440891e-02 4.4508275004849787e-02 3.9586645859110425e-04 4.4904141463148306e-02 4.4508275004849787e-02 3.9586645829851885e-04 8.9808282926589197e-02 8.9016550009699574e-02 7.9173291688962311e-04
87 6.7578125000000000e-01 4.3848083496274226e-02 4.3436925861150825e-02 4.1115763512340059e-04 4.3848083495999536e-02 4.3436925861150825e-02 4.1115763484871060e-04 8.7696166992273755e-02 8.6873851722301651e-02 8.2231526997210425e-04
88 6.8359375000000000e-01 4.2758056754874582e-02 4.2330834066810000e-02 4.2722268806458241e-04 4.2758056754620861e-02 4.2330834066810000e-02 4.2722268781086176e-04 8.5516113509495451e-02 8.4661668133619999e-02 8.5444537587545111e-04
89 6.9140625000000000e-01 4.1635931216574620e-02 4.1191860293521725e-02 4.4407092305289581e-04 4.1635931216342043e-02 4.1191860293521725e-02 4.4407092282031796e-04 8.3271862432916663e-02 8.2383720587043449e-02 8.8814184587321376e-04
90 6.9921875000000000e-01 4.0483657910744229e-02 4.0021946111749737e-02 4.6171179899449216e-04 4.0483657910533245e-02 4.0021946111749737e-02 4.6171179878350815e-04 8.0967315821277475e-02 8.0043892223499474e-02 9.2342359777800032e-04
91 7.0703125000000000e-01 3.9303268889767380e-02 3.8823113990727090e-02 4.8015489904029013e-04 3.9303268889577213e-02 3.8823113990727090e-02 4.8015489885012280e-04 7.8606537779344593e-02 7.7646227981454180e-02 9.6030979789041293e-04
92 7.1484375000000000e-01 3.8096877199430140e-02 3.7597467298456165e-02 4.9940990097397525e-04 3.8096877199263753e-02 3.7597467298456165e-02 4.9940990080758751e-04 7.6193754398693886e-02 7.5194934596912330e-02 9.9881980178155583e-04
93 7.2265625000000000e-01 3.6866676848789290e-02 3.6347190301708666e-02 5.1948654708062342e-04 3.6866676848648146e-02 3.6347190301708666e-02 5.1948654693947938e-04 7.3733353697437443e-02 7.2694380603417333e-02 1.0389730940201097e-03
94 7.3046875000000000e-01 3.5614942779593928e-02 3.5074548166025607e-02 5.4039461356832075e-04 3.5614942779477368e-02 3.5074548166025607e-02 5.4039461345176121e-04 7.1229885559071296e-02 7.0149096332051214e-02 1.0807892270200820e-03
95 7.3828125000000000e-01 3.4344030835334369e-02 3.3781886955717350e-02 5.6214387961701917e-04 3.4344030835245121e-02 3.3781886955717350e-02 5.6214387952777112e-04 6.8688061670579489e-02 6.7563773911434699e-02 1.1242877591447903e-03
96 7.4609375000000000e-01 3.3056377729992314e-02 3.2471633633863545e-02 5.8474409612876976e-04 3.3056377729930732e-02 3.2471633633863545e-02 5.8474409606718708e-04 6.6112755459923039e-02 6.4943267267727089e-02 1.1694881921959499e-03
97 7.5390625000000000e-01 3.1754501016569334e-02 3.1146296062313197e-02 6.0820495425613699e-04 3.1754501016533675e-02 3.1146296062313197e-02 6.0820495422047802e-04 6.3509002033103001e-02 6.2292592124626393e-02 1.2164099084766081e-03
98 7.6171875000000000e-01 3.0440999055470187e-02 2.9808463001684611e-02 6.3253605378557620e-04 3.0440999055463228e-02 2.9808463001684611e-02 6.3253605377861649e-04 6.0881998110933415e-02 5.9616926003369222e-02 1.2650721075641927e-03
99 7.6953125000000000e-01 2.9118550982819843e-02 2.8460804111365427e-02 6.5774687145441629e-04 2.9118550982842065e-02 2.8460804111365427e-02 6.5774687147663810e-04 5.8237101965661911e-02 5.6921608222730853e-02 1.3154937429310579e-03
100 7.7734375000000000e-01 2.7789916678791479e-02 2.7106069949512594e-02 6.8384672927888565e-04 2.7789916678846678e-02 2.7106069949512594e-02 6.8384672933408455e-04 5.5579833357638157e-02 5.4212139899025187e-02 1.3676934586129702e-03
101 7.8515625000000000e-01 2.6457936736026293e-02 2.5747091973052399e-02 7.1084476297389454e-04 2.6457936736111947e-02 2.5747091973052399e-02 7.1084476305954825e-04 5.2915873472138240e-02 5.1494183946104798e-02 1.4216895260334428e-03
102 7.9296875000000000e-01 2.5125532428222672e-02 2.4386782537680445e-02 7.3874989054222712e-04 2.5125532428340116e-02 2.4386782537680445e-02 7.3874989065967137e-04 5.0251064856562791e-02 4.8773565075360889e-02 1.4774997812019020e-03
103 8.0078125000000000e-01 2.3795705678975484e-02 2.3028134897861648e-02 7.6757078111383548e-04 2.3795705679126655e-02 2.3028134897861648e-02 7.6757078126500622e-04 4.7591411358102138e-02 4.6056269795723297e-02 1.5351415623788417e-03
104 8.0859375000000000e-01 2.2471539030943819e-02 2.1674223206830261e-02 7.9731582411355847e-04 2.2471539031129396e-02 2.1674223206830261e-02 7.9731582429913572e-04 4.4943078062073219e-02 4.3348446413660521e-02 1.5946316484126977e-03
105 8.1640625000000000e-01 2.1156195615426459e-02 2.0328202516589851e-02 8.2799309883660813e-04 2.1156195615645579e-02 2.0328202516589851e-02 8.2799309905572799e-04 4.2312391231072041e-02 4.0656405033179702e-02 1.6559861978923396e-03
106 8.2421875000000000e-01 1.9852919122422891e-02 1.8993308777913307e-02 8.5961034450958429e-04 1.9852919122678014e-02 1.8993308777913307e-02 8.5961034476470660e-04 3.9705838245100905e-02 3.7986617555826614e-02 1.7192206892742909e-03
107 8.3203125000000000e-01 1.8565033771257691e-02 1.7672858840342844e-02 8.9217493091484773e-04 1.8565033771550325e-02 1.7672858840342844e-02 8.9217493120748170e-04 3.7130067542808017e-02 3.5345717680685687e-02 1.7843498621223294e-03
108 8.3984375000000000e-01 1.7295944281844354e-02 1.6370250452190000e-02 9.2569382965435390e-04 1.7295944282174239e-02 1.6370250452190000e-02 9.2569382998423932e-04 3.4591888564018597e-02 3.2740500904380000e-02 1.8513876596385967e-03
109 8.4765625000000000e-01 1.6049135846663586e-02 1.5088962260535627e-02 9.6017358612795860e-04 1.6049135847030608e-02 1.5088962260535627e-02 9.6017358649498098e-04 3.2098271693694197e-02 3.0177924521071254e-02 1.9203471726229430e-03
110 8.5546875000000000e-01 1.4828174103530134e-02 1.3832553811229909e-02 9.9562029230022484e-04 1.4828174103936664e-02 1.3832553811229909e-02 9.9562029270675555e-04 2.9656348207466800e-02 2.7665107622459818e-02 1.9912405850069821e-03
111 8.6328125000000000e-01 1.3636705109219716e-02 1.2604665548892346e-02 1.0320395603273698e-03 1.3636705109667500e-02 1.2604665548892346e-02 1.0320395607751540e-03 2.7273410218887215e-02 2.5209331097784692e-02 2.0640791211025238e-03
112 8.7109375000000000e-01 1.2478455314026169e-02 1.1409018816911766e-02 1.0694364971144035e-03 1.2478455314515123e-02 1.1409018816911766e-02 1.0694364976033578e-03 2.4956910628541294e-02 2.2818037633823531e-02 2.1388729947177630e-03
113 8.7890625000000000e-01 1.1357231537316955e-02 1.0249415857446311e-02 1.1078156798706440e-03 1.1357231537847094e-02 1.0249415857446311e-02 1.1078156804007824e-03 2.2714463075164049e-02 2.0498831714892623e-02 2.2156313602714264e-03
114 8.8671875000000000e-01 1.0276920944152407e-02 9.1297398114234540e-03 1.1471811327289534e-03 1.0276920944724875e-02 9.1297398114234540e-03 1.1471811333014208e-03 2.0553841888877281e-02 1.8259479622846908e-02 2.2943622660303725e-03
115 8.9453125000000000e-01 9.2414910230320148e-03 8.0539547185399848e-03 1.1875363044920300e-03 9.2414910236490646e-03 8.0539547185399848e-03 1.1875363051090798e-03 1.8482982046681078e-02 1.6107909437079970e-02 2.3750726096011081e-03
116 9.0234375000000000e-01 8.2549895648279196e-03 7.0261055172620157e-03 1.2288840475659039e-03 8.2549895654891303e-03 7.0261055172620157e-03 1.2288840482271145e-03 1.6509979130317050e-02 1.4052211034524031e-02 2.4577680957930184e-03
117 9.1015625000000000e-01 7.3215446429632054e-03 6.0503180448249856e-03 1.2712265981382198e-03 7.3215446436699300e-03 6.0503180448249856e-03 1.2712265988449444e-03 1.4643089286633135e-02 1.2100636089649971e-02 2.5424531969831642e-03
118 9.1796875000000000e-01 6.4453645948893516e-03 5.1307990372336503e-03 1.3145655576557013e-03 6.4453645956417142e-03 5.1307990372336503e-03 1.3145655584080639e-03 1.2890729190531067e-02 1.0261598074467301e-02 2.6291311160637661e-03
119 9.2578125000000000e-01 5.6307380049137332e-03 4.2718361292620917e-03 1.3589018756516415e-03 5.6307380057136350e-03 4.2718361292620917e-03 1.3589018764515433e-03 1.1261476010627368e-02 8.5436722585241834e-03 2.7178037521031848e-03
120 9.3359375000000000e-01 4.8820336884250869e-03 3.4777978544537117e-03 1.4042358339713752e-03 4.8820336892728281e-03 3.4777978544537117e-03 1.4042358348191164e-03 9.7640673776979159e-03 6.9555957089074234e-03 2.8084716687904925e-03
121 9.4140625000000000e-01 4.2037006775607335e-03 2.7531336451212356e-03 1.4505670324394980e-03 4.2037006784572629e-03 2.7531336451212356e-03 1.4505670333360273e-03 8.4074013560179964e-03 5.5062672902424711e-03 2.9011340657755253e-03
122 9.4921875000000000e-01 3.6002682083559876e-03 2.1023738323467105e-03 1.4978943760092771e-03 3.6002682093018781e-03 2.1023738323467105e-03 1.4978943769551676e-03 7.2005364176578653e-03 4.2047476646934210e-03 2.9957887529644444e-03
123 9.5703125000000000e-01 3.0763457094121101e-03 1.5301296459815058e-03 1.5462160634306043e-03 3.0763457104001513e-03 1.5301296459815058e-03 1.5462160644186455e-03 6.1526914198122614e-03 3.0602592919630116e-03 3.0924321278492498e-03
124 9.6484375000000000e-01 2.6366227921152049e-03 1.0410932146463134e-03 1.5955295774688915e-03 2.6366227930202059e-03 1.0410932146463134e-03 1.5955295783738924e-03 5.2732455851354108e-03 2.0821864292926268e-03 3.1910591558427840e-03
125 9.7265625000000000e-01 2.2858692424344612e-03 6.4003756573114746e-04 1.6458316767033138e-03 2.2858692414862393e-03 6.4003756573114746e-04 1.6458316757550918e-03 4.5717384839207009e-03 1.2800751314622949e-03 3.2916633524584060e-03
126 9.8046875000000000e-01 2.0289350143238871e-03 3.3181662539534437e-04 1.6971183889285426e-03 2.0289349936767464e-03 3.3181662539534437e-04 1.6971183682814020e-03 4.0578700080006330e-03 6.6363325079068873e-04 3.3942367572099442e-03
127 9.8828125000000000e-01 1.8707502247490295e-03 1.2136521856756266e-04 1.7493850061814668e-03 1.8707502350564903e-03 1.2136521856756266e-04 1.7493850164889276e-03 3.7415004598055201e-03 2.4273043713512533e-04 3.4987700226703946e-03
128 9.9609375000000000e-01 1.8163251503418569e-03 1.3699068945783253e-05 1.8026260813960738e-03 1.8163251596747122e-03 1.3699068945783253e-05 1.8026260907289290e-03 3.6326503100165691e-03 2.7398137891566506e-05 3.6052521721250028e-03
