# P x_center tau_U tau_V tau_Psi
1 0.03125 0.08782164812151905 0.02926907426730452 0.1170907223888236
2 0.09375 -0.002557721906384813 -0.0008668145027854735 -0.003424536409170287
3 0.15625 -0.004153514997028651 -0.001407630371375035 -0.005561145368403686
4 0.21875 -0.005589690835677175 -0.001894351794362592 -0.007484042630039767
5 0.28125 -0.006811057990034897 -0.002308274339839045 -0.009119332329873941
6 0.34375 -0.007770680005705799 -0.0026334911971162 -0.010404171202822
7 0.40625 -0.008431679146610804 -0.002857504464827798 -0.0112891836114386
8 0.46875 -0.008768653586457731 -0.002971705438199024 -0.01174035902465675
9 0.53125 -0.008768653586457731 -0.002971705438199024 -0.01174035902465675
10 0.59375 -0.008431679146610804 -0.002857504464827798 -0.0112891836114386
11 0.65625 -0.007770680005705799 -0.002633491197229887 -0.01040417120293569
12 0.71875 -0.006811057990148583 -0.002308274339952732 -0.009119332330101315
13 0.78125 -0.005589690835677175 -0.001894351794248905 -0.00748404262992608
14 0.84375 -0.004153514996971808 -0.001407630371318191 -0.005561145368289999
15 0.90625 -0.002557721906384813 -0.0008668145027854735 -0.003424536409170287
16 0.96875 0.08782164812154747 0.02926907426730452 0.117090722388852
