# P x_center tau_U tau_V tau_Psi
1 0.0009765625 0.002784768015771988 0.0009282558585255174 0.003713023874297505
2 0.0029296875 -7.929520506877452e-08 -2.687374944798648e-08 -1.06168954516761e-07
3 0.0048828125 -1.321568561252207e-07 -4.478715709410608e-08 -1.769440132193267e-07
4 0.0068359375 -1.850094122346491e-07 -6.270056474022567e-08 -2.477099769748747e-07
5 0.0087890625 -2.378583303652704e-07 -8.060669642873108e-08 -3.184650267940015e-07
6 0.0107421875 -2.906963345594704e-07 -9.851646609604359e-08 -3.89212800655514e-07
7 0.0126953125 -3.435197868384421e-07 -1.164153218269348e-07 -4.599351086653769e-07
8 0.0146484375 -3.963432391174138e-07 -1.343214535154402e-07 -5.30664692632854e-07
9 0.0166015625 -4.491448635235429e-07 -1.522130332887173e-07 -6.013578968122602e-07
10 0.0185546875 -5.019246600568295e-07 -1.700973371043801e-07 -6.720219971612096e-07
11 0.0205078125 -5.546899046748877e-07 -1.87981640920043e-07 -7.426715455949306e-07
12 0.0224609375 -6.074405973777175e-07 -2.058659447357059e-07 -8.133065421134233e-07
13 0.0244140625 -6.601621862500906e-07 -2.23721144720912e-07 -8.838833309710026e-07
14 0.0263671875 -7.128401193767786e-07 -2.415617927908897e-07 -9.544019121676683e-07
15 0.0283203125 -7.65532604418695e-07 -2.594315446913242e-07 -1.024964149110019e-06
16 0.0302734375 -8.181814337149262e-07 -2.772867446765304e-07 -1.095468178391457e-06
17 0.0322265625 -8.70772055350244e-07 -2.950982889160514e-07 -1.165870344266295e-06
18 0.0341796875 -9.233190212398767e-07 -3.12895281240344e-07 -1.236214302480221e-06
19 0.0361328125 -9.758805390447378e-07 -3.307213773950934e-07 -1.306601916439831e-06
20 0.0380859375 -1.028398401103914e-06 -3.485183697193861e-07 -1.3769167708233e-06
21 0.0400390625 -1.080858055502176e-06 -3.663008101284504e-07 -1.447158865630627e-06
22 0.0419921875 -1.133288606069982e-06 -3.84054146707058e-07 -1.51734275277704e-06
23 0.0439453125 -1.185675500892103e-06 -4.018220352008939e-07 -1.587497536092997e-06
24 0.0458984375 -1.238018739968538e-06 -4.195317160338163e-07 -1.657550456002355e-06
25 0.0478515625 -1.290318323299289e-06 -4.372850526124239e-07 -1.727603375911713e-06
26 0.0498046875 -1.342530595138669e-06 -4.54980181530118e-07 -1.797510776668787e-06
27 0.0517578125 -1.394771970808506e-06 -4.726753104478121e-07 -1.867447281256318e-06
28 0.0537109375 -1.446867827326059e-06 -4.903413355350494e-07 -1.937209162861109e-06
29 0.0556640625 -1.498992787674069e-06 -5.080073606222868e-07 -2.007000148296356e-06
30 0.0576171875 -1.551001332700253e-06 -5.256442818790674e-07 -2.07664561457932e-06
31 0.0595703125 -1.602980773895979e-06 -5.432520993053913e-07 -2.14623287320137e-06
32 0.0615234375 -1.654843799769878e-06 -5.608017090708017e-07 -2.21564550884068e-06
33 0.0634765625 -1.706765033304691e-06 -5.784386303275824e-07 -2.285203663632274e-06
34 0.0654296875 -1.758511643856764e-06 -5.95959136262536e-07 -2.3544707801193e-06
35 0.0673828125 -1.81022915057838e-06 -6.134796421974897e-07 -2.423708792775869e-06
36 0.0693359375 -1.861859345808625e-06 -6.3094194047153e-07 -2.492801286280155e-06
37 0.0712890625 -1.913431333377957e-06 -6.484624464064837e-07 -2.561893779784441e-06
38 0.0732421875 -1.964945113286376e-06 -6.658956408500671e-07 -2.630840754136443e-06
39 0.0751953125 -2.016400685533881e-06 -6.833579391241074e-07 -2.699758624657989e-06
40 0.0771484375 -2.067739842459559e-06 -7.007620297372341e-07 -2.768501872196794e-06
41 0.0791015625 -2.119020791724324e-06 -7.181079126894474e-07 -2.837128704413772e-06
42 0.0810546875 -2.170214429497719e-06 -7.354537956416607e-07 -2.90566822513938e-06
43 0.0830078125 -2.221378963440657e-06 -7.528287824243307e-07 -2.974207745864987e-06
44 0.0849609375 -2.272397978231311e-06 -7.701164577156305e-07 -3.042514435946941e-06
45 0.0869140625 -2.323329681530595e-06 -7.873750291764736e-07 -3.110704710707068e-06
46 0.0888671875 -2.374203177168965e-06 -8.045753929764032e-07 -3.178778570145369e-06
47 0.0908203125 -2.424989361315966e-06 -8.217757567763329e-07 -3.246765118092299e-06
48 0.0927734375 -2.475688233971596e-06 -8.390052244067192e-07 -3.314693458378315e-06
49 0.0947265625 -2.526270691305399e-06 -8.561764843761921e-07 -3.382447175681591e-06
50 0.0966796875 -2.576736733317375e-06 -8.73231329023838e-07 -3.449968062341213e-06
51 0.0986328125 -2.627086360007524e-06 -8.903443813323975e-07 -3.517430741339922e-06
52 0.1005859375 -2.677435986697674e-06 -9.073410183191299e-07 -3.584777005016804e-06
53 0.1025390625 -2.727610990405083e-06 -9.243376553058624e-07 -3.651948645710945e-06
54 0.1044921875 -2.777727786451578e-06 -9.413342922925949e-07 -3.719062078744173e-06
55 0.1064453125 -2.827669959515333e-06 -9.583309292793274e-07 -3.786000888794661e-06
56 0.1083984375 -2.877553924918175e-06 -9.751529432833195e-07 -3.852706868201494e-06
57 0.1103515625 -2.927437890321016e-06 -9.920913726091385e-07 -3.919529262930155e-06
58 0.1123046875 -2.977030817419291e-06 -1.008855178952217e-06 -3.985885996371508e-06
59 0.1142578125 -3.026507329195738e-06 -1.025677192956209e-06 -4.052184522151947e-06
60 0.1162109375 -3.075983840972185e-06 -1.042440999299288e-06 -4.118424840271473e-06
61 0.1181640625 -3.125402145087719e-06 -1.059204805642366e-06 -4.184606950730085e-06
62 0.1201171875 -3.174529410898685e-06 -1.075910404324532e-06 -4.250439815223217e-06
63 0.1220703125 -3.223598469048738e-06 -1.092441380023956e-06 -4.316039849072695e-06
64 0.1240234375 -3.272609319537878e-06 -1.109146978706121e-06 -4.381756298243999e-06
65 0.1259765625 -3.321387339383364e-06 -1.125561539083719e-06 -4.446948878467083e-06
66 0.1279296875 -3.370107151567936e-06 -1.142034307122231e-06 -4.512141458690166e-06
67 0.1298828125 -3.418710548430681e-06 -1.158565282821655e-06 -4.577275831252337e-06
68 0.1318359375 -3.4671975299716e-06 -1.175038050860167e-06 -4.642235580831766e-06
69 0.1337890625 -3.515568096190691e-06 -1.191394403576851e-06 -4.706962499767542e-06
70 0.1357421875 -3.563764039427042e-06 -1.207750756293535e-06 -4.771514795720577e-06
71 0.1376953125 -3.611727152019739e-06 -1.223932486027479e-06 -4.835659638047218e-06
72 0.1396484375 -3.659690264612436e-06 -1.24023063108325e-06 -4.899920895695686e-06
73 0.1416015625 -3.707536961883307e-06 -1.256470568478107e-06 -4.964007530361414e-06
74 0.1435546875 -3.755209036171436e-06 -1.272535882890224e-06 -5.027744919061661e-06
75 0.1455078125 -3.802648279815912e-06 -1.288717612624168e-06 -5.091365892440081e-06
76 0.1474609375 -3.849971108138561e-06 -1.304724719375372e-06 -5.154695827513933e-06
77 0.1494140625 -3.897177521139383e-06 -1.320673618465662e-06 -5.217851139605045e-06
78 0.1513671875 -3.944325726479292e-06 -1.336797140538692e-06 -5.281122867017984e-06
79 0.1533203125 -3.991241101175547e-06 -1.352629624307156e-06 -5.343870725482702e-06
80 0.1552734375 -4.037923645228148e-06 -1.368462108075619e-06 -5.406385753303766e-06
81 0.1572265625 -4.084606189280748e-06 -1.384236384183168e-06 -5.468842573463917e-06
82 0.1591796875 -4.131114110350609e-06 -1.400010660290718e-06 -5.531124770641327e-06
83 0.1611328125 -4.177330993115902e-06 -1.415668521076441e-06 -5.592999514192343e-06
84 0.1630859375 -4.223547875881195e-06 -1.431384589523077e-06 -5.654932465404272e-06
85 0.1650390625 -4.269531928002834e-06 -1.446926034986973e-06 -5.716457962989807e-06
86 0.1669921875 -4.315515980124474e-06 -1.462467480450869e-06 -5.777983460575342e-06
87 0.1689453125 -4.361092578619719e-06 -1.477950718253851e-06 -5.839043296873569e-06
88 0.1708984375 -4.40661096945405e-06 -1.49337574839592e-06 -5.89998671784997e-06
89 0.1728515625 -4.451838321983814e-06 -1.508684363216162e-06 -5.960522685199976e-06
90 0.1748046875 -4.497065674513578e-06 -1.524051185697317e-06 -6.021116860210896e-06
91 0.1767578125 -4.542001988738775e-06 -1.539243385195732e-06 -6.081245373934507e-06
92 0.1787109375 -4.586996510624886e-06 -1.554493792355061e-06 -6.141490302979946e-06
93 0.1806640625 -4.631525371223688e-06 -1.569569576531649e-06 -6.201094947755337e-06
94 0.1826171875 -4.676054231822491e-06 -1.58470356836915e-06 -6.260757800191641e-06
95 0.1845703125 -4.720408469438553e-06 -1.599721144884825e-06 -6.320129614323378e-06
96 0.1865234375 -4.764471668750048e-06 -1.614680513739586e-06 -6.379152182489634e-06
97 0.1884765625 -4.808534868061543e-06 -1.629581674933434e-06 -6.438116542994976e-06
98 0.1904296875 -4.85230702906847e-06 -1.644482836127281e-06 -6.496789865195751e-06
99 0.1923828125 -4.895729944109917e-06 -1.659034751355648e-06 -6.554764695465565e-06
100 0.1943359375 -4.93926927447319e-06 -1.673935912549496e-06 -6.613205187022686e-06
101 0.1962890625 -4.982342943549156e-06 -1.688487827777863e-06 -6.670830771327019e-06
102 0.1982421875 -5.025416612625122e-06 -1.703039743006229e-06 -6.728456355631351e-06
103 0.2001953125 -5.068373866379261e-06 -1.717708073556423e-06 -6.786081939935684e-06
104 0.2021484375 -5.110981874167919e-06 -1.732027158141136e-06 -6.843009032309055e-06
105 0.2041015625 -5.153589881956577e-06 -1.746462658047676e-06 -6.900052540004253e-06
106 0.2060546875 -5.195732228457928e-06 -1.760665327310562e-06 -6.95639755576849e-06
107 0.2080078125 -5.237758159637451e-06 -1.774984411895275e-06 -7.012742571532726e-06
108 0.2099609375 -5.279784090816975e-06 -1.789303496479988e-06 -7.069087587296963e-06
109 0.2119140625 -5.321460776031017e-06 -1.803506165742874e-06 -7.124966941773891e-06
110 0.2138671875 -5.363021045923233e-06 -1.817476004362106e-06 -7.180497050285339e-06
111 0.2158203125 -5.404115654528141e-06 -1.831562258303165e-06 -7.235677912831306e-06
112 0.2177734375 -5.445093847811222e-06 -1.845299266278744e-06 -7.290393114089966e-06
113 0.2197265625 -5.485955625772476e-06 -1.859269104897976e-06 -7.345224730670452e-06
114 0.2216796875 -5.526584573090076e-06 -1.8727732822299e-06 -7.399357855319977e-06
115 0.2236328125 -5.56709710508585e-06 -1.886626705527306e-06 -7.453723810613155e-06
116 0.2255859375 -5.607493221759796e-06 -1.900363713502884e-06 -7.50785693526268e-06
117 0.2275390625 -5.647423677146435e-06 -1.913867890834808e-06 -7.561291567981243e-06
118 0.2294921875 -5.68712130188942e-06 -1.927372068166733e-06 -7.614493370056152e-06
119 0.2314453125 -5.726818926632404e-06 -1.94075983017683e-06 -7.667578756809235e-06
120 0.2333984375 -5.766050890088081e-06 -1.954031176865101e-06 -7.720082066953182e-06
121 0.2353515625 -5.805282853543758e-06 -1.967418938875198e-06 -7.772701792418957e-06
122 0.2373046875 -5.844398401677608e-06 -1.980573870241642e-06 -7.82497227191925e-06
123 0.2392578125 -5.883048288524151e-06 -1.993728801608086e-06 -7.876777090132236e-06
124 0.2412109375 -5.921581760048866e-06 -2.006883732974529e-06 -7.928465493023396e-06
125 0.2431640625 -5.959882400929928e-06 -2.019689418375492e-06 -7.97957181930542e-06
126 0.2451171875 -5.997950211167336e-06 -2.032611519098282e-06 -8.030561730265617e-06
127 0.2470703125 -6.035785190761089e-06 -2.045533619821072e-06 -8.081318810582161e-06
128 0.2490234375 -6.073503755033016e-06 -2.058222889900208e-06 -8.131726644933224e-06
129 0.2509765625 -6.110756658017635e-06 -2.070912159979343e-06 -8.181668817996979e-06
130 0.2529296875 -6.147893145680428e-06 -2.083368599414825e-06 -8.231261745095253e-06
131 0.2548828125 -6.184796802699566e-06 -2.096057869493961e-06 -8.280854672193527e-06
132 0.2568359375 -6.221584044396877e-06 -2.108514308929443e-06 -8.330098353326321e-06
133 0.2587890625 -6.258022040128708e-06 -2.120854333043098e-06 -8.378876373171806e-06
134 0.2607421875 -6.294227205216885e-06 -2.1329615265131e-06 -8.427188731729984e-06
135 0.2626953125 -6.329966709017754e-06 -2.145185135304928e-06 -8.475151844322681e-06
136 0.2646484375 -6.365706212818623e-06 -2.157175913453102e-06 -8.522882126271725e-06
137 0.2666015625 -6.401562131941319e-06 -2.169515937566757e-06 -8.571078069508076e-06
138 0.2685546875 -6.436719559133053e-06 -2.181390300393105e-06 -8.618109859526157e-06
139 0.2705078125 -6.471644155681133e-06 -2.193148247897625e-06 -8.664792403578758e-06
140 0.2724609375 -6.506452336907387e-06 -2.205022610723972e-06 -8.711474947631359e-06
141 0.2744140625 -6.540911272168159e-06 -2.216664142906666e-06 -8.757575415074825e-06
142 0.2763671875 -6.575370207428932e-06 -2.228422090411186e-06 -8.803792297840118e-06
143 0.2783203125 -6.60924706608057e-06 -2.239830791950226e-06 -8.849077858030796e-06
144 0.2802734375 -6.643007509410381e-06 -2.251239493489265e-06 -8.894247002899647e-06
145 0.2822265625 -6.676535122096539e-06 -2.262531779706478e-06 -8.939066901803017e-06
146 0.2841796875 -6.709829904139042e-06 -2.273824065923691e-06 -8.983653970062733e-06
147 0.2861328125 -6.742891855537891e-06 -2.285116352140903e-06 -9.028008207678795e-06
148 0.2880859375 -6.775720976293087e-06 -2.296292223036289e-06 -9.072013199329376e-06
149 0.2900390625 -6.808200851082802e-06 -2.307235263288021e-06 -9.115436114370823e-06
150 0.2919921875 -6.840680725872517e-06 -2.31829471886158e-06 -9.158975444734097e-06
151 0.2939453125 -6.872694939374924e-06 -2.329121343791485e-06 -9.201816283166409e-06
152 0.2958984375 -6.904243491590023e-06 -2.339831553399563e-06 -9.244075044989586e-06
153 0.2978515625 -6.935908459126949e-06 -2.350658178329468e-06 -9.286566637456417e-06
154 0.2998046875 -6.966991350054741e-06 -2.361019141972065e-06 -9.328010492026806e-06
155 0.3017578125 -6.998074240982533e-06 -2.371612936258316e-06 -9.369687177240849e-06
156 0.3037109375 -7.028458639979362e-06 -2.381857484579086e-06 -9.410316124558449e-06
157 0.3056640625 -7.059075869619846e-06 -2.392218448221684e-06 -9.45129431784153e-06
158 0.3076171875 -7.089343853294849e-06 -2.402579411864281e-06 -9.49192326515913e-06
159 0.3095703125 -7.119146175682545e-06 -2.41247471421957e-06 -9.531620889902115e-06
160 0.3115234375 -7.148832082748413e-06 -2.422602847218513e-06 -9.571434929966927e-06
161 0.3134765625 -7.178052328526974e-06 -2.432498149573803e-06 -9.610550478100777e-06
162 0.3154296875 -7.207272574305534e-06 -2.442509867250919e-06 -9.649782441556454e-06
163 0.3173828125 -7.236143574118614e-06 -2.452172338962555e-06 -9.688315913081169e-06
164 0.3193359375 -7.264665327966213e-06 -2.461951225996017e-06 -9.726616553962231e-06
165 0.3212890625 -7.293070666491985e-06 -2.47173011302948e-06 -9.764800779521465e-06
166 0.3232421875 -7.320893928408623e-06 -2.480926923453808e-06 -9.801820851862431e-06
167 0.3251953125 -7.348600775003433e-06 -2.490472979843616e-06 -9.83907375484705e-06
168 0.3271484375 -7.376191206276417e-06 -2.499902620911598e-06 -9.876093827188015e-06
169 0.3291015625 -7.403315976262093e-06 -2.508866600692272e-06 -9.912182576954365e-06
170 0.3310546875 -7.430324330925941e-06 -2.518179826438427e-06 -9.948504157364368e-06
171 0.3330078125 -7.45698343962431e-06 -2.527143806219101e-06 -9.98412724584341e-06
172 0.3349609375 -7.483060471713543e-06 -2.535874955356121e-06 -1.001893542706966e-05
173 0.3369140625 -7.509253919124603e-06 -2.544838935136795e-06 -1.00540928542614e-05
174 0.3388671875 -7.535098120570183e-06 -2.553453668951988e-06 -1.008855178952217e-05
175 0.3408203125 -7.560243830084801e-06 -2.561951987445354e-06 -1.012219581753016e-05
176 0.3427734375 -7.585505954921246e-06 -2.570566721260548e-06 -1.015607267618179e-05
177 0.3447265625 -7.610884495079517e-06 -2.579297870397568e-06 -1.019018236547709e-05
178 0.3466796875 -7.635215297341347e-06 -2.587330527603626e-06 -1.022254582494497e-05
179 0.3486328125 -7.659662514925003e-06 -2.595712430775166e-06 -1.025537494570017e-05
180 0.3505859375 -7.683644071221352e-06 -2.603977918624878e-06 -1.028762198984623e-05
181 0.3525390625 -7.7076256275177e-06 -2.61224340647459e-06 -1.031986903399229e-05
182 0.3544921875 -7.730908691883087e-06 -2.619926817715168e-06 -1.035083550959826e-05
183 0.3564453125 -7.754308171570301e-06 -2.627959474921227e-06 -1.038226764649153e-05
184 0.3583984375 -7.77712557464838e-06 -2.635642886161804e-06 -1.041276846081018e-05
185 0.3603515625 -7.799593731760979e-06 -2.643209882080555e-06 -1.044280361384153e-05
186 0.3623046875 -7.821829058229923e-06 -2.650660462677479e-06 -1.04724895209074e-05
187 0.3642578125 -7.843831554055214e-06 -2.65822745859623e-06 -1.050205901265144e-05
188 0.3662109375 -7.865717634558678e-06 -2.665678039193153e-06 -1.053139567375183e-05
189 0.3681640625 -7.88690522313118e-06 -2.672662958502769e-06 -1.055956818163395e-05
190 0.3701171875 -7.908209227025509e-06 -2.680113539099693e-06 -1.05883227661252e-05
191 0.3720703125 -7.928931154310703e-06 -2.686982043087482e-06 -1.061591319739819e-05
192 0.3740234375 -7.949653081595898e-06 -2.694199793040752e-06 -1.064385287463665e-05
193 0.3759765625 -7.96967651695013e-06 -2.700719051063061e-06 -1.067039556801319e-05
194 0.3779296875 -7.989699952304363e-06 -2.707703970372677e-06 -1.069740392267704e-05
195 0.3798828125 -8.009257726371288e-06 -2.714339643716812e-06 -1.07235973700881e-05
196 0.3818359375 -8.028466254472733e-06 -2.72085890173912e-06 -1.074932515621185e-05
197 0.3837890625 -8.047791197896004e-06 -2.727378159761429e-06 -1.077516935765743e-05
198 0.3857421875 -8.066417649388313e-06 -2.73378100246191e-06 -1.080019865185022e-05
199 0.3876953125 -8.084811270236969e-06 -2.739951014518738e-06 -1.082476228475571e-05
200 0.3896484375 -8.102739229798317e-06 -2.745888195931911e-06 -1.084862742573023e-05
201 0.3916015625 -8.120900020003319e-06 -2.752174623310566e-06 -1.087307464331388e-05
202 0.3935546875 -8.138362318277359e-06 -2.757995389401913e-06 -1.089635770767927e-05
203 0.3955078125 -8.155475370585918e-06 -2.763932570815086e-06 -1.0919407941401e-05
204 0.3974609375 -8.172239176928997e-06 -2.769404090940952e-06 -1.094164326786995e-05
205 0.3994140625 -8.189002983272076e-06 -2.775341272354126e-06 -1.09643442556262e-05
206 0.4013671875 -8.204951882362366e-06 -2.780579961836338e-06 -1.09855318441987e-05
207 0.4033203125 -8.22113361209631e-06 -2.786051481962204e-06 -1.100718509405851e-05
208 0.4052734375 -8.236733265221119e-06 -2.791406586766243e-06 -1.102813985198736e-05
209 0.4072265625 -8.252216503024101e-06 -2.796528860926628e-06 -1.104874536395073e-05
210 0.4091796875 -8.267234079539776e-06 -2.80176755040884e-06 -1.106900162994862e-05
211 0.4111328125 -8.28190241008997e-06 -2.806540578603745e-06 -1.108844298869371e-05
212 0.4130859375 -8.296454325318336e-06 -2.81166285276413e-06 -1.110811717808247e-05
213 0.4150390625 -8.310540579259396e-06 -2.816435880959034e-06 -1.112697646021843e-05
214 0.4169921875 -8.32404475659132e-06 -2.820976078510284e-06 -1.11450208351016e-05
215 0.4189453125 -8.337432518601418e-06 -2.825399860739708e-06 -1.116283237934113e-05
216 0.4208984375 -8.350820280611515e-06 -2.829940058290958e-06 -1.118076033890247e-05
217 0.4228515625 -8.363858796656132e-06 -2.834480255842209e-06 -1.119833905249834e-05
218 0.4248046875 -8.376198820769787e-06 -2.838787622749805e-06 -1.121498644351959e-05
219 0.4267578125 -8.388422429561615e-06 -2.842629328370094e-06 -1.123105175793171e-05
220 0.4287109375 -8.400296792387962e-06 -2.846820279955864e-06 -1.124711707234383e-05
221 0.4306640625 -8.411821909248829e-06 -2.85077840089798e-06 -1.126260031014681e-05
222 0.4326171875 -8.423463441431522e-06 -2.854736521840096e-06 -1.127819996327162e-05
223 0.4345703125 -8.434290066361427e-06 -2.858461812138557e-06 -1.129275187849998e-05
224 0.4365234375 -8.444883860647678e-06 -2.861837856471539e-06 -1.130672171711922e-05
225 0.4384765625 -8.455011993646622e-06 -2.865446731448174e-06 -1.13204587250948e-05
226 0.4404296875 -8.465256541967392e-06 -2.868822775781155e-06 -1.133407931774855e-05
227 0.4423828125 -8.474686183035374e-06 -2.872082404792309e-06 -1.134676858782768e-05
228 0.4443359375 -8.484115824103355e-06 -2.875342033803463e-06 -1.135945785790682e-05
229 0.4462890625 -8.493079803884029e-06 -2.878019586205482e-06 -1.137109939008951e-05
230 0.4482421875 -8.501694537699223e-06 -2.88116279989481e-06 -1.138285733759403e-05
231 0.4501953125 -8.510192856192589e-06 -2.883956767618656e-06 -1.139414962381124e-05
232 0.4521484375 -8.518458344042301e-06 -2.88686715066433e-06 -1.140532549470663e-05
233 0.4541015625 -8.526141755282879e-06 -2.889428287744522e-06 -1.14155700430274e-05
234 0.4560546875 -8.533592335879803e-06 -2.891989424824715e-06 -1.142558176070452e-05
235 0.4580078125 -8.540577255189419e-06 -2.894317731261253e-06 -1.143489498645067e-05
236 0.4599609375 -8.547445759177208e-06 -2.896646037697792e-06 -1.1444091796875e-05
237 0.4619140625 -8.553965017199516e-06 -2.898857928812504e-06 -1.145282294601202e-05
238 0.4638671875 -8.55990219861269e-06 -2.900836989283562e-06 -1.146073918789625e-05
239 0.4658203125 -8.565839380025864e-06 -2.902932465076447e-06 -1.146877184510231e-05
240 0.4677734375 -8.571543730795383e-06 -2.904911525547504e-06 -1.147645525634289e-05
241 0.4697265625 -8.576666004955769e-06 -2.906657755374908e-06 -1.148332376033068e-05
242 0.4716796875 -8.5815554484725e-06 -2.908171154558659e-06 -1.148972660303116e-05
243 0.4736328125 -8.585979230701923e-06 -2.909684553742409e-06 -1.149566378444433e-05
244 0.4755859375 -8.59028659760952e-06 -2.911197952926159e-06 -1.150148455053568e-05
245 0.4775390625 -8.594011887907982e-06 -2.912478521466255e-06 -1.150649040937424e-05
246 0.4794921875 -8.597620762884617e-06 -2.913642674684525e-06 -1.151126343756914e-05
247 0.4814453125 -8.600763976573944e-06 -2.914690412580967e-06 -1.151545438915491e-05
248 0.4833984375 -8.603907190263271e-06 -2.915738150477409e-06 -1.151964534074068e-05
249 0.4853515625 -8.60623549669981e-06 -2.916669473052025e-06 -1.152290496975183e-05
250 0.4873046875 -8.608563803136349e-06 -2.91725154966116e-06 -1.152581535279751e-05
251 0.4892578125 -8.610659278929234e-06 -2.918066456913948e-06 -1.152872573584318e-05
252 0.4912109375 -8.612405508756638e-06 -2.91876494884491e-06 -1.153117045760155e-05
253 0.4931640625 -8.61345324665308e-06 -2.918997779488564e-06 -1.153245102614164e-05
254 0.4951171875 -8.614500984549522e-06 -2.919347025454044e-06 -1.153384801000357e-05
255 0.4970703125 -8.615315891802311e-06 -2.919812686741352e-06 -1.153512857854366e-05
256 0.4990234375 -8.615548722445965e-06 -2.919812686741352e-06 -1.153536140918732e-05
257 0.5009765625 -8.615548722445965e-06 -2.919812686741352e-06 -1.153536140918732e-05
258 0.5029296875 -8.615199476480484e-06 -2.919812686741352e-06 -1.153501216322184e-05
259 0.5048828125 -8.614500984549522e-06 -2.919347025454044e-06 -1.153384801000357e-05
260 0.5068359375 -8.61345324665308e-06 -2.918997779488564e-06 -1.153245102614164e-05
261 0.5087890625 -8.612405508756638e-06 -2.91876494884491e-06 -1.153117045760155e-05
262 0.5107421875 -8.610659278929234e-06 -2.918182872235775e-06 -1.152884215116501e-05
263 0.5126953125 -8.608563803136349e-06 -2.917484380304813e-06 -1.152604818344116e-05
264 0.5146484375 -8.60623549669981e-06 -2.916553057730198e-06 -1.152278855443001e-05
265 0.5166015625 -8.603790774941444e-06 -2.915738150477409e-06 -1.151952892541885e-05
266 0.5185546875 -8.600880391895771e-06 -2.914806827902794e-06 -1.151568721979856e-05
267 0.5205078125 -8.597620762884617e-06 -2.913642674684525e-06 -1.151126343756914e-05
268 0.5224609375 -8.594128303229809e-06 -2.912478521466255e-06 -1.150660682469606e-05
269 0.5244140625 -8.59028659760952e-06 -2.911197952926159e-06 -1.150148455053568e-05
270 0.5263671875 -8.585979230701923e-06 -2.909684553742409e-06 -1.149566378444433e-05
271 0.5283203125 -8.5815554484725e-06 -2.908171154558659e-06 -1.148972660303116e-05
272 0.5302734375 -8.576549589633942e-06 -2.906657755374908e-06 -1.148320734500885e-05
273 0.5322265625 -8.571543730795383e-06 -2.904911525547504e-06 -1.147645525634289e-05
274 0.5341796875 -8.565839380025864e-06 -2.902932465076447e-06 -1.146877184510231e-05
275 0.5361328125 -8.55990219861269e-06 -2.900836989283562e-06 -1.146073918789625e-05
276 0.5380859375 -8.553965017199516e-06 -2.898741513490677e-06 -1.145270653069019e-05
277 0.5400390625 -8.547445759177208e-06 -2.896646037697792e-06 -1.1444091796875e-05
278 0.5419921875 -8.540577255189419e-06 -2.89443414658308e-06 -1.14350114017725e-05
279 0.5439453125 -8.533592335879803e-06 -2.891989424824715e-06 -1.142558176070452e-05
280 0.5458984375 -8.526025339961052e-06 -2.889428287744522e-06 -1.141545362770557e-05
281 0.5478515625 -8.518341928720474e-06 -2.886750735342503e-06 -1.140509266406298e-05
282 0.5498046875 -8.510309271514416e-06 -2.883956767618656e-06 -1.139426603913307e-05
283 0.5517578125 -8.502043783664703e-06 -2.881512045860291e-06 -1.138355582952499e-05
284 0.5537109375 -8.492963388562202e-06 -2.878136001527309e-06 -1.137109939008951e-05
285 0.5556640625 -8.484115824103355e-06 -2.875342033803463e-06 -1.135945785790682e-05
286 0.5576171875 -8.474686183035374e-06 -2.872082404792309e-06 -1.134676858782768e-05
287 0.5595703125 -8.465140126645565e-06 -2.868706360459328e-06 -1.133384648710489e-05
288 0.5615234375 -8.455011993646622e-06 -2.865446731448174e-06 -1.13204587250948e-05
289 0.5634765625 -8.444767445325851e-06 -2.861837856471539e-06 -1.130660530179739e-05
290 0.5654296875 -8.434290066361427e-06 -2.858461812138557e-06 -1.129275187849998e-05
291 0.5673828125 -8.423347026109695e-06 -2.854620106518269e-06 -1.127796713262796e-05
292 0.5693359375 -8.411938324570656e-06 -2.850661985576153e-06 -1.126260031014681e-05
293 0.5712890625 -8.400296792387962e-06 -2.846820279955864e-06 -1.124711707234383e-05
294 0.5732421875 -8.388538844883442e-06 -2.842745743691921e-06 -1.123128458857536e-05
295 0.5751953125 -8.376198820769787e-06 -2.838671207427979e-06 -1.121487002819777e-05
296 0.5771484375 -8.363742381334305e-06 -2.834480255842209e-06 -1.119822263717651e-05
297 0.5791015625 -8.350820280611515e-06 -2.830056473612785e-06 -1.11808767542243e-05
298 0.5810546875 -8.337432518601418e-06 -2.825399860739708e-06 -1.116283237934113e-05
299 0.5830078125 -8.32404475659132e-06 -2.820976078510284e-06 -1.11450208351016e-05
300 0.5849609375 -8.310540579259396e-06 -2.816435880959034e-06 -1.112697646021843e-05
301 0.5869140625 -8.29633790999651e-06 -2.81166285276413e-06 -1.110800076276064e-05
302 0.5888671875 -8.28190241008997e-06 -2.806540578603745e-06 -1.108844298869371e-05
303 0.5908203125 -8.267234079539776e-06 -2.80176755040884e-06 -1.106900162994862e-05
304 0.5927734375 -8.252216503024101e-06 -2.796528860926628e-06 -1.104874536395073e-05
305 0.5947265625 -8.236849680542946e-06 -2.791406586766243e-06 -1.102825626730919e-05
306 0.5966796875 -8.221017196774483e-06 -2.786167897284031e-06 -1.100718509405851e-05
307 0.5986328125 -8.204951882362366e-06 -2.780579961836338e-06 -1.09855318441987e-05
308 0.6005859375 -8.189002983272076e-06 -2.775341272354126e-06 -1.09643442556262e-05
309 0.6025390625 -8.172239176928997e-06 -2.769404090940952e-06 -1.094164326786995e-05
310 0.6044921875 -8.155591785907745e-06 -2.763932570815086e-06 -1.091952435672283e-05
311 0.6064453125 -8.138245902955532e-06 -2.757995389401913e-06 -1.089624129235744e-05
312 0.6083984375 -8.120783604681492e-06 -2.752058207988739e-06 -1.087284181267023e-05
313 0.6103515625 -8.102739229798317e-06 -2.746004611253738e-06 -1.084874384105206e-05
314 0.6123046875 -8.084811270236969e-06 -2.739951014518738e-06 -1.082476228475571e-05
315 0.6142578125 -8.06653406471014e-06 -2.73378100246191e-06 -1.080031506717205e-05
316 0.6162109375 -8.047441951930523e-06 -2.727145329117775e-06 -1.07745872810483e-05
317 0.6181640625 -8.028582669794559e-06 -2.72085890173912e-06 -1.074944157153368e-05
318 0.6201171875 -8.009374141693115e-06 -2.714339643716812e-06 -1.072371378540993e-05
319 0.6220703125 -7.989699952304363e-06 -2.707703970372677e-06 -1.069740392267704e-05
320 0.6240234375 -7.969792932271957e-06 -2.700951881706715e-06 -1.067074481397867e-05
321 0.6259765625 -7.949536666274071e-06 -2.694083377718925e-06 -1.0643620043993e-05
322 0.6279296875 -7.928931154310703e-06 -2.686982043087482e-06 -1.061591319739819e-05
323 0.6298828125 -7.908209227025509e-06 -2.679997123777866e-06 -1.058820635080338e-05
324 0.6318359375 -7.88690522313118e-06 -2.672779373824596e-06 -1.055968459695578e-05
325 0.6337890625 -7.865601219236851e-06 -2.665678039193153e-06 -1.053127925843e-05
326 0.6357421875 -7.843831554055214e-06 -2.65822745859623e-06 -1.050205901265144e-05
327 0.6376953125 -7.821712642908096e-06 -2.650660462677479e-06 -1.047237310558558e-05
328 0.6396484375 -7.799593731760979e-06 -2.643326297402382e-06 -1.044292002916336e-05
329 0.6416015625 -7.77712557464838e-06 -2.635642886161804e-06 -1.041276846081018e-05
330 0.6435546875 -7.754308171570301e-06 -2.627959474921227e-06 -1.038226764649153e-05
331 0.6455078125 -7.730908691883087e-06 -2.620043233036995e-06 -1.035095192492008e-05
332 0.6474609375 -7.707392796874046e-06 -2.611894160509109e-06 -1.031928695738316e-05
333 0.6494140625 -7.683760486543179e-06 -2.604094333946705e-06 -1.028785482048988e-05
334 0.6513671875 -7.659546099603176e-06 -2.595596015453339e-06 -1.025514211505651e-05
335 0.6533203125 -7.635215297341347e-06 -2.587446942925453e-06 -1.02226622402668e-05
336 0.6552734375 -7.61076807975769e-06 -2.579297870397568e-06 -1.019006595015526e-05
337 0.6572265625 -7.585855200886726e-06 -2.570683136582375e-06 -1.01565383374691e-05
338 0.6591796875 -7.560476660728455e-06 -2.562068402767181e-06 -1.012254506349564e-05
339 0.6611328125 -7.534981705248356e-06 -2.553453668951988e-06 -1.008843537420034e-05
340 0.6630859375 -7.509137503802776e-06 -2.544722519814968e-06 -1.005386002361774e-05
341 0.6650390625 -7.483293302357197e-06 -2.536107785999775e-06 -1.001940108835697e-05
342 0.6669921875 -7.456750608980656e-06 -2.527027390897274e-06 -9.98377799987793e-06
343 0.6689453125 -7.430324330925941e-06 -2.518296241760254e-06 -9.948620572686195e-06
344 0.6708984375 -7.403199560940266e-06 -2.508983016014099e-06 -9.912182576954365e-06
345 0.6728515625 -7.376191206276417e-06 -2.499786205589771e-06 -9.875977411866188e-06
346 0.6748046875 -7.34871719032526e-06 -2.490472979843616e-06 -9.839190170168877e-06
347 0.6767578125 -7.32101034373045e-06 -2.481043338775635e-06 -9.802053682506084e-06
348 0.6787109375 -7.293070666491985e-06 -2.471497282385826e-06 -9.764567948877811e-06
349 0.6806640625 -7.26478174328804e-06 -2.462067641317844e-06 -9.726849384605885e-06
350 0.6826171875 -7.236143574118614e-06 -2.452288754284382e-06 -9.688432328402996e-06
351 0.6845703125 -7.207272574305534e-06 -2.442393451929092e-06 -9.649666026234627e-06
352 0.6865234375 -7.178052328526974e-06 -2.432498149573803e-06 -9.610550478100777e-06
353 0.6884765625 -7.14894849807024e-06 -2.42271926254034e-06 -9.57166776061058e-06
354 0.6904296875 -7.119262591004372e-06 -2.412591129541397e-06 -9.531853720545769e-06
355 0.6923828125 -7.089460268616676e-06 -2.402579411864281e-06 -9.492039680480957e-06
356 0.6943359375 -7.059075869619846e-06 -2.392218448221684e-06 -9.45129431784153e-06
357 0.6962890625 -7.028458639979362e-06 -2.381857484579086e-06 -9.410316124558449e-06
358 0.6982421875 -6.998074240982533e-06 -2.371496520936489e-06 -9.369570761919022e-06
359 0.7001953125 -6.967107765376568e-06 -2.361251972615719e-06 -9.328359737992287e-06
360 0.7021484375 -6.935792043805122e-06 -2.350541763007641e-06 -9.286333806812763e-06
361 0.7041015625 -6.904243491590023e-06 -2.339831553399563e-06 -9.244075044989586e-06
362 0.7060546875 -6.872578524053097e-06 -2.329237759113312e-06 -9.201816283166409e-06
363 0.7080078125 -6.84056431055069e-06 -2.318178303539753e-06 -9.158742614090443e-06
364 0.7099609375 -6.808317266404629e-06 -2.307351678609848e-06 -9.115668945014477e-06
365 0.7119140625 -6.775488145649433e-06 -2.296175807714462e-06 -9.071663953363895e-06
366 0.7138671875 -6.742891855537891e-06 -2.284999936819077e-06 -9.027891792356968e-06
367 0.7158203125 -6.709829904139042e-06 -2.273940481245518e-06 -8.98377038538456e-06
368 0.7177734375 -6.676535122096539e-06 -2.262648195028305e-06 -8.939183317124844e-06
369 0.7197265625 -6.643007509410381e-06 -2.251239493489265e-06 -8.894247002899647e-06
370 0.7216796875 -6.609014235436916e-06 -2.239714376628399e-06 -8.848728612065315e-06
371 0.7236328125 -6.575370207428932e-06 -2.228305675089359e-06 -8.803675882518291e-06
372 0.7255859375 -6.541027687489986e-06 -2.216664142906666e-06 -8.757691830396652e-06
373 0.7275390625 -6.506452336907387e-06 -2.204906195402145e-06 -8.711358532309532e-06
374 0.7294921875 -6.471644155681133e-06 -2.193148247897625e-06 -8.664792403578758e-06
375 0.7314453125 -6.43683597445488e-06 -2.181390300393105e-06 -8.618226274847984e-06
376 0.7333984375 -6.401445716619492e-06 -2.16939952224493e-06 -8.570845238864422e-06
377 0.7353515625 -6.366055458784103e-06 -2.157525159418583e-06 -8.523580618202686e-06
378 0.7373046875 -6.330199539661407e-06 -2.145417965948582e-06 -8.475617505609989e-06
379 0.7392578125 -6.294227205216885e-06 -2.1329615265131e-06 -8.427188731729984e-06
380 0.7412109375 -6.258022040128708e-06 -2.120737917721272e-06 -8.378759957849979e-06
381 0.7431640625 -6.221351213753223e-06 -2.108397893607616e-06 -8.32974910736084e-06
382 0.7451171875 -6.184796802699566e-06 -2.096057869493961e-06 -8.280854672193527e-06
383 0.7470703125 -6.147893145680428e-06 -2.083485014736652e-06 -8.23137816041708e-06
384 0.7490234375 -6.110873073339462e-06 -2.07102857530117e-06 -8.181901648640633e-06
385 0.7509765625 -6.073503755033016e-06 -2.058222889900208e-06 -8.131726644933224e-06
386 0.7529296875 -6.035901606082916e-06 -2.045533619821072e-06 -8.081435225903988e-06
387 0.7548828125 -5.997950211167336e-06 -2.032727934420109e-06 -8.030678145587444e-06
388 0.7568359375 -5.959765985608101e-06 -2.019689418375492e-06 -7.979455403983593e-06
389 0.7587890625 -5.921465344727039e-06 -2.006650902330875e-06 -7.928116247057915e-06
390 0.7607421875 -5.883048288524151e-06 -1.993612386286259e-06 -7.87666067481041e-06
391 0.7626953125 -5.844281986355782e-06 -1.980457454919815e-06 -7.824739441275597e-06
392 0.7646484375 -5.805399268865585e-06 -1.967418938875198e-06 -7.772818207740784e-06
393 0.7666015625 -5.766167305409908e-06 -1.954031176865101e-06 -7.720198482275009e-06
394 0.7685546875 -5.726818926632404e-06 -1.940876245498657e-06 -7.667695172131062e-06
395 0.7705078125 -5.687237717211246e-06 -1.927372068166733e-06 -7.614609785377979e-06
396 0.7724609375 -5.647423677146435e-06 -1.913867890834808e-06 -7.561291567981243e-06
397 0.7744140625 -5.607260391116142e-06 -1.90013088285923e-06 -7.507391273975372e-06
398 0.7763671875 -5.56709710508585e-06 -1.886743120849133e-06 -7.453840225934982e-06
399 0.7783203125 -5.526700988411903e-06 -1.872889697551727e-06 -7.399590685963631e-06
400 0.7802734375 -5.485955625772476e-06 -1.859152689576149e-06 -7.345108315348625e-06
401 0.7822265625 -5.445210263133049e-06 -1.845299266278744e-06 -7.290509529411793e-06
402 0.7841796875 -5.404115654528141e-06 -1.831562258303165e-06 -7.235677912831306e-06
403 0.7861328125 -5.362904630601406e-06 -1.817359589040279e-06 -7.180264219641685e-06
404 0.7880859375 -5.321460776031017e-06 -1.803389750421047e-06 -7.124850526452065e-06
405 0.7900390625 -5.279667675495148e-06 -1.789187081158161e-06 -7.068854756653309e-06
406 0.7919921875 -5.237758159637451e-06 -1.774984411895275e-06 -7.012742571532726e-06
407 0.7939453125 -5.195615813136101e-06 -1.760781742632389e-06 -6.95639755576849e-06
408 0.7958984375 -5.15347346663475e-06 -1.746462658047676e-06 -6.899936124682426e-06
409 0.7978515625 -5.110981874167919e-06 -1.732027158141136e-06 -6.843009032309055e-06
410 0.7998046875 -5.068373866379261e-06 -1.717708073556423e-06 -6.786081939935684e-06
411 0.8017578125 -5.025533027946949e-06 -1.703039743006229e-06 -6.728572770953178e-06
412 0.8037109375 -4.982342943549156e-06 -1.688487827777863e-06 -6.670830771327019e-06
413 0.8056640625 -4.93926927447319e-06 -1.673935912549496e-06 -6.613205187022686e-06
414 0.8076171875 -4.895846359431744e-06 -1.659151166677475e-06 -6.554997526109219e-06
415 0.8095703125 -4.85230702906847e-06 -1.644482836127281e-06 -6.496789865195751e-06
416 0.8115234375 -4.808534868061543e-06 -1.629581674933434e-06 -6.438116542994976e-06
417 0.8134765625 -4.764529876410961e-06 -1.614680513739586e-06 -6.379210390150547e-06
418 0.8154296875 -4.720350261777639e-06 -1.599721144884825e-06 -6.320071406662464e-06
419 0.8173828125 -4.676112439483404e-06 -1.584645360708237e-06 -6.260757800191641e-06
420 0.8193359375 -4.631583578884602e-06 -1.569569576531649e-06 -6.20115315541625e-06
421 0.8212890625 -4.586938302963972e-06 -1.554435584694147e-06 -6.141373887658119e-06
422 0.8232421875 -4.542060196399689e-06 -1.539243385195732e-06 -6.081303581595421e-06
423 0.8251953125 -4.497065674513578e-06 -1.524051185697317e-06 -6.021116860210896e-06
424 0.8271484375 -4.451896529644728e-06 -1.508742570877075e-06 -5.960639100521803e-06
425 0.8291015625 -4.406552761793137e-06 -1.49337574839592e-06 -5.899928510189056e-06
426 0.8310546875 -4.361092578619719e-06 -1.478008925914764e-06 -5.839101504534483e-06
427 0.8330078125 -4.315399564802647e-06 -1.462525688111782e-06 -5.777925252914429e-06
428 0.8349609375 -4.269531928002834e-06 -1.446926034986973e-06 -5.716457962989807e-06
429 0.8369140625 -4.223547875881195e-06 -1.431326381862164e-06 -5.654874257743359e-06
430 0.8388671875 -4.177505616098642e-06 -1.415784936398268e-06 -5.59329055249691e-06
431 0.8408203125 -4.130997695028782e-06 -1.400010660290718e-06 -5.5310083553195e-06
432 0.8427734375 -4.084606189280748e-06 -1.384294591844082e-06 -5.46890078112483e-06
433 0.8447265625 -4.037981852889061e-06 -1.368403900414705e-06 -5.406385753303766e-06
434 0.8466796875 -3.991182893514633e-06 -1.352513208985329e-06 -5.343696102499962e-06
435 0.8486328125 -3.944383934140205e-06 -1.336797140538692e-06 -5.281181074678898e-06
436 0.8505859375 -3.897177521139383e-06 -1.320731826126575e-06 -5.217909347265959e-06
437 0.8525390625 -3.849971108138561e-06 -1.304666511714458e-06 -5.15463761985302e-06
438 0.8544921875 -3.802648279815912e-06 -1.288717612624168e-06 -5.091365892440081e-06
439 0.8564453125 -3.755209036171436e-06 -1.272594090551138e-06 -5.027803126722574e-06
440 0.8583984375 -3.70742054656148e-06 -1.256354153156281e-06 -4.96377469971776e-06
441 0.8603515625 -3.65974847227335e-06 -1.240288838744164e-06 -4.900037311017513e-06
442 0.8623046875 -3.611727152019739e-06 -1.223990693688393e-06 -4.835717845708132e-06
443 0.8642578125 -3.563647624105215e-06 -1.207634340971708e-06 -4.771281965076923e-06
444 0.8662109375 -3.515451680868864e-06 -1.191277988255024e-06 -4.706729669123888e-06
445 0.8681640625 -3.467022906988859e-06 -1.17492163553834e-06 -4.641944542527199e-06
446 0.8701171875 -3.418710548430681e-06 -1.158565282821655e-06 -4.577275831252337e-06
447 0.8720703125 -3.370107151567936e-06 -1.142092514783144e-06 -4.51219966635108e-06
448 0.8740234375 -3.321503754705191e-06 -1.125619746744633e-06 -4.447123501449823e-06
449 0.8759765625 -3.272551111876965e-06 -1.109146978706121e-06 -4.381698090583086e-06
450 0.8779296875 -3.223598469048738e-06 -1.092441380023956e-06 -4.316039849072695e-06
451 0.8798828125 -3.174471203237772e-06 -1.075793989002705e-06 -4.250265192240477e-06
452 0.8818359375 -3.125402145087719e-06 -1.059204805642366e-06 -4.184606950730085e-06
453 0.8837890625 -3.075925633311272e-06 -1.042440999299288e-06 -4.118366632610559e-06
454 0.8857421875 -3.026565536856651e-06 -1.025735400617123e-06 -4.052300937473774e-06
455 0.8876953125 -2.977089025080204e-06 -1.008913386613131e-06 -3.986002411693335e-06
456 0.8896484375 -2.927379682660103e-06 -9.920913726091385e-07 -3.919471055269241e-06
457 0.8916015625 -2.877612132579088e-06 -9.752111509442329e-07 -3.852823283523321e-06
458 0.8935546875 -2.82761175185442e-06 -9.582727216184139e-07 -3.785884473472834e-06
459 0.8955078125 -2.777727786451578e-06 -9.413924999535084e-07 -3.719120286405087e-06
460 0.8974609375 -2.727552782744169e-06 -9.243958629667759e-07 -3.651948645710945e-06
461 0.8994140625 -2.677435986697674e-06 -9.073410183191299e-07 -3.584777005016804e-06
462 0.9013671875 -2.627144567668438e-06 -8.903443813323975e-07 -3.517488949000835e-06
463 0.9033203125 -2.576736733317375e-06 -8.73231329023838e-07 -3.449968062341213e-06
464 0.9052734375 -2.526154275983572e-06 -8.561182767152786e-07 -3.382272552698851e-06
465 0.9072265625 -2.475688233971596e-06 -8.390634320676327e-07 -3.314751666039228e-06
466 0.9091796875 -2.424931153655052e-06 -8.217757567763329e-07 -3.246706910431385e-06
467 0.9111328125 -2.374203177168965e-06 -8.045753929764032e-07 -3.178778570145369e-06
468 0.9130859375 -2.323416993021965e-06 -7.874041330069304e-07 -3.110821126028895e-06
469 0.9150390625 -2.272368874400854e-06 -7.700873538851738e-07 -3.042456228286028e-06
470 0.9169921875 -2.221408067271113e-06 -7.528287824243307e-07 -2.974236849695444e-06
471 0.9189453125 -2.170185325667262e-06 -7.354537956416607e-07 -2.905639121308923e-06
472 0.9208984375 -2.119020791724324e-06 -7.181079126894474e-07 -2.837128704413772e-06
473 0.9228515625 -2.067739842459559e-06 -7.007329259067774e-07 -2.768472768366337e-06
474 0.9248046875 -2.016458893194795e-06 -6.833870429545641e-07 -2.699845936149359e-06
475 0.9267578125 -1.964916009455919e-06 -6.658956408500671e-07 -2.630811650305986e-06
476 0.9287109375 -1.913460437208414e-06 -6.484624464064837e-07 -2.561922883614898e-06
477 0.9306640625 -1.861917553469539e-06 -6.309710443019867e-07 -2.492888597771525e-06
478 0.9326171875 -1.810170942917466e-06 -6.13450538367033e-07 -2.423621481284499e-06
479 0.9345703125 -1.758569851517677e-06 -5.95959136262536e-07 -2.354528987780213e-06
480 0.9365234375 -1.706706825643778e-06 -5.783804226666689e-07 -2.285087248310447e-06
481 0.9384765625 -1.654902007430792e-06 -5.608599167317152e-07 -2.215761924162507e-06
482 0.9404296875 -1.602893462404609e-06 -5.432229954749346e-07 -2.146116457879543e-06
483 0.9423828125 -1.551001332700253e-06 -5.256151780486107e-07 -2.076616510748863e-06
484 0.9443359375 -1.498963683843613e-06 -5.079782567918301e-07 -2.006941940635443e-06
485 0.9462890625 -1.446867827326059e-06 -4.903413355350494e-07 -1.937209162861109e-06
486 0.9482421875 -1.394771970808506e-06 -4.727044142782688e-07 -1.867476385086775e-06
487 0.9501953125 -1.342559698969126e-06 -4.54980181530118e-07 -1.797539880499244e-06
488 0.9521484375 -1.290347427129745e-06 -4.372850526124239e-07 -1.727632479742169e-06
489 0.9541015625 -1.237989636138082e-06 -4.195317160338163e-07 -1.657521352171898e-06
490 0.9560546875 -1.185719156637788e-06 -4.018365871161222e-07 -1.58755574375391e-06
491 0.9580078125 -1.133244950324297e-06 -3.840395947918296e-07 -1.517284545116127e-06
492 0.9599609375 -1.080887159332633e-06 -3.663008101284504e-07 -1.447187969461083e-06
493 0.9619140625 -1.028354745358229e-06 -3.485038178041577e-07 -1.376858563162386e-06
494 0.9638671875 -9.759096428751945e-07 -3.307213773950934e-07 -1.306631020270288e-06
495 0.9658203125 -9.2328991740942e-07 -3.12895281240344e-07 -1.236185198649764e-06
496 0.9677734375 -8.707575034350157e-07 -2.950982889160514e-07 -1.165855792351067e-06
497 0.9697265625 -8.181959856301546e-07 -2.772867446765304e-07 -1.095482730306685e-06
498 0.9716796875 -7.654889486730099e-07 -2.594315446913242e-07 -1.024920493364334e-06
499 0.9736328125 -7.128837751224637e-07 -2.415908966213465e-07 -9.544746717438102e-07
500 0.9755859375 -6.601330824196339e-07 -2.237065928056836e-07 -8.838396752253175e-07
501 0.9775390625 -6.074551492929459e-07 -2.058659447357059e-07 -8.133210940286517e-07
502 0.9794921875 -5.546680768020451e-07 -1.87981640920043e-07 -7.426497177220881e-07
503 0.9814453125 -5.019683158025146e-07 -1.701191649772227e-07 -6.720874807797372e-07
504 0.9833984375 -4.491157596930861e-07 -1.521984813734889e-07 -6.013142410665751e-07
505 0.9853515625 -3.963723429478705e-07 -1.343214535154402e-07 -5.306937964633107e-07
506 0.9873046875 -3.434906830079854e-07 -1.164080458693206e-07 -4.59898728877306e-07
507 0.9892578125 -2.906963345594704e-07 -9.852010407485068e-08 -3.892164386343211e-07
508 0.9912109375 -2.378910721745342e-07 -8.061761036515236e-08 -3.185086825396866e-07
509 0.9931640625 -1.849839463829994e-07 -6.269328878261149e-08 -2.476772351656109e-07
510 0.9951171875 -1.321877789450809e-07 -4.479625204112381e-08 -1.769840309862047e-07
511 0.9970703125 -7.926428224891424e-08 -2.686283551156521e-08 -1.061271177604795e-07
512 0.9990234375 0.002784767996217852 0.0009282558517043071 0.003713023847922159
