# P x_center tau_U tau_V tau_Psi
1 0.00390625 0.0111366998860376 0.003712223890261157 0.01484892377629876
2 0.01171875 -5.073720785730984e-06 -1.719449755910318e-06 -6.793170541641302e-06
3 0.01953125 -8.452805559500121e-06 -2.86459862763877e-06 -1.131740418713889e-05
4 0.02734375 -1.182679898192873e-05 -4.008022187917959e-06 -1.583482116984669e-05
5 0.03515625 -1.519366651336895e-05 -5.14903058501659e-06 -2.034269709838554e-05
6 0.04296875 -1.855138452810934e-05 -6.28694033366628e-06 -2.483832486177562e-05
7 0.05078125 -2.189792758144904e-05 -7.421060217893682e-06 -2.931898779934272e-05
8 0.05859375 -2.523127659515012e-05 -8.550709026167169e-06 -3.378198562131729e-05
9 0.06640625 -2.854943159036338e-05 -9.675206456449814e-06 -3.82246380468132e-05
10 0.07421875 -3.185038804076612e-05 -1.079388312064111e-05 -4.264427116140723e-05
11 0.08203125 -3.513215779094025e-05 -1.190605144074652e-05 -4.703820923168678e-05
12 0.08984375 -3.839276905637234e-05 -1.301104930462316e-05 -5.14038183609955e-05
13 0.09765625 -4.163024277659133e-05 -1.41082055051811e-05 -5.573844828177243e-05
14 0.10546875 -4.484265809878707e-05 -1.519687793916091e-05 -6.003953603794798e-05
15 0.11328125 -4.802804687642492e-05 -1.627638266654685e-05 -6.430442954297177e-05
16 0.12109375 -5.11845137225464e-05 -1.734608667902648e-05 -6.853060040157288e-05
17 0.12890625 -5.431014869827777e-05 -1.840534241637215e-05 -7.271549111464992e-05
18 0.13671875 -5.740306733059697e-05 -1.945351323229261e-05 -7.685658056288958e-05
19 0.14453125 -6.046140697435476e-05 -2.048996248049662e-05 -8.095136945485137e-05
20 0.15234375 -6.348331953631714e-05 -2.151406806660816e-05 -8.49973876029253e-05
21 0.16015625 -6.646700785495341e-05 -2.252521881018765e-05 -8.899222666514106e-05
22 0.16796875 -6.941065294086002e-05 -2.352279989281669e-05 -9.293345283367671e-05
23 0.17578125 -7.231248309835792e-05 -2.450621468597092e-05 -9.681869778432883e-05
24 0.18359375 -7.51707557355985e-05 -2.547485928516835e-05 -0.0001006456150207669
25 0.19140625 -7.798375736456364e-05 -2.64281770796515e-05 -0.0001044119344442151
26 0.19921875 -8.074977085925639e-05 -2.736555325100198e-05 -0.0001081153241102584
27 0.20703125 -8.346714457729831e-05 -2.828645665431395e-05 -0.0001117536012316123
28 0.21484375 -8.613425598014146e-05 -2.91903197648935e-05 -0.000115324575745035
29 0.22265625 -8.874947525328025e-05 -3.007660416187719e-05 -0.0001188260794151574
30 0.23046875 -9.131123078987002e-05 -3.094475687248632e-05 -0.0001222559876623563
31 0.23828125 -9.381798736285418e-05 -3.179429040756077e-05 -0.0001256122777704149
32 0.24609375 -9.626823157304898e-05 -3.262466634623706e-05 -0.000128892897919286
33 0.25390625 -9.866048640105873e-05 -3.343537537148222e-05 -0.000132095861772541
34 0.26171875 -0.0001009933184832335 -3.422595909796655e-05 -0.0001352192775812
35 0.26953125 -0.000103265316283796 -3.499592276057228e-05 -0.0001382612390443683
36 0.27734375 -0.000105475090094842 -3.57447934220545e-05 -0.0001412198835168965
37 0.28515625 -0.0001076213447959162 -3.647214180091396e-05 -0.0001440934865968302
38 0.29296875 -0.0001097027707146481 -3.717753861565143e-05 -0.0001468803093302995
39 0.30078125 -0.0001117181163863279 -3.78605182049796e-05 -0.0001495786345913075
40 0.30859375 -0.0001136661667260341 -3.85206876671873e-05 -0.0001521868543932214
41 0.31640625 -0.0001155457503045909 -3.915767592843622e-05 -0.0001547034262330271
42 0.32421875 -0.0001173557247966528 -3.977106098318473e-05 -0.0001571267857798375
43 0.33203125 -0.0001190950279124081 -4.036050813738257e-05 -0.0001594555360497907
44 0.33984375 -0.0001207625755341724 -4.092562448931858e-05 -0.0001616882000234909
45 0.34765625 -0.0001223573854076676 -4.146609717281535e-05 -0.000163823482580483
46 0.35546875 -0.0001238785043824464 -4.198159876978025e-05 -0.0001658601031522267
47 0.36328125 -0.0001253249938599765 -4.247180186212063e-05 -0.0001677967957220972
48 0.37109375 -0.0001266959807253443 -4.293640813557431e-05 -0.0001696323888609186
49 0.37890625 -0.0001279906646232121 -4.337517748354003e-05 -0.0001713658421067521
50 0.38671875 -0.0001292082306463271 -4.378779703984037e-05 -0.0001729960276861675
51 0.39453125 -0.0001303479803027585 -4.417404852574691e-05 -0.0001745220288285054
52 0.40234375 -0.0001314092223765329 -4.453370638657361e-05 -0.0001759429287631065
53 0.41015625 -0.0001323913165833801 -4.486652323976159e-05 -0.0001772578398231417
54 0.41796875 -0.0001332936371909454 -4.517231718637049e-05 -0.0001784659543773159
55 0.42578125 -0.0001341156748821959 -4.545090632745996e-05 -0.0001795665812096559
56 0.43359375 -0.0001348569276160561 -4.570210148813203e-05 -0.0001805590291041881
57 0.44140625 -0.0001355169588350691 -4.592578625306487e-05 -0.000181442745088134
58 0.44921875 -0.0001360953465336934 -4.612180055119097e-05 -0.0001822171470848843
59 0.45703125 -0.0001365917632938363 -4.629002796718851e-05 -0.0001828817912610248
60 0.46484375 -0.0001370058962493204 -4.643037391360849e-05 -0.0001834362701629288
61 0.47265625 -0.0001373375052935444 -4.654275107895955e-05 -0.0001838802563725039
62 0.48046875 -0.0001375863939756528 -4.662710125558078e-05 -0.0001842134952312335
63 0.48828125 -0.0001377523803967051 -4.668335895985365e-05 -0.0001844357393565588
64 0.49609375 -0.0001378354136249982 -4.67114950879477e-05 -0.0001845469087129459
65 0.50390625 -0.0001378354136249982 -4.67114950879477e-05 -0.0001845469087129459
66 0.51171875 -0.0001377523876726627 -4.668335895985365e-05 -0.0001844357466325164
67 0.51953125 -0.0001375863939756528 -4.66271085315384e-05 -0.0001842135025071912
68 0.52734375 -0.0001373375052935444 -4.654275835491717e-05 -0.0001838802636484616
69 0.53515625 -0.0001370058962493204 -4.643037391360849e-05 -0.0001834362701629288
70 0.54296875 -0.0001365917632938363 -4.629002069123089e-05 -0.0001828817839850672
71 0.55078125 -0.0001360953465336934 -4.612179327523336e-05 -0.0001822171398089267
72 0.55859375 -0.0001355169588350691 -4.592578625306487e-05 -0.000181442745088134
73 0.56640625 -0.0001348569348920137 -4.570210876408964e-05 -0.0001805590436561033
74 0.57421875 -0.0001341156821581535 -4.545090632745996e-05 -0.0001795665884856135
75 0.58203125 -0.0001332936517428607 -4.517232446232811e-05 -0.0001784659762051888
76 0.58984375 -0.0001323913093074225 -4.486652323976159e-05 -0.0001772578325471841
77 0.59765625 -0.0001314092296524905 -4.453370638657361e-05 -0.0001759429360390641
78 0.60546875 -0.0001303480021306314 -4.417407035361975e-05 -0.0001745220724842511
79 0.61328125 -0.0001292082306463271 -4.378779703984037e-05 -0.0001729960276861675
80 0.62109375 -0.0001279906573472545 -4.337517020758241e-05 -0.0001713658275548369
81 0.62890625 -0.0001266959807253443 -4.293641541153193e-05 -0.0001696323961368762
82 0.63671875 -0.0001253249865840189 -4.247179458616301e-05 -0.0001677967811701819
83 0.64453125 -0.0001238784971064888 -4.198158421786502e-05 -0.0001658600813243538
84 0.65234375 -0.0001223573854076676 -4.146608989685774e-05 -0.0001638234753045253
85 0.66015625 -0.0001207625755341724 -4.092562448931858e-05 -0.0001616882000234909
86 0.66796875 -0.0001190950279124081 -4.036050086142495e-05 -0.0001594555287738331
87 0.67578125 -0.0001173557320726104 -3.977106098318473e-05 -0.0001571267930557951
88 0.68359375 -0.0001155457575805485 -3.915767592843622e-05 -0.0001547034335089847
89 0.69140625 -0.0001136661667260341 -3.852070221910253e-05 -0.0001521868689451367
90 0.69921875 -0.0001117181163863279 -3.78605182049796e-05 -0.0001495786345913075
91 0.70703125 -0.0001097027707146481 -3.717753133969381e-05 -0.0001468803020543419
92 0.71484375 -0.0001076213447959162 -3.647214180091396e-05 -0.0001440934865968302
93 0.72265625 -0.000105475090094842 -3.574480069801211e-05 -0.0001412198907928541
94 0.73046875 -0.0001032653090078384 -3.49959300365299e-05 -0.0001382612390443683
95 0.73828125 -0.0001009933257591911 -3.422595909796655e-05 -0.0001352192848571576
96 0.74609375 -9.866048640105873e-05 -3.343537537148222e-05 -0.000132095861772541
97 0.75390625 -9.626823157304898e-05 -3.262465907027945e-05 -0.0001288928906433284
98 0.76171875 -9.381798008689657e-05 -3.179428313160315e-05 -0.0001256122632184997
99 0.76953125 -9.131123078987002e-05 -3.094475687248632e-05 -0.0001222559876623563
100 0.77734375 -8.874947525328025e-05 -3.007659688591957e-05 -0.0001188260721391998
101 0.78515625 -8.613426325609908e-05 -2.919032704085112e-05 -0.0001153245902969502
102 0.79296875 -8.346715185325593e-05 -2.828646393027157e-05 -0.0001117536157835275
103 0.80078125 -8.074976358329877e-05 -2.736555325100198e-05 -0.0001081153168343008
104 0.80859375 -7.798375008860603e-05 -2.642816252773628e-05 -0.0001044119126163423
105 0.81640625 -7.517076301155612e-05 -2.547486292314716e-05 -0.0001006456259347033
106 0.82421875 -7.231248673633672e-05 -2.450621104799211e-05 -9.681869778432883e-05
107 0.83203125 -6.94106456649024e-05 -2.352279625483789e-05 -9.293344191974029e-05
108 0.83984375 -6.646701149293222e-05 -2.252522608614527e-05 -8.899223757907748e-05
109 0.84765625 -6.348331589833833e-05 -2.151406079065055e-05 -8.499737668898888e-05
110 0.85546875 -6.046140333637595e-05 -2.048995884251781e-05 -8.095136217889376e-05
111 0.86328125 -5.740306733059697e-05 -1.945351323229261e-05 -7.685658056288958e-05
112 0.87109375 -5.431014506029896e-05 -1.840533877839334e-05 -7.271548383869231e-05
113 0.87890625 -5.11845137225464e-05 -1.734608667902648e-05 -6.853060040157288e-05
114 0.88671875 -4.802805415238254e-05 -1.627638630452566e-05 -6.43044404569082e-05
115 0.89453125 -4.484265082282946e-05 -1.51968706632033e-05 -6.003952148603275e-05
116 0.90234375 -4.163025005254894e-05 -1.410821278113872e-05 -5.573846283368766e-05
117 0.91015625 -3.839276541839354e-05 -1.301105294260196e-05 -5.14038183609955e-05
118 0.91796875 -3.513215960992966e-05 -1.190605144074652e-05 -4.703821105067618e-05
119 0.92578125 -3.185038804076612e-05 -1.079388312064111e-05 -4.264427116140723e-05
120 0.93359375 -2.854943340935279e-05 -9.675210094428621e-06 -3.822464350378141e-05
121 0.94140625 -2.523128387110773e-05 -8.55071448313538e-06 -3.378199835424311e-05
122 0.94921875 -2.189792758144904e-05 -7.421060217893682e-06 -2.931898779934272e-05
123 0.95703125 -1.855138543760404e-05 -6.286939424171578e-06 -2.483832486177562e-05
124 0.96484375 -1.519366742286365e-05 -5.149031494511291e-06 -2.034269891737495e-05
125 0.97265625 -1.182679625344463e-05 -4.008021278423257e-06 -1.583481753186788e-05
126 0.98046875 -8.452807833236875e-06 -2.864599991880823e-06 -1.13174078251177e-05
127 0.98828125 -5.073720330983633e-06 -1.719449755910318e-06 -6.793170086893952e-06
128 0.99609375 0.01113669988774291 0.003712223890943278 0.01484892377868618
