# P x_center tau_U tau_V tau_Psi
1 0.0078125 0.02225822029521396 0.007419331529376905 0.02967755182459086
2 0.0234375 -4.055984413753322e-05 -1.374547400700976e-05 -5.430531814454298e-05
3 0.0390625 -6.74911620990315e-05 -2.287232678099826e-05 -9.036348888002976e-05
4 0.0546875 -9.42598881010781e-05 -3.194407827322721e-05 -0.0001262039663743053
5 0.0703125 -0.0001208015337397228 -4.093887355338666e-05 -0.0001617404072931095
6 0.0859375 -0.0001470521592636942 -4.98350445923279e-05 -0.0001968872038560221
7 0.1015625 -0.0001729485202304204 -5.861115732841427e-05 -0.0002315596775588347
8 0.1171875 -0.0001984282362172962 -6.724607010255568e-05 -0.0002656743063198519
9 0.1328125 -0.0002234299190604361 -7.571898186142789e-05 -0.000299148900921864
10 0.1484375 -0.0002478933411111939 -8.400948172493372e-05 -0.0003319028228361276
11 0.1640625 -0.0002717595652939053 -9.209759355144342e-05 -0.0003638571588453487
12 0.1796875 -0.0002949710969915031 -9.996383323596092e-05 -0.0003949349302274641
13 0.1953125 -0.0003174720186507329 -0.0001075892541848589 -0.0004250612728355918
14 0.2109375 -0.0003392081216588849 -0.0001149554827861721 -0.000454163604445057
15 0.2265625 -0.0003601270436774939 -0.0001220447738887742 -0.0004821718175662681
16 0.2421875 -0.0003801783859671559 -0.0001288400435441872 -0.0005090184295113431
17 0.2578125 -0.0003993138434452703 -0.0001353249299427262 -0.0005346387733879965
18 0.2734375 -0.0004174873265583301 -0.000141483809784404 -0.0005589711363427341
19 0.2890625 -0.0004346550394984661 -0.000147301836477709 -0.0005819568759761751
20 0.3046875 -0.0004507756329985568 -0.0001527650056232233 -0.0006035406386217801
21 0.3203125 -0.0004658102661778685 -0.0001578601459186757 -0.0006236704120965442
22 0.3359375 -0.0004797227247763658 -0.0001625749900995288 -0.0006422977148758946
23 0.3515625 -0.0004924794866383309 -0.000166898176757968 -0.0006593776633962989
24 0.3671875 -0.0005040498217567801 -0.0001708192867226899 -0.00067486910847947
25 0.3828125 -0.0005144058613950619 -0.0001743288848956581 -0.0006887347462907201
26 0.3984375 -0.0005235226453805808 -0.0001774185038811993 -0.0007009411492617801
27 0.4140625 -0.0005313782221492147 -0.0001800807094696211 -0.0007114589316188358
28 0.4296875 -0.0005379536596592516 -0.0001823090842663078 -0.0007202627439255593
29 0.4453125 -0.0005432331272459123 -0.0001840982640715083 -0.0007273313913174206
30 0.4609375 -0.0005472038901643828 -0.0001854439287853893 -0.000732647818949772
31 0.4765625 -0.000549856393263326 -0.0001863428460637806 -0.0007361992393271066
32 0.4921875 -0.0005511842409759993 -0.0001867928440333344 -0.0007379770850093337
33 0.5078125 -0.0005511842427949887 -0.0001867928440333344 -0.0007379770868283231
34 0.5234375 -0.000549856393263326 -0.0001863428460637806 -0.0007361992393271066
35 0.5390625 -0.0005472038883453934 -0.0001854439306043787 -0.000732647818949772
36 0.5546875 -0.0005432331272459123 -0.0001840982640715083 -0.0007273313913174206
37 0.5703125 -0.0005379536596592516 -0.0001823090824473184 -0.0007202627421065699
38 0.5859375 -0.0005313782221492147 -0.0001800807094696211 -0.0007114589316188358
39 0.6015625 -0.0005235226453805808 -0.0001774185038811993 -0.0007009411492617801
40 0.6171875 -0.0005144058595760725 -0.0001743288848956581 -0.0006887347444717307
41 0.6328125 -0.0005040498217567801 -0.0001708192867226899 -0.00067486910847947
42 0.6484375 -0.0004924794866383309 -0.0001668981749389786 -0.0006593776615773095
43 0.6640625 -0.000479722721138387 -0.0001625749882805394 -0.0006422977094189264
44 0.6796875 -0.0004658102661778685 -0.0001578601459186757 -0.0006236704120965442
45 0.6953125 -0.0004507756329985568 -0.0001527650056232233 -0.0006035406386217801
46 0.7109375 -0.0004346550376794767 -0.000147301836477709 -0.0005819568741571857
47 0.7265625 -0.0004174873229203513 -0.0001414838061464252 -0.0005589711290667765
48 0.7421875 -0.0003993138452642597 -0.0001353249299427262 -0.0005346387752069859
49 0.7578125 -0.0003801783823291771 -0.0001288400417251978 -0.0005090184240543749
50 0.7734375 -0.0003601270436774939 -0.0001220447720697848 -0.0004821718157472787
51 0.7890625 -0.0003392081216588849 -0.0001149554809671827 -0.0004541636026260676
52 0.8046875 -0.0003174720168317435 -0.0001075892560038483 -0.0004250612728355918
53 0.8203125 -0.0002949710969915031 -9.996383414545562e-05 -0.0003949349311369588
54 0.8359375 -0.0002717595662034 -9.209759537043283e-05 -0.0003638571615738329
55 0.8515625 -0.0002478933411111939 -8.400948172493372e-05 -0.0003319028228361276
56 0.8671875 -0.0002234299181509414 -7.571898186142789e-05 -0.0002991489000123693
57 0.8828125 -0.0001984282353078015 -6.724607101205038e-05 -0.0002656743063198519
58 0.8984375 -0.0001729485220494098 -5.861115732841427e-05 -0.0002315596793778241
59 0.9140625 -0.0001470521592636942 -4.983504413758055e-05 -0.0001968872034012747
60 0.9296875 -0.0001208015337397228 -4.093887400813401e-05 -0.0001617404077478568
61 0.9453125 -9.425988855582546e-05 -3.194407872797456e-05 -0.0001262039672838
62 0.9609375 -6.749116232640517e-05 -2.287232700837194e-05 -9.036348933477711e-05
63 0.9765625 -4.055984391015954e-05 -1.374547400700976e-05 -5.43053179171693e-05
64 0.9921875 0.0222582202948729 0.007419331529206374 0.02967755182407927
