# P x u_num u_exact u_err v_num v_exact v_err psi_num psi_exact psi_err
1 0.001953125 0.002257258306387429 0.00225726581582338 -7.509435950674159e-09 0.002257252560073724 0.00225726581582338 -1.325574965549067e-08 0.004514510866461154 0.00451453163164676 -2.076518560573115e-08
2 0.005859375 0.006771516511153357 0.006771457511541153 5.89996122044717e-08 0.006771513084638118 0.006771457511541153 5.557309696539031e-08 0.01354302959579148 0.01354291502308231 1.145727091707294e-07
3 0.009765625 0.01128475494567629 0.01128462945066507 1.25495011223109e-07 0.01128475383729376 0.01128462945066507 1.243866286897849e-07 0.02256950878297004 0.02256925890133013 2.498816399111592e-07
4 0.013671875 0.01579629393281033 0.01579610196610184 1.919667084945842e-07 0.01579629514061587 0.01579610196610184 1.931745140341945e-07 0.0315925890734262 0.03159220393220367 3.851412225253092e-07
5 0.017578125 0.02030545405134144 0.02030519564668514 2.584046562940923e-07 0.02030545757310712 0.02030519564668514 2.619264219717865e-07 0.04061091162444855 0.04061039129337029 5.203310782658788e-07
6 0.021484375 0.02481155623803989 0.02481123143949244 3.247985474498505e-07 0.02481156207231376 0.02481123143949244 3.30632821322896e-07 0.04962311831035365 0.04962246287898488 6.554313687762159e-07
7 0.025390625 0.02931392189044779 0.02931353075210783 3.911383399564372e-07 0.02931393003552028 0.02931353075210783 3.992834124513789e-07 0.05862785192596807 0.05862706150421566 7.904217524112855e-07
8 0.029296875 0.0338118729684985 0.03381141555481559 4.574136829096909e-07 0.03381188342367201 0.03381141555481559 4.678688564144218e-07 0.06762375639217051 0.06762283110963119 9.252825393241126e-07
9 0.033203125 0.038304732099861 0.03830420848270896 5.23617152040079e-07 0.03830474485378239 0.03830420848270896 5.363710734312965e-07 0.0766094769536434 0.07660841696541792 1.059988225471376e-06
10 0.037109375 0.04279182267339836 0.04279123293769878 5.897356995798742e-07 0.04279183772659909 0.04279123293769878 6.047889003144014e-07 0.08558366039999746 0.08558246587539756 1.194524599901214e-06
11 0.041015625 0.04727246895043775 0.04727181319040671 6.557600310402867e-07 0.04727248630037204 0.04727181319040671 6.731099653212169e-07 0.09454495525080979 0.09454362638081343 1.328869996361504e-06
12 0.044921875 0.05174599616253969 0.05174527448192755 7.216806121312924e-07 0.05174601580460185 0.05174527448192755 7.413226742955525e-07 0.1034920119671415 0.1034905489638551 1.463003286419906e-06
13 0.048828125 0.05621173061241949 0.05621094312544551 7.874869739771251e-07 0.05621175254374555 0.05621094312544551 8.094183000378896e-07 0.112423483156165 0.112421886250891 1.596905274015015e-06
14 0.052734375 0.06066899977637535 0.06066814660768887 8.531686864765575e-07 0.06066902399575891 0.06066814660768887 8.773880700377323e-07 0.1213380237721343 0.1213362932153777 1.730556756521229e-06
15 0.056640625 0.06511713241056016 0.06511621369020809 9.187203520721887e-07 0.06511715889839687 0.06511621369020809 9.452081887739716e-07 0.130234291308957 0.1302324273804162 1.86392854084616e-06
16 0.060546875 0.06955545863707568 0.06955447451046182 9.841266138677085e-07 0.06955548739528367 0.06955447451046182 1.012884821849358e-06 0.1391109460323594 0.1391089490209236 1.997011435717067e-06
17 0.064453125 0.07398331006162051 0.07398226068269574 1.049378924769528e-06 0.07398334108648834 0.07398226068269574 1.080403792597107e-06 0.1479666511481089 0.1479645213653915 2.129782717380513e-06
18 0.068359375 0.07840001986673437 0.07839890539859899 1.114468135374191e-06 0.07840005315142433 0.07839890539859899 1.147752825336745e-06 0.1568000730181587 0.156797810797198 2.262220960697059e-06
19 0.072265625 0.0828049229113651 0.08280374352772304 1.179383642052612e-06 0.08280495845183003 0.08280374352772304 1.21492410698476e-06 0.1656098813631951 0.1656074870554461 2.394307749037372e-06
20 0.076171875 0.08719735583263358 0.08719611171764793 1.244114985643474e-06 0.08719739362714556 0.08719611171764793 1.281909497621858e-06 0.1743947494597791 0.1743922234352959 2.526024483251454e-06
21 0.080078125 0.09157665715270222 0.09157534849388065 1.308658821572162e-06 0.09157669717350506 0.09157534849388065 1.348679624410543e-06 0.1831533543262073 0.1831506969877613 2.657338445982704e-06
22 0.083984375 0.09594216735703805 0.0959407943594708 1.372997567250511e-06 0.0959422096074181 0.0959407943594708 1.415247947306186e-06 0.1918843769644561 0.1918815887189416 2.788245514556698e-06
23 0.087890625 0.1002932290177867 0.1002917918943284 1.437123458319922e-06 0.1002932734929229 0.1002917918943284 1.481598594560429e-06 0.2005865025107096 0.2005835837886568 2.918722052880351e-06
24 0.091796875 0.1046291868820221 0.1046276858542289 1.50102779321315e-06 0.1046292335728648 0.1046276858542289 1.547718635946937e-06 0.209258420454887 0.2092553717084578 3.048746429173965e-06
25 0.095703125 0.1089493879693777 0.1089478232694906 1.564699887060539e-06 0.1089494368707168 0.1089478232694906 1.613601226246875e-06 0.2178988248400945 0.2178956465389812 3.178301113293536e-06
26 0.099609375 0.1132531816726166 0.1132515535433095 1.628129307054693e-06 0.1132532327822158 0.1132515535433095 1.67923890630195e-06 0.2265064144548324 0.2265031070866191 3.307368213356643e-06
27 0.103515625 0.1175399198645207 0.1175382285497368 1.691314783919262e-06 0.1175399731466089 0.1175382285497368 1.744596872077508e-06 0.2350798930111296 0.2350764570994736 3.435911655996771e-06
28 0.107421875 0.1218089569678883 0.1218072027312841 1.754236604242787e-06 0.121809012427091 0.1218072027312841 1.809695806917477e-06 0.2436179693949793 0.2436144054625681 3.563932411160264e-06
29 0.111328125 0.126059650083968 0.1260578331961421 1.816887825911717e-06 0.1260597077143797 0.1260578331961421 1.874518237687806e-06 0.2521193577983477 0.2521156663922841 3.691406063599523e-06
30 0.115234375 0.1302913590752352 0.1302894798149979 1.879260237286351e-06 0.1302914188656619 0.1302894798149979 1.939050663979369e-06 0.260582777940897 0.2605789596299958 3.818310901237965e-06
31 0.119140625 0.1345034466605834 0.134501505317436 1.941343147460195e-06 0.1345035086046296 0.134501505317436 2.003287193658165e-06 0.2690069552652131 0.269003010634872 3.944630341146116e-06
32 0.123046875 0.1386952785140929 0.1386932753879087 2.003126184257908e-06 0.1386953426090654 0.1386932753879087 2.067221156698551e-06 0.2773906211231583 0.2773865507758174 4.070347340956459e-06
33 0.126953125 0.1428662233714425 0.1428641587612619 2.064610180624316e-06 0.1428662895737077 0.1428641587612619 2.130812445794161e-06 0.2857325129451502 0.2857283175225238 4.195422626418477e-06
34 0.130859375 0.1470156530911719 0.1470135273178013 2.125773370553752e-06 0.1470157214067423 0.1470135273178013 2.194088940921102e-06 0.2940313744979142 0.2940270546356027 4.319862311474854e-06
35 0.134765625 0.1511429427875928 0.151140756177885 2.186609707827136e-06 0.1511430132094394 0.151140756177885 2.257031554458999e-06 0.3022859559970322 0.3022815123557699 4.443641262286135e-06
36 0.138671875 0.1552474709075205 0.1552452237960276 2.247111492825749e-06 0.1552475434223845 0.1552452237960276 2.319626356883653e-06 0.310495014329905 0.3104904475920553 4.566737849709401e-06
37 0.142578125 0.1593286193225961 0.1593263120545034 2.30726809263837e-06 0.1593286939229269 0.1593263120545034 2.38186842346777e-06 0.3186573132455229 0.3186526241090069 4.689136516078385e-06
38 0.146484375 0.1633857734256884 0.163383406356432 2.367069256353771e-06 0.163385850108326 0.163383406356432 2.443751894037893e-06 0.3267716235340144 0.326766812712864 4.810821150391664e-06
39 0.150390625 0.1674183222362292 0.1674158957183348 2.426517894449365e-06 0.1674184009499724 0.1674158957183348 2.505231637639493e-06 0.3348367231862016 0.3348317914366695 4.931749532088858e-06
40 0.154296875 0.1714256584524902 0.1714231728621464 2.48559034385365e-06 0.1714257392046124 0.1714231728621464 2.566342466009397e-06 0.3428513976571026 0.3428463457242927 5.051932809863047e-06
41 0.158203125 0.1754071785881164 0.1754046343066689 2.54428144749741e-06 0.1754072613705678 0.1754046343066689 2.62706389891898e-06 0.3508144399586842 0.3508092686133378 5.171345346444145e-06
42 0.162109375 0.1793622830425456 0.1793596804584539 2.602584091793148e-06 0.1793623678400108 0.1793596804584539 2.687381556926161e-06 0.3587246508825565 0.3587193609169077 5.289965648747064e-06
43 0.166015625 0.1832903761898433 0.1832877157020985 2.66048774480443e-06 0.183290462993651 0.1832877157020985 2.747291552557263e-06 0.3665808391834943 0.366575431404197 5.407779297361692e-06
44 0.169921875 0.1871908664722497 0.1871881484899436 2.717982306166267e-06 0.1871909552788913 0.1871881484899436 2.806788947790073e-06 0.3743818217511411 0.3743762969798871 5.524771253984095e-06
45 0.173828125 0.1910631665039482 0.1910603914311582 2.775072790006661e-06 0.1910632572548628 0.1910603914311582 2.865823704623072e-06 0.3821264237588111 0.3821207828623164 5.640896494629732e-06
46 0.177734375 0.1949066931139455 0.1949038613801986 2.831733746905263e-06 0.1949067858176321 0.1949038613801986 2.924437433493576e-06 0.3898134789315777 0.3898077227603973 5.756171180426595e-06
47 0.181640625 0.1987208674855759 0.198717979524628 2.887960947939305e-06 0.1987209621329657 0.198717979524628 2.982608337698256e-06 0.3974418296185416 0.397435959049256 5.870569285637561e-06
48 0.185546875 0.2025051152201636 0.2025021714722831 2.943747880485015e-06 0.2025052117940198 0.2025021714722831 3.040321736647034e-06 0.4050103270141834 0.4050043429445662 5.984069617159804e-06
49 0.189453125 0.2062588664219463 0.206255867337776 2.999084170285382e-06 0.2062589649125783 0.206255867337776 3.097574802296554e-06 0.4125178313345246 0.412511734675552 6.096658972554181e-06
50 0.193359375 0.2099815557882957 0.2099785018283165 3.053959979182341e-06 0.2099816561916901 0.2099785018283165 3.154363373530922e-06 0.4199632119799858 0.4199570036566331 6.208323352685508e-06
51 0.197265625 0.2136726227111838 0.2136695143288434 3.108382340466509e-06 0.213672724961795 0.2136695143288434 3.210632951583525e-06 0.4273453476729788 0.4273390286576867 6.31901529207779e-06
52 0.201171875 0.2173315113105962 0.2173283489864505 3.162324145683515e-06 0.2173316154181983 0.2173283489864505 3.266431747833698e-06 0.4346631267287945 0.434656697972901 6.428755893517213e-06
53 0.205078125 0.2209576705762596 0.2209544547940968 3.215782162779846e-06 0.2209577765307299 0.2209544547940968 3.321736633088435e-06 0.4419154471069895 0.4419089095881937 6.53751879586828e-06
54 0.208984375 0.2245505544240704 0.2245472856735855 3.26875048492492e-06 0.2245506622063805 0.2245472856735855 3.376532794974185e-06 0.4491012166304509 0.449094571347171 6.645283279926861e-06
55 0.212890625 0.2281096217767841 0.2281063005578015 3.321218982610397e-06 0.22810973137619 0.2281063005578015 3.430818388466816e-06 0.456219353152974 0.456212601115603 6.752037371049457e-06
56 0.216796875 0.2316343366502773 0.2316309634721944 3.373178082882733e-06 0.2316344480623983 0.2316309634721944 3.484590203883808e-06 0.4632687847126756 0.4632619269443889 6.857768286738786e-06
57 0.220703125 0.2351241682523521 0.2351207436154941 3.424636858012642e-06 0.2351242814048949 0.2351207436154941 3.537789400737124e-06 0.470248449657247 0.4702414872309882 6.962426258749765e-06
58 0.224609375 0.2385785910063046 0.2385751154396474 3.475566657251683e-06 0.2385787059102701 0.2385751154396474 3.590470622677477e-06 0.4771572969165747 0.4771502308792948 7.066037279956916e-06
59 0.228515625 0.2419970846941986 0.2419935587289637 3.525965234951745e-06 0.2419972013385792 0.2419935587289637 3.642609615550629e-06 0.4839942860327778 0.4839871174579273 7.168574850502374e-06
60 0.232421875 0.2453791345058522 0.2453755586784576 3.575827394575182e-06 0.2453792528697579 0.2453755586784576 3.694191300307459e-06 0.4907583873756101 0.4907511173569152 7.270018694882641e-06
61 0.236328125 0.2487242311145951 0.2487206059713768 3.625143218249915e-06 0.2487243511864638 0.2487206059713768 3.745215087003206e-06 0.4974485823010589 0.4974412119427536 7.370358305280877e-06
62 0.240234375 0.2520318707594312 0.2520281968559031 3.673903528123024e-06 0.2520319925344036 0.2520281968559031 3.795678500562172e-06 0.5040638632938348 0.5040563937118061 7.469582028685195e-06
63 0.244140625 0.2553015553403303 0.2552978332210153 3.722119314986116e-06 0.2553016787399077 0.2552978332210153 3.845518892375832e-06 0.510603234080238 0.5105956664420307 7.567638207306437e-06
64 0.248046875 0.2585327924321224 0.2585290226715038 3.769760618610452e-06 0.2585329174683137 0.2585290226715038 3.894796809900125e-06 0.5170657099004361 0.5170580453430076 7.664557428510577e-06
65 0.251953125 0.2617250954282597 0.2617212786021224 3.816826137315044e-06 0.2617252220892916 0.2617212786021224 3.943487169144611e-06 0.5234503175175513 0.5234425572042448 7.760313306515165e-06
66 0.255859375 0.2648779835822996 0.26487412027087 3.86331142954166e-06 0.2648781118455257 0.26487412027087 3.991574655692887e-06 0.5297560954278253 0.5297482405417401 7.854886085234547e-06
67 0.259765625 0.2679909820782449 0.2679870728713885 3.909206856445024e-06 0.2679911119312864 0.2679870728713885 4.039059897931185e-06 0.5359820940095312 0.5359741457427769 7.948266754320699e-06
68 0.263671875 0.2710636221081205 0.2710596676044664 3.954503654146624e-06 0.2710637535457272 0.2710596676044664 4.085941260834058e-06 0.5421273756538477 0.5421193352089327 8.040444914980682e-06
69 0.267578125 0.2740954409633484 0.2740914417486389 3.999214709504706e-06 0.2740955739011557 0.2740914417486389 4.132152516822529e-06 0.5481910148645041 0.5481828834972777 8.131367226327235e-06
70 0.271484375 0.2770859820387605 0.2770819387298716 4.043308888923569e-06 0.2770861164897385 0.2770819387298716 4.177759866941244e-06 0.554172098528499 0.5541638774597432 8.221068755864813e-06
71 0.275390625 0.2800347949761545 0.2800307081903191 4.086785835411e-06 0.2800349309278709 0.2800307081903191 4.222737551851097e-06 0.5600697259040254 0.5600614163806381 8.309523387262097e-06
72 0.279296875 0.2829414356980396 0.2829373060561469 4.129641892725022e-06 0.2829415731262326 0.2829373060561469 4.267070085717251e-06 0.5658830088242723 0.5658746121122938 8.396711978497784e-06
73 0.283203125 0.2858054664721789 0.285801294604408 4.171867770907944e-06 0.2858056053636681 0.285801294604408 4.3107592601066e-06 0.571611071835847 0.571602589208816 8.482627031014545e-06
74 0.287109375 0.2886264559841041 0.2886222425289614 4.213455142676459e-06 0.2886265963333257 0.2886222425289614 4.353804364309877e-06 0.5772530523174297 0.5772444850579228 8.567259506930824e-06
75 0.291015625 0.2914039794241643 0.291399725005426 4.254418738247612e-06 0.2914041211413225 0.291399725005426 4.396135896422848e-06 0.5828081005654868 0.5827994500108521 8.650554634725971e-06
76 0.294921875 0.2941376184815373 0.2941333237551572 4.294726380082992e-06 0.2941377615806299 0.2941333237551572 4.437825472658474e-06 0.5882753800621672 0.5882666475103144 8.732551852741466e-06
77 0.298828125 0.2968269614870108 0.2968226271082383 4.334378772563596e-06 0.2968271059546922 0.2968226271082383 4.478846453936924e-06 0.593654067441703 0.5936452542164765 8.813225226500521e-06
78 0.302734375 0.2994716034383881 0.2994672300654763 4.37337291187001e-06 0.2994717492492009 0.2994672300654763 4.51918372468274e-06 0.5989433526875891 0.5989344601309525 8.892556636608262e-06
79 0.306640625 0.3020711460594237 0.3020667343593934 4.411700030293453e-06 0.3020712931992523 0.3020667343593934 4.558839858892494e-06 0.6041424392586761 0.6041334687187868 8.970539889241458e-06
80 0.310546875 0.3046251978664304 0.3046207485142049 4.449352225488479e-06 0.3046253463294504 0.3046207485142049 4.597815245532821e-06 0.6092505441958809 0.6092414970284098 9.047167471076811e-06
81 0.314453125 0.3071333742507866 0.3071288879047732 4.486346013354847e-06 0.3071335239421936 0.3071288879047732 4.636037420346906e-06 0.6142668981929802 0.6142577758095464 9.122383433757264e-06
82 0.318359375 0.3095952974628499 0.3095907748145319 4.522648318017186e-06 0.3095954483976426 0.3095907748145319 4.673583110736956e-06 0.6191907458604926 0.6191815496290638 9.196231428809654e-06
83 0.322265625 0.3120105967532381 0.3120060384923679 4.558260870202169e-06 0.3120107489174038 0.3120060384923679 4.710425035914234e-06 0.6240213456706419 0.6240120769847358 9.268685906116403e-06
84 0.326171875 0.3143789083899048 0.3143743152084555 4.593181449297212e-06 0.3143790617566447 0.3143743152084555 4.74654818921616e-06 0.6287579701465495 0.628748630416911 9.339729638568883e-06
85 0.330078125 0.3166998757107427 0.3166952483090322 4.627401710477486e-06 0.316700030265389 0.3166952483090322 4.781956356836314e-06 0.6333999059761317 0.6333904966180643 9.409358067369311e-06
86 0.333984375 0.3189731491844502 0.3189684882701102 4.660914339982281e-06 0.3189733049207701 0.3189684882701102 4.816650659933419e-06 0.6379464541052203 0.6379369765402204 9.4775649999157e-06
87 0.337890625 0.3211983864875807 0.3211936927501131 4.693737467642567e-06 0.3211985433064235 0.3211936927501131 4.850556310442844e-06 0.6423969297940042 0.6423873855002261 9.544293778085411e-06
88 0.341796875 0.3233752524788189 0.323370526641431 4.725837387864473e-06 0.3233754103958961 0.323370526641431 4.883754465112577e-06 0.6467506628747151 0.646741053282862 9.609591853032562e-06
89 0.345703125 0.3255034193376858 0.3254986621208871 4.757216798711994e-06 0.3255035783383845 0.3254986621208871 4.916217497430431e-06 0.6510069976760703 0.6509973242417741 9.673434296142425e-06
90 0.349609375 0.3275825665733458 0.3275777786991058 4.787874239964296e-06 0.3275827266298014 0.3275777786991058 4.94793069560906e-06 0.6551652932031472 0.6551555573982116 9.735804935573356e-06
91 0.353515625 0.3296123810706951 0.3296075632687783 4.817801916801034e-06 0.3296125421675683 0.3296075632687783 4.978898789975705e-06 0.6592249232382634 0.6592151265375567 9.79670070677674e-06
92 0.357421875 0.3315925571448592 0.3315877101518144 4.846993044815839e-06 0.3315927192757399 0.3315877101518144 5.00912392542574e-06 0.6631852764205991 0.6631754203036289 9.85611697024158e-06
93 0.361328125 0.3335227966127043 0.3335179211453771 4.875467327247751e-06 0.3335229596746017 0.3335179211453771 5.038529224621335e-06 0.667045756287306 0.6670358422907542 9.913996551813575e-06
94 0.365234375 0.3354028087574148 0.3353979055667907 4.903190624183651e-06 0.3354029727665812 0.3353979055667907 5.067199790487198e-06 0.6708057815239961 0.6707958111335813 9.97039041472636e-06
95 0.369140625 0.3372323104638525 0.3372273802973163 4.930166536243341e-06 0.3372324754052721 0.3372273802973163 5.095107955765954e-06 0.6744647858691246 0.6744547605946326 1.00252744920093e-05
96 0.373046875 0.3390110262192302 0.3390060698247889 4.956394441257839e-06 0.3390111920639625 0.3390060698247889 5.12223917359389e-06 0.6780222182831928 0.6780121396495778 1.007863361490724e-05
97 0.376953125 0.3407386881521682 0.3407337062851082 4.981867059994372e-06 0.3407388548844296 0.3407337062851082 5.148599321325165e-06 0.6814775430365978 0.6814674125702165 1.013046638131954e-05
98 0.380859375 0.3424150360808382 0.3424100295025782 5.006578260025041e-06 0.3424152036938777 0.3424100295025782 5.174191299583963e-06 0.6848302397747159 0.6848200590051563 1.0180769559609e-05
99 0.384765625 0.3440398175782375 0.344034787029088 5.030549149520613e-06 0.344039985965829 0.344034787029088 5.198936741002136e-06 0.6880798035440665 0.688069574058176 1.022948589046724e-05
100 0.388671875 0.3456127879274418 0.3456077341821307 5.053745311123237e-06 0.3456129571064554 0.3456077341821307 5.222924324699285e-06 0.6912257450338972 0.6912154683642614 1.027666963582252e-05
101 0.392578125 0.3471337102529791 0.3471286340816507 5.076171328388668e-06 0.3471338802078364 0.3471286340816507 5.246126185631805e-06 0.6942675904608155 0.6942572681633015 1.032229751407598e-05
102 0.396484375 0.3486023555130131 0.3485972576857175 5.097827295630353e-06 0.3486025262141141 0.3485972576857175 5.268528396606964e-06 0.6972048817271272 0.697194515371435 1.036635569229283e-05
103 0.400390625 0.3500185025315896 0.3500133838250183 5.118706571272114e-06 0.3500186739627218 0.3500133838250183 5.290137703561903e-06 0.7000371764943114 0.7000267676500366 1.040884427483402e-05
104 0.404296875 0.3513819380398484 0.3513767992361654 5.138803682969151e-06 0.3513821101939877 0.3513767992361654 5.310957822302065e-06 0.7027640482338362 0.7027535984723309 1.044976150532673e-05
105 0.408203125 0.352692456734896 0.3526872985938131 5.158141082872714e-06 0.3526926295029748 0.3526872985938131 5.330909161660458e-06 0.7053850862378708 0.7053745971876263 1.048905024447766e-05
106 0.412109375 0.3539498612257824 0.3539446845415783 5.176684204077908e-06 0.3539500346252451 0.3539446845415783 5.350083666755268e-06 0.7078998958510275 0.7078893690831567 1.052676787083318e-05
107 0.416015625 0.3551539621603136 0.3551487677217626 5.19443855107049e-06 0.3551541361753054 0.3551487677217626 5.368453542875518e-06 0.7103080983356191 0.7102975354435251 1.056289209400152e-05
108 0.419921875 0.3563045782089288 0.3562993668038676 5.21140506121176e-06 0.3563047528090422 0.3562993668038676 5.386005174634612e-06 0.7126093310179711 0.7125987336077352 1.059741023590188e-05
109 0.423828125 0.35740153608961 0.3573963085119041 5.227577705879671e-06 0.3574017112582274 0.3573963085119041 5.402746323268648e-06 0.7148032473478374 0.7147926170238083 1.063032402914832e-05
110 0.427734375 0.3584446706021188 0.3584394276504857 5.24295163312205e-06 0.3584448463321935 0.3584394276504857 5.418681707780593e-06 0.7168895169343124 0.7168788553009714 1.066163334095815e-05
111 0.431640625 0.3594338246802736 0.3594285671297069 5.257550566628577e-06 0.3594340008605006 0.3594285671297069 5.433730793646951e-06 0.7188678255407741 0.7188571342594139 1.069128136022002e-05
112 0.435546875 0.3603688493287799 0.3603635779888006 5.271339979295853e-06 0.3603690259770924 0.3603635779888006 5.44798829182902e-06 0.7207378753058723 0.7207271559776012 1.071932827112487e-05
113 0.439453125 0.3612496037448862 0.3612443194185705 5.284326315635468e-06 0.3612497808450469 0.3612443194185705 5.461426476338627e-06 0.722499384589933 0.7224886388371411 1.074575279191858e-05
114 0.443359375 0.3620759552938581 0.3620706587825971 5.296511260965975e-06 0.3620761328149906 0.3620706587825971 5.474032393537609e-06 0.7241520881088487 0.7241413175651942 1.077054365450358e-05
115 0.447265625 0.3628477795266693 0.3628424716372116 5.307889457739634e-06 0.36284795745191 0.3628424716372116 5.485814698447111e-06 0.7256957369785793 0.7256849432744231 1.079370415613123e-05
116 0.451171875 0.3635649602070299 0.3635596417502369 5.318456793024229e-06 0.3635651385290465 0.3635596417502369 5.496778809621627e-06 0.7271300987360765 0.7271192835004738 1.081523560264586e-05
117 0.455078125 0.3642273893564854 0.3642220611184922 5.328237993207363e-06 0.3642275679626025 0.3642220611184922 5.506844110270137e-06 0.7284549573190879 0.7284441222369844 1.083508210353301e-05
118 0.458984375 0.3648349671829404 0.364829629984057 5.337198883348382e-06 0.3648351460912402 0.364829629984057 5.516107183189956e-06 0.7296701132741806 0.7296592599681141 1.085330606653834e-05
119 0.462890625 0.3653876021959765 0.3653822568492952 5.345346681395746e-06 0.3653877813902194 0.3653822568492952 5.524540924284338e-06 0.730775383586196 0.7307645136985903 1.086988760568008e-05
120 0.466796875 0.3658852111745475 0.3658798584906333 5.352683914161549e-06 0.365885390623428 0.3658798584906333 5.532132794694444e-06 0.7317706017979755 0.7317597169812666 1.088481670885599e-05
121 0.470703125 0.3663277191770126 0.3663223599710947 5.359205917931931e-06 0.3663278988634137 0.3663223599710947 5.538892319023603e-06 0.7326556180404263 0.7326447199421894 1.089809823695553e-05
122 0.474609375 0.366715059560864 0.3667096946515839 5.364909280047847e-06 0.3667152394773537 0.3667096946515839 5.544825769754347e-06 0.7334302990382177 0.7334193893031679 1.090973504980219e-05
123 0.478515625 0.3670471740205812 0.3670418042009229 5.369819658318509e-06 0.3670473540536162 0.3670418042009229 5.54985269329844e-06 0.7340945280741975 0.7340836084018458 1.091967235167246e-05
124 0.482421875 0.3673240125080015 0.3673186386046352 5.373903366301391e-06 0.367324192675809 0.3673186386046352 5.554071173863306e-06 0.7346482051838105 0.7346372772092703 1.09279745401647e-05
125 0.486328125 0.3675455333409019 0.3675401561724776 5.377168424303136e-06 0.3675457136271433 0.3675401561724776 5.557454665683359e-06 0.7350912469680452 0.7350803123449552 1.093462308998649e-05
126 0.490234375 0.3677117031628641 0.3677063235447194 5.379618144674136e-06 0.3677118835359617 0.3677063235447194 5.559991242243267e-06 0.7354235866988258 0.7354126470894389 1.09396093869174e-05
127 0.494140625 0.3678224969457272 0.3678171156971656 5.381248561586727e-06 0.3678226773884776 0.3678171156971656 5.561691312050421e-06 0.7356451743342047 0.7356342313943312 1.094293987358164e-05
128 0.498046875 0.3678778980018701 0.3678725159449254 5.382056944669422e-06 0.3678780785069972 0.3678725159449254 5.562562071736998e-06 0.7357559765088673 0.7357450318898509 1.094461901640642e-05
129 0.501953125 0.3678778980148152 0.3678725159449254 5.382069889758867e-06 0.367878078468162 0.3678725159449254 5.562523236579686e-06 0.7357559764829772 0.7357450318898509 1.094459312633855e-05
130 0.505859375 0.3678224969514312 0.3678171156971656 5.381254265635071e-06 0.3678226773713663 0.3678171156971656 5.561674200682543e-06 0.7356451743227974 0.7356342313943312 1.09429284662621e-05
131 0.509765625 0.3677117031635811 0.3677063235447194 5.379618861656166e-06 0.3677118835338122 0.3677063235447194 5.559989092795981e-06 0.7354235866973933 0.7354126470894389 1.093960795439664e-05
132 0.513671875 0.3675455333402018 0.3675401561724776 5.377167724196497e-06 0.3675457136292452 0.3675401561724776 5.5574567676131e-06 0.7350912469694471 0.7350803123449552 1.093462449186511e-05
133 0.517578125 0.3673240125023313 0.3673186386046352 5.37389769617036e-06 0.3673241926928216 0.3673186386046352 5.554088186421335e-06 0.7346482051951528 0.7346372772092703 1.092798588253618e-05
134 0.521484375 0.3670471740076815 0.3670418042009229 5.369806758581674e-06 0.367047354092318 0.3670418042009229 5.549891395117967e-06 0.7340945280999995 0.7340836084018458 1.091969815369964e-05
135 0.525390625 0.366715059573739 0.366709694651584 5.364922155026708e-06 0.3667152394387296 0.366709694651584 5.54478714559492e-06 0.7334302990124686 0.733419389303168 1.090970930062163e-05
136 0.529296875 0.3663277191826882 0.3663223599710947 5.359211593503055e-06 0.3663278988463896 0.3663223599710947 5.538875294863743e-06 0.7326556180290777 0.7326447199421894 1.08980868883668e-05
137 0.533203125 0.365885211175262 0.3658798584906333 5.352684628701088e-06 0.3658853906212866 0.3658798584906333 5.532130653240763e-06 0.7317706017965486 0.7317597169812666 1.088481528199736e-05
138 0.537109375 0.3653876021952668 0.3653822568492952 5.345345971630167e-06 0.3653877813923524 0.3653822568492952 5.524543057244813e-06 0.7307753835876192 0.7307645136985903 1.086988902887498e-05
139 0.541015625 0.3648349671772822 0.364829629984057 5.337193225152248e-06 0.3648351461082182 0.364829629984057 5.516124161109026e-06 0.7296701132855004 0.7296592599681141 1.085331738626127e-05
140 0.544921875 0.3642273893436859 0.3642220611184922 5.328225193723668e-06 0.3642275680010053 0.3642220611184922 5.506882513106603e-06 0.7284549573446912 0.7284441222369844 1.083510770683027e-05
141 0.548828125 0.3635649602197999 0.3635596417502369 5.318469563031503e-06 0.3635651384907405 0.3635596417502369 5.496740503541098e-06 0.7271300987105405 0.7271192835004738 1.081521006662811e-05
142 0.552734375 0.3628477795322612 0.3628424716372116 5.307895049655453e-06 0.3628479574351393 0.3628424716372116 5.485797927695657e-06 0.7256957369674004 0.7256849432744231 1.07936929772956e-05
143 0.556640625 0.3620759552945617 0.3620706587825971 5.296511964625328e-06 0.3620761328128836 0.3620706587825971 5.474030286500842e-06 0.7241520881074452 0.7241413175651942 1.077054225107066e-05
144 0.560546875 0.3612496037441862 0.3612443194185705 5.284325615639851e-06 0.3612497808471515 0.3612443194185705 5.461428580988414e-06 0.7224993845913377 0.7224886388371411 1.074575419657275e-05
145 0.564453125 0.3603688493232206 0.3603635779888006 5.271334419965079e-06 0.3603690259937725 0.3603635779888006 5.448004971875253e-06 0.7207378753169931 0.7207271559776012 1.071933939189584e-05
146 0.568359375 0.3594338246676227 0.3594285671297069 5.257537915748234e-06 0.3594340008984565 0.3594285671297069 5.433768749507628e-06 0.7188678255660792 0.7188571342594139 1.069130666531137e-05
147 0.572265625 0.358444670614722 0.3584394276504857 5.242964236318315e-06 0.3584448462943849 0.3584394276504857 5.418643899246511e-06 0.716889516909107 0.7168788553009714 1.066160813556483e-05
148 0.576171875 0.3574015360951325 0.3573963085119041 5.227583228406552e-06 0.3574017112416625 0.3573963085119041 5.402729758408054e-06 0.7148032473367951 0.7147926170238083 1.063031298687012e-05
149 0.580078125 0.3563045782096217 0.3562993668038676 5.211405754046439e-06 0.3563047528069649 0.3562993668038676 5.38600309729631e-06 0.7126093310165866 0.7125987336077353 1.059740885134275e-05
150 0.583984375 0.3551539621596197 0.3551487677217626 5.194437857125589e-06 0.3551541361773892 0.3551487677217626 5.368455626653112e-06 0.7103080983370089 0.7102975354435251 1.05628934837787e-05
151 0.587890625 0.3539498612203242 0.3539446845415783 5.176678745832941e-06 0.3539500346416217 0.3539446845415783 5.350100043377548e-06 0.7078998958619459 0.7078893690831567 1.052677878921049e-05
152 0.591796875 0.3526924567225168 0.3526872985938131 5.158128703663944e-06 0.3526926295401156 0.3526872985938131 5.330946302450901e-06 0.7053850862626324 0.7053745971876263 1.048907500611485e-05
153 0.595703125 0.3513819380522325 0.3513767992361654 5.138816067062901e-06 0.3513821101568373 0.3513767992361654 5.310920671908193e-06 0.7027640482090698 0.7027535984723309 1.044973673891558e-05
154 0.599609375 0.3500185025370028 0.3500133838250183 5.118711984553048e-06 0.3500186739464847 0.3500133838250183 5.290121466383635e-06 0.7000371764834875 0.7000267676500366 1.040883345093668e-05
155 0.603515625 0.3486023555136543 0.3485972576857175 5.097827936784149e-06 0.3486025262121917 0.3485972576857175 5.268526474200286e-06 0.697204881725846 0.6971945153714351 1.036635441098444e-05
156 0.607421875 0.3471337102522771 0.3471286340816507 5.076170626394649e-06 0.3471338802099437 0.3471286340816507 5.246128292946128e-06 0.6942675904622209 0.6942572681633015 1.032229891939629e-05
157 0.611328125 0.3456127879220958 0.3456077341821307 5.053739965121817e-06 0.3456129571224945 0.3456077341821307 5.222940363758255e-06 0.6912257450445902 0.6912154683642614 1.027668032882456e-05
158 0.615234375 0.3440398175661345 0.344034787029088 5.030537046479822e-06 0.3440399860021405 0.344034787029088 5.19897305245598e-06 0.6880798035682749 0.688069574058176 1.022951009888029e-05
159 0.619140625 0.342415036092861 0.3424100295025782 5.006590282852219e-06 0.3424152036578088 0.3424100295025782 5.174155230602828e-06 0.6848302397506698 0.6848200590051563 1.018074551351056e-05
160 0.623046875 0.3407386881574547 0.3407337062851083 4.981872346376814e-06 0.3407388548685701 0.3407337062851083 5.148583461844769e-06 0.6814775430260248 0.6814674125702166 1.013045580822158e-05
161 0.626953125 0.3390110262198747 0.3390060698247889 4.956395085742304e-06 0.3390111920620286 0.3390060698247889 5.122237239640892e-06 0.6780222182819032 0.6780121396495778 1.00786323253832e-05
162 0.630859375 0.3372323104632093 0.3372273802973163 4.930165893035632e-06 0.3372324754072021 0.3372273802973163 5.09510988577766e-06 0.6744647858704114 0.6744547605946326 1.002527577875778e-05
163 0.634765625 0.3354028087522115 0.3353979055667907 4.903185420790379e-06 0.3354029727821903 0.3353979055667907 5.067215399667813e-06 0.6708057815344017 0.6707958111335813 9.970400820402681e-06
164 0.638671875 0.333522796600985 0.3335179211453771 4.875455607900037e-06 0.3335229597097587 0.3335179211453771 5.038564381609767e-06 0.6670457563107437 0.6670358422907542 9.914019989509804e-06
165 0.642578125 0.3315925571565161 0.3315877101518144 4.847004701713509e-06 0.3315927192407674 0.3315877101518144 5.009088953011887e-06 0.6631852763972836 0.6631754203036289 9.856093654780906e-06
166 0.646484375 0.3296123810757789 0.3296075632687783 4.817807000623286e-06 0.3296125421523159 0.3296075632687783 4.97888353756526e-06 0.6592249232280949 0.6592151265375567 9.796690538244057e-06
167 0.650390625 0.3275825665739776 0.3275777786991059 4.787874871681197e-06 0.3275827266279048 0.3275777786991059 4.947928798959556e-06 0.6551652932018823 0.6551555573982117 9.735803670585241e-06
168 0.654296875 0.3255034193370593 0.3254986621208871 4.757216172268652e-06 0.3255035783402632 0.3254986621208871 4.916219376149833e-06 0.6510069976773225 0.6509973242417741 9.673435548362974e-06
169 0.658203125 0.3233752524738019 0.323370526641431 4.725832370877647e-06 0.323375410410947 0.323370526641431 4.883769516017544e-06 0.6467506628847489 0.646741053282862 9.609601886895192e-06
170 0.662109375 0.3211983864762746 0.3211936927501131 4.693726161519862e-06 0.3211985433403424 0.3211936927501131 4.850590229310558e-06 0.642396929816617 0.6423873855002262 9.54431639077491e-06
171 0.666015625 0.3189731491956603 0.3189684882701103 4.660925550070694e-06 0.3189733048871382 0.3189684882701103 4.816617027891823e-06 0.6379464540827985 0.6379369765402205 9.477542577962517e-06
172 0.669921875 0.3166998757156461 0.3166952483090321 4.627406613944007e-06 0.3167000302506783 0.3166952483090321 4.781941646214705e-06 0.6333999059663245 0.6333904966180642 9.409348260214223e-06
173 0.673828125 0.314378908390501 0.3143743152084555 4.593182045542488e-06 0.3143790617548547 0.3143743152084555 4.746546399203577e-06 0.6287579701453557 0.628748630416911 9.339728444746065e-06
174 0.677734375 0.3120105967526344 0.312006038492368 4.558260266462888e-06 0.3120107489192138 0.312006038492368 4.710426845799809e-06 0.6240213456718482 0.6240120769847359 9.268687112262697e-06
175 0.681640625 0.3095952974580647 0.309590774814532 4.522643532733905e-06 0.3095954484119962 0.309590774814532 4.673597464199819e-06 0.6191907458700608 0.6191815496290639 9.196240996933724e-06
176 0.685546875 0.3071333742399943 0.3071288879047732 4.486335221043358e-06 0.3071335239745692 0.3071288879047732 4.636069796004616e-06 0.6142668982145635 0.6142577758095464 9.122405017047974e-06
177 0.689453125 0.30462519787714 0.3046207485142049 4.449362935088352e-06 0.3046253462973192 0.3046207485142049 4.597783114346221e-06 0.6092505441744592 0.6092414970284098 9.047146049434573e-06
178 0.693359375 0.3020711460640971 0.3020667343593935 4.411704703666253e-06 0.30207129318523 0.3020667343593935 4.558825836498137e-06 0.6041424392493271 0.6041334687187869 8.97053054016439e-06
179 0.697265625 0.2994716034389711 0.2994672300654763 4.373373494737098e-06 0.2994717492474488 0.2994672300654763 4.519181972473252e-06 0.5989433526864198 0.5989344601309526 8.89255546721035e-06
180 0.701171875 0.2968269614864399 0.2968226271082383 4.334378201631406e-06 0.2968271059564025 0.2968226271082383 4.478848164235494e-06 0.5936540674428425 0.5936452542164766 8.813226365922411e-06
181 0.705078125 0.2941376184769842 0.2941333237551573 4.294721826947345e-06 0.2941377615942861 0.2941333237551573 4.437839128845766e-06 0.5882753800712703 0.5882666475103145 8.732560955793112e-06
182 0.708984375 0.2914039794139328 0.291399725005426 4.254408506820795e-06 0.2914041211720146 0.291399725005426 4.396166588649386e-06 0.5828081005859475 0.582799450010852 8.650575095470181e-06
183 0.712890625 0.2886264559942563 0.2886222425289614 4.213465294944374e-06 0.2886265963028661 0.2886222425289614 4.353773904675062e-06 0.5772530522971224 0.5772444850579228 8.567239199619436e-06
184 0.716796875 0.2858054664765796 0.285801294604408 4.171872171554458e-06 0.285805605350464 0.285801294604408 4.310746056002124e-06 0.5716110718270435 0.571602589208816 8.482618227501071e-06
185 0.720703125 0.2829414356985665 0.2829373060561469 4.129642419581359e-06 0.2829415731246506 0.2829373060561469 4.26706850364944e-06 0.5658830088232171 0.5658746121122938 8.396710923230799e-06
186 0.724609375 0.280034794975622 0.2800307081903191 4.086785302892526e-06 0.2800349309294672 0.2800307081903191 4.22273914807425e-06 0.5600697259050892 0.5600614163806382 8.309524450966776e-06
187 0.728515625 0.2770859820344616 0.2770819387298716 4.043304589917973e-06 0.2770861165026337 0.2770819387298716 4.177772762015142e-06 0.5541720985370953 0.5541638774597433 8.221077351988626e-06
188 0.732421875 0.2740954409537207 0.2740914417486389 3.99920508181717e-06 0.274095573930038 0.2740914417486389 4.13218139905247e-06 0.5481910148837588 0.5481828834972778 8.131386480925151e-06
189 0.736328125 0.2710636221176619 0.2710596676044664 3.95451319551432e-06 0.2710637535171017 0.2710596676044664 4.085912635287681e-06 0.5421273756347637 0.5421193352089329 8.040425830802e-06
190 0.740234375 0.267990982082391 0.2679870728713885 3.909211002461888e-06 0.267991111918847 0.2679870728713885 4.039047458492817e-06 0.535982094001238 0.535974145742777 7.948258460954705e-06
191 0.744140625 0.2648779835827995 0.2648741202708701 3.863311929419577e-06 0.2648781118440252 0.2648741202708701 3.991573155059935e-06 0.5297560954268247 0.5297482405417402 7.854885084479513e-06
192 0.748046875 0.2617250954277738 0.2617212786021225 3.816825651370426e-06 0.2617252220907499 0.2617212786021225 3.943488627422553e-06 0.5234503175185237 0.5234425572042449 7.760314278737468e-06
193 0.751953125 0.2585327924281352 0.2585290226715037 3.769756631466503e-06 0.2585329174802748 0.2585290226715037 3.894808771054414e-06 0.5170657099084099 0.5170580453430075 7.664565402465406e-06
194 0.755859375 0.2553015553313521 0.2552978332210153 3.72211033677905e-06 0.2553016787668416 0.2552978332210153 3.845545826219876e-06 0.5106032340981936 0.5105956664420307 7.567656162943415e-06
195 0.759765625 0.2520318707682873 0.2520281968559031 3.673912384205558e-06 0.252031992507834 0.2520281968559031 3.795651930926791e-06 0.5040638632761212 0.5040563937118061 7.469564315076838e-06
196 0.763671875 0.2487242311184304 0.2487206059713768 3.62514705354311e-06 0.2487243511749577 0.2487206059713768 3.745203580901579e-06 0.4974485822933881 0.4974412119427536 7.370350634416933e-06
197 0.767578125 0.2453791345063152 0.2453755586784576 3.575827857510427e-06 0.2453792528683685 0.2453755586784576 3.694189910835588e-06 0.4907583873746836 0.4907511173569153 7.270017768346015e-06
198 0.771484375 0.2419970846937254 0.2419935587289637 3.525964761663669e-06 0.2419972013399991 0.2419935587289637 3.642611035442611e-06 0.4839942860337245 0.4839871174579274 7.168575797134036e-06
199 0.775390625 0.2385785910026151 0.2385751154396474 3.475562967730772e-06 0.2385787059213383 0.2385751154396474 3.590481690851632e-06 0.4771572969239534 0.4771502308792948 7.066044658554649e-06
200 0.779296875 0.2351241682440798 0.2351207436154942 3.424628585629863e-06 0.2351242814297114 0.2351207436154942 3.537814217219326e-06 0.4702484496737912 0.4702414872309884 6.962442802849189e-06
201 0.783203125 0.23163433665842 0.2316309634721945 3.373186225508196e-06 0.2316344480379696 0.2316309634721945 3.484565775091486e-06 0.4632687846963897 0.4632619269443891 6.857752000599682e-06
202 0.787109375 0.2281096217802954 0.2281063005578016 3.321222493801734e-06 0.2281097313656561 0.2281063005578016 3.430807854504225e-06 0.4562193531459515 0.4562126011156032 6.752030348333715e-06
203 0.791015625 0.2245505544245061 0.2245472856735856 3.268750920493169e-06 0.2245506622050726 0.2245472856735856 3.376531487075951e-06 0.4491012166295787 0.4490945713471711 6.64528240756912e-06
204 0.794921875 0.2209576705758381 0.2209544547940968 3.21578174131143e-06 0.2209577765319942 0.2209544547940968 3.321737897438171e-06 0.4419154471078323 0.4419089095881936 6.5375196387496e-06
205 0.798828125 0.2173315113072509 0.2173283489864505 3.162320800415008e-06 0.2173316154282343 0.2173283489864505 3.266441783805751e-06 0.4346631267354852 0.434656697972901 6.42876258422076e-06
206 0.802734375 0.2136726227036809 0.2136695143288434 3.108374837496042e-06 0.2136727249843042 0.2136695143288434 3.210655460827994e-06 0.427345347687985 0.4273390286576867 6.31903029829628e-06
207 0.806640625 0.2099815557956722 0.2099785018283165 3.053967355642895e-06 0.2099816561695601 0.2099785018283165 3.154341243538639e-06 0.4199632119652322 0.4199570036566331 6.208308599153778e-06
208 0.810546875 0.2062588664251325 0.2062558673377761 2.999087356431174e-06 0.206258964903019 0.2062558673377761 3.097565242943245e-06 0.4125178313281515 0.4125117346755521 6.096652599374419e-06
209 0.814453125 0.2025051152205575 0.2025021714722831 2.943748274336633e-06 0.2025052117928371 0.2025021714722831 3.040320553954201e-06 0.4050103270133946 0.4050043429445663 5.984068828290834e-06
210 0.818359375 0.1987208674852017 0.198717979524628 2.887960573710879e-06 0.1987209621340879 0.198717979524628 2.982609459856178e-06 0.3974418296192896 0.397435959049256 5.870570033594813e-06
211 0.822265625 0.1949066931109366 0.1949038613801987 2.83173073792331e-06 0.1949067858266576 0.1949038613801987 2.924446458912877e-06 0.3898134789375943 0.3898077227603974 5.756177196836187e-06
212 0.826171875 0.1910631664972478 0.1910603914311583 2.775066089560907e-06 0.1910632572749636 0.1910603914311583 2.865843805377466e-06 0.3821264237722115 0.3821207828623165 5.640909894966128e-06
213 0.830078125 0.1871908664788284 0.1871881484899437 2.717988884765044e-06 0.1871909552591539 0.1871881484899437 2.80676921018963e-06 0.3743818217379823 0.3743762969798873 5.524758094954674e-06
214 0.833984375 0.1832903761926761 0.1832877157020984 2.660490577677255e-06 0.1832904629851519 0.1832877157020984 2.747283053494698e-06 0.366580839177828 0.3665754314041968 5.407773631171953e-06
215 0.837890625 0.1793622830429026 0.1793596804584538 2.602584448840872e-06 0.1793623678389386 0.1793596804584538 2.687380484783786e-06 0.3587246508818412 0.3587193609169076 5.289964933652413e-06
216 0.841796875 0.1754071785877867 0.1754046343066689 2.544281117788927e-06 0.1754072613715558 0.1754046343066689 2.627064886906449e-06 0.3508144399593425 0.3508092686133378 5.171346004695376e-06
217 0.845703125 0.1714256584498401 0.1714231728621464 2.485587693723534e-06 0.1714257392125611 0.1714231728621464 2.566350414706653e-06 0.3428513976624011 0.3428463457242927 5.051938108402432e-06
218 0.849609375 0.1674183222303526 0.1674158957183348 2.426512017844606e-06 0.1674184009676008 0.1674158957183348 2.505249266010479e-06 0.3348367231979534 0.3348317914366696 4.931761283855085e-06
219 0.853515625 0.163385773431431 0.1633834063564321 2.367074998899099e-06 0.1633858500910968 0.1633834063564321 2.44373466476433e-06 0.3267716235225278 0.3267668127128641 4.810809663635673e-06
220 0.857421875 0.1593286193250583 0.1593263120545035 2.307270554807728e-06 0.1593286939155396 0.1593263120545035 2.381861036127031e-06 0.3186573132405979 0.3186526241090069 4.689131590962514e-06
221 0.861328125 0.1552474709078189 0.1552452237960277 2.247111791170431e-06 0.1552475434214881 0.1552452237960277 2.319625460406316e-06 0.310495014329307 0.3104904475920554 4.566737251576747e-06
222 0.865234375 0.151142942787291 0.1511407561778851 2.186609405985251e-06 0.1511430132103437 0.1511407561778851 2.257032458652386e-06 0.3022859559976347 0.3022815123557701 4.443641864637637e-06
223 0.869140625 0.1470156530888938 0.1470135273178014 2.125771092376105e-06 0.1470157214135754 0.1470135273178014 2.19409577395524e-06 0.2940313745024692 0.2940270546356029 4.319866866331346e-06
224 0.873046875 0.1428662233664182 0.142864158761262 2.064605156254506e-06 0.1428662895887794 0.142864158761262 2.130827517432543e-06 0.2857325129551976 0.285728317522524 4.195432673659294e-06
225 0.876953125 0.1386952785189654 0.1386932753879086 2.003131056749208e-06 0.1386953425944462 0.1386932753879086 2.06720653761483e-06 0.2773906211134116 0.2773865507758173 4.070337594364037e-06
226 0.880859375 0.1345034466626713 0.134501505317436 1.941345235345615e-06 0.1345035085983647 0.134501505317436 2.00328092878066e-06 0.269006955261036 0.2690030106348719 3.944626164098519e-06
227 0.884765625 0.1302913590754873 0.1302894798149979 1.879260489390244e-06 0.1302914188649037 0.1302894798149979 1.939049905752555e-06 0.260582777940391 0.2605789596299958 3.818310395142799e-06
228 0.888671875 0.1260596500837201 0.1260578331961421 1.816887578054427e-06 0.1260597077151216 0.1260578331961421 1.874518979511075e-06 0.2521193577988418 0.2521156663922842 3.691406557593258e-06
229 0.892578125 0.121808956965998 0.1218072027312841 1.75423471394931e-06 0.1218090124327599 0.1218072027312841 1.809701475841141e-06 0.243617969398758 0.2436144054625682 3.563936189804329e-06
230 0.896484375 0.1175399198603912 0.1175382285497368 1.691310654319822e-06 0.1175399731589963 0.1175382285497368 1.744609259432539e-06 0.2350798930193874 0.2350764570994737 3.435919913752361e-06
231 0.900390625 0.113253181676593 0.1132515535433096 1.628133283429478e-06 0.113253232770285 0.1132515535433096 1.679226975428993e-06 0.226506414446878 0.2265031070866192 3.307360258858472e-06
232 0.904296875 0.1089493879710637 0.1089478232694907 1.564701573059102e-06 0.1089494368656573 0.1089478232694907 1.613596166669118e-06 0.2178988248367211 0.2178956465389814 3.178297739714342e-06
233 0.908203125 0.104629186882224 0.104627685854229 1.501027995010062e-06 0.1046292335722577 0.104627685854229 1.547718028724332e-06 0.2092584204544817 0.209255371708458 3.048746023720517e-06
234 0.912109375 0.1002932290175936 0.1002917918943285 1.437123265085605e-06 0.1002932734935012 0.1002917918943285 1.481599172750703e-06 0.2005865025110948 0.200583583788657 2.91872243782243e-06
235 0.916015625 0.09594216735555736 0.09594079435947092 1.372996086435041e-06 0.09594220961185884 0.09594079435947092 1.415252387920729e-06 0.1918843769674162 0.1918815887189418 2.78824847435577e-06
236 0.919921875 0.09157665714947996 0.09157534849388063 1.308655599330244e-06 0.09157669718317078 0.09157534849388063 1.348689290150973e-06 0.1831533543326507 0.1831506969877613 2.657344889467339e-06
237 0.923828125 0.08719735583569123 0.08719611171764792 1.244118043308706e-06 0.08719739361797134 0.08719611171764792 1.281900323418794e-06 0.1743947494536626 0.1743922234352958 2.5260183667275e-06
238 0.927734375 0.08280492291264757 0.08280374352772304 1.179384924526738e-06 0.08280495844798158 0.08280374352772304 1.214920258535424e-06 0.1656098813606292 0.1656074870554461 2.394305183062162e-06
239 0.931640625 0.07840001986688404 0.07839890539859901 1.114468285032255e-06 0.07840005315097423 0.07839890539859901 1.147752375224576e-06 0.1568000730178583 0.156797810797198 2.262220660242953e-06
240 0.935546875 0.07398331006147665 0.07398226068269578 1.049378780870747e-06 0.07398334108691906 0.07398226068269578 1.080404223280373e-06 0.1479666511483957 0.1479645213653916 2.12978300415112e-06
241 0.939453125 0.06955545863600432 0.06955447451046187 9.841255424469786e-07 0.06955548739849682 0.06955447451046187 1.012888034945814e-06 0.1391109460345011 0.1391089490209237 1.997013577392792e-06
242 0.943359375 0.06511713240827091 0.06511621369020816 9.187180627506786e-07 0.06511715890526387 0.06511621369020816 9.452150557115457e-07 0.1302342913135348 0.1302324273804163 1.863933118462224e-06
243 0.947265625 0.06066899977850371 0.06066814660768895 8.53170814753279e-07 0.06066902398937289 0.06066814660768895 8.773816839377502e-07 0.1213380237678766 0.1213362932153779 1.730552498691029e-06
244 0.951171875 0.05621173061328816 0.05621094312544561 7.874878425462306e-07 0.05621175254113874 0.05621094312544561 8.094156931301444e-07 0.1124234831544269 0.1124218862508912 1.596903535683314e-06
245 0.955078125 0.05174599616264083 0.05174527448192768 7.216807131546488e-07 0.05174601580429752 0.05174527448192768 7.413223698377047e-07 0.1034920119669384 0.1034905489638554 1.463003082999292e-06
246 0.958984375 0.04727246895034645 0.04727181319040668 6.557599397730152e-07 0.04727248630064524 0.04727181319040668 6.731102385609811e-07 0.09454495525099169 0.09454362638081336 1.328870178327057e-06
247 0.962890625 0.04279182267273566 0.04279123293769876 5.897350368946896e-07 0.04279183772858646 0.04279123293769876 6.047908876968822e-07 0.08558366040132212 0.08558246587539753 1.194525924591572e-06
248 0.966796875 0.03830473209851223 0.03830420848270896 5.236158032786986e-07 0.03830474485782821 0.03830420848270896 5.363751192505317e-07 0.07660947695634043 0.07660841696541791 1.059990922522291e-06
249 0.970703125 0.03381187296968497 0.0338114155548156 4.574148693703428e-07 0.03381188342011199 0.0338114155548156 4.678652963871488e-07 0.06762375638979695 0.0676228311096312 9.252801657505527e-07
250 0.974609375 0.02931392189095252 0.02931353075210786 3.911388446672937e-07 0.02931393003400551 0.02931353075210786 3.992818976526757e-07 0.05862785192495804 0.05862706150421571 7.904207423234388e-07
251 0.978515625 0.02481155623808838 0.02481123143949248 3.247985958937383e-07 0.02481156207216769 0.02481123143949248 3.306326752036681e-07 0.04962311831025606 0.04962246287898497 6.554312710974064e-07
252 0.982421875 0.02030545405129633 0.0203051956466852 2.584046111323013e-07 0.02030545757324191 0.0203051956466852 2.619265567112283e-07 0.04061091162453824 0.0406103912933704 5.203311678400602e-07
253 0.986328125 0.01579629393281541 0.01579610196610191 1.919667135044656e-07 0.01579629514060008 0.01579610196610191 1.931744981649441e-07 0.03159258907341549 0.03159220393220382 3.851412116659403e-07
254 0.990234375 0.01128475494578245 0.01128462945066515 1.254951172979801e-07 0.01128475383697486 0.01128462945066515 1.243863097018932e-07 0.02256950878275731 0.02256925890133031 2.498814269981386e-07
255 0.994140625 0.006771516511202755 0.006771457511541256 5.899966149837399e-08 0.006771513084489664 0.006771457511541256 5.557294840800864e-08 0.01354302959569242 0.01354291502308251 1.145726099063826e-07
256 0.998046875 0.002257258306398625 0.002257265815823499 -7.509424874031084e-09 0.002257252560040039 0.002257265815823499 -1.325578346048073e-08 0.004514510866438663 0.004514531631646998 -2.07652083349455e-08
