# P x u_num u_exact u_err v_num v_exact v_err psi_num psi_exact psi_err
1 0.015625 0.01804684774063152 0.01805098861115287 -4.140870521352619e-06 0.01804412830501592 0.01805098861115287 -6.860306136946548e-06 0.03609097604564744 0.03610197722230574 -1.10011766582957e-05
2 0.046875 0.05400830657132973 0.05397912494545908 2.918162587065704e-05 0.05400718500562913 0.05397912494545908 2.806006017005286e-05 0.1080154915769589 0.1079582498909182 5.724168604070989e-05
3 0.078125 0.08944946841881574 0.08938741279854924 6.205562026649625e-05 0.08944990233666461 0.08938741279854924 6.248953811537061e-05 0.1788993707554803 0.1787748255970985 0.0001245451583818669
4 0.109375 0.1240290097972338 0.1239348510022591 9.415879497479129e-05 0.1240309449922877 0.1239348510022591 9.609399002864782e-05 0.2480599547895215 0.2478697020045181 0.0001902527850034252
5 0.140625 0.1574139054819444 0.157288728841136 0.000125176640808411 0.1574172762761712 0.157288728841136 0.0001285474350352644 0.3148311817581156 0.314577457682272 0.0002537240758436754
6 0.171875 0.1892826357297424 0.1891278302385073 0.000154805491235005 0.1892873654213754 0.1891278302385073 0.000159535182868098 0.3785700011511178 0.3782556604770147 0.0003143406741031307
7 0.203125 0.2193282826951173 0.2191455272428932 0.0001827554522240704 0.2193342841004398 0.2191455272428932 0.0001887568575465737 0.4386625667955572 0.4382910544857865 0.0003715123097706718
8 0.234375 0.2472614862207071 0.247052733022799 0.0002087531979081125 0.2472686623096695 0.247052733022799 0.0002159292868704754 0.4945301485303766 0.494105466045598 0.0004246824847786157
9 0.265625 0.2728132305385139 0.2725806859309337 0.0002325446075802096 0.2728214751535464 0.2725806859309337 0.0002407892226127251 0.5456347056920603 0.5451613718618673 0.0004733338301929901
10 0.296875 0.2957374350420555 0.2954835378257933 0.0002538972162622333 0.2957466336981652 0.2954835378257933 0.0002630958723719434 0.5914840687402207 0.5909670756515866 0.0005169930886341767
11 0.328125 0.3158133241800026 0.3155407217236581 0.0002726024563445284 0.3158233549391181 0.3155407217236581 0.0002826332154600153 0.6316366791191208 0.6310814434473162 0.0005552356718045992
12 0.359375 0.3328475536488124 0.3325590759792195 0.0002884776695928903 0.3328582880571158 0.3325590759792195 0.0002992120778962937 0.6657058417059283 0.665118151958439 0.0005876897474892395
13 0.390625 0.3466760724064235 0.3463747045378178 0.0003013678686056842 0.3466873764890019 0.3463747045378178 0.0003126719511841736 0.6933634488954254 0.6927494090756355 0.0006140398197899133
14 0.421875 0.3571657025745664 0.3568545553440427 0.0003111472305236673 0.357177437882144 0.3568545553440427 0.0003228825381012546 0.7143431404567103 0.7137091106880854 0.0006340297686249219
15 0.453125 0.3642154220172059 0.3638977017057613 0.0003177203114445581 0.3642274467078774 0.3638977017057613 0.000329745002116133 0.7284428687250832 0.7277954034115226 0.0006474653135606356
16 0.484375 0.367757337239436 0.3674363142733346 0.0003210229661013697 0.3677695071929977 0.3674363142733346 0.0003331929196630501 0.7355268444324337 0.7348726285466692 0.0006542158857644198
17 0.515625 0.3677573372394345 0.3674363142733346 0.0003210229660999264 0.3677695071930016 0.3674363142733346 0.0003331929196669359 0.7355268444324361 0.7348726285466692 0.0006542158857668623
18 0.546875 0.3642154220172418 0.3638977017057613 0.0003177203114804739 0.36422744670777 0.3638977017057613 0.0003297450020086634 0.7284428687250117 0.7277954034115226 0.0006474653134891373
19 0.578125 0.3571657025746532 0.3568545553440427 0.0003111472306105423 0.3571774378818854 0.3568545553440427 0.0003228825378427391 0.7143431404565387 0.7137091106880854 0.0006340297684532814
20 0.609375 0.3466760724063417 0.3463747045378178 0.0003013678685239718 0.3466873764892493 0.3463747045378178 0.0003126719514315313 0.6933634488955911 0.6927494090756355 0.0006140398199555586
21 0.640625 0.3328475536487798 0.3325590759792196 0.0002884776695601943 0.3328582880572172 0.3325590759792196 0.000299212077997657 0.665705841705997 0.6651181519584392 0.0005876897475578513
22 0.671875 0.3158133241800051 0.3155407217236581 0.0002726024563470264 0.3158233549391147 0.3155407217236581 0.0002826332154566291 0.6316366791191199 0.6310814434473162 0.000555235671803711
23 0.703125 0.2957374350420569 0.2954835378257933 0.0002538972162635655 0.2957466336981657 0.2954835378257933 0.000263095872372332 0.5914840687402225 0.5909670756515867 0.000516993088635842
24 0.734375 0.2728132305385432 0.2725806859309337 0.0002325446076095194 0.2728214751534641 0.2725806859309337 0.0002407892225304575 0.5456347056920072 0.5451613718618673 0.0004733338301399215
25 0.765625 0.2472614862207671 0.2470527330227991 0.0002087531979680646 0.2472686623094964 0.2470527330227991 0.0002159292866973084 0.4945301485302635 0.4941054660455981 0.000424682484665373
26 0.796875 0.2193282826951104 0.2191455272428933 0.0001827554522171038 0.2193342841004669 0.2191455272428933 0.0001887568575736354 0.4386625667955774 0.4382910544857866 0.0003715123097907669
27 0.828125 0.1892826357297262 0.1891278302385074 0.0001548054912188235 0.1892873654214297 0.1891278302385074 0.0001595351829222769 0.3785700011511559 0.3782556604770148 0.0003143406741411003
28 0.859375 0.1574139054819452 0.157288728841136 0.0001251766408092159 0.1574172762761742 0.157288728841136 0.000128547435038262 0.3148311817581194 0.3145774576822719 0.0002537240758475057
29 0.890625 0.1240290097972334 0.1239348510022591 9.415879497423618e-05 0.1240309449922933 0.1239348510022591 9.609399003417118e-05 0.2480599547895267 0.2478697020045183 0.0001902527850083935
30 0.921875 0.08944946841880472 0.08938741279854931 6.20556202554079e-05 0.08944990233670048 0.08938741279854931 6.248953815117531e-05 0.1788993707555052 0.1787748255970986 0.0001245451584065971
31 0.953125 0.05400830657130632 0.0539791249454591 2.918162584722439e-05 0.05400718500570083 0.0539791249454591 2.806006024173163e-05 0.1080154915770072 0.1079582498909182 5.724168608896296e-05
32 0.984375 0.0180468477406224 0.01805098861115285 -4.14087053044257e-06 0.01804412830504378 0.01805098861115285 -6.860306109062603e-06 0.03609097604566619 0.0361019772223057 -1.100117663950517e-05
