# P x u_num u_exact u_err v_num v_exact v_err psi_num psi_exact psi_err
1 0.00390625 0.004514385890545422 0.004514446646864605 -6.075631918314034e-08 0.004514340419002027 0.004514446646864605 -1.062278625783494e-07 0.009028726309547449 0.009028893293729211 -1.669841817614898e-07
2 0.01171875 0.01354109045897453 0.01354062060673978 4.698522347492545e-07 0.01354106451510323 0.01354062060673978 4.439083634479729e-07 0.02708215497407776 0.02708124121347956 9.137605981972274e-07
3 0.01953125 0.02255963822388547 0.02255863820307787 1.0000208075997e-06 0.02255963176753765 0.02255863820307787 9.935644597787452e-07 0.04511926999142311 0.04511727640615574 1.993585267374975e-06
4 0.02734375 0.03156459674767365 0.03156306731928424 1.529428389414333e-06 0.03156460972826836 0.03156306731928424 1.542408984117616e-06 0.063129206475942 0.06312613463856848 3.07183737352501e-06
5 0.03515625 0.04055054177879906 0.04054848402395658 2.057754842486881e-06 0.04055057413378022 0.04054848402395658 2.090109823639497e-06 0.08110111591257928 0.08109696804791315 4.147864666126377e-06
6 0.04296875 0.04951206051804719 0.04950947583805835 2.584679988835992e-06 0.0495121121757694 0.04950947583805835 2.636337711053871e-06 0.09902417269381658 0.0990189516761167 5.221017699882924e-06
7 0.05078125 0.05844375488067737 0.05844064499519384 3.109885483534858e-06 0.0584438257565759 0.05844064499519384 3.180761382066966e-06 0.1168875806372533 0.1168812899903877 6.290646865594884e-06
8 0.05859375 0.06734024474635023 0.06733661169302067 3.633053329551994e-06 0.0673403347458275 0.06733661169302067 3.7230528068255e-06 0.1346805794921777 0.1346732233860413 7.356106136363616e-06
9 0.06640625 0.0761961712004191 0.07619201733384173 4.153866577372156e-06 0.07619628021970279 0.07619201733384173 4.262885861056054e-06 0.1523924514201219 0.1523840346676835 8.41675243842821e-06
10 0.07421875 0.08500619976256373 0.08500152775242389 4.672010139830651e-06 0.08500632768707611 0.08500152775242389 4.799934652216509e-06 0.1700125274496398 0.1700030555048478 9.471944792061038e-06
11 0.08203125 0.09376502360084767 0.09375983642909987 5.187171747800257e-06 0.09376517030051973 0.09375983642909987 5.333871419863079e-06 0.1875301939013674 0.1875196728581997 1.052104316764946e-05
12 0.08984375 0.1024673667242124 0.102461667686217 5.699037995340883e-06 0.1024675320653758 0.102461667686217 5.86437915876814e-06 0.2049348987895881 0.204923335372434 1.156341715410902e-05
13 0.09765625 0.1111079871665648 0.1111017798660086 6.207300556226869e-06 0.1111081709997383 0.1111017798660086 6.39113372968847e-06 0.2222161581663031 0.2222035597320171 1.259843428591534e-05
14 0.10546875 0.1196816801395304 0.1196749684879719 6.711651558480303e-06 0.1196818823064602 0.1196749684879719 6.913818488288315e-06 0.2393635624459906 0.2393499369759438 1.362547004676862e-05
15 0.11328125 0.1281832811690951 0.1281760693838535 7.211785241628688e-06 0.1281835015039117 0.1281760693838535 7.432120058270542e-06 0.2563667826730068 0.2563521387677069 1.464390529992698e-05
16 0.12109375 0.136607669207555 0.1365999618083501 7.707399204887055e-06 0.13660790753368 0.1365999618083501 7.945725329971953e-06 0.273215576741235 0.2731999236167001 1.565312453483125e-05
17 0.12890625 0.1449497697192723 0.1449415715236549 8.198195617425963e-06 0.1449500258422192 0.1449415715236549 8.454318564360408e-06 0.2898997955614916 0.2898831430473098 1.665251418181413e-05
18 0.13671875 0.1532045577308584 0.1531958738559883 8.683874870102359e-06 0.1532048314571547 0.1531958738559883 8.957601166398321e-06 0.3064093891880131 0.3063917477119766 1.764147603650068e-05
19 0.14453125 0.1613670608675602 0.1613578967222736 9.164145286622016e-06 0.1613673519855466 0.1613578967222736 9.455263273006054e-06 0.3227344128531068 0.3227157934445472 1.861940855962807e-05
20 0.15234375 0.1694323623408688 0.1694227236251337 9.638715735033054e-06 0.1694326706317682 0.1694227236251337 9.947006634480893e-06 0.338865032972637 0.3388454472502675 1.95857223695417e-05
21 0.16015625 0.1773956039127022 0.1773854966144058 1.010729829642454e-05 0.1773959291517156 0.1773854966144058 1.043253730986793e-05 0.3547915330644179 0.3547709932288116 2.053983560629247e-05
22 0.16796875 0.1852519888232054 0.1852414192133883 1.056960981710153e-05 0.185252330775099 0.1852414192133883 1.091156171070806e-05 0.3705043195983043 0.3704828384267765 2.148117152778184e-05
23 0.17578125 0.1929967846813854 0.1929857593080594 1.102537332595133e-05 0.1929971430910977 0.1929857593080594 1.138378303830456e-05 0.3859939277724831 0.3859715186161188 2.240915636425589e-05
24 0.18359375 0.2006253263070302 0.2006138519975257 1.147430950451667e-05 0.2006257009250764 0.2006138519975257 1.18489275506839e-05 0.4012510272321066 0.4012277039950514 2.332323705517281e-05
25 0.19140625 0.2081330185536392 0.2081211024039837 1.191614965542764e-05 0.2081334091103124 0.2081211024039837 1.230670632862418e-05 0.4162664276639515 0.4162422048079675 2.422285598402407e-05
26 0.19921875 0.2155153390661979 0.215502988440503 1.235062569493461e-05 0.2155157452864619 0.215502988440503 1.27568459589722e-05 0.4310310843526599 0.4310059768810059 2.510747165390681e-05
27 0.20703125 0.2227678410087128 0.2227550635349614 1.277747375147409e-05 0.2227682626133475 0.2227550635349614 1.319907838617795e-05 0.4455361036220604 0.4455101270699227 2.597655213765204e-05
28 0.21484375 0.2298861557445721 0.2298729593084946 1.319643607747278e-05 0.229886592444307 0.2298729593084946 1.3633135812402e-05 0.459772748188879 0.4597459186169892 2.682957188987478e-05
29 0.22265625 0.2368659954693944 0.236852388206844 1.360726255042466e-05 0.2368664469536729 0.236852388206844 1.405874682897101e-05 0.4737324424230673 0.4737047764136879 2.766600937942343e-05
30 0.23046875 0.243703155783225 0.2436891460830188 1.400970020612458e-05 0.243703621751443 0.2436891460830188 1.44756684241909e-05 0.487406777534668 0.4873782921660377 2.848536863031548e-05
31 0.23828125 0.2503935182388295 0.2503791147297173 1.440350911224852e-05 0.2503939983686909 0.2503791147297173 1.488363897361733e-05 0.5007875166075204 0.5007582294594346 2.928714808581034e-05
32 0.24609375 0.2569330528100485 0.2569182643599808 1.478845006774865e-05 0.2569335467757098 0.2569182643599808 1.528241572906763e-05 0.5138665995857583 0.5138365287199615 3.007086579676077e-05
33 0.25390625 0.2633178203235523 0.2633026560345864 1.51642889659187e-05 0.2633183277968951 0.2633026560345864 1.567176230865552e-05 0.5266361481204473 0.5266053120691728 3.083605127451872e-05
34 0.26171875 0.2695439748337337 0.2695284440347173 1.553079901633891e-05 0.2695444954773106 0.2695284440347173 1.605144259325675e-05 0.5390884703110442 0.5390568880694346 3.158224160959566e-05
35 0.26953125 0.275607765940863 0.2755918781784794 1.588776238364842e-05 0.2756082993948492 0.2755918781784794 1.642121636979965e-05 0.5512160653357121 0.5511837563569587 3.230897875339256e-05
36 0.27734375 0.2815055410378127 0.2814893060798708 1.623495794189633e-05 0.2815060869564679 0.2814893060798708 1.678087659712224e-05 0.5630116279942805 0.5629786121597415 3.301583453896306e-05
37 0.28515625 0.2872337475285298 0.2872171753488427 1.657217968709102e-05 0.2872343055435456 0.2872171753488427 1.713019470284127e-05 0.5744680530720754 0.5744343506976854 3.370237438993229e-05
38 0.29296875 0.2927889349536377 0.2927720357311265 1.689922251124631e-05 0.2927895046948929 0.2927720357311265 1.746896376642049e-05 0.5855784396485306 0.585544071462253 3.43681862776668e-05
39 0.30078125 0.2981677570736726 0.2981505411865374 1.721588713521349e-05 0.2981683381707504 0.2981505411865374 1.779698421305875e-05 0.596336095244423 0.5963010823730748 3.501287134821673e-05
40 0.30859375 0.3033669738871345 0.3033494519045044 1.752198263010873e-05 0.3033675659612371 0.3033494519045044 1.811405673274313e-05 0.6067345398483716 0.6066989038090087 3.563603936285187e-05
41 0.31640625 0.3083834535837932 0.3083656362556106 1.781732818256776e-05 0.308384056233063 0.3083656362556106 1.841997745238855e-05 0.6167675098168561 0.6167312725112212 3.623730563495631e-05
42 0.32421875 0.3132141744172267 0.3131960726779703 1.810173925631542e-05 0.3132147872578631 0.3131960726779703 1.87145798927757e-05 0.6264289616750898 0.6263921453559407 3.681631914909111e-05
43 0.33203125 0.31785622654561 0.3178378514973043 1.837504830570769e-05 0.3178568491705753 0.3178378514973043 1.89976732710706e-05 0.6357130757161853 0.6356757029946085 3.737272157677829e-05
44 0.33984375 0.3223068137683043 0.322288176679619 1.863708868532488e-05 0.3223074457708056 0.322288176679619 1.926909118660225e-05 0.64461425953911 0.644576353359238 3.790617987198264e-05
45 0.34765625 0.3265632552157117 0.3265443675154331 1.888770027863584e-05 0.3265638961905666 0.3265443675154331 1.952867513355105e-05 0.6531271514062784 0.6530887350308662 3.841637541224241e-05
46 0.35546875 0.3306229869667122 0.3306038602345363 1.912673217591143e-05 0.330623636501387 0.3306038602345363 1.977626685079059e-05 0.6612466234680991 0.6612077204690725 3.890299902664651e-05
47 0.36328125 0.3344835635947768 0.3344642095503086 1.935404446812283e-05 0.3344842212536245 0.3344642095503086 2.001170331589197e-05 0.6689677848484012 0.6689284191006173 3.936574778395929e-05
48 0.37109375 0.3381426596259026 0.3381230901326704 1.95694932322299e-05 0.3381433249948028 0.3381230901326704 2.023486213237335e-05 0.6762859846207054 0.6762461802653408 3.980435536465876e-05
49 0.37890625 0.3415980709617537 0.3415782980087728 1.977295298088988e-05 0.3415987436032926 0.3415782980087728 2.044559451980232e-05 0.6831968145650462 0.6831565960175455 4.02185475006922e-05
50 0.38671875 0.3448477161897602 0.34482775189059 1.996429917022757e-05 0.3448483956686965 0.34482775189059 2.064377810651052e-05 0.6896961118584568 0.68965550378118 4.060807727679361e-05
51 0.39453125 0.3478896378429184 0.3478694944286084 2.014341431000322e-05 0.3478903237275021 0.3478694944286084 2.082929889363205e-05 0.6957799615704205 0.6957389888572169 4.097271320369078e-05
52 0.40234375 0.3507220035816039 0.3507016933908613 2.031019074261176e-05 0.3507226954340623 0.3507016933908613 2.100204320104604e-05 0.7014446990156662 0.7014033867817225 4.131223394365779e-05
53 0.41015625 0.353343107299131 0.3533226427665964 2.046453253462532e-05 0.3533438046588565 0.3533226427665964 2.11618922600354e-05 0.7066869119579875 0.7066452855331928 4.162642479466072e-05
54 0.41796875 0.3557513701333972 0.3557307637939136 2.06063394836975e-05 0.3557520725643438 0.3557307637939136 2.130877043027279e-05 0.7115034426977411 0.7114615275878271 4.191510991402581e-05
55 0.42578125 0.3579453414416062 0.3579246059107513 2.073553085496505e-05 0.3579460484849731 0.3579246059107513 2.14425742218749e-05 0.7158913899265793 0.7158492118215025 4.217810507678443e-05
56 0.43359375 0.3599236996555737 0.3599028476286514 2.085202692231336e-05 0.3599244108565356 0.3599028476286514 2.156322788426923e-05 0.7198481105121093 0.7198056952573028 4.241525480652708e-05
57 0.44140625 0.3616852530841358 0.3616642973287743 2.095575536159577e-05 0.3616859679931792 0.3616642973287743 2.167066440494914e-05 0.7233712210773151 0.7233285946575485 4.262641976660042e-05
58 0.44921875 0.3632289406338138 0.3632078939796854 2.104665412833162e-05 0.363229658796739 0.3632078939796854 2.176481705357114e-05 0.7264585994305528 0.7264157879593709 4.281147118190276e-05
59 0.45703125 0.3645538324497729 0.3645327077764812 2.112467329168366e-05 0.3645545533905184 0.3645327077764812 2.184561403723029e-05 0.7291083858402913 0.7290654155529623 4.297028732891395e-05
60 0.46484375 0.3656591304594135 0.3656379407008682 2.118975854520366e-05 0.3656598537289587 0.3656379407008682 2.191302809040341e-05 0.731318984188372 0.7312758814017365 4.310278663555156e-05
61 0.47265625 0.3665441688775539 0.3665229270018603 2.124187569352287e-05 0.366544894005 0.3665229270018603 2.196700313961131e-05 0.7330890628825538 0.7330458540037207 4.320887883313418e-05
62 0.48046875 0.3672084145883336 0.3671871335968014 2.128099153220209e-05 0.3672091411085595 0.3671871335968014 2.200751175807092e-05 0.7344175556968932 0.7343742671936029 4.328850329027301e-05
63 0.48828125 0.3676514674729385 0.3676301603924752 2.130708046327312e-05 0.3676521949278649 0.3676301603924752 2.203453538973665e-05 0.7353036624008034 0.7352603207849504 4.334161585295426e-05
64 0.49609375 0.3678730606534881 0.3678517405261056 2.132012738248479e-05 0.3678737885818534 0.3678517405261056 2.204805574784752e-05 0.7357468492353415 0.7357034810522112 4.336818313033231e-05
65 0.50390625 0.3678730606556 0.3678517405261056 2.132012949446205e-05 0.3678737885755189 0.3678517405261056 2.204804941335903e-05 0.735746849231119 0.7357034810522112 4.336817890782108e-05
66 0.51171875 0.3676514674720079 0.3676301603924752 2.130707953273969e-05 0.3676521949306562 0.3676301603924752 2.203453818100387e-05 0.7353036624026641 0.7352603207849504 4.334161771368805e-05
67 0.51953125 0.3672084145873689 0.3671871335968014 2.128099056747379e-05 0.3672091411114519 0.3671871335968014 2.200751465042394e-05 0.7344175556988208 0.7343742671936029 4.328850521795324e-05
68 0.52734375 0.3665441688785214 0.3665229270018603 2.124187666108224e-05 0.366544894002095 0.3665229270018603 2.196700023465725e-05 0.7330890628806164 0.7330458540037207 4.320887689568398e-05
69 0.53515625 0.3656591304603428 0.3656379407008682 2.118975947457136e-05 0.3656598537261671 0.3656379407008682 2.191302529880312e-05 0.7313189841865099 0.7312758814017365 4.310278477337448e-05
70 0.54296875 0.3645538324476925 0.3645327077764812 2.112467121134776e-05 0.3645545533967562 0.3645327077764812 2.184562027507386e-05 0.7291083858444487 0.7290654155529623 4.297029148636611e-05
71 0.55078125 0.3632289406358921 0.3632078939796854 2.104665620666912e-05 0.3632296587905029 0.3632078939796854 2.176481081744841e-05 0.726458599426395 0.7264157879593709 4.281146702411753e-05
72 0.55859375 0.361685253083219 0.3616642973287743 2.09557544447736e-05 0.3616859679959276 0.3616642973287743 2.167066715336174e-05 0.7233712210791466 0.7233285946575485 4.262642159813534e-05
73 0.56640625 0.3599236996546238 0.3599028476286514 2.085202597240654e-05 0.3599244108593824 0.3599028476286514 2.156323073099209e-05 0.7198481105140062 0.7198056952573028 4.241525670345414e-05
74 0.57421875 0.3579453414425537 0.3579246059107513 2.073553180242937e-05 0.3579460484821286 0.3579246059107513 2.144257137726147e-05 0.7158913899246824 0.7158492118215026 4.217810317974635e-05
75 0.58203125 0.3557513701343045 0.3557307637939136 2.060634039097176e-05 0.3557520725616196 0.3557307637939136 2.130876770606305e-05 0.7115034426959241 0.7114615275878271 4.19151080970348e-05
76 0.58984375 0.3533431072971059 0.3533226427665965 2.046453050941199e-05 0.3533438046649296 0.3533226427665965 2.116189833312188e-05 0.7066869119620355 0.7066452855331929 4.162642884253387e-05
77 0.59765625 0.3507220035836165 0.3507016933908613 2.031019275527957e-05 0.3507226954280236 0.3507016933908613 2.100203716237647e-05 0.7014446990116402 0.7014033867817225 4.131222991765604e-05
78 0.60546875 0.34788963784203 0.3478694944286084 2.014341342160275e-05 0.3478903237301662 0.3478694944286084 2.082930155777873e-05 0.6957799615721962 0.6957389888572169 4.097271497938149e-05
79 0.61328125 0.344847716188844 0.34482775189059 1.996429825401602e-05 0.3448483956714434 0.34482775189059 2.064378085336882e-05 0.6896961118602873 0.68965550378118 4.060807910732933e-05
80 0.62109375 0.3415980709626497 0.3415782980087728 1.977295387683986e-05 0.341598743600603 0.3415782980087728 2.044559183017602e-05 0.6831968145632527 0.6831565960175456 4.021854570701588e-05
81 0.62890625 0.3381426596267657 0.3381230901326704 1.956949409531727e-05 0.3381433249922109 0.3381230901326704 2.02348595405577e-05 0.6762859846189766 0.6762461802653408 3.980435363581947e-05
82 0.63671875 0.3344835635928624 0.3344642095503088 1.935404255359874e-05 0.3344842212593656 0.3344642095503088 2.001170905679972e-05 0.668967784852228 0.6689284191006175 3.936575161045397e-05
83 0.64453125 0.3306229869686089 0.3306038602345363 1.912673407256094e-05 0.3306236364956958 0.3306038602345363 1.977626115950981e-05 0.6612466234643046 0.6612077204690726 3.890299523201524e-05
84 0.65234375 0.3265632552148961 0.3265443675154331 1.88876994630105e-05 0.3265638961930125 0.3265443675154331 1.952867757937238e-05 0.6531271514079086 0.6530887350308662 3.841637704238288e-05
85 0.66015625 0.322306813767462 0.322288176679619 1.863708784299867e-05 0.3223074457733309 0.322288176679619 1.926909371191554e-05 0.6446142595407929 0.644576353359238 3.79061815548587e-05
86 0.66796875 0.3178562265464415 0.3178378514973043 1.837504913715371e-05 0.3178568491680793 0.3178378514973043 1.899767077495618e-05 0.6357130757145207 0.6356757029946086 3.737271991210989e-05
87 0.67578125 0.313214174418026 0.3131960726779703 1.8101740055676e-05 0.3132147872554627 0.3131960726779703 1.871457749236249e-05 0.6264289616734887 0.6263921453559407 3.681631754803849e-05
88 0.68359375 0.3083834535820309 0.3083656362556106 1.781732642025524e-05 0.3083840562383482 0.3083656362556106 1.841998273754974e-05 0.6167675098203791 0.6167312725112213 3.623730915780499e-05
89 0.69140625 0.303366973888876 0.3033494519045043 1.752198437171559e-05 0.3033675659560128 0.3033494519045043 1.811405150847767e-05 0.6067345398448888 0.6066989038090086 3.563603588019326e-05
90 0.69921875 0.2981677570729278 0.2981505411865374 1.721588639036487e-05 0.2981683381729853 0.2981505411865374 1.779698644788219e-05 0.596336095245913 0.5963010823730748 3.501287283824706e-05
91 0.70703125 0.2927889349528733 0.2927720357311265 1.689922174680225e-05 0.2927895046971854 0.2927720357311265 1.74689660588645e-05 0.5855784396500587 0.5855440714622531 3.436818780566675e-05
92 0.71484375 0.2872337475292873 0.2872171753488428 1.657218044454067e-05 0.2872343055412724 0.2872171753488428 1.713019242960412e-05 0.5744680530705597 0.5744343506976856 3.370237287414479e-05
93 0.72265625 0.2815055410385183 0.2814893060798708 1.623495864749858e-05 0.2815060869543501 0.2814893060798708 1.67808744792608e-05 0.5630116279928684 0.5629786121597417 3.301583312675938e-05
94 0.73046875 0.2756077659392845 0.2755918781784794 1.588776080518883e-05 0.2756082993995826 0.2755918781784794 1.642122110323552e-05 0.5512160653388671 0.5511837563569587 3.230898190842435e-05
95 0.73828125 0.2695439748352727 0.2695284440347173 1.553080055538558e-05 0.2695444954726932 0.2695284440347173 1.605143797583919e-05 0.5390884703079659 0.5390568880694346 3.158223853128028e-05
96 0.74609375 0.263317820322889 0.2633026560345865 1.516428830250494e-05 0.2633183277988843 0.2633026560345865 1.567176429784212e-05 0.5266361481217733 0.5266053120691729 3.083605260034705e-05
97 0.75390625 0.2569330528093728 0.2569182643599808 1.478844939206692e-05 0.2569335467777354 0.2569182643599808 1.528241775466954e-05 0.5138665995871083 0.5138365287199615 3.007086714679197e-05
98 0.76171875 0.250393518239491 0.2503791147297174 1.440350977355287e-05 0.2503939983667056 0.2503791147297174 1.48836369882055e-05 0.5007875166061966 0.5007582294594348 2.928714676175836e-05
99 0.76953125 0.2437031557838426 0.2436891460830189 1.400970082368613e-05 0.2437036217495892 0.2436891460830189 1.447566657025723e-05 0.4874067775334318 0.4873782921660378 2.848536739391561e-05
100 0.77734375 0.2368659954680359 0.236852388206844 1.360726119192801e-05 0.2368664469577475 0.236852388206844 1.405875090357278e-05 0.4737324424257834 0.4737047764136879 2.766601209547304e-05
101 0.78515625 0.2298861557458818 0.2298729593084946 1.319643738723064e-05 0.2298865924403785 0.2298729593084946 1.363313188396109e-05 0.4597727481862603 0.4597459186169892 2.682956927119173e-05
102 0.79296875 0.2227678410081524 0.2227550635349614 1.277747319103351e-05 0.2227682626150294 0.2227550635349614 1.319908006797155e-05 0.4455361036231819 0.4455101270699228 2.597655325903281e-05
103 0.80078125 0.2155153390656303 0.215502988440503 1.235062512724983e-05 0.2155157452881652 0.215502988440503 1.275684766219309e-05 0.4310310843537954 0.431005976881006 2.510747278944292e-05
104 0.80859375 0.2081330185541824 0.2081211024039839 1.191615019849324e-05 0.2081334091086833 0.2081211024039839 1.230670469945516e-05 0.4162664276628657 0.4162422048079678 2.42228548979484e-05
105 0.81640625 0.2006253263075405 0.2006138519975257 1.147431001483068e-05 0.2006257009235457 0.2006138519975257 1.184892602001941e-05 0.4012510272310862 0.4012277039950514 2.332323603482234e-05
106 0.82421875 0.1929967846802784 0.1929857593080594 1.102537221900346e-05 0.1929971430944185 0.1929857593080594 1.138378635912041e-05 0.385993927774697 0.3859715186161188 2.240915857815162e-05
107 0.83203125 0.185251988824261 0.1852414192133883 1.056961087270158e-05 0.1852523307719328 0.1852414192133883 1.091155854451853e-05 0.3705043195961939 0.3704828384267767 2.148116941724787e-05
108 0.83984375 0.1773956039122515 0.1773854966144058 1.010729784567399e-05 0.1773959291530683 0.1773854966144058 1.043253866245264e-05 0.3547915330653198 0.3547709932288117 2.053983650812663e-05
109 0.84765625 0.1694323623404275 0.1694227236251338 9.638715293691646e-06 0.1694326706330919 0.1694227236251338 9.947007958088783e-06 0.3388650329735194 0.3388454472502677 1.958572325178043e-05
110 0.85546875 0.1613670608679823 0.1613578967222736 9.164145708756566e-06 0.1613673519842806 0.1613578967222736 9.455262007046494e-06 0.322734412852263 0.3227157934445471 1.861940771580306e-05
111 0.86328125 0.1532045577312489 0.1531958738559883 8.683875260567797e-06 0.153204831455983 0.1531958738559883 8.957599994696697e-06 0.3064093891872319 0.3063917477119766 1.764147525529225e-05
112 0.87109375 0.1449497697184464 0.1449415715236549 8.198194791503299e-06 0.1449500258446966 0.1449415715236549 8.454321041656554e-06 0.289899795563143 0.2898831430473098 1.665251583315985e-05
113 0.87890625 0.1366076692083395 0.1365999618083501 7.707399989342889e-06 0.1366079075313269 0.1365999618083501 7.94572297674323e-06 0.2732155767396663 0.2731999236167003 1.565312296608612e-05
114 0.88671875 0.1281832811687673 0.1281760693838535 7.211784913807584e-06 0.1281835015048954 0.1281760693838535 7.43212104187263e-06 0.2563667826736627 0.256352138767707 1.464390595568021e-05
115 0.89453125 0.1196816801392168 0.119674968487972 6.711651244717398e-06 0.119681882307401 0.119674968487972 6.913819428994161e-06 0.2393635624466178 0.2393499369759441 1.362547067371156e-05
116 0.90234375 0.1111079871668602 0.1111017798660085 6.207300851615583e-06 0.1111081709988519 0.1111017798660085 6.391132843383551e-06 0.2222161581657121 0.2222035597320171 1.259843369499913e-05
117 0.91015625 0.1024673667244691 0.1024616676862171 5.699038252052202e-06 0.102467532064605 0.1024616676862171 5.864378387940294e-06 0.2049348987890741 0.2049233353724341 1.15634166399925e-05
118 0.91796875 0.0937650236003079 0.09375983642909991 5.187171207995944e-06 0.09376517030213799 0.09375983642909991 5.333873038082526e-06 0.1875301939024459 0.1875196728581998 1.052104424609235e-05
119 0.92578125 0.08500619976304843 0.08500152775242398 4.672010624456879e-06 0.08500632768562151 0.08500152775242398 4.799933197532913e-06 0.17001252744867 0.170003055504848 9.47194382200367e-06
120 0.93359375 0.07619617120022761 0.07619201733384183 4.153866385775418e-06 0.07619628022027675 0.07619201733384183 4.262886434916457e-06 0.1523924514205043 0.1523840346676837 8.416752820677997e-06
121 0.94140625 0.06734024474617172 0.06733661169302065 3.633053151069765e-06 0.06734033474636236 0.06733661169302065 3.723053341717075e-06 0.1346805794925341 0.1346732233860413 7.356106492800718e-06
122 0.94921875 0.05844375488085667 0.05844064499519384 3.109885662828937e-06 0.05844382575603756 0.05844064499519384 3.180760843712882e-06 0.1168875806368942 0.1168812899903877 6.29064650653488e-06
123 0.95703125 0.04951206051817338 0.04950947583805839 2.584680114992022e-06 0.04951211217539039 0.04950947583805839 2.636337332002914e-06 0.09902417269356378 0.09901895167611678 5.221017447001874e-06
124 0.96484375 0.04055054177856122 0.04054848402395664 2.057754604573026e-06 0.04055057413449336 0.04054848402395664 2.090110536714929e-06 0.08110111591305458 0.08109696804791329 4.147865141287954e-06
125 0.97265625 0.03156459674754981 0.03156306731928434 1.529428265471811e-06 0.03156460972863987 0.03156306731928434 1.54240935553579e-06 0.06312920647618968 0.06312613463856867 3.0718376210076e-06
126 0.98046875 0.02255963822388346 0.02255863820307783 1.000020805622115e-06 0.02255963176754372 0.02255863820307783 9.935644658849718e-07 0.04511926999142718 0.04511727640615567 1.993585271510556e-06
127 0.98828125 0.01354109045899846 0.01354062060673978 4.69852258684969e-07 0.01354106451503139 0.01354062060673978 4.439082916130738e-07 0.02708215497402986 0.02708124121347956 9.137605502980428e-07
128 0.99609375 0.004514385890533308 0.004514446646864636 -6.075633132793939e-08 0.004514340419038372 0.004514446646864636 -1.062278262636482e-07 0.00902872630957168 0.009028893293729271 -1.669841575915876e-07
