# P x u_num u_exact u_err v_num v_exact v_err psi_num psi_exact psi_err
1 0.03125 0.03602286639477353 0.0360584908096616 -3.562441488807327e-05 0.03600312729523087 0.0360584908096616 -5.53635144307299e-05 0.0720259936900044 0.0721169816193232 -9.098792931880317e-05
2 0.09375 0.1070123700284617 0.1067897648490041 0.0002226051794575606 0.1070085796117811 0.1067897648490041 0.0002188147627769643 0.2140209496402427 0.2135795296980082 0.0004414199422345111
3 0.15625 0.1738838390867384 0.1734171681135895 0.0004666709731488694 0.1738945975135754 0.1734171681135895 0.0004774293999859625 0.3477784366003138 0.346834336227179 0.0009441003731348596
4 0.21875 0.2340671249685855 0.2333802468610379 0.0006868781075476116 0.2340906521196215 0.2333802468610379 0.0007104052585835963 0.468157777088207 0.4667604937220758 0.001397283366131208
5 0.28125 0.2852491529293206 0.284374653602767 0.000874499326553646 0.2852833312036298 0.284374653602767 0.0009086776008628283 0.5705324841329504 0.568749307205534 0.001783176927416474
6 0.34375 0.3254628132751661 0.3244407018856847 0.001022111389481439 0.3255052410846455 0.3244407018856847 0.001064539198960823 0.6509680543598116 0.6488814037713694 0.002086650588442263
7 0.40625 0.3531625570967013 0.3520386759435774 0.001123881153123896 0.3532106114396996 0.3520386759435774 0.001171935496122156 0.7063731685364009 0.7040773518871548 0.002295816649246052
8 0.46875 0.3672837914467714 0.3661080011105223 0.001175790336249039 0.3673346976092752 0.3661080011105223 0.001226696498752844 0.7346184890560465 0.7322160022210447 0.002402486835001882
9 0.53125 0.3672837914467448 0.3661080011105224 0.001175790336222393 0.3673346976093542 0.3661080011105224 0.001226696498831781 0.7346184890560989 0.7322160022210448 0.002402486835054174
10 0.59375 0.3531625570967109 0.3520386759435774 0.001123881153133499 0.3532106114396675 0.3520386759435774 0.001171935496090126 0.7063731685363784 0.7040773518871548 0.002295816649223625
11 0.65625 0.3254628132751874 0.3244407018856847 0.0010221113895027 0.3255052410845785 0.3244407018856847 0.001064539198893766 0.650968054359766 0.6488814037713695 0.002086650588396521
12 0.71875 0.2852491529293002 0.284374653602767 0.0008744993265331624 0.2852833312036849 0.284374653602767 0.0009086776009178399 0.5705324841329851 0.5687493072055341 0.001783176927451002
13 0.78125 0.2340671249686046 0.2333802468610379 0.0006868781075666797 0.2340906521195571 0.2333802468610379 0.0007104052585191478 0.4681577770881616 0.4667604937220758 0.0013972833660858
14 0.84375 0.1738838390867293 0.1734171681135896 0.0004666709731397101 0.1738945975135978 0.1734171681135896 0.0004774294000082224 0.347778436600327 0.3468343362271791 0.0009441003731479047
15 0.90625 0.1070123700284643 0.1067897648490041 0.0002226051794602113 0.1070085796117707 0.1067897648490041 0.0002188147627665837 0.214020949640235 0.2135795296980083 0.000441419942226795
16 0.96875 0.03602286639476973 0.03605849080966168 -3.562441489194518e-05 0.03600312729524163 0.03605849080966168 -5.5363514420044e-05 0.07202599369001136 0.07211698161932335 -9.098792931198918e-05
