# P x u_num u_exact u_err v_num v_exact v_err psi_num psi_exact psi_err
1 0.0078125 0.009027716650964572 0.009028213434669634 -4.967837050617874e-07 0.009027360844199564 0.009028213434669634 -8.525904700695114e-07 0.01805507749516413 0.01805642686933927 -1.349374175133033e-06
2 0.0234375 0.02706661387472141 0.02706289054706668 3.723327654723413e-06 0.02706642939101836 0.02706289054706668 3.538843951673282e-06 0.05413304326573976 0.05412578109413337 7.262171606396695e-06
3 0.0390625 0.04504030015909482 0.04503237078570659 7.929373388226857e-06 0.04504028570107514 0.04503237078570659 7.914915368549547e-06 0.09008058586016995 0.09006474157141318 1.584428875676946e-05
4 0.0546875 0.06290547522378481 0.0628933640987539 1.211112503091138e-05 0.06290562913759781 0.0628933640987539 1.226503884391161e-05 0.1258111043613826 0.1257867281975078 2.4376163874823e-05
5 0.0703125 0.08061910020496532 0.08060284178887925 1.625841608607348e-05 0.08061942048108126 0.08060284178887925 1.657869220200725e-05 0.1612385206860466 0.1612056835777585 3.283710828808073e-05
6 0.0859375 0.09813850133905309 0.09811814017316003 2.03611658930597e-05 0.0981389856164548 0.09811814017316003 2.084544329476745e-05 0.1962774869555079 0.1962362803463201 4.120660918782715e-05
7 0.1015625 0.1154214727676943 0.1153970633636297 2.440940406464587e-05 0.1154221183383515 0.1153970633636297 2.505497472182761e-05 0.2308435911060458 0.2307941267272593 4.946437878647347e-05
8 0.1171875 0.1324263782153589 0.1323979849208672 2.839329449161321e-05 0.1324271820296417 0.1323979849208672 2.919710877444248e-05 0.2648535602450005 0.2647959698417345 5.759040326602793e-05
9 0.1328125 0.1491122512950781 0.1490799481357367 3.230315934144024e-05 0.1491132099668195 0.1490799481357367 3.326183108287584e-05 0.2982254612618976 0.2981598962714733 6.556499042431607e-05
10 0.1484375 0.16543889419949 0.1654027646976858 3.612950180420516e-05 0.1654400040141758 0.1654027646976858 3.72393164900231e-05 0.3308788982136658 0.3308055293953716 7.336881829422826e-05
11 0.1640625 0.1813669745415533 0.1813271115119071 3.986302964614774e-05 0.1813682314626343 0.1813271115119071 4.111995072719754e-05 0.3627352060041876 0.3626542230238142 8.098298037334528e-05
12 0.1796875 0.1968581201095116 0.196814625432117 4.349467739453439e-05 0.1968595197863354 0.196814625432117 4.489435421839438e-05 0.393717639895847 0.3936292508642341 8.838903161290101e-05
13 0.1953125 0.2118750113087834 0.2118279956807358 4.701562804751425e-05 0.2118765490858297 0.2118279956807358 4.855340509385409e-05 0.423751560394613 0.4236559913614717 9.556903314134058e-05
14 0.2109375 0.2263814710680668 0.2263310537338186 5.041733424818173e-05 0.2263831419952179 0.2263310537338186 5.208826139932454e-05 0.4527646130632847 0.4526621074676372 0.0001025055956475063
15 0.2265625 0.2403425519936539 0.2402888604541976 5.36915394562798e-05 0.2403443508348778 0.2402888604541976 5.549038068014545e-05 0.4806869028285317 0.4805777209083953 0.0001091819201364252
16 0.2421875 0.2537246205597427 0.2536677902629241 5.683029681863294e-05 0.2537265418065749 0.2536677902629241 5.875154365081459e-05 0.5074511623663176 0.5073355805258482 0.0001155818404694475
17 0.2578125 0.266495438135697 0.2664356121462329 5.982598946407958e-05 0.2664974760167997 0.2664356121462329 6.186387056683618e-05 0.5329929141524967 0.5328712242924658 0.0001216898600309158
18 0.2734375 0.2786242386513181 0.278561567302878 6.267134844012423e-05 0.2786263871443539 0.278561567302878 6.481984147593822e-05 0.557250625795672 0.5571231346057559 0.0001274911899160625
19 0.2890625 0.2900818027147718 0.2900164432447788 6.535946999297604e-05 0.2900840555598244 0.2900164432447788 6.761231504559539e-05 0.5801658582745962 0.5800328864895576 0.0001329717850385714
20 0.3046875 0.300840528004659 0.3007726441724627 6.788383219630267e-05 0.3008428787182656 0.3007726441724627 7.023454580290522e-05 0.6016834067229246 0.6015452883449254 0.0001381183779992634
21 0.3203125 0.3108744957671403 0.3108042574557629 7.023831137742409e-05 0.3108769376540139 0.3108042574557629 7.268019825101835e-05 0.6217514334211542 0.6216085149115258 0.0001429185096284424
22 0.3359375 0.3201595332551455 0.3200871160596144 7.241719553108261e-05 0.3201620594257867 0.3200871160596144 7.494336617225317e-05 0.6403215926809323 0.6401742321192289 0.0001473605617033913
23 0.3515625 0.328673271964142 0.3285988567645582 7.441519958373277e-05 0.3286758753469141 0.3285988567645582 7.701858235581449e-05 0.657349147311056 0.6571977135291165 0.0001514337819394918
24 0.3671875 0.3363952015192178 0.3363189740416957 7.622747752211723e-05 0.3363978748752963 0.3363189740416957 7.890083360062583e-05 0.6727930763945141 0.6726379480833914 0.0001551283111227431
25 0.3828125 0.3433067190861477 0.3432288694523036 7.784963384410704e-05 0.3433094550257768 0.3432288694523036 8.058557347312423e-05 0.6866161741119245 0.6864577389046073 0.0001584352073172868
26 0.3984375 0.3493911741871814 0.3493118964531027 7.927773407861993e-05 0.3493939651865855 0.3493118964531027 8.206873348276522e-05 0.6987851393737669 0.6986237929062055 0.0001613464675613852
27 0.4140625 0.3546339088143957 0.3545534004992377 8.050831515804546e-05 0.3546367472294406 0.3545534004992377 8.334673020293781e-05 0.7092706560438363 0.7091068009984753 0.0001638550453609833
28 0.4296875 0.3590222927405164 0.3589407543483599 8.153839215652159e-05 0.3590251708270956 0.3589407543483599 8.44164787356938e-05 0.718047463567612 0.7178815086967197 0.0001659548708922154
29 0.4453125 0.3625457539480023 0.3624633884807599 8.236546724244009e-05 0.3625486638756171 0.3624633884807599 8.527539485725377e-05 0.7250944178236194 0.7249267769615197 0.0001676408620996384
30 0.4609375 0.3651958040972431 0.3651128165622666 8.298753497654188e-05 0.365198737965682 0.3651128165622666 8.5921403415401e-05 0.7303945420629251 0.7302256331245331 0.0001689089383919429
31 0.4765625 0.3669660589754273 0.3668826558885691 8.340308685822473e-05 0.3669690088327586 0.3668826558885691 8.635294418957162e-05 0.733935067808186 0.7337653117771381 0.0001697560310478519
32 0.4921875 0.3678522538766668 0.3677686427617107 8.361111495613915e-05 0.367855211737371 0.3677686427617107 8.656897566028388e-05 0.7357074656140378 0.7355372855234213 0.000170180090616423
33 0.5078125 0.3678522538769194 0.3677686427617107 8.36111152087704e-05 0.3678552117366142 0.3677686427617107 8.656897490355586e-05 0.7357074656135336 0.7355372855234213 0.0001701800901122708
34 0.5234375 0.3669660589755813 0.3668826558885691 8.340308701221266e-05 0.3669690088322994 0.3668826558885691 8.635294373032787e-05 0.7339350678078806 0.7337653117771381 0.0001697560307425405
35 0.5390625 0.3651958040972965 0.3651128165622666 8.298753502988809e-05 0.365198737965524 0.3651128165622666 8.592140325747177e-05 0.7303945420628205 0.7302256331245331 0.0001689089382873599
36 0.5546875 0.3625457539479507 0.3624633884807599 8.236546719081472e-05 0.3625486638757712 0.3624633884807599 8.527539501135273e-05 0.725094417823722 0.7249267769615197 0.000167640862202223
37 0.5703125 0.3590222927403642 0.3589407543483599 8.153839200431001e-05 0.3590251708275487 0.3589407543483599 8.441647918883133e-05 0.7180474635679128 0.7178815086967197 0.0001659548711930858
38 0.5859375 0.3546339088141516 0.3545534004992377 8.050831491390742e-05 0.3546367472301718 0.3545534004992377 8.33467309341307e-05 0.7092706560443234 0.7091068009984753 0.0001638550458480381
39 0.6015625 0.3493911741874215 0.3493118964531027 7.927773431881668e-05 0.3493939651858637 0.3493118964531027 8.206873276100923e-05 0.6987851393732853 0.6986237929062055 0.0001613464670798814
40 0.6171875 0.3433067190862913 0.3432288694523036 7.784963398771438e-05 0.3433094550253475 0.3432288694523036 8.05855730438565e-05 0.6866161741116388 0.6864577389046073 0.0001584352070315154
41 0.6328125 0.3363952015192732 0.3363189740416957 7.622747757751736e-05 0.3363978748751303 0.3363189740416957 7.890083343459198e-05 0.6727930763944034 0.6726379480833914 0.0001551283110120538
42 0.6484375 0.328673271964094 0.3285988567645582 7.441519953577114e-05 0.3286758753470568 0.3285988567645582 7.701858249853366e-05 0.6573491473111508 0.6571977135291165 0.0001514337820343048
43 0.6640625 0.3201595332550128 0.3200871160596145 7.241719539829994e-05 0.3201620594261812 0.3200871160596145 7.494336656671541e-05 0.640321592681194 0.640174232119229 0.0001473605619650709
44 0.6796875 0.3108744957669258 0.310804257455763 7.023831116276247e-05 0.3108769376546559 0.310804257455763 7.268019889289379e-05 0.6217514334215817 0.621608514911526 0.0001429185100556563
45 0.6953125 0.3008405280048647 0.3007726441724627 6.7883832402027e-05 0.300842878717647 0.3007726441724627 7.023454518428895e-05 0.6016834067225116 0.6015452883449254 0.0001381183775862604
46 0.7109375 0.2900818027148903 0.2900164432447788 6.535947011143683e-05 0.2900840555594704 0.2900164432447788 6.761231469154527e-05 0.5801658582743606 0.5800328864895576 0.0001329717848029821
47 0.7265625 0.278624238651359 0.2785615673028781 6.267134848092493e-05 0.2786263871442313 0.2785615673028781 6.481984135320307e-05 0.5572506257955903 0.5571231346057561 0.000127491189834128
48 0.7421875 0.2664954381356642 0.2664356121462329 5.9825989431328e-05 0.2664974760168977 0.2664356121462329 6.186387066481336e-05 0.532992914152562 0.5328712242924658 0.0001216898600961969
49 0.7578125 0.2537246205596363 0.2536677902629242 5.683029671210704e-05 0.2537265418068927 0.2536677902629242 5.875154396856042e-05 0.507451162366529 0.5073355805258484 0.0001155818406806119
50 0.7734375 0.2403425519934864 0.2402888604541976 5.36915392887749e-05 0.2403443508353805 0.2402888604541976 5.549038118285443e-05 0.4806869028288668 0.4805777209083952 0.0001091819204716016
51 0.7890625 0.2263814710682219 0.2263310537338186 5.041733440325213e-05 0.2263831419947532 0.2263310537338186 5.208826093450192e-05 0.4527646130629751 0.4526621074676373 0.0001025055953377541
52 0.8046875 0.2118750113088741 0.2118279956807359 4.701562813824722e-05 0.2118765490855591 0.2118279956807359 4.855340482323722e-05 0.4237515603944332 0.4236559913614718 9.556903296148445e-05
53 0.8203125 0.1968581201095438 0.196814625432117 4.349467742675861e-05 0.1968595197862401 0.196814625432117 4.489435412302623e-05 0.3937176398957838 0.3936292508642341 8.838903154978484e-05
54 0.8359375 0.181366974541526 0.1813271115119071 3.986302961889177e-05 0.1813682314627169 0.1813271115119071 4.111995080974262e-05 0.3627352060042429 0.3626542230238143 8.098298042863439e-05
55 0.8515625 0.1654388941994205 0.1654027646976859 3.612950173453866e-05 0.1654400040143847 0.1654027646976859 3.723931669874503e-05 0.3308788982138051 0.3308055293953718 7.336881843328369e-05
56 0.8671875 0.1491122512949757 0.1490799481357367 3.230315923904992e-05 0.1491132099671283 0.1490799481357367 3.32618313916011e-05 0.298225461262104 0.2981598962714734 6.556499063065102e-05
57 0.8828125 0.1324263782154498 0.1323979849208673 2.839329458242945e-05 0.1324271820293715 0.1323979849208673 2.919710850418644e-05 0.2648535602448213 0.2647959698417346 5.759040308661589e-05
58 0.8984375 0.115421472767765 0.1153970633636296 2.440940413540871e-05 0.1154221183381432 0.1153970633636296 2.505497451356364e-05 0.2308435911059082 0.2307941267272592 4.946437864897235e-05
59 0.9140625 0.09813850133906825 0.09811814017316008 2.036116590817261e-05 0.09813898561641339 0.09811814017316008 2.08454432533145e-05 0.1962774869554816 0.1962362803463202 4.120660916148711e-05
60 0.9296875 0.08061910020495323 0.08060284178887933 1.625841607390266e-05 0.0806194204811215 0.08060284178887933 1.657869224216957e-05 0.1612385206860747 0.1612056835777587 3.283710831608611e-05
61 0.9453125 0.06290547522368409 0.0628933640987539 1.21111249301864e-05 0.0629056291379041 0.0628933640987539 1.226503915019439e-05 0.1258111043615882 0.1257867281975078 2.437616408038079e-05
62 0.9609375 0.04504030015903251 0.04503237078570665 7.929373325860078e-06 0.04504028570126536 0.04503237078570665 7.914915558709934e-06 0.09008058586029787 0.0900647415714133 1.584428888457001e-05
63 0.9765625 0.02706661387473383 0.02706289054706679 3.72332766703995e-06 0.02706642939098303 0.02706289054706679 3.538843916232881e-06 0.05413304326571686 0.05412578109413359 7.262171583269361e-06
64 0.9921875 0.009027716650951161 0.009028213434669648 -4.967837184868124e-07 0.009027360844240431 0.009028213434669648 -8.525904292167735e-07 0.01805507749519159 0.0180564268693393 -1.349374147703586e-06
