# MMS4TBGC Gaussian-pulse profile
# sample = 2  tau = 2.5000000000000001e-03  bv = 1.0000000000000000e-04  nx = 512
# xi phi
0.0000000000000000e+00 0.0000000000000000e+00
9.7656250000000000e-04 4.4107322270935816e-10
2.9296875000000000e-03 3.8067729703461096e-09
4.8828125000000000e-03 1.0180909779891762e-08
6.8359375000000000e-03 1.9306163092496865e-08
8.7890625000000000e-03 3.1020224416552620e-08
1.0742187500000000e-02 4.5241181728088798e-08
1.2695312500000000e-02 6.1954082662202490e-08
1.4648437500000000e-02 8.1198500688894593e-08
1.6601562500000000e-02 1.0305691530198381e-07
1.8554687500000000e-02 1.2764371044986262e-07
2.0507812500000000e-02 1.5509459322157276e-07
2.2460937500000000e-02 1.8555623584550914e-07
2.4414062500000000e-02 2.1917594739484181e-07
2.6367187500000000e-02 2.5609118654101670e-07
2.8320312500000000e-02 2.9641873279592950e-07
3.0273437500000000e-02 3.4024334065293522e-07
3.2226562500000000e-02 3.8760570873514779e-07
3.4179687500000000e-02 4.3848960445614317e-07
3.6132812500000000e-02 4.9280799385180275e-07
3.8085937500000000e-02 5.5038803628293724e-07
4.0039062500000000e-02 6.1095481482537129e-07
4.1992187500000000e-02 6.7411368559467326e-07
4.3945312500000000e-02 7.3933114327488163e-07
4.5898437500000000e-02 8.0591411604776985e-07
4.7851562500000000e-02 8.7298762129557049e-07
4.9804687500000000e-02 9.3947073424747200e-07
5.1757812500000000e-02 1.0040508455555845e-06
5.3710937500000000e-02 1.0651562110395938e-06
5.5664062500000000e-02 1.1209268279729833e-06
5.7617187500000000e-02 1.1691837077596270e-06
5.9570312500000000e-02 1.2073966551490762e-06
6.1523437500000000e-02 1.2326507097609734e-06
6.3476562500000000e-02 1.2416114571490768e-06
6.5429687500000000e-02 1.2304894744634726e-06
6.7382812500000000e-02 1.1950042405087387e-06
6.9335937500000000e-02 1.1303479122000242e-06
7.1289062500000000e-02 1.0311494496505576e-06
7.3242187500000000e-02 8.9143966095109892e-07
7.5195312500000000e-02 7.0461783569495697e-07
7.7148437500000000e-02 4.6342074403111168e-07
7.9101562500000000e-02 1.5989489605756167e-07
8.1054687500000000e-02 -2.1462691474717450e-07
8.3007812500000000e-02 -6.6954362007293933e-07
8.4960937500000000e-02 -1.2149971211223349e-06
8.6914062500000000e-02 -1.8618752879454376e-06
8.8867187500000000e-02 -2.6218050554565891e-06
9.0820312500000000e-02 -3.5071337670113173e-06
9.2773437500000000e-02 -4.5308967119142795e-06
9.4726562500000000e-02 -5.7067685846978964e-06
9.6679687500000000e-02 -7.0489963611861554e-06
9.8632812500000000e-02 -8.5723108390375406e-06
1.0058593750000000e-01 -1.0291813828521180e-05
1.0253906250000000e-01 -1.2222837702683426e-05
1.0449218750000000e-01 -1.4380773724866484e-05
1.0644531250000000e-01 -1.6780865265909017e-05
1.0839843750000000e-01 -1.9437961703569336e-05
1.1035156250000000e-01 -2.2366228463167146e-05
1.1230468750000000e-01 -2.5578808311677315e-05
1.1425781250000000e-01 -2.9087428658209749e-05
1.1621093750000000e-01 -3.2901949242810260e-05
1.1816406250000000e-01 -3.7029844213816374e-05
1.2011718750000000e-01 -4.1475612202773548e-05
1.2207031250000000e-01 -4.6240107606516740e-05
1.2402343750000000e-01 -5.1319785879993759e-05
1.2597656250000000e-01 -5.6705855232497654e-05
1.2792968750000000e-01 -6.2383326706136336e-05
1.2988281250000000e-01 -6.8329954200759899e-05
1.3183593750000000e-01 -7.4515055596577012e-05
1.3378906250000000e-01 -8.0898205716921725e-05
1.3574218750000000e-01 -8.7427791471916857e-05
1.3769531250000000e-01 -9.4039419132177992e-05
1.3964843750000000e-01 -1.0065416330350608e-04
1.4160156250000000e-01 -1.0717664681224240e-04
1.4355468750000000e-01 -1.1349294037035669e-04
1.4550781250000000e-01 -1.1946827057337306e-04
1.4746093750000000e-01 -1.2494452449709364e-04
1.4941406250000000e-01 -1.2973753890515091e-04
1.5136718750000000e-01 -1.3363416186329419e-04
1.5332031250000000e-01 -1.3638907438277278e-04
1.5527343750000000e-01 -1.3772135958916369e-04
1.5722656250000000e-01 -1.3731080683960573e-04
1.5917968750000000e-01 -1.3479393819588325e-04
1.6113281250000000e-01 -1.2975974470849346e-04
1.6308593750000000e-01 -1.2174512008317525e-04
1.6503906250000000e-01 -1.1022997949185994e-04
1.6699218750000000e-01 -9.4632051560160734e-05
1.6894531250000000e-01 -7.4301331918870284e-05
1.7089843750000000e-01 -4.8514187152968148e-05
1.7285156250000000e-01 -1.6467098523773870e-05
1.7480468750000000e-01 2.2729964516588436e-05
1.7675781250000000e-01 7.0060550249175383e-05
1.7871093750000000e-01 1.2660911841986104e-04
1.8066406250000000e-01 1.9356882917008386e-04
1.8261718750000000e-01 2.7224973345983368e-04
1.8457031250000000e-01 3.6408737005303539e-04
1.8652343750000000e-01 4.7065177278421243e-04
1.8847656250000000e-01 5.9365689034251859e-04
1.9042968750000000e-01 7.3497041919221191e-04
1.9238281250000000e-01 8.9662404849525203e-04
1.9433593750000000e-01 1.0808241140103831e-03
1.9628906250000000e-01 1.2899626559129676e-03
1.9824218750000000e-01 1.5266288733107678e-03
2.0019531250000000e-01 1.7936209659234839e-03
2.0214843750000000e-01 2.0939583509495697e-03
2.0410156250000000e-01 2.4308942405649723e-03
2.0605468750000000e-01 2.8079285627882560e-03
2.0800781250000000e-01 3.2288212056091532e-03
2.0996093750000000e-01 3.6976055613184237e-03
2.1191406250000000e-01 4.2186023449018537e-03
2.1386718750000000e-01 4.7964336571780508e-03
2.1582031250000000e-01 5.4360372600765093e-03
2.1777343750000000e-01 6.1426810280791463e-03
2.1972656250000000e-01 6.9219775363954733e-03
2.2167968750000000e-01 7.7798987429212353e-03
2.2363281250000000e-01 8.7227907174552005e-03
2.2558593750000000e-01 9.7573883680337134e-03
2.2753906250000000e-01 1.0890830110602505e-02
2.2949218750000000e-01 1.2130672424597120e-02
2.3144531250000000e-01 1.3484904233364514e-02
2.3339843750000000e-01 1.4961961044748133e-02
2.3535156250000000e-01 1.6570738783596481e-02
2.3730468750000000e-01 1.8320607244462019e-02
2.3925781250000000e-01 2.0221423089355171e-02
2.4121093750000000e-01 2.2283542312129097e-02
2.4316406250000000e-01 2.4517832087919519e-02
2.4511718750000000e-01 2.6935681923073211e-02
2.4707031250000000e-01 2.9549014018194254e-02
2.4902343750000000e-01 3.2370292754343846e-02
2.5097656250000000e-01 3.5412533210073420e-02
2.5292968750000000e-01 3.8689308614877273e-02
2.5488281250000000e-01 4.2214756642846442e-02
2.5683593750000000e-01 4.6003584448816602e-02
2.5878906250000000e-01 5.0071072348153889e-02
2.6074218750000000e-01 5.4433076040540700e-02
2.6269531250000000e-01 5.9106027277733363e-02
2.6464843750000000e-01 6.4106932875288611e-02
2.6660156250000000e-01 6.9453371968721117e-02
2.6855468750000000e-01 7.5163491415481717e-02
2.7050781250000000e-01 8.1255999245556099e-02
2.7246093750000000e-01 8.7750156065398308e-02
2.7441406250000000e-01 9.4665764322349646e-02
2.7636718750000000e-01 1.0202315533966823e-01
2.7832031250000000e-01 1.0984317403582190e-01
2.8027343750000000e-01 1.1814716124579366e-01
2.8222656250000000e-01 1.2695693356681703e-01
2.8417968750000000e-01 1.3629476065621599e-01
2.8613281250000000e-01 1.4618333991486709e-01
2.8808593750000000e-01 1.5664576849624132e-01
2.9003906250000000e-01 1.6770551258800809e-01
2.9199218750000000e-01 1.7938637392080459e-01
2.9394531250000000e-01 1.9171245346696994e-01
2.9589843750000000e-01 2.0470811230081395e-01
2.9785156250000000e-01 2.1839792960131940e-01
2.9980468750000000e-01 2.3280665778804577e-01
3.0175781250000000e-01 2.4795917479138954e-01
3.0371093750000000e-01 2.6388043346924905e-01
3.0566406250000000e-01 2.8059540819349049e-01
3.0761718750000000e-01 2.9812903864140700e-01
3.0957031250000000e-01 3.1650617083956151e-01
3.1152343750000000e-01 3.3575149551995659e-01
3.1347656250000000e-01 3.5588948386136166e-01
3.1542968750000000e-01 3.7694432070178074e-01
3.1738281250000000e-01 3.9893983532143079e-01
3.1933593750000000e-01 4.2189942990915752e-01
3.2128906250000000e-01 4.4584600583889838e-01
3.2324218750000000e-01 4.7080188789653987e-01
3.2519531250000000e-01 4.9678874661125583e-01
3.2714843750000000e-01 5.2382751885910250e-01
3.2910156250000000e-01 5.5193832692018518e-01
3.3105468750000000e-01 5.8114039618407398e-01
3.3300781250000000e-01 6.1145197171123877e-01
3.3496093750000000e-01 6.4289023387102773e-01
3.3691406250000000e-01 6.7547121328906112e-01
3.3886718750000000e-01 7.0920970534879546e-01
3.4082031250000000e-01 7.4411918450331993e-01
3.4277343750000000e-01 7.8021171866415606e-01
3.4472656250000000e-01 8.1749788394383383e-01
3.4667968750000000e-01 8.5598668003825040e-01
3.4863281250000000e-01 8.9568544654322202e-01
3.5058593750000000e-01 9.3659978050714798e-01
3.5253906250000000e-01 9.7873345552822211e-01
3.5449218750000000e-01 1.0220883427101322e+00
3.5644531250000000e-01 1.0666643337945974e+00
3.5839843750000000e-01 1.1124592667923470e+00
3.6035156250000000e-01 1.1594688544361960e+00
3.6230468750000000e-01 1.2076866157806854e+00
3.6425781250000000e-01 1.2571038112722568e+00
3.6621093750000000e-01 1.3077093816121124e+00
3.6816406250000000e-01 1.3594898907307231e+00
3.7011718750000000e-01 1.4124294731883473e+00
3.7207031250000000e-01 1.4665097863099377e+00
3.7402343750000000e-01 1.5217099673553633e+00
3.7597656250000000e-01 1.5780065960170011e+00
3.7792968750000000e-01 1.6353736625264246e+00
3.7988281250000000e-01 1.6937825416401613e+00
3.8183593750000000e-01 1.7532019727612997e+00
3.8378906250000000e-01 1.8135980464391157e+00
3.8574218750000000e-01 1.8749341974729363e+00
3.8769531250000000e-01 1.9371712048291103e+00
3.8964843750000000e-01 2.0002671985613274e+00
3.9160156250000000e-01 2.0641776739046516e+00
3.9355468750000000e-01 2.1288555126925321e+00
3.9550781250000000e-01 2.1942510122238374e+00
3.9746093750000000e-01 2.2603119216836776e+00
3.9941406250000000e-01 2.3269834861974821e+00
4.0136718750000000e-01 2.3942084985726249e+00
4.0332031250000000e-01 2.4619273587559269e+00
4.0527343750000000e-01 2.5300781410085942e+00
4.0722656250000000e-01 2.5985966687728652e+00
4.0917968750000000e-01 2.6674165971768260e+00
4.1113281250000000e-01 2.7364695030955644e+00
4.1308593750000000e-01 2.8056849826583679e+00
4.1503906250000000e-01 2.8749907560630348e+00
4.1699218750000000e-01 2.9443127795295911e+00
4.1894531250000000e-01 3.0135753641971474e+00
4.2089843750000000e-01 3.0827013017392595e+00
4.2285156250000000e-01 3.1516119964450557e+00
4.2480468750000000e-01 3.2202276034858524e+00
4.2675781250000000e-01 3.2884671730600510e+00
4.2871093750000000e-01 3.3562488000828443e+00
4.3066406250000000e-01 3.4234897790618999e+00
4.3261718750000000e-01 3.4901067637758789e+00
4.3457031250000000e-01 3.5560159313493083e+00
4.3652343750000000e-01 3.6211331502953685e+00
4.3847656250000000e-01 3.6853741520774488e+00
4.4042968750000000e-01 3.7486547057211257e+00
4.4238281250000000e-01 3.8108907949905380e+00
4.4433593750000000e-01 3.8719987976271910e+00
4.4628906250000000e-01 3.9318956661349396e+00
4.4824218750000000e-01 3.9904991095825464e+00
4.5019531250000000e-01 4.0477277758847334e+00
4.5214843750000000e-01 4.1035014340141469e+00
4.5410156250000000e-01 4.1577411555902435e+00
4.5605468750000000e-01 4.2103694952867912e+00
4.5800781250000000e-01 4.2613106694974494e+00
4.5996093750000000e-01 4.3104907326989252e+00
4.6191406250000000e-01 4.3578377509534070e+00
4.6386718750000000e-01 4.4032819719963312e+00
4.6582031250000000e-01 4.4467559913621901e+00
4.6777343750000000e-01 4.4881949140099424e+00
4.6972656250000000e-01 4.5275365109205321e+00
4.7167968750000000e-01 4.5647213701522151e+00
4.7363281250000000e-01 4.5996930418547182e+00
4.7558593750000000e-01 4.6323981767605238e+00
4.7753906250000000e-01 4.6627866576909573e+00
4.7949218750000000e-01 4.6908117236360676e+00
4.8144531250000000e-01 4.7164300859903578e+00
4.8339843750000000e-01 4.7396020365513740e+00
4.8535156250000000e-01 4.7602915469146820e+00
4.8730468750000000e-01 4.7784663589269059e+00
4.8925781250000000e-01 4.7940980658880186e+00
4.9121093750000000e-01 4.8071621842250059e+00
4.9316406250000000e-01 4.8176382153910300e+00
4.9511718750000000e-01 4.8255096977773899e+00
4.9707031250000000e-01 4.8307642484595634e+00
4.9902343750000000e-01 4.8333935946334678e+00
5.0097656250000000e-01 4.8333935946334732e+00
5.0292968750000000e-01 4.8307642484595776e+00
5.0488281250000000e-01 4.8255096977774121e+00
5.0683593750000000e-01 4.8176382153910575e+00
5.0878906250000000e-01 4.8071621842250343e+00
5.1074218750000000e-01 4.7940980658880452e+00
5.1269531250000000e-01 4.7784663589269263e+00
5.1464843750000000e-01 4.7602915469146909e+00
5.1660156250000000e-01 4.7396020365513616e+00
5.1855468750000000e-01 4.7164300859903241e+00
5.2050781250000000e-01 4.6908117236360054e+00
5.2246093750000000e-01 4.6627866576908632e+00
5.2441406250000000e-01 4.6323981767603950e+00
5.2636718750000000e-01 4.5996930418545503e+00
5.2832031250000000e-01 4.5647213701520011e+00
5.3027343750000000e-01 4.5275365109202763e+00
5.3222656250000000e-01 4.4881949140096449e+00
5.3417968750000000e-01 4.4467559913618482e+00
5.3613281250000000e-01 4.4032819719959502e+00
5.3808593750000000e-01 4.3578377509529895e+00
5.4003906250000000e-01 4.3104907326984714e+00
5.4199218750000000e-01 4.2613106694969627e+00
5.4394531250000000e-01 4.2103694952862769e+00
5.4589843750000000e-01 4.1577411555897044e+00
5.4785156250000000e-01 4.1035014340135891e+00
5.4980468750000000e-01 4.0477277758841623e+00
5.5175781250000000e-01 3.9904991095819637e+00
5.5371093750000000e-01 3.9318956661343503e+00
5.5566406250000000e-01 3.8719987976265995e+00
5.5761718750000000e-01 3.8108907949899442e+00
5.5957031250000000e-01 3.7486547057205342e+00
5.6152343750000000e-01 3.6853741520768608e+00
5.6347656250000000e-01 3.6211331502947863e+00
5.6542968750000000e-01 3.5560159313487336e+00
5.6738281250000000e-01 3.4901067637753127e+00
5.6933593750000000e-01 3.4234897790613403e+00
5.7128906250000000e-01 3.3562488000822932e+00
5.7324218750000000e-01 3.2884671730595079e+00
5.7519531250000000e-01 3.2202276034853137e+00
5.7714843750000000e-01 3.1516119964445251e+00
5.7910156250000000e-01 3.0827013017387359e+00
5.8105468750000000e-01 3.0135753641966305e+00
5.8300781250000000e-01 2.9443127795290835e+00
5.8496093750000000e-01 2.8749907560625387e+00
5.8691406250000000e-01 2.8056849826578820e+00
5.8886718750000000e-01 2.7364695030950918e+00
5.9082031250000000e-01 2.6674165971763704e+00
5.9277343750000000e-01 2.5985966687724260e+00
5.9472656250000000e-01 2.5300781410081741e+00
5.9667968750000000e-01 2.4619273587555290e+00
5.9863281250000000e-01 2.3942084985722478e+00
6.0058593750000000e-01 2.3269834861971268e+00
6.0253906250000000e-01 2.2603119216833458e+00
6.0449218750000000e-01 2.1942510122235261e+00
6.0644531250000000e-01 2.1288555126922408e+00
6.0839843750000000e-01 2.0641776739043789e+00
6.1035156250000000e-01 2.0002671985610707e+00
6.1230468750000000e-01 1.9371712048288678e+00
6.1425781250000000e-01 1.8749341974727061e+00
6.1621093750000000e-01 1.8135980464388961e+00
6.1816406250000000e-01 1.7532019727610897e+00
6.2011718750000000e-01 1.6937825416399586e+00
6.2207031250000000e-01 1.6353736625262265e+00
6.2402343750000000e-01 1.5780065960168077e+00
6.2597656250000000e-01 1.5217099673551739e+00
6.2792968750000000e-01 1.4665097863097516e+00
6.2988281250000000e-01 1.4124294731881657e+00
6.3183593750000000e-01 1.3594898907305464e+00
6.3378906250000000e-01 1.3077093816119412e+00
6.3574218750000000e-01 1.2571038112720911e+00
6.3769531250000000e-01 1.2076866157805264e+00
6.3964843750000000e-01 1.1594688544360439e+00
6.4160156250000000e-01 1.1124592667922029e+00
6.4355468750000000e-01 1.0666643337944619e+00
6.4550781250000000e-01 1.0220883427100054e+00
6.4746093750000000e-01 9.7873345552810465e-01
6.4941406250000000e-01 9.3659978050703963e-01
6.5136718750000000e-01 8.9568544654312243e-01
6.5332031250000000e-01 8.5598668003816025e-01
6.5527343750000000e-01 8.1749788394375233e-01
6.5722656250000000e-01 7.8021171866408190e-01
6.5917968750000000e-01 7.4411918450325332e-01
6.6113281250000000e-01 7.0920970534873584e-01
6.6308593750000000e-01 6.7547121328900750e-01
6.6503906250000000e-01 6.4289023387097977e-01
6.6699218750000000e-01 6.1145197171119603e-01
6.6894531250000000e-01 5.8114039618403535e-01
6.7089843750000000e-01 5.5193832692015077e-01
6.7285156250000000e-01 5.2382751885907175e-01
6.7480468750000000e-01 4.9678874661122824e-01
6.7675781250000000e-01 4.7080188789651573e-01
6.7871093750000000e-01 4.4584600583887768e-01
6.8066406250000000e-01 4.2189942990913970e-01
6.8261718750000000e-01 3.9893983532141619e-01
6.8457031250000000e-01 3.7694432070176925e-01
6.8652343750000000e-01 3.5588948386135277e-01
6.8847656250000000e-01 3.3575149551995032e-01
6.9042968750000000e-01 3.1650617083955762e-01
6.9238281250000000e-01 2.9812903864140539e-01
6.9433593750000000e-01 2.8059540819349077e-01
6.9628906250000000e-01 2.6388043346925122e-01
6.9824218750000000e-01 2.4795917479139307e-01
7.0019531250000000e-01 2.3280665778805060e-01
7.0214843750000000e-01 2.1839792960132523e-01
7.0410156250000000e-01 2.0470811230082031e-01
7.0605468750000000e-01 1.9171245346697680e-01
7.0800781250000000e-01 1.7938637392081172e-01
7.0996093750000000e-01 1.6770551258801530e-01
7.1191406250000000e-01 1.5664576849624851e-01
7.1386718750000000e-01 1.4618333991487403e-01
7.1582031250000000e-01 1.3629476065622242e-01
7.1777343750000000e-01 1.2695693356682308e-01
7.1972656250000000e-01 1.1814716124579908e-01
7.2167968750000000e-01 1.0984317403582680e-01
7.2363281250000000e-01 1.0202315533967261e-01
7.2558593750000000e-01 9.4665764322353588e-02
7.2753906250000000e-01 8.7750156065401749e-02
7.2949218750000000e-01 8.1255999245559124e-02
7.3144531250000000e-01 7.5163491415484396e-02
7.3339843750000000e-01 6.9453371968723490e-02
7.3535156250000000e-01 6.4106932875290776e-02
7.3730468750000000e-01 5.9106027277735375e-02
7.3925781250000000e-01 5.4433076040542580e-02
7.4121093750000000e-01 5.0071072348155707e-02
7.4316406250000000e-01 4.6003584448818371e-02
7.4511718750000000e-01 4.2214756642848142e-02
7.4707031250000000e-01 3.8689308614878952e-02
7.4902343750000000e-01 3.5412533210075064e-02
7.5097656250000000e-01 3.2370292754345435e-02
7.5292968750000000e-01 2.9549014018195825e-02
7.5488281250000000e-01 2.6935681923074745e-02
7.5683593750000000e-01 2.4517832087920986e-02
7.5878906250000000e-01 2.2283542312130516e-02
7.6074218750000000e-01 2.0221423089356521e-02
7.6269531250000000e-01 1.8320607244463279e-02
7.6464843750000000e-01 1.6570738783597647e-02
7.6660156250000000e-01 1.4961961044749211e-02
7.6855468750000000e-01 1.3484904233365494e-02
7.7050781250000000e-01 1.2130672424598010e-02
7.7246093750000000e-01 1.0890830110603308e-02
7.7441406250000000e-01 9.7573883680344316e-03
7.7636718750000000e-01 8.7227907174558493e-03
7.7832031250000000e-01 7.7798987429218147e-03
7.8027343750000000e-01 6.9219775363959912e-03
7.8222656250000000e-01 6.1426810280796095e-03
7.8417968750000000e-01 5.4360372600769273e-03
7.8613281250000000e-01 4.7964336571784264e-03
7.8808593750000000e-01 4.2186023449021972e-03
7.9003906250000000e-01 3.6976055613187372e-03
7.9199218750000000e-01 3.2288212056094437e-03
7.9394531250000000e-01 2.8079285627885258e-03
7.9589843750000000e-01 2.4308942405652225e-03
7.9785156250000000e-01 2.0939583509497987e-03
7.9980468750000000e-01 1.7936209659236955e-03
8.0175781250000000e-01 1.5266288733109636e-03
8.0371093750000000e-01 1.2899626559131486e-03
8.0566406250000000e-01 1.0808241140105503e-03
8.0761718750000000e-01 8.9662404849540599e-04
8.0957031250000000e-01 7.3497041919235286e-04
8.1152343750000000e-01 5.9365689034264675e-04
8.1347656250000000e-01 4.7065177278432887e-04
8.1542968750000000e-01 3.6408737005314061e-04
8.1738281250000000e-01 2.7224973345992839e-04
8.1933593750000000e-01 1.9356882917016883e-04
8.2128906250000000e-01 1.2660911841993683e-04
8.2324218750000000e-01 7.0060550249242780e-05
8.2519531250000000e-01 2.2729964516648067e-05
8.2714843750000000e-01 -1.6467098523721452e-05
8.2910156250000000e-01 -4.8514187152922354e-05
8.3105468750000000e-01 -7.4301331918830575e-05
8.3300781250000000e-01 -9.4632051560126568e-05
8.3496093750000000e-01 -1.1022997949183090e-04
8.3691406250000000e-01 -1.2174512008315088e-04
8.3886718750000000e-01 -1.2975974470847318e-04
8.4082031250000000e-01 -1.3479393819586675e-04
8.4277343750000000e-01 -1.3731080683959250e-04
8.4472656250000000e-01 -1.3772135958915323e-04
8.4667968750000000e-01 -1.3638907438276484e-04
8.4863281250000000e-01 -1.3363416186328836e-04
8.5058593750000000e-01 -1.2973753890514685e-04
8.5253906250000000e-01 -1.2494452449709112e-04
8.5449218750000000e-01 -1.1946827057337172e-04
8.5644531250000000e-01 -1.1349294037035628e-04
8.5839843750000000e-01 -1.0717664681224273e-04
8.6035156250000000e-01 -1.0065416330350700e-04
8.6230468750000000e-01 -9.4039419132179320e-05
8.6425781250000000e-01 -8.7427791471918551e-05
8.6621093750000000e-01 -8.0898205716923704e-05
8.6816406250000000e-01 -7.4515055596579221e-05
8.7011718750000000e-01 -6.8329954200762257e-05
8.7207031250000000e-01 -6.2383326706138802e-05
8.7402343750000000e-01 -5.6705855232500155e-05
8.7597656250000000e-01 -5.1319785879996300e-05
8.7792968750000000e-01 -4.6240107606519308e-05
8.7988281250000000e-01 -4.1475612202776082e-05
8.8183593750000000e-01 -3.7029844213818881e-05
8.8378906250000000e-01 -3.2901949242812740e-05
8.8574218750000000e-01 -2.9087428658212158e-05
8.8769531250000000e-01 -2.5578808311679659e-05
8.8964843750000000e-01 -2.2366228463169406e-05
8.9160156250000000e-01 -1.9437961703571481e-05
8.9355468750000000e-01 -1.6780865265911054e-05
8.9550781250000000e-01 -1.4380773724868391e-05
8.9746093750000000e-01 -1.2222837702685198e-05
8.9941406250000000e-01 -1.0291813828522825e-05
9.0136718750000000e-01 -8.5723108390390534e-06
9.0332031250000000e-01 -7.0489963611875284e-06
9.0527343750000000e-01 -5.7067685846991356e-06
9.0722656250000000e-01 -4.5308967119153891e-06
9.0917968750000000e-01 -3.5071337670123019e-06
9.1113281250000000e-01 -2.6218050554574599e-06
9.1308593750000000e-01 -1.8618752879462033e-06
9.1503906250000000e-01 -1.2149971211230022e-06
9.1699218750000000e-01 -6.6954362007351754e-07
9.1894531250000000e-01 -2.1462691474767168e-07
9.2089843750000000e-01 1.5989489605713739e-07
9.2285156250000000e-01 4.6342074403075275e-07
9.2480468750000000e-01 7.0461783569465638e-07
9.2675781250000000e-01 8.9143966095085010e-07
9.2871093750000000e-01 1.0311494496503547e-06
9.3066406250000000e-01 1.1303479121998625e-06
9.3261718750000000e-01 1.1950042405086127e-06
9.3457031250000000e-01 1.2304894744633777e-06
9.3652343750000000e-01 1.2416114571490084e-06
9.3847656250000000e-01 1.2326507097609275e-06
9.4042968750000000e-01 1.2073966551490495e-06
9.4238281250000000e-01 1.1691837077596171e-06
9.4433593750000000e-01 1.1209268279729858e-06
9.4628906250000000e-01 1.0651562110396065e-06
9.4824218750000000e-01 1.0040508455556044e-06
9.5019531250000000e-01 9.3947073424749657e-07
9.5214843750000000e-01 8.7298762129559823e-07
9.5410156250000000e-01 8.0591411604780002e-07
9.5605468750000000e-01 7.3933114327491180e-07
9.5800781250000000e-01 6.7411368559470291e-07
9.5996093750000000e-01 6.1095481482539967e-07
9.6191406250000000e-01 5.5038803628296371e-07
9.6386718750000000e-01 4.9280799385182742e-07
9.6582031250000000e-01 4.3848960445616583e-07
9.6777343750000000e-01 3.8760570873516817e-07
9.6972656250000000e-01 3.4024334065295369e-07
9.7167968750000000e-01 2.9641873279594618e-07
9.7363281250000000e-01 2.5609118654103157e-07
9.7558593750000000e-01 2.1917594739485520e-07
9.7753906250000000e-01 1.8555623584552089e-07
9.7949218750000000e-01 1.5509459322158298e-07
9.8144531250000000e-01 1.2764371044987133e-07
9.8339843750000000e-01 1.0305691530199107e-07
9.8535156250000000e-01 8.1198500688900483e-08
9.8730468750000000e-01 6.1954082662207135e-08
9.8925781250000000e-01 4.5241181728092272e-08
9.9121093750000000e-01 3.1020224416555055e-08
9.9316406250000000e-01 1.9306163092498420e-08
9.9511718750000000e-01 1.0180909779892602e-08
9.9707031250000000e-01 3.8067729703464297e-09
9.9902343750000000e-01 4.4107322270939663e-10
1.0000000000000000e+00 0.0000000000000000e+00
