# MMS4TBGC Gaussian-pulse profile
# sample = 3  tau = 3.7500000000000003e-03  bv = 1.0000000000000000e-04  nx = 512
# xi phi
0.0000000000000000e+00 0.0000000000000000e+00
9.7656250000000000e-04 -1.1262516735460240e-08
2.9296875000000000e-03 -9.6077949273590089e-08
4.8828125000000000e-03 -2.5368624459250921e-07
6.8359375000000000e-03 -4.7439024855384001e-07
8.7890625000000000e-03 -7.5078970759933533e-07
1.0742187500000000e-02 -1.0774059641777699e-06
1.2695312500000000e-02 -1.4503593919242320e-06
1.4648437500000000e-02 -1.8670910937310236e-06
1.6601562500000000e-02 -2.3261214687276915e-06
1.8554687500000000e-02 -2.8268391887911661e-06
2.0507812500000000e-02 -3.3693149284501959e-06
2.2460937500000000e-02 -3.9541348793482533e-06
2.4414062500000000e-02 -4.5822496657162934e-06
2.6367187500000000e-02 -5.2548347730776948e-06
2.8320312500000000e-02 -5.9731590198038270e-06
3.0273437500000000e-02 -6.7384579500423246e-06
3.2226562500000000e-02 -7.5518093156775894e-06
3.4179687500000000e-02 -8.4140080520316564e-06
3.6132812500000000e-02 -9.3254383437059439e-06
3.8085937500000000e-02 -1.0285940529190368e-05
4.0039062500000000e-02 -1.1294670710766901e-05
4.1992187500000000e-02 -1.2349951024292698e-05
4.3945312500000000e-02 -1.3449108585566170e-05
4.5898437500000000e-02 -1.4588301169558942e-05
4.7851562500000000e-02 -1.5762327698798323e-05
4.9804687500000000e-02 -1.6964421620194302e-05
5.1757812500000000e-02 -1.8186025237881817e-05
5.3710937500000000e-02 -1.9416543045175971e-05
5.5664062500000000e-02 -2.0643072063262952e-05
5.7617187500000000e-02 -2.1850107149321035e-05
5.9570312500000000e-02 -2.3019219183766495e-05
6.1523437500000000e-02 -2.4128703986492666e-05
6.3476562500000000e-02 -2.5153199746446079e-05
6.5429687500000000e-02 -2.6063270678699365e-05
6.7382812500000000e-02 -2.6824954549298998e-05
6.9335937500000000e-02 -2.7399271631492764e-05
7.1289062500000000e-02 -2.7741692578336238e-05
7.3242187500000000e-02 -2.7801562616969157e-05
7.5195312500000000e-02 -2.7521479389844939e-05
7.7148437500000000e-02 -2.6836621688683344e-05
7.9101562500000000e-02 -2.5674026248679623e-05
8.1054687500000000e-02 -2.3951809694330842e-05
8.3007812500000000e-02 -2.1578332654917066e-05
8.4960937500000000e-02 -1.8451302998001513e-05
8.6914062500000000e-02 -1.4456815064097376e-05
8.8867187500000000e-02 -9.4683217257134969e-06
9.0820312500000000e-02 -3.3455360401763445e-06
9.2773437500000000e-02 4.0667407812114685e-06
9.4726562500000000e-02 1.2939868404101369e-05
9.6679687500000000e-02 2.3462696748782825e-05
9.8632812500000000e-02 3.5842979081871316e-05
1.0058593750000000e-01 5.0308872199253176e-05
1.0253906250000000e-01 6.7110527076018938e-05
1.0449218750000000e-01 8.6521773345115465e-05
1.0644531250000000e-01 1.0884190093899979e-04
1.0839843750000000e-01 1.3439754218670826e-04
1.1035156250000000e-01 1.6354465760148293e-04
1.1230468750000000e-01 1.9667062852044009e-04
1.1425781250000000e-01 2.3419645966674067e-04
1.1621093750000000e-01 2.7657909459535786e-04
1.1816406250000000e-01 3.2431384685485887e-04
1.2011718750000000e-01 3.7793694954868734e-04
1.2207031250000000e-01 4.3802822580930477e-04
1.2402343750000000e-01 5.0521388250633365e-04
1.2597656250000000e-01 5.8016942929465327e-04
1.2792968750000000e-01 6.6362272486940354e-04
1.2988281250000000e-01 7.5635715203124993e-04
1.3183593750000000e-01 8.5921492287631949e-04
1.3378906250000000e-01 9.7310051511023676e-04
1.3574218750000000e-01 1.0989842401440343e-03
1.3769531250000000e-01 1.2379059432608569e-03
1.3964843750000000e-01 1.3909788357458143e-03
1.4160156250000000e-01 1.5593934584466765e-03
1.4355468750000000e-01 1.7444217757800549e-03
1.4550781250000000e-01 1.9474213987160484e-03
1.4746093750000000e-01 2.1698399347639800e-03
1.4941406250000000e-01 2.4132194624427875e-03
1.5136718750000000e-01 2.6792011271520215e-03
1.5332031250000000e-01 2.9695298547635007e-03
1.5527343750000000e-01 3.2860591786298410e-03
1.5722656250000000e-01 3.6307561750549369e-03
1.5917968750000000e-01 4.0057065015935379e-03
1.6113281250000000e-01 4.4131195318433940e-03
1.6308593750000000e-01 4.8553335796648247e-03
1.6503906250000000e-01 5.3348212050102917e-03
1.6699218750000000e-01 5.8541945927718508e-03
1.6894531250000000e-01 6.4162109952588262e-03
1.7089843750000000e-01 7.0237782281033102e-03
1.7285156250000000e-01 7.6799602085588321e-03
1.7480468750000000e-01 8.3879825243102953e-03
1.7675781250000000e-01 9.1512380200525316e-03
1.7871093750000000e-01 9.9732923882236632e-03
1.8066406250000000e-01 1.0857889749400105e-02
1.8261718750000000e-01 1.1808958206975253e-02
1.8457031250000000e-01 1.2830615359856867e-02
1.8652343750000000e-01 1.3927173756031752e-02
1.8847656250000000e-01 1.5103146268964062e-02
1.9042968750000000e-01 1.6363251377918674e-02
1.9238281250000000e-01 1.7712418332437741e-02
1.9433593750000000e-01 1.9155792180349494e-02
1.9628906250000000e-01 2.0698738637859090e-02
1.9824218750000000e-01 2.2346848779464436e-02
2.0019531250000000e-01 2.4105943524660549e-02
2.0214843750000000e-01 2.5982077897648323e-02
2.0410156250000000e-01 2.7981545035551912e-02
2.0605468750000000e-01 3.0110879919977830e-02
2.0800781250000000e-01 3.2376862806122945e-02
2.0996093750000000e-01 3.4786522323063299e-02
2.1191406250000000e-01 3.7347138218333867e-02
2.1386718750000000e-01 4.0066243719448405e-02
2.1582031250000000e-01 4.2951627484610892e-02
2.1777343750000000e-01 4.6011335114542175e-02
2.1972656250000000e-01 4.9253670197090739e-02
2.2167968750000000e-01 5.2687194856121236e-02
2.2363281250000000e-01 5.6320729776081033e-02
2.2558593750000000e-01 6.0163353673640702e-02
2.2753906250000000e-01 6.4224402187891647e-02
2.2949218750000000e-01 6.8513466160767145e-02
2.3144531250000000e-01 7.3040389279637366e-02
2.3339843750000000e-01 7.7815265054417951e-02
2.3535156250000000e-01 8.2848433102027649e-02
2.3730468750000000e-01 8.8150474711638727e-02
2.3925781250000000e-01 9.3732207664887740e-02
2.4121093750000000e-01 9.9604680286053113e-02
2.4316406250000000e-01 1.0577916469816760e-01
2.4511718750000000e-01 1.1226714926211685e-01
2.4707031250000000e-01 1.1908033017698158e-01
2.4902343750000000e-01 1.2623060222121391e-01
2.5097656250000000e-01 1.3373004861569845e-01
2.5292968750000000e-01 1.4159092999133455e-01
2.5488281250000000e-01 1.4982567244548953e-01
2.5683593750000000e-01 1.5844685467351557e-01
2.5878906250000000e-01 1.6746719416348779e-01
2.6074218750000000e-01 1.7689953244441295e-01
2.6269531250000000e-01 1.8675681938037444e-01
2.6464843750000000e-01 1.9705209650541175e-01
2.6660156250000000e-01 2.0779847939638468e-01
2.6855468750000000e-01 2.1900913908364009e-01
2.7050781250000000e-01 2.3069728250197127e-01
2.7246093750000000e-01 2.4287613198714109e-01
2.7441406250000000e-01 2.5555890382611901e-01
2.7636718750000000e-01 2.6875878587215524e-01
2.7832031250000000e-01 2.8248891423886907e-01
2.8027343750000000e-01 2.9676234909067661e-01
2.8222656250000000e-01 3.1159204955008435e-01
2.8417968750000000e-01 3.2699084774565462e-01
2.8613281250000000e-01 3.4297142202777658e-01
2.8808593750000000e-01 3.5954626938275297e-01
2.9003906250000000e-01 3.7672767707911786e-01
2.9199218750000000e-01 3.9452769358354489e-01
2.9394531250000000e-01 4.1295809878714612e-01
2.9589843750000000e-01 4.3203037358642077e-01
2.9785156250000000e-01 4.5175566886655716e-01
2.9980468750000000e-01 4.7214477393820969e-01
3.0175781250000000e-01 4.9320808448226949e-01
3.0371093750000000e-01 5.1495557006048975e-01
3.0566406250000000e-01 5.3739674125310910e-01
3.0761718750000000e-01 5.6054061648783571e-01
3.0957031250000000e-01 5.8439568862767566e-01
3.1152343750000000e-01 6.0896989138812641e-01
3.1347656250000000e-01 6.3427056565716089e-01
3.1542968750000000e-01 6.6030442579423110e-01
3.1738281250000000e-01 6.8707752598715355e-01
3.1933593750000000e-01 7.1459522674825116e-01
3.2128906250000000e-01 7.4286216163344054e-01
3.2324218750000000e-01 7.7188220427011378e-01
3.2519531250000000e-01 8.0165843578161133e-01
3.2714843750000000e-01 8.3219311269783924e-01
3.2910156250000000e-01 8.6348763544311213e-01
3.3105468750000000e-01 8.9554251749360503e-01
3.3300781250000000e-01 9.2835735529786523e-01
3.3496093750000000e-01 9.6193079905463996e-01
3.3691406250000000e-01 9.9626052444282009e-01
3.3886718750000000e-01 1.0313432053985943e+00
3.4082031250000000e-01 1.0671744880348830e+00
3.4277343750000000e-01 1.1037489657978492e+00
3.4472656250000000e-01 1.1410601559546887e+00
3.4667968750000000e-01 1.1791004775060232e+00
3.4863281250000000e-01 1.2178612306150176e+00
3.5058593750000000e-01 1.2573325776438569e+00
3.5253906250000000e-01 1.2975035258863874e+00
3.5449218750000000e-01 1.3383619120835972e+00
3.5644531250000000e-01 1.3798943888061832e+00
3.5839843750000000e-01 1.4220864127856523e+00
3.6035156250000000e-01 1.4649222352723588e+00
3.6230468750000000e-01 1.5083848944954688e+00
3.6425781250000000e-01 1.5524562102961452e+00
3.6621093750000000e-01 1.5971167810012374e+00
3.6816406250000000e-01 1.6423459826004720e+00
3.7011718750000000e-01 1.6881219702855246e+00
3.7207031250000000e-01 1.7344216824044840e+00
3.7402343750000000e-01 1.7812208468800859e+00
3.7597656250000000e-01 1.8284939901346549e+00
3.7792968750000000e-01 1.8762144485590608e+00
3.7988281250000000e-01 1.9243543825570695e+00
3.8183593750000000e-01 1.9728847931903970e+00
3.8378906250000000e-01 2.0217755414433922e+00
3.8574218750000000e-01 2.0709953701198192e+00
3.8769531250000000e-01 2.1205119283774896e+00
3.8964843750000000e-01 2.1702917988996724e+00
3.9160156250000000e-01 2.2203005276952377e+00
3.9355468750000000e-01 2.2705026565124120e+00
3.9550781250000000e-01 2.3208617578438373e+00
3.9746093750000000e-01 2.3713404724934026e+00
3.9941406250000000e-01 2.4219005496680088e+00
4.0136718750000000e-01 2.4725028895501082e+00
4.0332031250000000e-01 2.5231075882995886e+00
4.0527343750000000e-01 2.5736739854262085e+00
4.0722656250000000e-01 2.6241607134666336e+00
4.0917968750000000e-01 2.6745257498928732e+00
4.1113281250000000e-01 2.7247264711719139e+00
4.1308593750000000e-01 2.7747197088893363e+00
4.1503906250000000e-01 2.8244618078429777e+00
4.1699218750000000e-01 2.8739086860059757e+00
4.1894531250000000e-01 2.9230158962521768e+00
4.2089843750000000e-01 2.9717386897306515e+00
4.2285156250000000e-01 3.0200320807700729e+00
4.2480468750000000e-01 3.0678509131880296e+00
4.2675781250000000e-01 3.1151499278749424e+00
4.2871093750000000e-01 3.1618838315171094e+00
4.3066406250000000e-01 3.2080073663186868e+00
4.3261718750000000e-01 3.2534753805779437e+00
4.3457031250000000e-01 3.2982428999691114e+00
4.3652343750000000e-01 3.3422651993774584e+00
4.3847656250000000e-01 3.3854978751320077e+00
4.4042968750000000e-01 3.4278969174773986e+00
4.4238281250000000e-01 3.4694187831240759e+00
4.4433593750000000e-01 3.5100204677139715e+00
4.4628906250000000e-01 3.5496595780373537e+00
4.4824218750000000e-01 3.5882944038355085e+00
4.5019531250000000e-01 3.6258839890232974e+00
4.5214843750000000e-01 3.6623882021656411e+00
4.5410156250000000e-01 3.6977678060422909e+00
4.5605468750000000e-01 3.7319845261362223e+00
4.5800781250000000e-01 3.7650011178823117e+00
4.5996093750000000e-01 3.7967814325148490e+00
4.6191406250000000e-01 3.8272904813548214e+00
4.6386718750000000e-01 3.8564944983807101e+00
4.6582031250000000e-01 3.8843610009298617e+00
4.6777343750000000e-01 3.9108588483813334e+00
4.6972656250000000e-01 3.9359582986753034e+00
4.7167968750000000e-01 3.9596310625288527e+00
4.7363281250000000e-01 3.9818503552130986e+00
4.7558593750000000e-01 4.0025909457621616e+00
4.7753906250000000e-01 4.0218292034904559e+00
4.7949218750000000e-01 4.0395431417011292e+00
4.8144531250000000e-01 4.0557124584752238e+00
4.8339843750000000e-01 4.0703185744381640e+00
4.8535156250000000e-01 4.0833446674076610e+00
4.8730468750000000e-01 4.0947757038347321e+00
4.8925781250000000e-01 4.1045984669576372e+00
4.9121093750000000e-01 4.1128015815966990e+00
4.9316406250000000e-01 4.1193755355265154e+00
4.9511718750000000e-01 4.1243126973707174e+00
4.9707031250000000e-01 4.1276073309733361e+00
4.9902343750000000e-01 4.1292556062098047e+00
5.0097656250000000e-01 4.1292556062098065e+00
5.0292968750000000e-01 4.1276073309733379e+00
5.0488281250000000e-01 4.1243126973707183e+00
5.0683593750000000e-01 4.1193755355265127e+00
5.0878906250000000e-01 4.1128015815966918e+00
5.1074218750000000e-01 4.1045984669576203e+00
5.1269531250000000e-01 4.0947757038347028e+00
5.1464843750000000e-01 4.0833446674076139e+00
5.1660156250000000e-01 4.0703185744380965e+00
5.1855468750000000e-01 4.0557124584751305e+00
5.2050781250000000e-01 4.0395431417010084e+00
5.2246093750000000e-01 4.0218292034903014e+00
5.2441406250000000e-01 4.0025909457619733e+00
5.2636718750000000e-01 3.9818503552128730e+00
5.2832031250000000e-01 3.9596310625285862e+00
5.3027343750000000e-01 3.9359582986749930e+00
5.3222656250000000e-01 3.9108588483809807e+00
5.3417968750000000e-01 3.8843610009294651e+00
5.3613281250000000e-01 3.8564944983802749e+00
5.3808593750000000e-01 3.8272904813543485e+00
5.4003906250000000e-01 3.7967814325143387e+00
5.4199218750000000e-01 3.7650011178817704e+00
5.4394531250000000e-01 3.7319845261356517e+00
5.4589843750000000e-01 3.6977678060416945e+00
5.4785156250000000e-01 3.6623882021650247e+00
5.4980468750000000e-01 3.6258839890226660e+00
5.5175781250000000e-01 3.5882944038348632e+00
5.5371093750000000e-01 3.5496595780367026e+00
5.5566406250000000e-01 3.5100204677133133e+00
5.5761718750000000e-01 3.4694187831234160e+00
5.5957031250000000e-01 3.4278969174767386e+00
5.6152343750000000e-01 3.3854978751313483e+00
5.6347656250000000e-01 3.3422651993768011e+00
5.6542968750000000e-01 3.2982428999684563e+00
5.6738281250000000e-01 3.2534753805772949e+00
5.6933593750000000e-01 3.2080073663180420e+00
5.7128906250000000e-01 3.1618838315164712e+00
5.7324218750000000e-01 3.1151499278743096e+00
5.7519531250000000e-01 3.0678509131874012e+00
5.7714843750000000e-01 3.0200320807694476e+00
5.7910156250000000e-01 2.9717386897300320e+00
5.8105468750000000e-01 2.9230158962515631e+00
5.8300781250000000e-01 2.8739086860053709e+00
5.8496093750000000e-01 2.8244618078423831e+00
5.8691406250000000e-01 2.7747197088887519e+00
5.8886718750000000e-01 2.7247264711713433e+00
5.9082031250000000e-01 2.6745257498923194e+00
5.9277343750000000e-01 2.6241607134660949e+00
5.9472656250000000e-01 2.5736739854256880e+00
5.9667968750000000e-01 2.5231075882990881e+00
5.9863281250000000e-01 2.4725028895496299e+00
6.0058593750000000e-01 2.4219005496675527e+00
6.0253906250000000e-01 2.3713404724929705e+00
6.0449218750000000e-01 2.3208617578434256e+00
6.0644531250000000e-01 2.2705026565120217e+00
6.0839843750000000e-01 2.2203005276948669e+00
6.1035156250000000e-01 2.1702917988993184e+00
6.1230468750000000e-01 2.1205119283771507e+00
6.1425781250000000e-01 2.0709953701194936e+00
6.1621093750000000e-01 2.0217755414430783e+00
6.1816406250000000e-01 1.9728847931900930e+00
6.2011718750000000e-01 1.9243543825567730e+00
6.2207031250000000e-01 1.8762144485587695e+00
6.2402343750000000e-01 1.8284939901343693e+00
6.2597656250000000e-01 1.7812208468798043e+00
6.2792968750000000e-01 1.7344216824042071e+00
6.2988281250000000e-01 1.6881219702852535e+00
6.3183593750000000e-01 1.6423459826002076e+00
6.3378906250000000e-01 1.5971167810009794e+00
6.3574218750000000e-01 1.5524562102958956e+00
6.3769531250000000e-01 1.5083848944952285e+00
6.3964843750000000e-01 1.4649222352721281e+00
6.4160156250000000e-01 1.4220864127854329e+00
6.4355468750000000e-01 1.3798943888059763e+00
6.4550781250000000e-01 1.3383619120834029e+00
6.4746093750000000e-01 1.2975035258862067e+00
6.4941406250000000e-01 1.2573325776436899e+00
6.5136718750000000e-01 1.2178612306148631e+00
6.5332031250000000e-01 1.1791004775058815e+00
6.5527343750000000e-01 1.1410601559545590e+00
6.5722656250000000e-01 1.1037489657977302e+00
6.5917968750000000e-01 1.0671744880347753e+00
6.6113281250000000e-01 1.0313432053984966e+00
6.6308593750000000e-01 9.9626052444273183e-01
6.6503906250000000e-01 9.6193079905456036e-01
6.6699218750000000e-01 9.2835735529779340e-01
6.6894531250000000e-01 8.9554251749353941e-01
6.7089843750000000e-01 8.6348763544305296e-01
6.7285156250000000e-01 8.3219311269778595e-01
6.7480468750000000e-01 8.0165843578156359e-01
6.7675781250000000e-01 7.7188220427007170e-01
6.7871093750000000e-01 7.4286216163340413e-01
6.8066406250000000e-01 7.1459522674822007e-01
6.8261718750000000e-01 6.8707752598712779e-01
6.8457031250000000e-01 6.6030442579421056e-01
6.8652343750000000e-01 6.3427056565714490e-01
6.8847656250000000e-01 6.0896989138811497e-01
6.9042968750000000e-01 5.8439568862766877e-01
6.9238281250000000e-01 5.6054061648783271e-01
6.9433593750000000e-01 5.3739674125310988e-01
6.9628906250000000e-01 5.1495557006049364e-01
6.9824218750000000e-01 4.9320808448227665e-01
7.0019531250000000e-01 4.7214477393821935e-01
7.0214843750000000e-01 4.5175566886656865e-01
7.0410156250000000e-01 4.3203037358643342e-01
7.0605468750000000e-01 4.1295809878715944e-01
7.0800781250000000e-01 3.9452769358355883e-01
7.0996093750000000e-01 3.7672767707913168e-01
7.1191406250000000e-01 3.5954626938276640e-01
7.1386718750000000e-01 3.4297142202778930e-01
7.1582031250000000e-01 3.2699084774566606e-01
7.1777343750000000e-01 3.1159204955009440e-01
7.1972656250000000e-01 2.9676234909068516e-01
7.2167968750000000e-01 2.8248891423887618e-01
7.2363281250000000e-01 2.6875878587216101e-01
7.2558593750000000e-01 2.5555890382612367e-01
7.2753906250000000e-01 2.4287613198714447e-01
7.2949218750000000e-01 2.3069728250197374e-01
7.3144531250000000e-01 2.1900913908364175e-01
7.3339843750000000e-01 2.0779847939638557e-01
7.3535156250000000e-01 1.9705209650541225e-01
7.3730468750000000e-01 1.8675681938037481e-01
7.3925781250000000e-01 1.7689953244441320e-01
7.4121093750000000e-01 1.6746719416348821e-01
7.4316406250000000e-01 1.5844685467351616e-01
7.4511718750000000e-01 1.4982567244549019e-01
7.4707031250000000e-01 1.4159092999133543e-01
7.4902343750000000e-01 1.3373004861569948e-01
7.5097656250000000e-01 1.2623060222121502e-01
7.5292968750000000e-01 1.1908033017698282e-01
7.5488281250000000e-01 1.1226714926211817e-01
7.5683593750000000e-01 1.0577916469816891e-01
7.5878906250000000e-01 9.9604680286054403e-02
7.6074218750000000e-01 9.3732207664888961e-02
7.6269531250000000e-01 8.8150474711639767e-02
7.6464843750000000e-01 8.2848433102028579e-02
7.6660156250000000e-01 7.7815265054418728e-02
7.6855468750000000e-01 7.3040389279637935e-02
7.7050781250000000e-01 6.8513466160767547e-02
7.7246093750000000e-01 6.4224402187891910e-02
7.7441406250000000e-01 6.0163353673640819e-02
7.7636718750000000e-01 5.6320729776081067e-02
7.7832031250000000e-01 5.2687194856121222e-02
7.8027343750000000e-01 4.9253670197090683e-02
7.8222656250000000e-01 4.6011335114542112e-02
7.8417968750000000e-01 4.2951627484610885e-02
7.8613281250000000e-01 4.0066243719448467e-02
7.8808593750000000e-01 3.7347138218334040e-02
7.9003906250000000e-01 3.4786522323063562e-02
7.9199218750000000e-01 3.2376862806123306e-02
7.9394531250000000e-01 3.0110879919978299e-02
7.9589843750000000e-01 2.7981545035552467e-02
7.9785156250000000e-01 2.5982077897648920e-02
7.9980468750000000e-01 2.4105943524661191e-02
8.0175781250000000e-01 2.2346848779465099e-02
8.0371093750000000e-01 2.0698738637859756e-02
8.0566406250000000e-01 1.9155792180350149e-02
8.0761718750000000e-01 1.7712418332438376e-02
8.0957031250000000e-01 1.6363251377919264e-02
8.1152343750000000e-01 1.5103146268964600e-02
8.1347656250000000e-01 1.3927173756032238e-02
8.1542968750000000e-01 1.2830615359857292e-02
8.1738281250000000e-01 1.1808958206975619e-02
8.1933593750000000e-01 1.0857889749400417e-02
8.2128906250000000e-01 9.9732923882239286e-03
8.2324218750000000e-01 9.1512380200527571e-03
8.2519531250000000e-01 8.3879825243104861e-03
8.2714843750000000e-01 7.6799602085589917e-03
8.2910156250000000e-01 7.0237782281034507e-03
8.3105468750000000e-01 6.4162109952589554e-03
8.3300781250000000e-01 5.8541945927719670e-03
8.3496093750000000e-01 5.3348212050104071e-03
8.3691406250000000e-01 4.8553335796649392e-03
8.3886718750000000e-01 4.4131195318435094e-03
8.4082031250000000e-01 4.0057065015936559e-03
8.4277343750000000e-01 3.6307561750550557e-03
8.4472656250000000e-01 3.2860591786299611e-03
8.4667968750000000e-01 2.9695298547636208e-03
8.4863281250000000e-01 2.6792011271521408e-03
8.5058593750000000e-01 2.4132194624429037e-03
8.5253906250000000e-01 2.1698399347640936e-03
8.5449218750000000e-01 1.9474213987161581e-03
8.5644531250000000e-01 1.7444217757801603e-03
8.5839843750000000e-01 1.5593934584467769e-03
8.6035156250000000e-01 1.3909788357459082e-03
8.6230468750000000e-01 1.2379059432609447e-03
8.6425781250000000e-01 1.0989842401441161e-03
8.6621093750000000e-01 9.7310051511031266e-04
8.6816406250000000e-01 8.5921492287638920e-04
8.7011718750000000e-01 7.5635715203131422e-04
8.7207031250000000e-01 6.6362272486946295e-04
8.7402343750000000e-01 5.8016942929470748e-04
8.7597656250000000e-01 5.0521388250638342e-04
8.7792968750000000e-01 4.3802822580935058e-04
8.7988281250000000e-01 3.7793694954872946e-04
8.8183593750000000e-01 3.2431384685489774e-04
8.8378906250000000e-01 2.7657909459539369e-04
8.8574218750000000e-01 2.3419645966677377e-04
8.8769531250000000e-01 1.9667062852047064e-04
8.8964843750000000e-01 1.6354465760151106e-04
8.9160156250000000e-01 1.3439754218673401e-04
8.9355468750000000e-01 1.0884190093902324e-04
8.9550781250000000e-01 8.6521773345136783e-05
8.9746093750000000e-01 6.7110527076038264e-05
8.9941406250000000e-01 5.0308872199270652e-05
9.0136718750000000e-01 3.5842979081887051e-05
9.0332031250000000e-01 2.3462696748796933e-05
9.0527343750000000e-01 1.2939868404114000e-05
9.0722656250000000e-01 4.0667407812227264e-06
9.0917968750000000e-01 -3.3455360401663385e-06
9.1113281250000000e-01 -9.4683217257046369e-06
9.1308593750000000e-01 -1.4456815064089565e-05
9.1503906250000000e-01 -1.8451302997994638e-05
9.1699218750000000e-01 -2.1578332654911046e-05
9.1894531250000000e-01 -2.3951809694325610e-05
9.2089843750000000e-01 -2.5674026248675083e-05
9.2285156250000000e-01 -2.6836621688679461e-05
9.2480468750000000e-01 -2.7521479389841669e-05
9.2675781250000000e-01 -2.7801562616966430e-05
9.2871093750000000e-01 -2.7741692578334022e-05
9.3066406250000000e-01 -2.7399271631490981e-05
9.3261718750000000e-01 -2.6824954549297613e-05
9.3457031250000000e-01 -2.6063270678698342e-05
9.3652343750000000e-01 -2.5153199746445371e-05
9.3847656250000000e-01 -2.4128703986492216e-05
9.4042968750000000e-01 -2.3019219183766271e-05
9.4238281250000000e-01 -2.1850107149320994e-05
9.4433593750000000e-01 -2.0643072063263060e-05
9.4628906250000000e-01 -1.9416543045176191e-05
9.4824218750000000e-01 -1.8186025237882119e-05
9.5019531250000000e-01 -1.6964421620194645e-05
9.5214843750000000e-01 -1.5762327698798685e-05
9.5410156250000000e-01 -1.4588301169559304e-05
9.5605468750000000e-01 -1.3449108585566516e-05
9.5800781250000000e-01 -1.2349951024293027e-05
9.5996093750000000e-01 -1.1294670710767208e-05
9.6191406250000000e-01 -1.0285940529190641e-05
9.6386718750000000e-01 -9.3254383437061895e-06
9.6582031250000000e-01 -8.4140080520318665e-06
9.6777343750000000e-01 -7.5518093156777706e-06
9.6972656250000000e-01 -6.7384579500424813e-06
9.7167968750000000e-01 -5.9731590198039634e-06
9.7363281250000000e-01 -5.2548347730778117e-06
9.7558593750000000e-01 -4.5822496657163951e-06
9.7753906250000000e-01 -3.9541348793483397e-06
9.7949218750000000e-01 -3.3693149284502688e-06
9.8144531250000000e-01 -2.8268391887912271e-06
9.8339843750000000e-01 -2.3261214687277411e-06
9.8535156250000000e-01 -1.8670910937310624e-06
9.8730468750000000e-01 -1.4503593919242613e-06
9.8925781250000000e-01 -1.0774059641777912e-06
9.9121093750000000e-01 -7.5078970759934994e-07
9.9316406250000000e-01 -4.7439024855384917e-07
9.9511718750000000e-01 -2.5368624459251408e-07
9.9707031250000000e-01 -9.6077949273591862e-08
9.9902343750000000e-01 -1.1262516735460456e-08
1.0000000000000000e+00 0.0000000000000000e+00
