# MMS4TBGC Gaussian-pulse profile
# sample = 4  tau = 5.0000000000000001e-03  bv = 1.0000000000000000e-04  nx = 512
# xi phi
0.0000000000000000e+00 0.0000000000000000e+00
9.7656250000000000e-04 3.5081914839518728e-08
2.9296875000000000e-03 3.0683259609429911e-07
4.8828125000000000e-03 8.3236740308083615e-07
6.8359375000000000e-03 1.6026863679205981e-06
8.7890625000000000e-03 2.6173348301373712e-06
1.0742187500000000e-02 3.8836952207716290e-06
1.2695312500000000e-02 5.4164018164972187e-06
1.4648437500000000e-02 7.2368722359274040e-06
1.6601562500000000e-02 9.3729486284746649e-06
1.8554687500000000e-02 1.1858641177791552e-05
2.0507812500000000e-02 1.4733966566009523e-05
2.2460937500000000e-02 1.8044874313786540e-05
2.4414062500000000e-02 2.1843254342631050e-05
2.6367187500000000e-02 2.6187019638499494e-05
2.8320312500000000e-02 3.1140258483542679e-05
3.0273437500000000e-02 3.6773451332683509e-05
3.2226562500000000e-02 4.3163748019511397e-05
3.4179687500000000e-02 5.0395301565100387e-05
3.6132812500000000e-02 5.8559655422630868e-05
3.8085937500000000e-02 6.7756181513086130e-05
4.0039062500000000e-02 7.8092566888839646e-05
4.1992187500000000e-02 8.9685347300914230e-05
4.3945312500000000e-02 1.0266048634195195e-04
4.5898437500000000e-02 1.1715399919145529e-04
4.7851562500000000e-02 1.3331262030435585e-04
4.9804687500000000e-02 1.5129451466060651e-04
5.1757812500000000e-02 1.7127003243469369e-04
5.3710937500000000e-02 1.9342250715223734e-04
5.5664062500000000e-02 2.1794909757870523e-04
5.7617187500000000e-02 2.4506167373512946e-04
5.9570312500000000e-02 2.7498774755986690e-04
6.1523437500000000e-02 3.0797144883602492e-04
6.3476562500000000e-02 3.4427454708311264e-04
6.5429687500000000e-02 3.8417752017054664e-04
6.7382812500000000e-02 4.2798067045139417e-04
6.9335937500000000e-02 4.7600528923859260e-04
7.1289062500000000e-02 5.2859487045403336e-04
7.3242187500000000e-02 5.8611637427443276e-04
7.5195312500000000e-02 6.4896154157773056e-04
7.7148437500000000e-02 7.1754825996065894e-04
7.9101562500000000e-02 7.9232198205276562e-04
8.1054687500000000e-02 8.7375719679513657e-04
8.3007812500000000e-02 9.6235895428379648e-04
8.4960937500000000e-02 1.0586644446986813e-03
8.6914062500000000e-02 1.1632446317495009e-03
8.8867187500000000e-02 1.2767059409699785e-03
9.0820312500000000e-02 1.3996920030821269e-03
9.2773437500000000e-02 1.5328854525325745e-03
9.4726562500000000e-02 1.6770097811735832e-03
9.6679687500000000e-02 1.8328312469225246e-03
9.8632812500000000e-02 2.0011608370852415e-03
1.0058593750000000e-01 2.1828562858710291e-03
1.0253906250000000e-01 2.3788241454600831e-03
1.0449218750000000e-01 2.5900219098081933e-03
1.0644531250000000e-01 2.8174601901883901e-03
1.0839843750000000e-01 3.0622049412752667e-03
1.1035156250000000e-01 3.3253797363749305e-03
1.1230468750000000e-01 3.6081680901921659e-03
1.1425781250000000e-01 3.9118158273065253e-03
1.1621093750000000e-01 4.2376334943010525e-03
1.1816406250000000e-01 4.5869988132511644e-03
1.2011718750000000e-01 4.9613591740374080e-03
1.2207031250000000e-01 5.3622341626944677e-03
1.2402343750000000e-01 5.7912181227503462e-03
1.2597656250000000e-01 6.2499827462443340e-03
1.2792968750000000e-01 6.7402796908408334e-03
1.2988281250000000e-01 7.2639432191784568e-03
1.3183593750000000e-01 7.8228928563108431e-03
1.3378906250000000e-01 8.4191360608076894e-03
1.3574218750000000e-01 9.0547709047921580e-03
1.3769531250000000e-01 9.7319887578946607e-03
1.3964843750000000e-01 1.0453076969804107e-02
1.4160156250000000e-01 1.1220421545795859e-02
1.4355468750000000e-01 1.2036509809312547e-02
1.4550781250000000e-01 1.2903933045369876e-02
1.4746093750000000e-01 1.3825389118255357e-02
1.4941406250000000e-01 1.4803685056684640e-02
1.5136718750000000e-01 1.5841739599278707e-02
1.5332031250000000e-01 1.6942585692926355e-02
1.5527343750000000e-01 1.8109372936301365e-02
1.5722656250000000e-01 1.9345369960513524e-02
1.5917968750000000e-01 2.0653966738588270e-02
1.6113281250000000e-01 2.2038676815192230e-02
1.6308593750000000e-01 2.3503139447752633e-02
1.6503906250000000e-01 2.5051121649858597e-02
1.6699218750000000e-01 2.6686520127582658e-02
1.6894531250000000e-01 2.8413363099123307e-02
1.7089843750000000e-01 3.0235811987944301e-02
1.7285156250000000e-01 3.2158162979376258e-02
1.7480468750000000e-01 3.4184848430450970e-02
1.7675781250000000e-01 3.6320438122560875e-02
1.7871093750000000e-01 3.8569640346376194e-02
1.8066406250000000e-01 4.0937302808312419e-02
1.8261718750000000e-01 4.3428413347720587e-02
1.8457031250000000e-01 4.6048100453876042e-02
1.8652343750000000e-01 4.8801633571767596e-02
1.8847656250000000e-01 5.1694423185639528e-02
1.9042968750000000e-01 5.4732020669216230e-02
1.9238281250000000e-01 5.7920117891543478e-02
1.9433593750000000e-01 6.1264546567413328e-02
1.9628906250000000e-01 6.4771277341401604e-02
1.9824218750000000e-01 6.8446418594641248e-02
2.0019531250000000e-01 7.2296214963579561e-02
2.0214843750000000e-01 7.6327045560125900e-02
2.0410156250000000e-01 8.0545421882789306e-02
2.0605468750000000e-01 8.4957985408632336e-02
2.0800781250000000e-01 8.9571504856130899e-02
2.0996093750000000e-01 9.4392873109330380e-02
2.1191406250000000e-01 9.9429103794024684e-02
2.1386718750000000e-01 1.0468732749706021e-01
2.1582031250000000e-01 1.1017478762028173e-01
2.1777343750000000e-01 1.1589883586108736e-01
2.1972656250000000e-01 1.2186692731205487e-01
2.2167968750000000e-01 1.2808661517263031e-01
2.2363281250000000e-01 1.3456554506644286e-01
2.2558593750000000e-01 1.4131144895841907e-01
2.2753906250000000e-01 1.4833213866652264e-01
2.2949218750000000e-01 1.5563549896363191e-01
2.3144531250000000e-01 1.6322948026579798e-01
2.3339843750000000e-01 1.7112209090389402e-01
2.3535156250000000e-01 1.7932138897646843e-01
2.3730468750000000e-01 1.8783547378245821e-01
2.3925781250000000e-01 1.9667247683329625e-01
2.4121093750000000e-01 2.0584055244485888e-01
2.4316406250000000e-01 2.1534786791064539e-01
2.4511718750000000e-01 2.2520259325856326e-01
2.4707031250000000e-01 2.3541289059469897e-01
2.4902343750000000e-01 2.4598690303849555e-01
2.5097656250000000e-01 2.5693274325482507e-01
2.5292968750000000e-01 2.6825848158953530e-01
2.5488281250000000e-01 2.7997213381616332e-01
2.5683593750000000e-01 2.9208164850265195e-01
2.5878906250000000e-01 3.0459489400805206e-01
2.6074218750000000e-01 3.1751964512037256e-01
2.6269531250000000e-01 3.3086356934792044e-01
2.6464843750000000e-01 3.4463421287767282e-01
2.6660156250000000e-01 3.5883898621542398e-01
2.6855468750000000e-01 3.7348514952366368e-01
2.7050781250000000e-01 3.8857979767434764e-01
2.7246093750000000e-01 4.0412984503493649e-01
2.7441406250000000e-01 4.2014201000728063e-01
2.7636718750000000e-01 4.3662279934012393e-01
2.7832031250000000e-01 4.5357849223718677e-01
2.8027343750000000e-01 4.7101512428395309e-01
2.8222656250000000e-01 4.8893847121744033e-01
2.8417968750000000e-01 5.0735403256435430e-01
2.8613281250000000e-01 5.2626701517413410e-01
2.8808593750000000e-01 5.4568231667445888e-01
2.9003906250000000e-01 5.6560450887782743e-01
2.9199218750000000e-01 5.8603782116881575e-01
2.9394531250000000e-01 6.0698612390257511e-01
2.9589843750000000e-01 6.2845291184603980e-01
2.9785156250000000e-01 6.5044128769418164e-01
2.9980468750000000e-01 6.7295394569444134e-01
3.0175781250000000e-01 6.9599315541323103e-01
3.0371093750000000e-01 7.1956074567908157e-01
3.0566406250000000e-01 7.4365808873763695e-01
3.0761718750000000e-01 7.6828608465425097e-01
3.0957031250000000e-01 7.9344514600043348e-01
3.1152343750000000e-01 8.1913518286079934e-01
3.1347656250000000e-01 8.4535558819750589e-01
3.1542968750000000e-01 8.7210522360942577e-01
3.1738281250000000e-01 8.9938240552346105e-01
3.1933593750000000e-01 9.2718489185549791e-01
3.2128906250000000e-01 9.5550986917848912e-01
3.2324218750000000e-01 9.8435394043506719e-01
3.2519531250000000e-01 1.0137131132318855e+00
3.2714843750000000e-01 1.0435827887526223e+00
3.2910156250000000e-01 1.0739577513261911e+00
3.3105468750000000e-01 1.1048321586862255e+00
3.3300781250000000e-01 1.1361995329573440e+00
3.3496093750000000e-01 1.1680527524030087e+00
3.3691406250000000e-01 1.2003840439690336e+00
3.3886718750000000e-01 1.2331849766559151e+00
3.4082031250000000e-01 1.2664464557521899e+00
3.4277343750000000e-01 1.3001587179599432e+00
3.4472656250000000e-01 1.3343113274424303e+00
3.4667968750000000e-01 1.3688931728224885e+00
3.4863281250000000e-01 1.4038924651590570e+00
3.5058593750000000e-01 1.4392967369276601e+00
3.5253906250000000e-01 1.4750928420291480e+00
3.5449218750000000e-01 1.5112669568493307e+00
3.5644531250000000e-01 1.5478045823904318e+00
3.5839843750000000e-01 1.5846905474934265e+00
3.6035156250000000e-01 1.6219090131684542e+00
3.6230468750000000e-01 1.6594434780484857e+00
3.6425781250000000e-01 1.6972767849793771e+00
3.6621093750000000e-01 1.7353911287572950e+00
3.6816406250000000e-01 1.7737680650223078e+00
3.7011718750000000e-01 1.8123885203146630e+00
3.7207031250000000e-01 1.8512328032979397e+00
3.7402343750000000e-01 1.8902806171509088e+00
3.7597656250000000e-01 1.9295110731274858e+00
3.7792968750000000e-01 1.9689027052817012e+00
3.7988281250000000e-01 2.0084334863521107e+00
3.8183593750000000e-01 2.0480808447975369e+00
3.8378906250000000e-01 2.0878216829734475e+00
3.8574218750000000e-01 2.1276323964357404e+00
3.8769531250000000e-01 2.1674888943560782e+00
3.8964843750000000e-01 2.2073666210303324e+00
3.9160156250000000e-01 2.2472405784591158e+00
3.9355468750000000e-01 2.2870853499767856e+00
3.9550781250000000e-01 2.3268751249027178e+00
3.9746093750000000e-01 2.3665837241861549e+00
3.9941406250000000e-01 2.4061846270133485e+00
4.0136718750000000e-01 2.4456509983432890e+00
4.0332031250000000e-01 2.4849557173358554e+00
4.0527343750000000e-01 2.5240714066338388e+00
4.0722656250000000e-01 2.5629704624579710e+00
4.0917968750000000e-01 2.6016250854718139e+00
4.1113281250000000e-01 2.6400073123711834e+00
4.1308593750000000e-01 2.6780890481506701e+00
4.1503906250000000e-01 2.7158420989977952e+00
4.1699218750000000e-01 2.7532382057633842e+00
4.1894531250000000e-01 2.7902490779549107e+00
4.2089843750000000e-01 2.8268464281978498e+00
4.2285156250000000e-01 2.8630020071084124e+00
4.2480468750000000e-01 2.8986876385195353e+00
4.2675781250000000e-01 2.9338752550006411e+00
4.2871093750000000e-01 2.9685369336103511e+00
4.3066406250000000e-01 3.0026449318202451e+00
4.3261718750000000e-01 3.0361717235467460e+00
4.3457031250000000e-01 3.0690900352273243e+00
4.3652343750000000e-01 3.1013728818765154e+00
4.3847656250000000e-01 3.1329936030566286e+00
4.4042968750000000e-01 3.1639258986976397e+00
4.4238281250000000e-01 3.1941438647004152e+00
4.4433593750000000e-01 3.2236220282573509e+00
4.4628906250000000e-01 3.2523353828244734e+00
4.4824218750000000e-01 3.2802594226792499e+00
4.5019531250000000e-01 3.3073701769987012e+00
4.5214843750000000e-01 3.3336442433928748e+00
4.5410156250000000e-01 3.3590588208293850e+00
4.5605468750000000e-01 3.3835917418855450e+00
4.5800781250000000e-01 3.4072215042655372e+00
4.5996093750000000e-01 3.4299273015211962e+00
4.6191406250000000e-01 3.4516890529162487e+00
4.6386718750000000e-01 3.4724874323752157e+00
4.6582031250000000e-01 3.4923038964597741e+00
4.6777343750000000e-01 3.5111207113170635e+00
4.6972656250000000e-01 3.5289209785462394e+00
4.7167968750000000e-01 3.5456886599315487e+00
4.7363281250000000e-01 3.5614086009923080e+00
4.7558593750000000e-01 3.5760665533023941e+00
4.7753906250000000e-01 3.5896491955341734e+00
4.7949218750000000e-01 3.6021441531842822e+00
4.8144531250000000e-01 3.6135400169412359e+00
4.8339843750000000e-01 3.6238263596574805e+00
4.8535156250000000e-01 3.6329937518913198e+00
4.8730468750000000e-01 3.6410337759869615e+00
4.8925781250000000e-01 3.6479390386638615e+00
4.9121093750000000e-01 3.6537031820896084e+00
4.9316406250000000e-01 3.6583208934135953e+00
4.9511718750000000e-01 3.6617879127418980e+00
4.9707031250000000e-01 3.6641010395369755e+00
4.9902343750000000e-01 3.6652581374290141e+00
5.0097656250000000e-01 3.6652581374290132e+00
5.0292968750000000e-01 3.6641010395369693e+00
5.0488281250000000e-01 3.6617879127418869e+00
5.0683593750000000e-01 3.6583208934135771e+00
5.0878906250000000e-01 3.6537031820895822e+00
5.1074218750000000e-01 3.6479390386638233e+00
5.1269531250000000e-01 3.6410337759869087e+00
5.1464843750000000e-01 3.6329937518912496e+00
5.1660156250000000e-01 3.6238263596573863e+00
5.1855468750000000e-01 3.6135400169411152e+00
5.2050781250000000e-01 3.6021441531841316e+00
5.2246093750000000e-01 3.5896491955339891e+00
5.2441406250000000e-01 3.5760665533021743e+00
5.2636718750000000e-01 3.5614086009920491e+00
5.2832031250000000e-01 3.5456886599312485e+00
5.3027343750000000e-01 3.5289209785458970e+00
5.3222656250000000e-01 3.5111207113166785e+00
5.3417968750000000e-01 3.4923038964593469e+00
5.3613281250000000e-01 3.4724874323747503e+00
5.3808593750000000e-01 3.4516890529157478e+00
5.4003906250000000e-01 3.4299273015206606e+00
5.4199218750000000e-01 3.4072215042649696e+00
5.4394531250000000e-01 3.3835917418849504e+00
5.4589843750000000e-01 3.3590588208287655e+00
5.4785156250000000e-01 3.3336442433922349e+00
5.4980468750000000e-01 3.3073701769980453e+00
5.5175781250000000e-01 3.2802594226785797e+00
5.5371093750000000e-01 3.2523353828237922e+00
5.5566406250000000e-01 3.2236220282566626e+00
5.5761718750000000e-01 3.1941438646997189e+00
5.5957031250000000e-01 3.1639258986969403e+00
5.6152343750000000e-01 3.1329936030559282e+00
5.6347656250000000e-01 3.1013728818758146e+00
5.6542968750000000e-01 3.0690900352266270e+00
5.6738281250000000e-01 3.0361717235460515e+00
5.6933593750000000e-01 3.0026449318195545e+00
5.7128906250000000e-01 2.9685369336096645e+00
5.7324218750000000e-01 2.9338752549999572e+00
5.7519531250000000e-01 2.8986876385188531e+00
5.7714843750000000e-01 2.8630020071077342e+00
5.7910156250000000e-01 2.8268464281971766e+00
5.8105468750000000e-01 2.7902490779542424e+00
5.8300781250000000e-01 2.7532382057627234e+00
5.8496093750000000e-01 2.7158420989971441e+00
5.8691406250000000e-01 2.6780890481500292e+00
5.8886718750000000e-01 2.6400073123705567e+00
5.9082031250000000e-01 2.6016250854712037e+00
5.9277343750000000e-01 2.5629704624573773e+00
5.9472656250000000e-01 2.5240714066332632e+00
5.9667968750000000e-01 2.4849557173353007e+00
5.9863281250000000e-01 2.4456509983427575e+00
6.0058593750000000e-01 2.4061846270128382e+00
6.0253906250000000e-01 2.3665837241856669e+00
6.0449218750000000e-01 2.3268751249022515e+00
6.0644531250000000e-01 2.2870853499763406e+00
6.0839843750000000e-01 2.2472405784586904e+00
6.1035156250000000e-01 2.2073666210299221e+00
6.1230468750000000e-01 2.1674888943556825e+00
6.1425781250000000e-01 2.1276323964353576e+00
6.1621093750000000e-01 2.0878216829730754e+00
6.1816406250000000e-01 2.0480808447971754e+00
6.2011718750000000e-01 2.0084334863517581e+00
6.2207031250000000e-01 1.9689027052813550e+00
6.2402343750000000e-01 1.9295110731271461e+00
6.2597656250000000e-01 1.8902806171505742e+00
6.2792968750000000e-01 1.8512328032976098e+00
6.2988281250000000e-01 1.8123885203143393e+00
6.3183593750000000e-01 1.7737680650219907e+00
6.3378906250000000e-01 1.7353911287569848e+00
6.3574218750000000e-01 1.6972767849790762e+00
6.3769531250000000e-01 1.6594434780481953e+00
6.3964843750000000e-01 1.6219090131681746e+00
6.4160156250000000e-01 1.5846905474931603e+00
6.4355468750000000e-01 1.5478045823901798e+00
6.4550781250000000e-01 1.5112669568490933e+00
6.4746093750000000e-01 1.4750928420289258e+00
6.4941406250000000e-01 1.4392967369274536e+00
6.5136718750000000e-01 1.4038924651588656e+00
6.5332031250000000e-01 1.3688931728223122e+00
6.5527343750000000e-01 1.3343113274422684e+00
6.5722656250000000e-01 1.3001587179597949e+00
6.5917968750000000e-01 1.2664464557520547e+00
6.6113281250000000e-01 1.2331849766557919e+00
6.6308593750000000e-01 1.2003840439689213e+00
6.6503906250000000e-01 1.1680527524029065e+00
6.6699218750000000e-01 1.1361995329572510e+00
6.6894531250000000e-01 1.1048321586861405e+00
6.7089843750000000e-01 1.0739577513261140e+00
6.7285156250000000e-01 1.0435827887525531e+00
6.7480468750000000e-01 1.0137131132318231e+00
6.7675781250000000e-01 9.8435394043501212e-01
6.7871093750000000e-01 9.5550986917844150e-01
6.8066406250000000e-01 9.2718489185545749e-01
6.8261718750000000e-01 8.9938240552342841e-01
6.8457031250000000e-01 8.7210522360939979e-01
6.8652343750000000e-01 8.4535558819748624e-01
6.8847656250000000e-01 8.1913518286078590e-01
6.9042968750000000e-01 7.9344514600042604e-01
6.9238281250000000e-01 7.6828608465424852e-01
6.9433593750000000e-01 7.4365808873763950e-01
6.9628906250000000e-01 7.1956074567908868e-01
6.9824218750000000e-01 6.9599315541324180e-01
7.0019531250000000e-01 6.7295394569445532e-01
7.0214843750000000e-01 6.5044128769419796e-01
7.0410156250000000e-01 6.2845291184605756e-01
7.0605468750000000e-01 6.0698612390259366e-01
7.0800781250000000e-01 5.8603782116883474e-01
7.0996093750000000e-01 5.6560450887784564e-01
7.1191406250000000e-01 5.4568231667447620e-01
7.1386718750000000e-01 5.2626701517414987e-01
7.1582031250000000e-01 5.0735403256436784e-01
7.1777343750000000e-01 4.8893847121745132e-01
7.1972656250000000e-01 4.7101512428396147e-01
7.2167968750000000e-01 4.5357849223719260e-01
7.2363281250000000e-01 4.3662279934012749e-01
7.2558593750000000e-01 4.2014201000728207e-01
7.2753906250000000e-01 4.0412984503493610e-01
7.2949218750000000e-01 3.8857979767434558e-01
7.3144531250000000e-01 3.7348514952366041e-01
7.3339843750000000e-01 3.5883898621541943e-01
7.3535156250000000e-01 3.4463421287766771e-01
7.3730468750000000e-01 3.3086356934791517e-01
7.3925781250000000e-01 3.1751964512036729e-01
7.4121093750000000e-01 3.0459489400804696e-01
7.4316406250000000e-01 2.9208164850264717e-01
7.4511718750000000e-01 2.7997213381615899e-01
7.4707031250000000e-01 2.6825848158953131e-01
7.4902343750000000e-01 2.5693274325482146e-01
7.5097656250000000e-01 2.4598690303849208e-01
7.5292968750000000e-01 2.3541289059469586e-01
7.5488281250000000e-01 2.2520259325856043e-01
7.5683593750000000e-01 2.1534786791064264e-01
7.5878906250000000e-01 2.0584055244485619e-01
7.6074218750000000e-01 1.9667247683329353e-01
7.6269531250000000e-01 1.8783547378245519e-01
7.6464843750000000e-01 1.7932138897646505e-01
7.6660156250000000e-01 1.7112209090389036e-01
7.6855468750000000e-01 1.6322948026579398e-01
7.7050781250000000e-01 1.5563549896362769e-01
7.7246093750000000e-01 1.4833213866651832e-01
7.7441406250000000e-01 1.4131144895841460e-01
7.7636718750000000e-01 1.3456554506643839e-01
7.7832031250000000e-01 1.2808661517262598e-01
7.8027343750000000e-01 1.2186692731205066e-01
7.8222656250000000e-01 1.1589883586108347e-01
7.8417968750000000e-01 1.1017478762027828e-01
7.8613281250000000e-01 1.0468732749705727e-01
7.8808593750000000e-01 9.9429103794022158e-02
7.9003906250000000e-01 9.4392873109328396e-02
7.9199218750000000e-01 8.9571504856129386e-02
7.9394531250000000e-01 8.4957985408631295e-02
7.9589843750000000e-01 8.0545421882788654e-02
7.9785156250000000e-01 7.6327045560125512e-02
7.9980468750000000e-01 7.2296214963579436e-02
8.0175781250000000e-01 6.8446418594641317e-02
8.0371093750000000e-01 6.4771277341401798e-02
8.0566406250000000e-01 6.1264546567413605e-02
8.0761718750000000e-01 5.7920117891543769e-02
8.0957031250000000e-01 5.4732020669216452e-02
8.1152343750000000e-01 5.1694423185639667e-02
8.1347656250000000e-01 4.8801633571767637e-02
8.1542968750000000e-01 4.6048100453875952e-02
8.1738281250000000e-01 4.3428413347720386e-02
8.1933593750000000e-01 4.0937302808312127e-02
8.2128906250000000e-01 3.8569640346375805e-02
8.2324218750000000e-01 3.6320438122560438e-02
8.2519531250000000e-01 3.4184848430450519e-02
8.2714843750000000e-01 3.2158162979375765e-02
8.2910156250000000e-01 3.0235811987943829e-02
8.3105468750000000e-01 2.8413363099122881e-02
8.3300781250000000e-01 2.6686520127582304e-02
8.3496093750000000e-01 2.5051121649858309e-02
8.3691406250000000e-01 2.3503139447752439e-02
8.3886718750000000e-01 2.2038676815192122e-02
8.4082031250000000e-01 2.0653966738588245e-02
8.4277343750000000e-01 1.9345369960513566e-02
8.4472656250000000e-01 1.8109372936301462e-02
8.4667968750000000e-01 1.6942585692926514e-02
8.4863281250000000e-01 1.5841739599278908e-02
8.5058593750000000e-01 1.4803685056684859e-02
8.5253906250000000e-01 1.3825389118255604e-02
8.5449218750000000e-01 1.2903933045370136e-02
8.5644531250000000e-01 1.2036509809312810e-02
8.5839843750000000e-01 1.1220421545796120e-02
8.6035156250000000e-01 1.0453076969804360e-02
8.6230468750000000e-01 9.7319887578949053e-03
8.6425781250000000e-01 9.0547709047923992e-03
8.6621093750000000e-01 8.4191360608079288e-03
8.6816406250000000e-01 7.8228928563110721e-03
8.7011718750000000e-01 7.2639432191786884e-03
8.7207031250000000e-01 6.7402796908410667e-03
8.7402343750000000e-01 6.2499827462445647e-03
8.7597656250000000e-01 5.7912181227505778e-03
8.7792968750000000e-01 5.3622341626947010e-03
8.7988281250000000e-01 4.9613591740376422e-03
8.8183593750000000e-01 4.5869988132514030e-03
8.8378906250000000e-01 4.2376334943012945e-03
8.8574218750000000e-01 3.9118158273067707e-03
8.8769531250000000e-01 3.6081680901924136e-03
8.8964843750000000e-01 3.3253797363751781e-03
8.9160156250000000e-01 3.0622049412755083e-03
8.9355468750000000e-01 2.8174601901886261e-03
8.9550781250000000e-01 2.5900219098084192e-03
8.9746093750000000e-01 2.3788241454602986e-03
8.9941406250000000e-01 2.1828562858712346e-03
9.0136718750000000e-01 2.0011608370854349e-03
9.0332031250000000e-01 1.8328312469227037e-03
9.0527343750000000e-01 1.6770097811737474e-03
9.0722656250000000e-01 1.5328854525327234e-03
9.0917968750000000e-01 1.3996920030822605e-03
9.1113281250000000e-01 1.2767059409700978e-03
9.1308593750000000e-01 1.1632446317496074e-03
9.1503906250000000e-01 1.0586644446987752e-03
9.1699218750000000e-01 9.6235895428387899e-04
9.1894531250000000e-01 8.7375719679520911e-04
9.2089843750000000e-01 7.9232198205282873e-04
9.2285156250000000e-01 7.1754825996071434e-04
9.2480468750000000e-01 6.4896154157777968e-04
9.2675781250000000e-01 5.8611637427447645e-04
9.2871093750000000e-01 5.2859487045407271e-04
9.3066406250000000e-01 4.7600528923862821e-04
9.3261718750000000e-01 4.2798067045142659e-04
9.3457031250000000e-01 3.8417752017057651e-04
9.3652343750000000e-01 3.4427454708314028e-04
9.3847656250000000e-01 3.0797144883605039e-04
9.4042968750000000e-01 2.7498774755989070e-04
9.4238281250000000e-01 2.4506167373515147e-04
9.4433593750000000e-01 2.1794909757872564e-04
9.4628906250000000e-01 1.9342250715225615e-04
9.4824218750000000e-01 1.7127003243471101e-04
9.5019531250000000e-01 1.5129451466062228e-04
9.5214843750000000e-01 1.3331262030437017e-04
9.5410156250000000e-01 1.1715399919146821e-04
9.5605468750000000e-01 1.0266048634196350e-04
9.5800781250000000e-01 8.9685347300924516e-05
9.5996093750000000e-01 7.8092566888848794e-05
9.6191406250000000e-01 6.7756181513094194e-05
9.6386718750000000e-01 5.8559655422637895e-05
9.6582031250000000e-01 5.0395301565106526e-05
9.6777343750000000e-01 4.3163748019516716e-05
9.6972656250000000e-01 3.6773451332688123e-05
9.7167968750000000e-01 3.1140258483546684e-05
9.7363281250000000e-01 2.6187019638502947e-05
9.7558593750000000e-01 2.1843254342633998e-05
9.7753906250000000e-01 1.8044874313789047e-05
9.7949218750000000e-01 1.4733966566011634e-05
9.8144531250000000e-01 1.1858641177793309e-05
9.8339843750000000e-01 9.3729486284761031e-06
9.8535156250000000e-01 7.2368722359285509e-06
9.8730468750000000e-01 5.4164018164981047e-06
9.8925781250000000e-01 3.8836952207722838e-06
9.9121093750000000e-01 2.6173348301378261e-06
9.9316406250000000e-01 1.6026863679208852e-06
9.9511718750000000e-01 8.3236740308098967e-07
9.9707031250000000e-01 3.0683259609435740e-07
9.9902343750000000e-01 3.5081914839525584e-08
1.0000000000000000e+00 0.0000000000000000e+00
