# P x_center tau_phi tau_mu
1 1.5625000000000000e-02 1.8444677167035461e-03 -6.6613381477509392e-16
2 4.6875000000000000e-02 -6.0977267490658349e-05 1.9511728512389137e-03
3 7.8125000000000000e-02 -6.0982248599295019e-05 1.9511728512360271e-03
4 1.0937500000000000e-01 -6.0988964033725779e-05 1.9511728512385806e-03
5 1.4062500000000000e-01 -6.0996949280855972e-05 1.9511728512400239e-03
6 1.7187500000000000e-01 -6.1005775644495941e-05 1.9511728512293103e-03
7 2.0312500000000000e-01 -6.1015050103918611e-05 1.9511728512392745e-03
8 2.3437500000000000e-01 -6.1024415362709306e-05 1.9511728512377202e-03
9 2.6562500000000000e-01 -6.1033549883404703e-05 1.9511728512428550e-03
10 2.9687500000000000e-01 -6.1042167821767634e-05 1.9511728512344728e-03
11 3.2812500000000000e-01 -6.1050019114716747e-05 1.9511728512251469e-03
12 3.5937500000000000e-01 -6.1056889354205168e-05 1.9511728512604520e-03
13 3.9062500000000000e-01 -6.1062599911565485e-05 1.9511728512191517e-03
14 4.2187500000000000e-01 -6.1067007884219038e-05 1.9511728512475734e-03
15 4.5312500000000000e-01 -6.1070006079688710e-05 1.9511728512404680e-03
16 4.8437500000000000e-01 -6.1071523035138853e-05 1.9511728512320303e-03
17 5.1562500000000000e-01 -6.1071523038691566e-05 1.9511728512320303e-03
18 5.4687500000000000e-01 -6.1070006083241424e-05 1.9511728512333626e-03
19 5.7812500000000000e-01 -6.1067007884219038e-05 1.9511728512617843e-03
20 6.0937500000000000e-01 -6.1062599908012771e-05 1.9511728512262572e-03
21 6.4062500000000000e-01 -6.1056889343547027e-05 1.9511728512249249e-03
22 6.7187500000000000e-01 -6.1050019111164033e-05 1.9511728512535687e-03
23 7.0312500000000000e-01 -6.1042167827096705e-05 1.9511728512415782e-03
24 7.3437500000000000e-01 -6.1033549876299276e-05 1.9511728512215387e-03
25 7.6562500000000000e-01 -6.1024415364485662e-05 1.9511728512483784e-03
26 7.9687500000000000e-01 -6.1015050102142254e-05 1.9511728512286233e-03
27 8.2812500000000000e-01 -6.1005775645384119e-05 1.9511728512399684e-03
28 8.5937500000000000e-01 -6.0996949279967794e-05 1.9511728512400239e-03
29 8.9062500000000000e-01 -6.0988964033725779e-05 1.9511728512359161e-03
30 9.2187500000000000e-01 -6.0982248602847733e-05 1.9511728512382476e-03
31 9.5312500000000000e-01 -6.0977267490658349e-05 1.9511728512369153e-03
32 9.8437500000000000e-01 1.8444677166680190e-03 2.2204460492503131e-16
