# P x phi_num phi_exact phi_err mu_num mu_exact mu_err
1 1.5625000000000000e-02 2.3654086558650108e-04 2.3633438252441082e-04 2.0648306209026515e-07 -1.8150419838092204e+00 -1.8133788308423233e+00 -1.6631529668971190e-03
2 4.6875000000000000e-02 1.9957680189753094e-03 1.9941048466515475e-03 1.6631723237618690e-06 -1.4620944960554700e+00 -1.4604099471555252e+00 -1.6845488999448488e-03
3 7.8125000000000000e-02 5.1847708208743589e-03 5.1819097100495974e-03 2.8611108247615299e-06 -1.1311327821423984e+00 -1.1294251032843010e+00 -1.7076788580974167e-03
4 1.0937500000000000e-01 9.4834587330890896e-03 9.4796346768124783e-03 3.8240562766113373e-06 -8.2247667545375691e-01 -8.2074441352455685e-01 -1.7322619292000629e-03
5 1.4062500000000000e-01 1.4594607713845664e-02 1.4590030757884545e-02 4.5769559611184840e-06 -5.3642303883950859e-01 -5.3466512686534795e-01 -1.7579119741606419e-03
6 1.7187500000000000e-01 2.0243859865064499e-02 2.0238714271060589e-02 5.1455940039100978e-06 -2.7324578859011867e-01 -2.7146162698887993e-01 -1.7841616012387318e-03
7 2.0312500000000000e-01 2.6179723001102845e-02 2.6174166840985821e-02 5.5561601170241171e-06 -3.3195917887201165e-02 -3.1385432270507468e-02 -1.8104856166936967e-03
8 2.3437500000000000e-01 3.2173570161446181e-02 3.2167735399155913e-02 5.8347622902688023e-06 1.8349848048828263e-01 1.8533480422126516e-01 -1.8363237329825366e-03
9 2.6562500000000000e-01 3.8019639089048450e-02 3.8013632183916950e-02 6.0069051315003730e-06 3.7663219243448531e-01 3.7849329472478405e-01 -1.8611022902987329e-03
10 2.9687500000000000e-01 4.3535031695024297e-02 4.3528934740465465e-02 6.0969545588318574e-06 5.4602286205081896e-01 5.4790711678524562e-01 -1.8842547344266602e-03
11 3.2812500000000000e-01 4.8559713529168318e-02 4.8553585920848408e-02 6.1276083199099385e-06 6.9151097266243511e-01 6.9341621325469682e-01 -1.9052405922617144e-03
12 3.5937500000000000e-01 5.2956513274315012e-02 5.2950393883963158e-02 6.1193903518538817e-06 8.1295982959761215e-01 8.1488339229203532e-01 -1.9235626944231754e-03
13 3.9062500000000000e-01 5.6611122280864699e-02 5.6605032095557582e-02 6.0901853071171352e-06 9.1025554495193484e-01 9.1219432736300865e-01 -1.9387824110738139e-03
14 4.2187500000000000e-01 5.9432094155899784e-02 5.9426039328229908e-02 6.0548276698754733e-06 9.8330702455030394e-01 9.8525755724021513e-01 -1.9505326899111886e-03
15 4.5312500000000000e-01 6.1350844419221590e-02 6.1344819661428858e-02 6.0247577927316498e-06 1.0320459572890603e+00 1.0340044860031035e+00 -1.9585287140431173e-03
16 4.8437500000000000e-01 6.2321650236381511e-02 6.2315642481453548e-02 6.0077549279627385e-06 1.0564268070081815e+00 1.0583893830379729e+00 -1.9625760297914407e-03
17 5.1562500000000000e-01 6.2321650236381441e-02 6.2315642481453548e-02 6.0077549278933495e-06 1.0564268070081653e+00 1.0583893830379729e+00 -1.9625760298076500e-03
18 5.4687500000000000e-01 6.1350844419221430e-02 6.1344819661428851e-02 6.0247577925789941e-06 1.0320459572890357e+00 1.0340044860031035e+00 -1.9585287140677643e-03
19 5.7812500000000000e-01 5.9432094155899499e-02 5.9426039328229895e-02 6.0548276696048564e-06 9.8330702455027097e-01 9.8525755724021513e-01 -1.9505326899441622e-03
20 6.0937500000000000e-01 5.6611122280864255e-02 5.6605032095557575e-02 6.0901853066799849e-06 9.1025554495189631e-01 9.1219432736300865e-01 -1.9387824111123386e-03
21 6.4062500000000000e-01 5.2956513274314353e-02 5.2950393883963165e-02 6.1193903511877479e-06 8.1295982959756763e-01 8.1488339229203532e-01 -1.9235626944676953e-03
22 6.7187500000000000e-01 4.8559713529167547e-02 4.8553585920848394e-02 6.1276083191535990e-06 6.9151097266238104e-01 6.9341621325469682e-01 -1.9052405923157822e-03
23 7.0312500000000000e-01 4.3535031695023409e-02 4.3528934740465458e-02 6.0969545579506179e-06 5.4602286205074080e-01 5.4790711678524562e-01 -1.8842547345048200e-03
24 7.3437500000000000e-01 3.8019639089047520e-02 3.8013632183916957e-02 6.0069051305636223e-06 3.7663219243441404e-01 3.7849329472478405e-01 -1.8611022903700092e-03
25 7.6562500000000000e-01 3.2173570161445293e-02 3.2167735399155913e-02 5.8347622893806239e-06 1.8349848048823247e-01 1.8533480422126516e-01 -1.8363237330326909e-03
26 7.9687500000000000e-01 2.6179723001102054e-02 2.6174166840985825e-02 5.5561601162296137e-06 -3.3195917887234208e-02 -3.1385432270507461e-02 -1.8104856167267466e-03
27 8.2812500000000000e-01 2.0243859865063853e-02 2.0238714271060585e-02 5.1455940032682501e-06 -2.7324578859013465e-01 -2.7146162698887993e-01 -1.7841616012547190e-03
28 8.5937500000000000e-01 1.4594607713845163e-02 1.4590030757884544e-02 4.5769559606188837e-06 -5.3642303883950859e-01 -5.3466512686534795e-01 -1.7579119741606419e-03
29 8.9062500000000000e-01 9.4834587330887565e-03 9.4796346768124783e-03 3.8240562762782704e-06 -8.2247667545373737e-01 -8.2074441352455685e-01 -1.7322619291805230e-03
30 9.2187500000000000e-01 5.1847708208741742e-03 5.1819097100495965e-03 2.8611108245776493e-06 -1.1311327821423678e+00 -1.1294251032843010e+00 -1.7076788580667746e-03
31 9.5312500000000000e-01 1.9957680189752565e-03 1.9941048466515479e-03 1.6631723237085262e-06 -1.4620944960554230e+00 -1.4604099471555252e+00 -1.6845488998977753e-03
32 9.8437500000000000e-01 2.3654086558649355e-04 2.3633438252441082e-04 2.0648306208272994e-07 -1.8150419838091620e+00 -1.8133788308423233e+00 -1.6631529668387213e-03
