# P x_center tau_phi tau_mu
1 3.9062500000000000e-03 1.2028104096303838e-04 0.0000000000000000e+00
2 1.1718750000000000e-02 -9.5272440964189187e-07 1.2194830320355621e-04
3 1.9531250000000000e-02 -9.5273004030449471e-07 1.2194830319867123e-04
4 2.7343750000000000e-02 -9.5273838285336865e-07 1.2194830320244598e-04
5 3.5156250000000000e-02 -9.5274913602949596e-07 1.2194830321399230e-04
6 4.2968750000000000e-02 -9.5276241163233522e-07 1.2194830318756900e-04
7 5.0781250000000000e-02 -9.5277773715096714e-07 1.2194830320733097e-04
8 5.8593750000000000e-02 -9.5279536660441977e-07 1.2194830319867123e-04
9 6.6406250000000000e-02 -9.5281482792586303e-07 1.2194830322953543e-04
10 7.4218750000000000e-02 -9.5283626144748723e-07 1.2194830319200989e-04
11 8.2031250000000000e-02 -9.5285939405442832e-07 1.2194830319467442e-04
12 8.9843750000000000e-02 -9.5288425150386047e-07 1.2194830322043160e-04
13 9.7656250000000000e-02 -9.5291047941259421e-07 1.2194830320577665e-04
14 1.0546875000000000e-01 -9.5293822788278248e-07 1.2194830318135175e-04
15 1.1328125000000000e-01 -9.5296721269733098e-07 1.2194830321676786e-04
16 1.2109375000000000e-01 -9.5299738589460503e-07 1.2194830319200989e-04
17 1.2890625000000000e-01 -9.5302863911683744e-07 1.2194830318179584e-04
18 1.3671875000000000e-01 -9.5306087644075888e-07 1.2194830319944838e-04
19 1.4453125000000000e-01 -9.5309399483767265e-07 1.2194830322553862e-04
20 1.5234375000000000e-01 -9.5312783443546323e-07 1.2194830317951988e-04
21 1.6015625000000000e-01 -9.5316237391784853e-07 1.2194830317513450e-04
22 1.6796875000000000e-01 -9.5319748183442243e-07 1.2194830317957539e-04
23 1.7578125000000000e-01 -9.5323309068362505e-07 1.2194830326944794e-04
24 1.8359375000000000e-01 -9.5326905125148187e-07 1.2194830317591165e-04
25 1.9140625000000000e-01 -9.5330534577442450e-07 1.2194830330762574e-04
26 1.9921875000000000e-01 -9.5334183214390578e-07 1.2194830304576576e-04
27 2.0703125000000000e-01 -9.5337846772736157e-07 1.2194830324499875e-04
28 2.1484375000000000e-01 -9.5341513883795415e-07 1.2194830327764278e-04
29 2.2265625000000000e-01 -9.5345174599970051e-07 1.2194830308001614e-04
30 2.3046875000000000e-01 -9.5348826789631858e-07 1.2194830320927386e-04
31 2.3828125000000000e-01 -9.5352458373554327e-07 1.2194830302450499e-04
32 2.4609375000000000e-01 -9.5356065799023781e-07 1.2194830324446793e-04
33 2.5390625000000000e-01 -9.5359639118441919e-07 1.2194830321943240e-04
34 2.6171875000000000e-01 -9.5363168384210439e-07 1.2194830309097959e-04
35 2.6953125000000000e-01 -9.5366655727957550e-07 1.2194830345091390e-04
36 2.7734375000000000e-01 -9.5370084807200328e-07 1.2194830284045777e-04
37 2.8515625000000000e-01 -9.5373454200853303e-07 1.2194830366157872e-04
38 2.9296875000000000e-01 -9.5376756803489116e-07 1.2194830308231985e-04
39 3.0078125000000000e-01 -9.5379988351851352e-07 1.2194830315470639e-04
40 3.0859375000000000e-01 -9.5383143872140863e-07 1.2194830285694458e-04
41 3.1640625000000000e-01 -9.5386212706216611e-07 1.2194830366407672e-04
42 3.2421875000000000e-01 -9.5389200538420482e-07 1.2194830318090766e-04
43 3.3203125000000000e-01 -9.5392081789213989e-07 1.2194830310108262e-04
44 3.3984375000000000e-01 -9.5394874222165527e-07 1.2194830340794827e-04
45 3.4765625000000000e-01 -9.5397557231535757e-07 1.2194830317135974e-04
46 3.5546875000000000e-01 -9.5400137922752037e-07 1.2194830304823601e-04
47 3.6328125000000000e-01 -9.5402603506045125e-07 1.2194830335010565e-04
48 3.7109375000000000e-01 -9.5404958244671434e-07 1.2194830324685491e-04
49 3.7890625000000000e-01 -9.5407193612118135e-07 1.2194830326861528e-04
50 3.8671875000000000e-01 -9.5409293976445042e-07 1.2194830303158266e-04
51 3.9453125000000000e-01 -9.5411284917190642e-07 1.2194830328382533e-04
52 4.0234375000000000e-01 -9.5413140854816447e-07 1.2194830329181894e-04
53 4.1015625000000000e-01 -9.5414858947151515e-07 1.2194830288569936e-04
54 4.1796875000000000e-01 -9.5416456247221504e-07 1.2194830348255525e-04
55 4.2578125000000000e-01 -9.5417902912231511e-07 1.2194830285761071e-04
56 4.3359375000000000e-01 -9.5419217416292668e-07 1.2194830332856732e-04
57 4.4140625000000000e-01 -9.5420389811806672e-07 1.2194830334366635e-04
58 4.4921875000000000e-01 -9.5421420098773524e-07 1.2194830305212179e-04
59 4.5703125000000000e-01 -9.5422302592851338e-07 1.2194830350820141e-04
60 4.6484375000000000e-01 -9.5423047241638415e-07 1.2194830280543023e-04
61 4.7265625000000000e-01 -9.5423634149938152e-07 1.2194830323997152e-04
62 4.8046875000000000e-01 -9.5424078949690738e-07 1.2194830335143791e-04
63 4.8828125000000000e-01 -9.5424383061981644e-07 1.2194830326661688e-04
64 4.9609375000000000e-01 -9.5424526591614267e-07 1.2194830310852112e-04
65 5.0390625000000000e-01 -9.5424529433785210e-07 1.2194830333589479e-04
66 5.1171875000000000e-01 -9.5424383061981644e-07 1.2194830292555636e-04
67 5.1953125000000000e-01 -9.5424080370776210e-07 1.2194830312406424e-04
68 5.2734375000000000e-01 -9.5423636992109095e-07 1.2194830369471887e-04
69 5.3515625000000000e-01 -9.5423047241638415e-07 1.2194830291911707e-04
70 5.4296875000000000e-01 -9.5422301171765866e-07 1.2194830328082773e-04
71 5.5078125000000000e-01 -9.5421420098773524e-07 1.2194830305212179e-04
72 5.5859375000000000e-01 -9.5420392653977615e-07 1.2194830322997952e-04
73 5.6640625000000000e-01 -9.5419217416292668e-07 1.2194830344225416e-04
74 5.7421875000000000e-01 -9.5417901491146040e-07 1.2194830285761071e-04
75 5.8203125000000000e-01 -9.5416453405050561e-07 1.2194830336886842e-04
76 5.8984375000000000e-01 -9.5414861789322458e-07 1.2194830299938619e-04
77 5.9765625000000000e-01 -9.5413140854816447e-07 1.2194830340550578e-04
78 6.0546875000000000e-01 -9.5411284917190642e-07 1.2194830317013849e-04
79 6.1328125000000000e-01 -9.5409295397530514e-07 1.2194830303158266e-04
80 6.2109375000000000e-01 -9.5407192191032664e-07 1.2194830326861528e-04
81 6.2890625000000000e-01 -9.5404956823585962e-07 1.2194830336054174e-04
82 6.3671875000000000e-01 -9.5402602084959653e-07 1.2194830323641881e-04
83 6.4453125000000000e-01 -9.5400137922752037e-07 1.2194830293454917e-04
84 6.5234375000000000e-01 -9.5397557231535757e-07 1.2194830339873342e-04
85 6.6015625000000000e-01 -9.5394872801080055e-07 1.2194830318057459e-04
86 6.6796875000000000e-01 -9.5392081078671254e-07 1.2194830332845630e-04
87 6.7578125000000000e-01 -9.5389198406792275e-07 1.2194830306722082e-04
88 6.8359375000000000e-01 -9.5386212706216611e-07 1.2194830332301621e-04
89 6.9140625000000000e-01 -9.5383146003769070e-07 1.2194830319800509e-04
90 6.9921875000000000e-01 -9.5379989062394088e-07 1.2194830326839323e-04
91 7.0703125000000000e-01 -9.5376761066745530e-07 1.2194830319589567e-04
92 7.1484375000000000e-01 -9.5373454911396038e-07 1.2194830320683137e-04
93 7.2265625000000000e-01 -9.5370084807200328e-07 1.2194830329520512e-04
94 7.3046875000000000e-01 -9.5366654306872078e-07 1.2194830310985338e-04
95 7.3828125000000000e-01 -9.5363169805295911e-07 1.2194830320466643e-04
96 7.4609375000000000e-01 -9.5359638407899183e-07 1.2194830321943240e-04
97 7.5390625000000000e-01 -9.5356065799023781e-07 1.2194830313078109e-04
98 7.6171875000000000e-01 -9.5352459084097063e-07 1.2194830325187866e-04
99 7.6953125000000000e-01 -9.5348827500174593e-07 1.2194830315243044e-04
100 7.7734375000000000e-01 -9.5345175310512786e-07 1.2194830308003002e-04
101 7.8515625000000000e-01 -9.5341511752167207e-07 1.2194830316396288e-04
102 7.9296875000000000e-01 -9.5337846772736157e-07 1.2194830341552641e-04
103 8.0078125000000000e-01 -9.5334182859119210e-07 1.2194830298892234e-04
104 8.0859375000000000e-01 -9.5330534577442450e-07 1.2194830330762574e-04
105 8.1640625000000000e-01 -9.5326905125148187e-07 1.2194830317591165e-04
106 8.2421875000000000e-01 -9.5323308357819769e-07 1.2194830321260453e-04
107 8.3203125000000000e-01 -9.5319748538713611e-07 1.2194830323641881e-04
108 8.3984375000000000e-01 -9.5316236681242117e-07 1.2194830323197792e-04
109 8.4765625000000000e-01 -9.5312783443546323e-07 1.2194830320794159e-04
110 8.5546875000000000e-01 -9.5309398773224530e-07 1.2194830314027350e-04
111 8.6328125000000000e-01 -9.5306087644075888e-07 1.2194830322787009e-04
112 8.7109375000000000e-01 -9.5302863556412376e-07 1.2194830315337413e-04
113 8.7890625000000000e-01 -9.5299738944731871e-07 1.2194830322043160e-04
114 8.8671875000000000e-01 -9.5296721269733098e-07 1.2194830321676786e-04
115 8.9453125000000000e-01 -9.5293822965913932e-07 1.2194830319556260e-04
116 9.0234375000000000e-01 -9.5291047763623737e-07 1.2194830319156580e-04
117 9.1015625000000000e-01 -9.5288422485850788e-07 1.2194830319200989e-04
118 9.1796875000000000e-01 -9.5285939405442832e-07 1.2194830323730699e-04
119 9.2578125000000000e-01 -9.5283626144748723e-07 1.2194830319911532e-04
120 9.3359375000000000e-01 -9.5281482703768461e-07 1.2194830320111372e-04
121 9.4140625000000000e-01 -9.5279536616033056e-07 1.2194830319867123e-04
122 9.4921875000000000e-01 -9.5277773759505635e-07 1.2194830320733097e-04
123 9.5703125000000000e-01 -9.5276241118824601e-07 1.2194830319822714e-04
124 9.6484375000000000e-01 -9.5274913625154056e-07 1.2194830321043959e-04
125 9.7265625000000000e-01 -9.5273838285336865e-07 1.2194830320066963e-04
126 9.8046875000000000e-01 -9.5273004030449471e-07 1.2194830320089167e-04
127 9.8828125000000000e-01 -9.5272440958638072e-07 1.2194830320333416e-04
128 9.9609375000000000e-01 1.2028104096303838e-04 -2.2204460492503131e-16
