# P x phi_num phi_exact phi_err mu_num mu_exact mu_err
1 9.7656250000000000e-04 9.5086506387729106e-07 9.5086124391866365e-07 3.8199586274037067e-12 -1.9863122670124489e+00 -1.9863044443515090e+00 -7.8226609399045799e-06
2 2.9296875000000000e-03 8.5243536260577458e-06 8.5243225116039217e-06 3.1114453824158212e-11 -1.9629820767798984e+00 -1.9629742579027982e+00 -7.8188771002185575e-06
3 4.8828125000000000e-03 2.3586057066801575e-05 2.3585997905854201e-05 5.9160947374467445e-11 -1.9397358595896945e+00 -1.9397280444673628e+00 -7.8151223317224350e-06
4 6.8359375000000000e-03 4.6047355560809563e-05 4.6047267615573143e-05 8.7945236420454258e-11 -1.9165737040616406e+00 -1.9165658926650135e+00 -7.8113966270887403e-06
5 8.7890625000000000e-03 7.5819978179791616e-05 7.5819860726558495e-05 1.1745323312030431e-10 -1.8934956984666460e+00 -1.8934878907666648e+00 -7.8076999812104475e-06
6 1.0742187500000000e-02 1.1281600289245052e-04 1.1281585522150205e-04 1.4767094846739569e-10 -1.8705019307267252e+00 -1.8704941266943338e+00 -7.8040323914230214e-06
7 1.2695312500000000e-02 1.5694785656448858e-04 1.5694767797998970e-04 1.7858449888699147e-10 -1.8475924884149675e+00 -1.8475846880211411e+00 -7.8003938264181727e-06
8 1.4648437500000000e-02 2.0812831495863976e-04 2.0812810477850146e-04 2.1018013829474276e-10 -1.8247674587555842e+00 -1.8247596619713100e+00 -7.7967842742054927e-06
9 1.6601562500000000e-02 2.6627050273472590e-04 2.6627026029041128e-04 2.4244431462427940e-10 -1.8020269286238819e+00 -1.8020191354201671e+00 -7.7932037148009670e-06
10 1.8554687500000000e-02 3.3128789344933566e-04 3.3128761808598744e-04 2.7536334822574060e-10 -1.7793709845462615e+00 -1.7793631948941424e+00 -7.7896521191167523e-06
11 2.0507812500000000e-02 4.0309430955624782e-04 4.0309400063239209e-04 3.0892385573461426e-10 -1.7567997127002570e+00 -1.7567919265707688e+00 -7.7861294882630716e-06
12 2.2460937500000000e-02 4.8160392240620886e-04 4.8160357929368132e-04 3.4311252753924104e-10 -1.7343131989144704e+00 -1.7343054162786820e+00 -7.7826357884891451e-06
13 2.4414062500000000e-02 5.6673125224704108e-04 5.6673087433080588e-04 3.7791623519814466e-10 -1.7119115286685818e+00 -1.7119037494976208e+00 -7.7791709609531523e-06
14 2.6367187500000000e-02 6.5839116822330652e-04 6.5839075490160988e-04 4.1332169663840096e-10 -1.6895947870934107e+00 -1.6895870113584279e+00 -7.7757349827844990e-06
15 2.8320312500000000e-02 7.5649888837695759e-04 7.5649843906083216e-04 4.4931612543010896e-10 -1.6673630589708661e+00 -1.6673552866430483e+00 -7.7723278177899147e-06
16 3.0273437500000000e-02 8.6096997964672729e-04 8.6096949376010513e-04 4.8588662216950129e-10 -1.6452164287339315e+00 -1.6452086597845303e+00 -7.7689494011323745e-06
17 3.2226562500000000e-02 9.7172035786837700e-04 9.7171983484795543e-04 5.2302042156861933e-10 -1.6231549804668930e+00 -1.6231472148670256e+00 -7.7655998673709092e-06
18 3.4179687500000000e-02 1.0886662877746915e-03 1.0886657270698038e-03 5.6070488768482363e-10 -1.6011787979047600e+00 -1.6011710356257884e+00 -7.7622789715903195e-06
19 3.6132812500000000e-02 1.2117243829954077e-03 1.2117237840679656e-03 5.9892744214661009e-10 -1.5792879644339033e+00 -1.5792802054471771e+00 -7.7589867262251033e-06
20 3.8085937500000000e-02 1.3408116060574684e-03 1.3408109683816492e-03 6.3767581926638117e-10 -1.5574825630917246e+00 -1.5574748073686515e+00 -7.7557230730995741e-06
21 4.0039062500000000e-02 1.4758452683846658e-03 1.4758445914469576e-03 6.7693770814530874e-10 -1.5357626765667360e+00 -1.5357549240787762e+00 -7.7524879598112051e-06
22 4.1992187500000000e-02 1.6167430302976569e-03 1.6167423135968885e-03 7.1670076839426555e-10 -1.5141283871985252e+00 -1.5141206379172181e+00 -7.7492813070900723e-06
23 4.3945312500000000e-02 1.7634229010143165e-03 1.7634221440613323e-03 7.5695298423425483e-10 -1.4925797769779479e+00 -1.4925720308747472e+00 -7.7461032006453934e-06
24 4.5898437500000000e-02 1.9158032386494598e-03 1.9158024409670748e-03 7.9768238498909017e-10 -1.4711169275467224e+00 -1.4711091845932365e+00 -7.7429534859341231e-06
25 4.7851562500000000e-02 2.0738027502148725e-03 2.0738019113377948e-03 8.3887707761146069e-10 -1.4497399201977139e+00 -1.4497321803656629e+00 -7.7398320510457808e-06
26 4.9804687500000000e-02 2.2373404916193069e-03 2.2373396110940669e-03 8.8052523996087761e-10 -1.4284488358749647e+00 -1.4284410991361054e+00 -7.7367388593430064e-06
27 5.1757812500000000e-02 2.4063358676688052e-03 2.4063349450533572e-03 9.2261544801588991e-10 -1.4072437551735908e+00 -1.4072360214997464e+00 -7.7336738444344633e-06
28 5.3710937500000000e-02 2.5807086320660663e-03 2.5807076669300275e-03 9.6513603879688770e-10 -1.3861247583397471e+00 -1.3861170277028720e+00 -7.7306368750917898e-06
29 5.5664062500000000e-02 2.7603788874109429e-03 2.7603778793353346e-03 1.0080756082317399e-09 -1.3650919252710310e+00 -1.3650841976428707e+00 -7.7276281602589592e-06
30 5.7617187500000000e-02 2.9452670852002714e-03 2.9452660337774268e-03 1.0514228446223406e-09 -1.3441453355157604e+00 -1.3441376108682341e+00 -7.7246475262970904e-06
31 5.9570312500000000e-02 3.1352940258278978e-03 3.1352929306613492e-03 1.0951665485939288e-09 -1.3232850682732749e+00 -1.3232773465785574e+00 -7.7216947174107986e-06
32 6.1523437500000000e-02 3.3303808585846582e-03 3.3303797192890381e-03 1.1392956200846627e-09 -1.3025112023942580e+00 -1.3025034836245390e+00 -7.7187697189451399e-06
33 6.3476562500000000e-02 3.5304490816584944e-03 3.5304478978593263e-03 1.1837991680668791e-09 -1.2818238163804312e+00 -1.2818161005079796e+00 -7.7158724516301902e-06
34 6.5429687500000000e-02 3.7354205421341129e-03 3.7354193134679411e-03 1.2286661718423353e-09 -1.2612229883843611e+00 -1.2612152753817836e+00 -7.7130025775140609e-06
35 6.7382812500000000e-02 3.9452174359933933e-03 3.9452161621075007e-03 1.2738858926053531e-09 -1.2407087962106971e+00 -1.2407010860499583e+00 -7.7101607387497495e-06
36 6.9335937500000000e-02 4.1597623081151809e-03 4.1597609886675204e-03 1.3194476605055128e-09 -1.2202813173142479e+00 -1.2202736099676144e+00 -7.7073466335786378e-06
37 7.1289062500000000e-02 4.3789780522753520e-03 4.3789766869344075e-03 1.3653409444702724e-09 -1.1999406288006234e+00 -1.1999329242409653e+00 -7.7045596580394005e-06
38 7.3242187500000000e-02 4.6027879111466517e-03 4.6027864995914665e-03 1.4115551852378339e-09 -1.1796868074273104e+00 -1.1796791056273279e+00 -7.7017999824402494e-06
39 7.5195312500000000e-02 4.8311154762990258e-03 4.8311140182188917e-03 1.4580801340619010e-09 -1.1595199296026366e+00 -1.1595122305351218e+00 -7.6990675148547183e-06
40 7.7148437500000000e-02 5.0638846881993103e-03 5.0638831832937742e-03 1.5049055361246455e-09 -1.1394400713861614e+00 -1.1394323750238697e+00 -7.6963622916981222e-06
41 7.9101562500000000e-02 5.3010198362113282e-03 5.3010182841900979e-03 1.5520212302833070e-09 -1.1194473084885885e+00 -1.1194396148041981e+00 -7.6936843904640284e-06
42 8.1054687500000000e-02 5.5424455585959230e-03 5.5424439591787436e-03 1.5994171794278533e-09 -1.0995417162712611e+00 -1.0995340252378361e+00 -7.6910334250168688e-06
43 8.3007812500000000e-02 5.7880868425109391e-03 5.7880851954274833e-03 1.6470834557358316e-09 -1.0797233697469235e+00 -1.0797156813376156e+00 -7.6884093078710691e-06
44 8.4960937500000000e-02 6.0378690240112066e-03 6.0378673290009824e-03 1.6950102241924947e-09 -1.0599923435793814e+00 -1.0599846577674721e+00 -7.6858119093525801e-06
45 8.6914062500000000e-02 6.2917177880486242e-03 6.2917160448608036e-03 1.7431878206533580e-09 -1.0403487120835693e+00 -1.0403410288424439e+00 -7.6832411253224819e-06
46 8.8867187500000000e-02 6.5495591684719568e-03 6.5495573768654010e-03 1.7916065558204464e-09 -1.0207925492254617e+00 -1.0207848685286727e+00 -7.6806967890252764e-06
47 9.0820312500000000e-02 6.8113195480270401e-03 6.8113177077701228e-03 1.8402569173375793e-09 -1.0013239286229236e+00 -1.0013162504434032e+00 -7.6781795204095005e-06
48 9.2773437500000000e-02 7.0769256583567012e-03 7.0769237692272138e-03 1.8891294873910058e-09 -9.8194292354313040e-01 -9.8193524785498310e-01 -7.6756881473016847e-06
49 9.4726562500000000e-02 7.3463045800008448e-03 7.3463026417858110e-03 1.9382150337823867e-09 -9.6264960690597956e-01 -9.6264193368286310e-01 -7.6732231164555742e-06
50 9.6679687500000000e-02 7.6193837423960990e-03 7.6193817548919447e-03 1.9875041543104821e-09 -9.4344405128175246e-01 -9.4343638049759737e-01 -7.6707841550893718e-06
51 9.8632812500000000e-02 7.8960909238764213e-03 7.8960888868885425e-03 2.0369878787201978e-09 -9.2432632889199229e-01 -9.2431866052084299e-01 -7.6683711492941953e-06
52 1.0058593750000000e-01 8.1763542516725702e-03 8.1763521650154228e-03 2.0866571474181805e-09 -9.0529651160977664e-01 -9.0528884562535994e-01 -7.6659844167048519e-06
53 1.0253906250000000e-01 8.4601022019123433e-03 8.4601000654092977e-03 2.1365030456604872e-09 -8.8635467095809872e-01 -8.8634700733501171e-01 -7.6636230870175126e-06
54 1.0449218750000000e-01 8.7472635996205302e-03 8.7472614131037744e-03 2.1865167558476895e-09 -8.6750087811262444e-01 -8.6749321682476455e-01 -7.6612878598947276e-06
55 1.0644531250000000e-01 9.0377676187188977e-03 9.0377653820293592e-03 2.2366895384429153e-09 -8.4873520389885981e-01 -8.4872754492068803e-01 -7.6589781717872896e-06
56 1.0839843750000000e-01 9.3315437820263025e-03 9.3315414950134422e-03 2.2870128603413864e-09 -8.3005771879379964e-01 -8.3005006209995480e-01 -7.6566938448374700e-06
57 1.1035156250000000e-01 9.6285219612584367e-03 9.6285196237803176e-03 2.3374781190493854e-09 -8.1146849292559575e-01 -8.1146083849084050e-01 -7.6544347552554015e-06
58 1.1230468750000000e-01 9.9286323770281237e-03 9.9286299889511671e-03 2.3880769566692051e-09 -7.9296759607314016e-01 -7.9295994387272395e-01 -7.6522004162082879e-06
59 1.1425781250000000e-01 1.0231805598845060e-02 1.0231803160044069e-02 2.4388009910170094e-09 -7.7455509766832620e-01 -7.7454744767608708e-01 -7.6499922391226605e-06
60 1.1621093750000000e-01 1.0537972545115988e-02 1.0537970055473999e-02 2.4896419890951815e-09 -7.5623106679130025e-01 -7.5622341898251488e-01 -7.6478087853715238e-06
61 1.1816406250000000e-01 1.0847064483144618e-02 1.0847061942552817e-02 2.5405918011728312e-09 -7.3799557217463063e-01 -7.3798792652469558e-01 -7.6456499350507912e-06
62 1.2011718750000000e-01 1.1159013029131654e-02 1.1159010437489288e-02 2.5916423659899657e-09 -7.1984868220210241e-01 -7.1984103868642035e-01 -7.6435156820542360e-06
63 1.2207031250000000e-01 1.1473750148174887e-02 1.1473747505389063e-02 2.6427858235145152e-09 -7.0179046490847818e-01 -7.0178282350258347e-01 -7.6414058947094077e-06
64 1.2402343750000000e-01 1.1791208154268956e-02 1.1791205460254695e-02 2.6940142616727059e-09 -6.8382098797974322e-01 -6.8381334865918264e-01 -7.6393205605818082e-06
65 1.2597656250000000e-01 1.2111319710305551e-02 1.2111316964985623e-02 2.7453199279853235e-09 -6.6594031875229120e-01 -6.6593268149331819e-01 -7.6372589730144824e-06
66 1.2792968750000000e-01 1.2434017828073341e-02 1.2434015031378184e-02 2.7966951567093279e-09 -6.4814852421430269e-01 -6.4814088899319378e-01 -7.6352211089147914e-06
67 1.2988281250000000e-01 1.2759235868257963e-02 1.2759233020125608e-02 2.8481323549600646e-09 -6.3044567100524251e-01 -6.3043803779811625e-01 -7.6332071262674717e-06
68 1.3183593750000000e-01 1.3086907540442144e-02 1.3086904640818022e-02 2.8996241224071850e-09 -6.1283182541542414e-01 -6.1282419419849543e-01 -7.6312169287051645e-06
69 1.3378906250000000e-01 1.3416966903105386e-02 1.3416963951942446e-02 2.9511629407591444e-09 -5.9530705338622047e-01 -5.9529942413584447e-01 -7.6292503760067021e-06
70 1.3574218750000000e-01 1.3749348363624372e-02 1.3749345360882789e-02 3.0027415831579418e-09 -5.7787142050983675e-01 -5.7786379320277936e-01 -7.6273070573895652e-06
71 1.3769531250000000e-01 1.4083986678272665e-02 1.4083983623919860e-02 3.0543528053983415e-09 -5.6052499203133266e-01 -5.6051736664301921e-01 -7.6253883134480560e-06
72 1.3964843750000000e-01 1.4420816952220845e-02 1.4420813846231359e-02 3.1059894864404747e-09 -5.4326783284412739e-01 -5.4326020935138619e-01 -7.6234927411933384e-06
73 1.4160156250000000e-01 1.4759774639536455e-02 1.4759771481891882e-02 3.1576445728986879e-09 -5.2610000749392549e-01 -5.2609238587380602e-01 -7.6216201194689859e-06
74 1.4355468750000000e-01 1.5100795543184041e-02 1.5100792333872921e-02 3.2093111206749070e-09 -5.0902158017773469e-01 -5.0901396040730706e-01 -7.6197704276248501e-06
75 1.4550781250000000e-01 1.5443815815025136e-02 1.5443812554042854e-02 3.2609822810808486e-09 -4.9203261474354010e-01 -4.9202499680002104e-01 -7.6179435190559808e-06
76 1.4746093750000000e-01 1.5788771955818258e-02 1.5788768643166959e-02 3.3126512991032975e-09 -4.7513317469019967e-01 -4.7512555855118244e-01 -7.6161390172302390e-06
77 1.4941406250000000e-01 1.6135600815218889e-02 1.6135597450907414e-02 3.3643114752401893e-09 -4.5832332317058899e-01 -4.5831570881112932e-01 -7.6143594596733699e-06
78 1.5136718750000000e-01 1.6484239591779502e-02 1.6484236175823279e-02 3.4159562227464857e-09 -4.4160312298155929e-01 -4.4159551038130246e-01 -7.6126002568344120e-06
79 1.5332031250000000e-01 1.6834625832949538e-02 1.6834622365370516e-02 3.4675790225313641e-09 -4.2497263657854201e-01 -4.2496502571424599e-01 -7.6108642960148742e-06
80 1.5527343750000000e-01 1.7186697435075428e-02 1.7186693915901972e-02 3.5191734561179633e-09 -4.0843192606397977e-01 -4.0842431691360709e-01 -7.6091503726782861e-06
81 1.5722656250000000e-01 1.7540392643400647e-02 1.7540389072667407e-02 3.5707332403378533e-09 -3.9198105319247140e-01 -3.9197344573413589e-01 -7.6074583355012493e-06
82 1.5917968750000000e-01 1.7895650052065424e-02 1.7895646429813453e-02 3.6222519705919609e-09 -3.7562007936867303e-01 -3.7561247358168587e-01 -7.6057869871637429e-06
83 1.6113281250000000e-01 1.8252408604107203e-02 1.8252404930383652e-02 3.6737235510619914e-09 -3.5934906565307756e-01 -3.5934146151321333e-01 -7.6041398642257008e-06
84 1.6308593750000000e-01 1.8610607591460330e-02 1.8610603866318427e-02 3.7251419032768851e-09 -3.4316807275081812e-01 -3.4316047023677809e-01 -7.6025140400282076e-06
85 1.6503906250000000e-01 1.8970186654956110e-02 1.8970182878455109e-02 3.7765010008072863e-09 -3.2707716102055318e-01 -3.2706956011154259e-01 -7.6009090105855215e-06
86 1.6699218750000000e-01 1.9331085784322865e-02 1.9331081956527916e-02 3.8277949490628238e-09 -3.1107639047286789e-01 -3.1106879114777269e-01 -7.5993250951977842e-06
87 1.6894531250000000e-01 1.9693245318185795e-02 1.9693241439167952e-02 3.8790178430447853e-09 -2.9516582076897424e-01 -2.9515822300683736e-01 -7.5977621368794601e-06
88 1.7089843750000000e-01 2.0056605944067208e-02 2.0056602013903232e-02 3.9301639755129347e-09 -2.7934551122052653e-01 -2.7933791500120847e-01 -7.5962193180623139e-06
89 1.7285156250000000e-01 2.0421108698386294e-02 2.0421104717158654e-02 3.9812276392270363e-09 -2.6361552079470130e-01 -2.6360792609446121e-01 -7.5947002400877928e-06
90 1.7480468750000000e-01 2.0786694966459244e-02 2.0786690934256013e-02 4.0322032310302625e-09 -2.4797590810268588e-01 -2.4796831490127375e-01 -7.5932014121371516e-06
91 1.7675781250000000e-01 2.1153306482499246e-02 2.1153302399414001e-02 4.0830852449103006e-09 -2.3242673141001449e-01 -2.3241913968742736e-01 -7.5917225871302563e-06
92 1.7871093750000000e-01 2.1520885329616393e-02 2.1520881195748191e-02 4.1338682026104134e-09 -2.1696804863373248e-01 -2.1696045836980654e-01 -7.5902639259384230e-06
93 1.8066406250000000e-01 2.1889373939817821e-02 2.1889369755271063e-02 4.1845467577128481e-09 -2.0159991734166691e-01 -2.0159232851639874e-01 -7.5888252681621804e-06
94 1.8261718750000000e-01 2.2258715094007616e-02 2.2258710858892000e-02 4.2351156158415559e-09 -1.8632239475118695e-01 -1.8631480734629466e-01 -7.5874048922897064e-06
95 1.8457031250000000e-01 2.2628851921986805e-02 2.2628847636417249e-02 4.2855695554788742e-09 -1.7113553773742751e-01 -1.7112795172968795e-01 -7.5860077395628611e-06
96 1.8652343750000000e-01 2.2999727902453405e-02 2.2999723566549984e-02 4.3359034210266323e-09 -1.5603940281810544e-01 -1.5603181818787557e-01 -7.5846302298732127e-06
97 1.8847656250000000e-01 2.3371286863002504e-02 2.3371282476890246e-02 4.3861122581145828e-09 -1.4103404616447246e-01 -1.4102646289325732e-01 -7.5832712151391313e-06
98 1.9042968750000000e-01 2.3743472980125878e-02 2.3743468543934984e-02 4.4361908937973205e-09 -1.2611952360072692e-01 -1.2611194166933637e-01 -7.5819313905545194e-06
99 1.9238281250000000e-01 2.4116230779212537e-02 2.4116226293078052e-02 4.4861344847269002e-09 -1.1129589060131134e-01 -1.1128830999071881e-01 -7.5806105925280143e-06
100 1.9433593750000000e-01 2.4489505134548353e-02 2.4489500598610176e-02 4.5359381771470364e-09 -9.6563202290781192e-02 -9.6555622983113959e-02 -7.5793076672325821e-06
101 1.9628906250000000e-01 2.4863241269316185e-02 2.4863236683718981e-02 4.5855972040376169e-09 -8.1921513449742633e-02 -8.1913935423334139e-02 -7.5780264084945870e-06
102 1.9824218750000000e-01 2.5237384755595855e-02 2.5237380120488991e-02 4.6351068642980220e-09 -6.7370878503483292e-02 -6.7363301739294862e-02 -7.5767641884300074e-06
103 2.0019531250000000e-01 2.5611881514364165e-02 2.5611876829901639e-02 4.6844625262165707e-09 -5.2911351529879871e-02 -5.2903776010014683e-02 -7.5755198651883404e-06
104 2.0214843750000000e-01 2.5986677815494848e-02 2.5986673081835214e-02 4.7336596344094151e-09 -3.8542986259360000e-02 -3.8535411965615322e-02 -7.5742937446776626e-06
105 2.0410156250000000e-01 2.6361720277758672e-02 2.6361715495064941e-02 4.7826937306372219e-09 -2.4265836072982824e-02 -2.4258262987321533e-02 -7.5730856612908626e-06
106 2.0605468750000000e-01 2.6736955868823260e-02 2.6736951037262906e-02 4.8315603531912110e-09 -1.0079954003231251e-02 -1.0072382107461248e-02 -7.5718957700029316e-06
107 2.0800781250000000e-01 2.7112331905253268e-02 2.7112327024998113e-02 4.8802551548543516e-09 4.0146072660718346e-03 4.0221779905345390e-03 -7.5707244627043827e-06
108 2.0996093750000000e-01 2.7487796052510300e-02 2.7487791123736446e-02 4.9287738543291049e-09 1.8017795401120563e-02 1.8025364972131714e-02 -7.5695710111504944e-06
109 2.1191406250000000e-01 2.7863296324952901e-02 2.7863291347840685e-02 4.9771122154207426e-09 3.1929558416779781e-02 3.1937126851693066e-02 -7.5684349132854045e-06
110 2.1386718750000000e-01 2.8238781085836617e-02 2.8238776060570511e-02 5.0252661060179449e-09 4.5749844676456618e-02 4.5757411992478257e-02 -7.5673160216394031e-06
111 2.1582031250000000e-01 2.8614199047313920e-02 2.8614193974082484e-02 5.0732314356427555e-09 5.9478602892474433e-02 5.9486169106643866e-02 -7.5662141694327056e-06
112 2.1777343750000000e-01 2.8989499270434267e-02 2.8989494149430084e-02 5.1210041832061570e-09 7.3115782126478734e-02 7.3123347255243359e-02 -7.5651287646250065e-06
113 2.1972656250000000e-01 2.9364631165144064e-02 2.9364625996563656e-02 5.1685804074164121e-09 8.6661331784853246e-02 8.6668895848227095e-02 -7.5640633738494056e-06
114 2.2167968750000000e-01 2.9739544490286679e-02 2.9739539274330460e-02 5.2159562190234876e-09 1.0011520162894644e-01 1.0012276464444232e-01 -7.5630154958844509e-06
115 2.2363281250000000e-01 3.0114189353602456e-02 3.0114184090474637e-02 5.2631278189829711e-09 1.1347734176850861e-01 1.1348490375163317e-01 -7.5619831245571367e-06
116 2.2558593750000000e-01 3.0488516211728663e-02 3.0488510901637237e-02 5.3100914255976850e-09 1.2674770265948296e-01 1.2675526362644074e-01 -7.5609669577814120e-06
117 2.2753906250000000e-01 3.0862475870199510e-02 3.0862470513356180e-02 5.3568433300288376e-09 1.3992623510757454e-01 1.3993379507440290e-01 -7.5599668283576893e-06
118 2.2949218750000000e-01 3.1236019483446221e-02 3.1236014080066304e-02 5.4033799171127050e-09 1.5301289026683662e-01 1.5302044924995448e-01 -7.5589831178557443e-06
119 2.3144531250000000e-01 3.1609098554796940e-02 3.1609093105099330e-02 5.4496976098494798e-09 1.6600761964127742e-01 1.6601517765642723e-01 -7.5580151498166881e-06
120 2.3339843750000000e-01 3.1981664936476764e-02 3.1981659440683888e-02 5.4957928763421648e-09 1.7891037508150848e-01 1.7891793214604979e-01 -7.5570645413081117e-06
121 2.3535156250000000e-01 3.2353670829607752e-02 3.2353665287945463e-02 5.5416622887771716e-09 1.9172110879130544e-01 1.9172866491994764e-01 -7.5561286421998997e-06
122 2.3730468750000000e-01 3.2725068784208951e-02 3.2725063196906483e-02 5.5873024679131689e-09 2.0443977332019611e-01 2.0444732852814318e-01 -7.5552079470686540e-06
123 2.3925781250000000e-01 3.3095811699196245e-02 3.3095806066486232e-02 5.6327100136921437e-09 2.1706632156726685e-01 2.1707387586955573e-01 -7.5543022888813205e-06
124 2.4121093750000000e-01 3.3465852822382590e-02 3.3465847144500911e-02 5.6778816787117492e-09 2.2960070678163902e-01 2.2960826019200142e-01 -7.5534103624042004e-06
125 2.4316406250000000e-01 3.3835145750477851e-02 3.3835140027663607e-02 5.7228142433252138e-09 2.4204288255714346e-01 2.4205043509219346e-01 -7.5525350499983102e-06
126 2.4511718750000000e-01 3.4203644429088832e-02 3.4203638661584303e-02 5.7675045295191296e-09 2.5439280283712562e-01 2.5440035451574172e-01 -7.5516786161022864e-06
127 2.4707031250000000e-01 3.4571303152719349e-02 3.4571297340769865e-02 5.8119494841801789e-09 2.6665042192295757e-01 2.6665797275715314e-01 -7.5508341955687897e-06
128 2.4902343750000000e-01 3.4938076564770076e-02 3.4938070708624071e-02 5.8561460056227865e-09 2.7881569445585042e-01 2.7882324445983142e-01 -7.5500039810050268e-06
129 2.5097656250000000e-01 3.5303919657538783e-02 3.5303913757447583e-02 5.9000912003281947e-09 2.9088857542827051e-01 2.9089612461607728e-01 -7.5491878067657225e-06
130 2.5292968750000000e-01 3.5668787772219886e-02 3.5668781828437968e-02 5.9437819180385709e-09 3.0286902018269757e-01 3.0287656856708833e-01 -7.5483843907653281e-06
131 2.5488281250000000e-01 3.6032636598905037e-02 3.6032630611689660e-02 5.9872153762574598e-09 3.1475698440408451e-01 3.1476453200295890e-01 -7.5475988743911593e-06
132 2.5683593750000000e-01 3.6395422176582752e-02 3.6395416146194008e-02 6.0303887439161485e-09 3.2655242413676877e-01 3.2655997096268041e-01 -7.5468259116417968e-06
133 2.5878906250000000e-01 3.6757100893138522e-02 3.6757094819839263e-02 6.0732992593348634e-09 3.3825529576789981e-01 3.3826284183414107e-01 -7.5460662412596413e-06
134 2.6074218750000000e-01 3.7117629485354665e-02 3.7117623369410553e-02 6.1159441122615732e-09 3.4986555603433872e-01 3.4987310135412603e-01 -7.5453197873054378e-06
135 2.6269531250000000e-01 3.7476965038910542e-02 3.7476958880589911e-02 6.1583206312221250e-09 3.6138316202193060e-01 3.6139070660831735e-01 -7.5445863867429352e-06
136 2.6464843750000000e-01 3.7835064988382482e-02 3.7835058787956261e-02 6.2004262210701988e-09 3.7280807116621872e-01 3.7281561503129385e-01 -7.5438650751213920e-06
137 2.6660156250000000e-01 3.8191887117243695e-02 3.8191880874985401e-02 6.2422582935983684e-09 3.8414024124722346e-01 3.8414778440653147e-01 -7.5431593080099724e-06
138 2.6855468750000000e-01 3.8547389557864360e-02 3.8547383274050058e-02 6.2838143022325710e-09 3.9537963039607382e-01 3.9538717286640285e-01 -7.5424703290249973e-06
139 2.7050781250000000e-01 3.8901530791511638e-02 3.8901524466419826e-02 6.3250918114210464e-09 4.0652619710111115e-01 4.0653373889217764e-01 -7.5417910664898891e-06
140 2.7246093750000000e-01 3.9254269648349556e-02 3.9254263282261212e-02 6.3660883439786708e-09 4.1757990018997415e-01 4.1758744131402231e-01 -7.5411240481604302e-06
141 2.7441406250000000e-01 3.9605565307439125e-02 3.9605558900637619e-02 6.4068015059870476e-09 4.2854069884188667e-01 4.2854823931100017e-01 -7.5404691134983715e-06
142 2.7636718750000000e-01 3.9955377296738329e-02 3.9955370849509300e-02 6.4472290284278699e-09 4.3940855258551892e-01 4.3941609241107166e-01 -7.5398255527381330e-06
143 2.7832031250000000e-01 4.0303665493102006e-02 4.0303659005733468e-02 6.4873685381994228e-09 4.5018342129151279e-01 4.5019096049109386e-01 -7.5391995810747403e-06
144 2.8027343750000000e-01 4.0650390122282005e-02 4.0650383595064191e-02 6.5272178148556570e-09 4.6086526519707294e-01 4.6087280377682088e-01 -7.5385797479454730e-06
145 2.8222656250000000e-01 4.0995511758927232e-02 4.0995505192152421e-02 6.5667748114228708e-09 4.7145404486910941e-01 4.7146158284290368e-01 -7.5379737942693481e-06
146 2.8417968750000000e-01 4.1338991326583092e-02 4.1338984720546042e-02 6.6060370507159405e-09 4.8194972123376212e-01 4.8195725861289013e-01 -7.5373791280086699e-06
147 2.8613281250000000e-01 4.1680790097692336e-02 4.1680783452689801e-02 6.6450025343334218e-09 4.9235225556363271e-01 4.9235979235922495e-01 -7.5367955922334140e-06
148 2.8808593750000000e-01 4.2020869693594587e-02 4.2020863009925358e-02 6.6836692291794009e-09 5.0266160948012839e-01 5.0266914570324983e-01 -7.5362231214404218e-06
149 2.9003906250000000e-01 4.2359192084526327e-02 4.2359185362491246e-02 6.7220350813412821e-09 5.1287774495358462e-01 5.1288528061520344e-01 -7.5356616188182457e-06
150 2.9199218750000000e-01 4.2695719589621012e-02 4.2695712829522899e-02 6.7600981132343030e-09 5.2300062429804728e-01 5.2300815941422096e-01 -7.5351161736847416e-06
151 2.9394531250000000e-01 4.3030414876909076e-02 4.3030408079052673e-02 6.7978564027848520e-09 5.3303021018926777e-01 5.3303774476833488e-01 -7.5345790671033086e-06
152 2.9589843750000000e-01 4.3363240963317777e-02 4.3363234128009784e-02 6.8353079932248484e-09 5.4296646564215700e-01 5.4297399969447435e-01 -7.5340523173483831e-06
153 2.9785156250000000e-01 4.3694161214671477e-02 4.3694154342220341e-02 6.8724511359530283e-09 5.5280935402269382e-01 5.5281688755846559e-01 -7.5335357717642992e-06
154 2.9980468750000000e-01 4.4023139345691256e-02 4.4023132436407389e-02 6.9092838672624168e-09 5.6255883904668735e-01 5.6256637207503168e-01 -7.5330283443308943e-06
155 3.0175781250000000e-01 4.4350139419995258e-02 4.4350132474190798e-02 6.9458044593684320e-09 5.7221488477262028e-01 5.7222241730779222e-01 -7.5325351719390810e-06
156 3.0371093750000000e-01 4.4675125850098536e-02 4.4675118868087407e-02 6.9820111289753406e-09 5.8177745561843197e-01 5.8178498766926423e-01 -7.5320508322596069e-06
157 3.0566406250000000e-01 4.4998063397413073e-02 4.4998056379510910e-02 7.0179021621763482e-09 5.9124651634480496e-01 5.9125404792086156e-01 -7.5315760565963785e-06
158 3.0761718750000000e-01 4.5318917172247883e-02 4.5318910118771878e-02 7.0534760046592204e-09 6.0062203206216058e-01 6.0062956317289440e-01 -7.5311107338160710e-06
159 3.0957031250000000e-01 4.5637652633808562e-02 4.5637645545077821e-02 7.0887307412892397e-09 6.0990396822985449e-01 6.0991149888457064e-01 -7.5306547161479997e-06
160 3.1152343750000000e-01 4.5954235590198116e-02 4.5954228466533090e-02 7.1236650259209888e-09 6.1909229065713589e-01 6.1909982086399440e-01 -7.5302068585081372e-06
161 3.1347656250000000e-01 4.6268632198416176e-02 4.6268625040138983e-02 7.1582771932199307e-09 6.2818696549948072e-01 6.2819449526816706e-01 -7.5297686863429192e-06
162 3.1542968750000000e-01 4.6580808964359378e-02 4.6580801771793669e-02 7.1925657096905127e-09 6.3718795926546667e-01 6.3719548860298680e-01 -7.5293375201290758e-06
163 3.1738281250000000e-01 4.6890732742821302e-02 4.6890725516292198e-02 7.2265291042872271e-09 6.4609523880730502e-01 6.4610276772324859e-01 -7.5289159435776298e-06
164 3.1933593750000000e-01 4.7198370737492314e-02 4.7198363477326526e-02 7.2601657880033699e-09 6.5490877132969705e-01 6.5491629983264454e-01 -7.5285029474958520e-06
165 3.2128906250000000e-01 4.7503690500959962e-02 4.7503683207485520e-02 7.2934744424490994e-09 6.6362852438537334e-01 6.6363605248376334e-01 -7.5280983899972398e-06
166 3.2324218750000000e-01 4.7806659934708486e-02 4.7806652608254903e-02 7.3264535827011201e-09 6.7225446587690385e-01 6.7226199357809080e-01 -7.5277011869490096e-06
167 3.2519531250000000e-01 4.8107247289119158e-02 4.8107239930017344e-02 7.3591018140417575e-09 6.8078656404759386e-01 6.8079409136600955e-01 -7.5273184156898765e-06
168 3.2714843750000000e-01 4.8405421163470179e-02 4.8405413772052333e-02 7.3914178458367452e-09 6.8922478750744232e-01 6.8923231444679922e-01 -7.5269393569055154e-06
169 3.2910156250000000e-01 4.8701150505936666e-02 4.8701143082536341e-02 7.4234003250017722e-09 6.9756910519880810e-01 6.9757663176863616e-01 -7.5265698280535531e-06
170 3.3105468750000000e-01 4.8994404613590621e-02 4.8994397158542653e-02 7.4550479678414661e-09 7.0581948642055137e-01 7.0582701262859360e-01 -7.5262080422300315e-06
171 3.3300781250000000e-01 4.9285153132400998e-02 4.9285145646041494e-02 7.4863595045382425e-09 7.1397590081877838e-01 7.1398342667264181e-01 -7.5258538634326300e-06
172 3.3496093750000000e-01 4.9573366057233670e-02 4.9573358539899998e-02 7.5173336722134110e-09 7.2203831838851329e-01 7.2204584389564797e-01 -7.5255071346758129e-06
173 3.3691406250000000e-01 4.9859013731851455e-02 4.9859006183882136e-02 7.5479693190105834e-09 7.3000670947294566e-01 7.3001423464137605e-01 -7.5251684303889732e-06
174 3.3886718750000000e-01 5.0142066848914077e-02 5.0142059270648819e-02 7.5782652583789023e-09 7.3788104475982852e-01 7.3788856960248694e-01 -7.5248426584240136e-06
175 3.4082031250000000e-01 5.0422496449978212e-02 5.0422488841757838e-02 7.6082203731564491e-09 7.4566129529888192e-01 7.4566881982053834e-01 -7.5245216564212569e-06
176 3.4277343750000000e-01 5.0700273925497460e-02 5.0700266287663887e-02 7.6378335739368808e-09 7.5334743247838687e-01 7.5335495668598507e-01 -7.5242075981973855e-06
177 3.4472656250000000e-01 5.0975371014822204e-02 5.0975363347718523e-02 7.6671036811082338e-09 7.6093942803782466e-01 7.6094695193817874e-01 -7.5239003540783500e-06
178 3.4667968750000000e-01 5.1247759806200062e-02 5.1247752110170242e-02 7.6960298203698763e-09 7.6843725406797603e-01 7.6844477766536767e-01 -7.5235973916454313e-06
179 3.4863281250000000e-01 5.1517412736775230e-02 5.1517405012164397e-02 7.7246108329265262e-09 7.7584088299590803e-01 7.7584840630469731e-01 -7.5233087892812023e-06
180 3.5058593750000000e-01 5.1784302592588968e-02 5.1784294839743256e-02 7.7528457126385675e-09 7.8315028761816885e-01 7.8315781064220991e-01 -7.5230240410562033e-06
181 3.5253906250000000e-01 5.2048402508579353e-02 5.2048394727845969e-02 7.7807333839774451e-09 7.9036544106718887e-01 7.9037296381284472e-01 -7.5227456558524253e-06
182 3.5449218750000000e-01 5.2309685968581668e-02 5.2309678160308605e-02 7.8082730628481478e-09 7.9748631682698123e-01 7.9749383930043771e-01 -7.5224734564782736e-06
183 3.5644531250000000e-01 5.2568126805327769e-02 5.2568118969864082e-02 7.8354636875999084e-09 8.0451288873040050e-01 8.0452041093772175e-01 -7.5222073212533047e-06
184 3.5839843750000000e-01 5.2823699200446654e-02 5.2823691338142256e-02 7.8623043978098828e-09 8.1144513095932780e-01 8.1145265290632662e-01 -7.5219469988230259e-06
185 3.6035156250000000e-01 5.3076377684464160e-02 5.3076369795669841e-02 7.8887943191774390e-09 8.1828301803943759e-01 8.1829053973677934e-01 -7.5216973417502331e-06
186 3.6230468750000000e-01 5.3326137136803065e-02 5.3326129221870480e-02 7.9149325843408391e-09 8.2502652485405259e-01 8.2503404630850330e-01 -7.5214544507096193e-06
187 3.6425781250000000e-01 5.3572952785783071e-02 5.3572944845064703e-02 7.9407183675717086e-09 8.3167562663348960e-01 8.3168314784981912e-01 -7.5212163295201862e-06
188 3.6621093750000000e-01 5.3816800208620820e-02 5.3816792242469901e-02 7.9661509194695057e-09 8.3823029895426227e-01 8.3823781993794422e-01 -7.5209836819523090e-06
189 3.6816406250000000e-01 5.4057655331429671e-02 5.4057647340200382e-02 7.9912292894057657e-09 8.4469051774259929e-01 8.4469803849899283e-01 -7.5207563935419941e-06
190 3.7011718750000000e-01 5.4295494429220263e-02 5.4295486413267362e-02 8.0159529014522946e-09 8.5105625927462825e-01 8.5106377980797610e-01 -7.5205333478489678e-06
191 3.7207031250000000e-01 5.4530294125899839e-02 5.4530286085578951e-02 8.0403208882473542e-09 8.5732750016723003e-01 8.5733502048880250e-01 -7.5203215724739536e-06
192 3.7402343750000000e-01 5.4762031394272673e-02 5.4762023329940110e-02 8.0643325628404483e-09 8.6350421740256211e-01 8.6351173751427646e-01 -7.5201117143430807e-06
193 3.7597656250000000e-01 5.4990683556040032e-02 5.4990675468052731e-02 8.0879873007311254e-09 8.6958638829830914e-01 8.6959390820610027e-01 -7.5199077911314305e-06
194 3.7792968750000000e-01 5.5216228281799833e-02 5.5216220170515591e-02 8.1112842414965414e-09 8.7557399052619622e-01 8.7558151023487263e-01 -7.5197086764067222e-06
195 3.7988281250000000e-01 5.5438643591047151e-02 5.5438635456824391e-02 8.1342227606362449e-09 8.8146700210582452e-01 8.8147452162008910e-01 -7.5195142645867463e-06
196 3.8183593750000000e-01 5.5657907852173914e-02 5.5657899695371674e-02 8.1568022405886786e-09 8.8726540140487486e-01 8.8727292073014241e-01 -7.5193252675465061e-06
197 3.8378906250000000e-01 5.5873999782468937e-02 5.5873991603446888e-02 8.1790220499144972e-09 8.9296916713828978e-01 8.9297668628232174e-01 -7.5191440319644087e-06
198 3.8574218750000000e-01 5.6086898448117983e-02 5.6086890247236405e-02 8.2008815779910371e-09 8.9857827837671012e-01 8.9858579734281385e-01 -7.5189661037367017e-06
199 3.8769531250000000e-01 5.6296583264203698e-02 5.6296575041823498e-02 8.2223802003178470e-09 9.0409271453263917e-01 9.0410023332670164e-01 -7.5187940624665828e-06
200 3.8964843750000000e-01 5.6503033994705652e-02 5.6503025751188263e-02 8.2435173895389902e-09 9.0951245537174874e-01 9.0951997399796547e-01 -7.5186262167292739e-06
201 3.9160156250000000e-01 5.6706230752500426e-02 5.6706222488207780e-02 8.2642926460541055e-09 9.1483748100701245e-01 9.1484499946948228e-01 -7.5184624698243496e-06
202 3.9355468750000000e-01 5.6906153999361254e-02 5.6906145714655937e-02 8.2847053176071661e-09 9.2006777190181310e-01 9.2007529020302592e-01 -7.5183012128166027e-06
203 3.9550781250000000e-01 5.7102784545958483e-02 5.7102776241203600e-02 8.3047548837811291e-09 9.2520330885781732e-01 9.2521082700926749e-01 -7.5181514501698743e-06
204 3.9746093750000000e-01 5.7296103551859337e-02 5.7296095227418478e-02 8.3244408588534213e-09 9.3024407304646173e-01 9.3025159104777444e-01 -7.5180013127118528e-06
205 3.9941406250000000e-01 5.7486092525527888e-02 5.7486084181765165e-02 8.3437627224069999e-09 9.3519004597080502e-01 9.3519756382701136e-01 -7.5178562063404897e-06
206 4.0136718750000000e-01 5.7672733324325272e-02 5.7672724961605179e-02 8.3627200928027001e-09 9.4004120948960257e-01 9.4004872720433996e-01 -7.5177147373928221e-06
207 4.0332031250000000e-01 5.7856008154509288e-02 5.7855999773196928e-02 8.3813123594178585e-09 9.4479754580920106e-01 9.4480506338601855e-01 -7.5175768174950974e-06
208 4.0527343750000000e-01 5.8035899571234839e-02 5.8035891171695712e-02 8.3995391267355224e-09 9.4945903748521232e-01 9.4946655492720256e-01 -7.5174419902346301e-06
209 4.0722656250000000e-01 5.8212390478553679e-02 5.8212382061153721e-02 8.4173999576053760e-09 9.5402566741358896e-01 9.5403318473194398e-01 -7.5173183550214517e-06
210 4.0917968750000000e-01 5.8385464129414484e-02 5.8385455694520021e-02 8.4348944634493606e-09 9.5849741885691209e-01 9.5850493605319187e-01 -7.5171962797826453e-06
211 4.1113281250000000e-01 5.8555104125662859e-02 5.8555095673640610e-02 8.4520222487505237e-09 9.6287427541509540e-01 9.6288179249279238e-01 -7.5170776969724074e-06
212 4.1308593750000000e-01 5.8721294418041185e-02 5.8721285949258344e-02 8.4687828416640798e-09 9.6715622103924037e-01 9.6716373800148825e-01 -7.5169622478776787e-06
213 4.1503906250000000e-01 5.8884019306189014e-02 5.8884010821013008e-02 8.4851760062676362e-09 9.7134324002906469e-01 9.7135075687891947e-01 -7.5168498547828477e-06
214 4.1699218750000000e-01 5.9043263438642572e-02 5.9043254937441246e-02 8.5012013262275588e-09 9.7543531703558983e-01 9.7544283377362229e-01 -7.5167380324536737e-06
215 4.1894531250000000e-01 5.9199011812835031e-02 5.9199003295976611e-02 8.5168584199046826e-09 9.7943243704503402e-01 9.7943995368303072e-01 -7.5166379966962182e-06
216 4.2089843750000000e-01 5.9351249775096517e-02 5.9351241242949576e-02 8.5321469403543126e-09 9.8333458541654817e-01 9.8334210195347482e-01 -7.5165369266549931e-06
217 4.2285156250000000e-01 5.9499963020653981e-02 5.9499954473587469e-02 8.5470665128761780e-09 9.8714174784087660e-01 9.8714926428018224e-01 -7.5164393056326162e-06
218 4.2480468750000000e-01 5.9645137593631443e-02 5.9645129032014507e-02 8.5616169362423555e-09 9.9085391036290493e-01 9.9086142670727695e-01 -7.5163443720160927e-06
219 4.2675781250000000e-01 5.9786759887049720e-02 5.9786751311251857e-02 8.5757978635081500e-09 9.9447105937572167e-01 9.9447857562778041e-01 -7.5162520587479520e-06
220 4.2871093750000000e-01 5.9924816642826485e-02 5.9924808053217510e-02 8.5896089754844418e-09 9.9799318161967676e-01 9.9800069778361034e-01 -7.5161639335741270e-06
221 4.3066406250000000e-01 6.0059294951776400e-02 6.0059286348726405e-02 8.6030499946154748e-09 1.0014202641868906e+00 1.0014277802655818e+00 -7.5160786912054078e-06
222 4.3261718750000000e-01 6.0190182253611009e-02 6.0190173637490359e-02 8.6161206502843868e-09 1.0047522945147276e+00 1.0047598105134066e+00 -7.5159986789863353e-06
223 4.3457031250000000e-01 6.0317466336938790e-02 6.0317457708118062e-02 8.6288207273854667e-09 1.0079892603945566e+00 1.0079967763156934e+00 -7.5159211367914480e-06
224 4.3652343750000000e-01 6.0441135339265026e-02 6.0441126698115133e-02 8.6411498928518071e-09 1.0111311499640530e+00 1.0111386658099477e+00 -7.5158458947566231e-06
225 4.3847656250000000e-01 6.0561177746992073e-02 6.0561169093884051e-02 8.6531080217833178e-09 1.0141779517096772e+00 1.0141854674825721e+00 -7.5157728949282188e-06
226 4.4042968750000000e-01 6.0677582395418976e-02 6.0677573730724223e-02 8.6646947533575158e-09 1.0171296544685902e+00 1.0171371701688663e+00 -7.5157002761283564e-06
227 4.4238281250000000e-01 6.0790338468741836e-02 6.0790329792831908e-02 8.6759099279798413e-09 1.0199862474164547e+00 1.0199937630530260e+00 -7.5156365713091589e-06
228 4.4433593750000000e-01 6.0899435500053639e-02 6.0899426813300316e-02 8.6867533236056893e-09 1.0227477200944972e+00 1.0227552356681449e+00 -7.5155736476428814e-06
229 4.4628906250000000e-01 6.1004863371344233e-02 6.1004854674119480e-02 8.6972247528849245e-09 1.0254140623837558e+00 1.0254215778962126e+00 -7.5155124568127007e-06
230 4.4824218750000000e-01 6.1106612313500459e-02 6.1106603606176410e-02 8.7073240492840931e-09 1.0279852645148775e+00 1.0279927799681166e+00 -7.5154532390708795e-06
231 4.5019531250000000e-01 6.1204672906305824e-02 6.1204664189254923e-02 8.7170509005529695e-09 1.0304613170676944e+00 1.0304688324636402e+00 -7.5153959457896491e-06
232 4.5214843750000000e-01 6.1299036078441040e-02 6.1299027352035802e-02 8.7264052373026146e-09 1.0328422109741950e+00 1.0328497263114644e+00 -7.5153372693925746e-06
233 4.5410156250000000e-01 6.1389693107483552e-02 6.1389684372096687e-02 8.7353868652439992e-09 1.0351279374954174e+00 1.0351354527891670e+00 -7.5152937495381877e-06
234 4.5605468750000000e-01 6.1476635619907759e-02 6.1476626875912120e-02 8.7439956386603512e-09 1.0373184882760500e+00 1.0373260035232224e+00 -7.5152471723516356e-06
235 4.5800781250000000e-01 6.1559855591084990e-02 6.1559846838853537e-02 8.7522314534682621e-09 1.0394138552861309e+00 1.0394213704890021e+00 -7.5152028711222840e-06
236 4.5996093750000000e-01 6.1639345345283397e-02 6.1639336585189247e-02 8.7600941500731722e-09 1.0414140308504949e+00 1.0414215460107743e+00 -7.5151602794143457e-06
237 4.6191406250000000e-01 6.1715097555667973e-02 6.1715088788084516e-02 8.7675834578582190e-09 1.0433190076423449e+00 1.0433265227617041e+00 -7.5151193592581933e-06
238 4.6386718750000000e-01 6.1787105244300866e-02 6.1787096469601441e-02 8.7746994253956601e-09 1.0451287786818284e+00 1.0451362937638542e+00 -7.5150820257885442e-06
239 4.6582031250000000e-01 6.1855361782140926e-02 6.1855353000699019e-02 8.7814419069687233e-09 1.0468433373425796e+00 1.0468508523881830e+00 -7.5150456033679092e-06
240 4.6777343750000000e-01 6.1919860889043943e-02 6.1919852101233179e-02 8.7878107637995306e-09 1.0484626773412793e+00 1.0484701923545467e+00 -7.5150132674561831e-06
241 4.6972656250000000e-01 6.1980596633762639e-02 6.1980587839956712e-02 8.7938059264991431e-09 1.0499867927495463e+00 1.0499943077316980e+00 -7.5149821516795612e-06
242 4.7167968750000000e-01 6.2037563433946570e-02 6.2037554634519328e-02 8.7994272424118947e-09 1.0514156779847421e+00 1.0514231929372868e+00 -7.5149525446960297e-06
243 4.7363281250000000e-01 6.2090756056142206e-02 6.2090747251467591e-02 8.8046746143932708e-09 1.0527493278134403e+00 1.0527568427378593e+00 -7.5149244189720577e-06
244 4.7558593750000000e-01 6.2140169615792981e-02 6.2140160806244994e-02 8.8095479869321203e-09 1.0539877373521449e+00 1.0539952522488594e+00 -7.5148967144667012e-06
245 4.7753906250000000e-01 6.2185799577239194e-02 6.2185790763191924e-02 8.8140472698228223e-09 1.0551309020593180e+00 1.0551384169346270e+00 -7.5148753089226972e-06
246 4.7949218750000000e-01 6.2227641753718047e-02 6.2227632935545646e-02 8.8181724006153317e-09 1.0561788177508906e+00 1.0561863326083998e+00 -7.5148575091610326e-06
247 4.8144531250000000e-01 6.2265692307363701e-02 6.2265683485440315e-02 8.8219233862485424e-09 1.0571314805921077e+00 1.0571389954323120e+00 -7.5148402043367923e-06
248 4.8339843750000000e-01 6.2299947749207059e-02 6.2299938923906999e-02 8.8253000601890008e-09 1.0579888870931222e+00 1.0579964019173942e+00 -7.5148242719702552e-06
249 4.8535156250000000e-01 6.2330404939176187e-02 6.2330396110873647e-02 8.8283025403979032e-09 1.0587510341138788e+00 1.0587585489235747e+00 -7.5148096958521649e-06
250 4.8730468750000000e-01 6.2357061086095802e-02 6.2357052255165114e-02 8.8309306880973715e-09 1.0594179188665294e+00 1.0594254336596785e+00 -7.5147931490882058e-06
251 4.8925781250000000e-01 6.2379913747687595e-02 6.2379904914503140e-02 8.8331844547151483e-09 1.0599895388950245e+00 1.0599970536834269e+00 -7.5147884024406864e-06
252 4.9121093750000000e-01 6.2398960830570172e-02 6.2398951995506352e-02 8.8350638194345521e-09 1.0604658921204173e+00 1.0604734069014388e+00 -7.5147810214559740e-06
253 4.9316406250000000e-01 6.2414200590259046e-02 6.2414191753690298e-02 8.8365687475611132e-09 1.0608469767939956e+00 1.0608544915692297e+00 -7.5147752340853913e-06
254 4.9511718750000000e-01 6.2425631631166566e-02 6.2425622793467375e-02 8.8376991905225744e-09 1.0611327915204642e+00 1.0611403062912119e+00 -7.5147707476741488e-06
255 4.9707031250000000e-01 6.2433252906602232e-02 6.2433244068146918e-02 8.8384553148523892e-09 1.0613233352531375e+00 1.0613308500206950e+00 -7.5147675575593098e-06
256 4.9902343750000000e-01 6.2437063718772258e-02 6.2437054879935137e-02 8.8388371205505578e-09 1.0614186072942267e+00 1.0614261220598851e+00 -7.5147656584118039e-06
257 5.0097656250000000e-01 6.2437063718779398e-02 6.2437054879935151e-02 8.8388442467945971e-09 1.0614186072962184e+00 1.0614261220598851e+00 -7.5147636666716977e-06
258 5.0292968750000000e-01 6.2433252906623847e-02 6.2433244068146924e-02 8.8384769225680060e-09 1.0613233352542011e+00 1.0613308500206950e+00 -7.5147664939656522e-06
259 5.0488281250000000e-01 6.2425631631202509e-02 6.2425622793467368e-02 8.8377351409318905e-09 1.0611327915164535e+00 1.0611403062912119e+00 -7.5147747584658475e-06
260 5.0683593750000000e-01 6.2414200590309159e-02 6.2414191753690298e-02 8.8366188602528872e-09 1.0608469767877102e+00 1.0608544915692297e+00 -7.5147815195020229e-06
261 5.0878906250000000e-01 6.2398960830634544e-02 6.2398951995506366e-02 8.8351281776755108e-09 1.0604658921118582e+00 1.0604734069014388e+00 -7.5147895806093601e-06
262 5.1074218750000000e-01 6.2379913747766219e-02 6.2379904914503147e-02 8.8332630723830796e-09 1.0599895388844769e+00 1.0599970536834269e+00 -7.5147989500035095e-06
263 5.1269531250000000e-01 6.2357061086188714e-02 6.2357052255165128e-02 8.8310235860089570e-09 1.0594179188519774e+00 1.0594254336596785e+00 -7.5148077010034342e-06
264 5.1464843750000000e-01 6.2330404939283442e-02 6.2330396110873654e-02 8.8284097879420820e-09 1.0587510340956214e+00 1.0587585489235747e+00 -7.5148279532477602e-06
265 5.1660156250000000e-01 6.2299947749328718e-02 6.2299938923906999e-02 8.8254217198158180e-09 1.0579888870701448e+00 1.0579964019173942e+00 -7.5148472493680174e-06
266 5.1855468750000000e-01 6.2265692307499787e-02 6.2265683485440308e-02 8.8220594787746798e-09 1.0571314805645069e+00 1.0571389954323120e+00 -7.5148678051473183e-06
267 5.2050781250000000e-01 6.2227641753868697e-02 6.2227632935545639e-02 8.8183230578797733e-09 1.0561788177186680e+00 1.0561863326083998e+00 -7.5148897318300101e-06
268 5.2246093750000000e-01 6.2185799577404423e-02 6.2185790763191924e-02 8.8142124987644621e-09 1.0551309020215784e+00 1.0551384169346270e+00 -7.5149130485119287e-06
269 5.2441406250000000e-01 6.2140169615972983e-02 6.2140160806244987e-02 8.8097279957177754e-09 1.0539877373121271e+00 1.0539952522488594e+00 -7.5149367322335792e-06
270 5.2636718750000000e-01 6.2090756056337133e-02 6.2090747251467598e-02 8.8048695348619255e-09 1.0527493277713802e+00 1.0527568427378593e+00 -7.5149664791052118e-06
271 5.2832031250000000e-01 6.2037563434156590e-02 6.2037554634519321e-02 8.7996372688525781e-09 1.0514156779387107e+00 1.0514231929372868e+00 -7.5149985760969429e-06
272 5.3027343750000000e-01 6.1980596633988104e-02 6.1980587839956712e-02 8.7940313919787627e-09 1.0499867927005462e+00 1.0499943077316980e+00 -7.5150311518168422e-06
273 5.3222656250000000e-01 6.1919860889284931e-02 6.1919852101233186e-02 8.7880517446459194e-09 1.0484626772893093e+00 1.0484701923545467e+00 -7.5150652374400551e-06
274 5.3417968750000000e-01 6.1855361782397623e-02 6.1855353000699026e-02 8.7816985974709105e-09 1.0468433372873209e+00 1.0468508523881830e+00 -7.5151008620544246e-06
275 5.3613281250000000e-01 6.1787105244573447e-02 6.1787096469601427e-02 8.7749720198426751e-09 1.0451287786236207e+00 1.0451362937638542e+00 -7.5151402334494577e-06
276 5.3808593750000000e-01 6.1715097555956652e-02 6.1715088788084516e-02 8.7678721366613033e-09 1.0433190075818857e+00 1.0433265227617043e+00 -7.5151798186734453e-06
277 5.4003906250000000e-01 6.1639345345588355e-02 6.1639336585189254e-02 8.7603991005824611e-09 1.0414140307847153e+00 1.0414215460107743e+00 -7.5152260590183317e-06
278 5.4199218750000000e-01 6.1559855591406587e-02 6.1559846838853530e-02 8.7525530573229204e-09 1.0394138552157319e+00 1.0394213704890021e+00 -7.5152732701422309e-06
279 5.4394531250000000e-01 6.1476635620246321e-02 6.1476626875912113e-02 8.7443342081106046e-09 1.0373184882010300e+00 1.0373260035232224e+00 -7.5153221923418556e-06
280 5.4589843750000000e-01 6.1389693107839344e-02 6.1389684372096680e-02 8.7357426639678160e-09 1.0351279374163016e+00 1.0351354527891670e+00 -7.5153728653631902e-06
281 5.4785156250000000e-01 6.1299036078814352e-02 6.1299027352035795e-02 8.7267785567335387e-09 1.0328422108868835e+00 1.0328497263114644e+00 -7.5154245808839448e-06
282 5.4980468750000000e-01 6.1204672906696983e-02 6.1204664189254923e-02 8.7174420598801206e-09 1.0304613169791992e+00 1.0304688324636402e+00 -7.5154844410008081e-06
283 5.5175781250000000e-01 6.1106612313909785e-02 6.1106603606176403e-02 8.7077333815743785e-09 1.0279852644253831e+00 1.0279927799681166e+00 -7.5155427334827607e-06
284 5.5371093750000000e-01 6.1004863371772106e-02 6.1004854674119487e-02 8.6976526189608272e-09 1.0254140622919450e+00 1.0254215778962126e+00 -7.5156042675939005e-06
285 5.5566406250000000e-01 6.0899435500500476e-02 6.0899426813300295e-02 8.6872001814342070e-09 1.0227477200003687e+00 1.0227552356681449e+00 -7.5156677761256674e-06
286 5.5761718750000000e-01 6.0790338469207901e-02 6.0790329792831915e-02 8.6763759857277911e-09 1.0199862473197177e+00 1.0199937630530260e+00 -7.5157333083719635e-06
287 5.5957031250000000e-01 6.0677582395904671e-02 6.0677573730724216e-02 8.6651804551141076e-09 1.0171296543703647e+00 1.0171371701688663e+00 -7.5157985015561479e-06
288 5.6152343750000000e-01 6.0561177747497780e-02 6.0561169093884058e-02 8.6536137214321407e-09 1.0141779516161478e+00 1.0141854674825721e+00 -7.5158664243346607e-06
289 5.6347656250000000e-01 6.0441135339791154e-02 6.0441126698115126e-02 8.6416760275431770e-09 1.0111311498715436e+00 1.0111386658099477e+00 -7.5159384040901500e-06
290 5.6542968750000000e-01 6.0317466337485741e-02 6.0317457708118062e-02 8.6293676787585483e-09 1.0079892603048817e+00 1.0079967763156934e+00 -7.5160108117255930e-06
291 5.6738281250000000e-01 6.0190182254179041e-02 6.0190173637490352e-02 8.6166886889560423e-09 1.0047522944278890e+00 1.0047598105134063e+00 -7.5160855173006524e-06
292 5.6933593750000000e-01 6.0059294952365762e-02 6.0059286348726398e-02 8.6036393634469910e-09 1.0014202641029992e+00 1.0014277802655818e+00 -7.5161625825437284e-06
293 5.7128906250000000e-01 5.9924816643437573e-02 5.9924808053217510e-02 8.5902200630538772e-09 9.9799318154327921e-01 9.9800069778361034e-01 -7.5162403311290760e-06
294 5.7324218750000000e-01 5.9786759887682832e-02 5.9786751311251850e-02 8.5764309820657303e-09 9.9447105929721147e-01 9.9447857562778041e-01 -7.5163305689462945e-06
295 5.7519531250000000e-01 5.9645137594286912e-02 5.9645129032014507e-02 8.5622724049772003e-09 9.9085391029193692e-01 9.9086142670727695e-01 -7.5164153400253397e-06
296 5.7714843750000000e-01 5.9499963021332133e-02 5.9499954473587469e-02 8.5477446648551947e-09 9.8714174777434383e-01 9.8714926428018224e-01 -7.5165058384119021e-06
297 5.7910156250000000e-01 5.9351249775797491e-02 5.9351241242949576e-02 8.5328479143553793e-09 9.8333458535445184e-01 9.8334210195347482e-01 -7.5165990229830726e-06
298 5.8105468750000000e-01 5.9199011813559146e-02 5.9199003295976625e-02 8.5175825212391310e-09 9.7943243698806526e-01 9.7943995368303072e-01 -7.5166949654592585e-06
299 5.8300781250000000e-01 5.9043263439390044e-02 5.9043254937441253e-02 8.5019487908177815e-09 9.7543531698102015e-01 9.7544283377362229e-01 -7.5167926021357800e-06
300 5.8496093750000000e-01 5.8884019306960050e-02 5.8884010821013008e-02 8.4859470422804506e-09 9.7134323998216132e-01 9.7135075687891947e-01 -7.5168967581529245e-06
301 5.8691406250000000e-01 5.8721294418835959e-02 5.8721285949258344e-02 8.4695776156329394e-09 9.6715622099303789e-01 9.6716373800148825e-01 -7.5170084503639600e-06
302 5.8886718750000000e-01 5.8555104126481468e-02 5.8555095673640617e-02 8.4528408508810493e-09 9.6287427537175330e-01 9.6288179249279238e-01 -7.5171210390800880e-06
303 5.9082031250000000e-01 5.8385464130257199e-02 5.8385455694520028e-02 8.4357371712973084e-09 9.5849741881642991e-01 9.5850493605319187e-01 -7.5172367619558145e-06
304 5.9277343750000000e-01 5.8212390479420589e-02 5.8212382061153721e-02 8.4182668683152606e-09 9.5402566737624461e-01 9.5403318473194398e-01 -7.5173556993712864e-06
305 5.9472656250000000e-01 5.8035899572126216e-02 5.8035891171695719e-02 8.4004304970464183e-09 9.4945903744883253e-01 9.4946655492720256e-01 -7.5174783700227010e-06
306 5.9667968750000000e-01 5.7856008155425270e-02 5.7855999773196935e-02 8.3822283350465376e-09 9.4479754578242137e-01 9.4480506338601855e-01 -7.5176035971846744e-06
307 5.9863281250000000e-01 5.7672733325265971e-02 5.7672724961605186e-02 8.3636607847714650e-09 9.4004120946515435e-01 9.4004872720433996e-01 -7.5177391856140474e-06
308 6.0058593750000000e-01 5.7486092526493428e-02 5.7486084181765158e-02 8.3447282694937286e-09 9.3519004595194688e-01 9.3519756382701136e-01 -7.5178750644777637e-06
309 6.0253906250000000e-01 5.7296103552849767e-02 5.7296095227418464e-02 8.3254313026914772e-09 9.3024407303319323e-01 9.3025159104777444e-01 -7.5180145812092647e-06
310 6.0449218750000000e-01 5.7102784546973838e-02 5.7102776241203600e-02 8.3057702382483001e-09 9.2520330885144209e-01 9.2521082700926749e-01 -7.5181578254035486e-06
311 6.0644531250000000e-01 5.6906154000401554e-02 5.6906145714655944e-02 8.2857456104590277e-09 9.2006777189817512e-01 9.2007529020302592e-01 -7.5183048507954098e-06
312 6.0839843750000000e-01 5.6706230753565685e-02 5.6706222488207780e-02 8.2653579050462334e-09 9.1483748100836237e-01 9.1484499946948228e-01 -7.5184611199041740e-06
313 6.1035156250000000e-01 5.6503033995795919e-02 5.6503025751188263e-02 8.2446076563047477e-09 9.0951245537597325e-01 9.0951997399796547e-01 -7.5186219922196429e-06
314 6.1230468750000000e-01 5.6296583265318889e-02 5.6296575041823491e-02 8.2234953985294013e-09 9.0409271454030016e-01 9.0410023332670164e-01 -7.5187864014836236e-06
315 6.1425781250000000e-01 5.6086898449258092e-02 5.6086890247236419e-02 8.2020216729539186e-09 8.9857827838780568e-01 8.9858579734281385e-01 -7.5189550081677936e-06
316 6.1621093750000000e-01 5.5873999783633832e-02 5.5873991603446894e-02 8.1801869375452974e-09 8.9296916715441110e-01 8.9297668628232174e-01 -7.5191279106379127e-06
317 6.1816406250000000e-01 5.5657907853363588e-02 5.5657899695371660e-02 8.1579919278262913e-09 8.8726540142670274e-01 8.8727292073014241e-01 -7.5193034396736635e-06
318 6.2011718750000000e-01 5.5438643592261541e-02 5.5438635456824391e-02 8.1354371503361556e-09 8.8146700213110307e-01 8.8147452162008910e-01 -7.5194889860297209e-06
319 6.2207031250000000e-01 5.5216228283038842e-02 5.5216220170515605e-02 8.1125232365142352e-09 8.7557399055518226e-01 8.7558151023487263e-01 -7.5196796903709284e-06
320 6.2402343750000000e-01 5.4990683557303605e-02 5.4990675468052731e-02 8.0892508733110269e-09 8.6958638833219248e-01 8.6959390820610027e-01 -7.5198739077908527e-06
321 6.2597656250000000e-01 5.4762031395560837e-02 5.4762023329940089e-02 8.0656207476770270e-09 8.6350421744133976e-01 8.6351173751427646e-01 -7.5200729366953212e-06
322 6.2792968750000000e-01 5.4530294127212310e-02 5.4530286085578944e-02 8.0416333661514905e-09 8.5732750021191817e-01 8.5733502048880250e-01 -7.5202768843318779e-06
323 6.2988281250000000e-01 5.4295494430556861e-02 5.4295486413267369e-02 8.0172894920127469e-09 8.5105625932192197e-01 8.5106377980797621e-01 -7.5204860542354979e-06
324 6.3183593750000000e-01 5.4057655332790229e-02 5.4057647340200375e-02 7.9925898538446560e-09 8.4469051779706206e-01 8.4469803849899283e-01 -7.5207019307743650e-06
325 6.3378906250000000e-01 5.3816800210005039e-02 5.3816792242469907e-02 7.9675351316588205e-09 8.3823029901090285e-01 8.3823781993794422e-01 -7.5209270413711948e-06
326 6.3574218750000000e-01 5.3572952787190854e-02 5.3572944845064703e-02 7.9421261511836150e-09 8.3167562669356720e-01 8.3168314784981912e-01 -7.5211562519106323e-06
327 6.3769531250000000e-01 5.3326137138234211e-02 5.3326129221870487e-02 7.9163637242696261e-09 8.2502652491756634e-01 8.2503404630850330e-01 -7.5213909369598042e-06
328 6.3964843750000000e-01 5.3076377685918434e-02 5.3076369795669841e-02 7.8902485933785016e-09 8.1828301810556803e-01 8.1829053973677934e-01 -7.5216312113157713e-06
329 6.4160156250000000e-01 5.2823699201923757e-02 5.2823691338142256e-02 7.8637815009718892e-09 8.1144513103208737e-01 8.1145265290632662e-01 -7.5218742392468840e-06
330 6.4355468750000000e-01 5.2568126806827445e-02 5.2568118969864082e-02 7.8369633629837843e-09 8.0451288880431093e-01 8.0452041093772175e-01 -7.5221334108199756e-06
331 6.4550781250000000e-01 5.2309685970103645e-02 5.2309678160308598e-02 7.8097950467759247e-09 7.9748631690772942e-01 7.9749383930043771e-01 -7.5223927082923581e-06
332 6.4746093750000000e-01 5.2048402510123395e-02 5.2048394727845976e-02 7.7822774197100486e-09 7.9036544115336771e-01 7.9037296381284472e-01 -7.5226594770105848e-06
333 6.4941406250000000e-01 5.1784302594154695e-02 5.1784294839743256e-02 7.7544114393535146e-09 7.8315028770977846e-01 7.8315781064220991e-01 -7.5229324314474155e-06
334 6.5136718750000000e-01 5.1517412738362328e-02 5.1517405012164390e-02 7.7261979383735913e-09 7.7584088309300225e-01 7.7584840630469731e-01 -7.5232116950596506e-06
335 6.5332031250000000e-01 5.1247759807808178e-02 5.1247752110170235e-02 7.6976379437265763e-09 7.6843725416983943e-01 7.6844477766536767e-01 -7.5234955282388327e-06
336 6.5527343750000000e-01 5.0975371016450957e-02 5.0975363347718523e-02 7.6687324337965102e-09 7.6093942814077309e-01 7.6094695193817874e-01 -7.5237974056507895e-06
337 6.5722656250000000e-01 5.0700273927146336e-02 5.0700266287663880e-02 7.6394824563563724e-09 7.5334743258644532e-01 7.5335495668598507e-01 -7.5240995397463095e-06
338 6.5917968750000000e-01 5.0422496451646863e-02 5.0422488841757845e-02 7.6098890175457790e-09 7.4566129540997161e-01 7.4566881982053834e-01 -7.5244105667282568e-06
339 6.6113281250000000e-01 5.0142066850602081e-02 5.0142059270648832e-02 7.5799532484044363e-09 7.3788104487394990e-01 7.3788856960248694e-01 -7.5247285370450001e-06
340 6.6308593750000000e-01 4.9859013733558270e-02 4.9859006183882136e-02 7.5496761342552787e-09 7.3000670958779545e-01 7.3001423464137605e-01 -7.5250535805926333e-06
341 6.6503906250000000e-01 4.9573366058958963e-02 4.9573358539900005e-02 7.5190589587936785e-09 7.2203831850856659e-01 7.2204584389564797e-01 -7.5253870813751789e-06
342 6.6699218750000000e-01 4.9285153134144305e-02 4.9285145646041507e-02 7.4881027975481906e-09 7.1397590094602492e-01 7.1398342667264181e-01 -7.5257266168859971e-06
343 6.6894531250000000e-01 4.8994404615351483e-02 4.8994397158542646e-02 7.4568088370696728e-09 7.0581948655052262e-01 7.0582701262859360e-01 -7.5260780709740516e-06
344 6.7089843750000000e-01 4.8701150507714612e-02 4.8701143082536341e-02 7.4251782708478764e-09 6.9756910533312588e-01 6.9757663176863616e-01 -7.5264355102744318e-06
345 6.7285156250000000e-01 4.8405421165264785e-02 4.8405413772052333e-02 7.3932124519671127e-09 6.8922478764610851e-01 6.8923231444679922e-01 -7.5268006907158735e-06
346 6.7480468750000000e-01 4.8107247290929765e-02 4.8107239930017337e-02 7.3609124282003613e-09 6.8078656419226069e-01 6.8079409136600955e-01 -7.5271737488558088e-06
347 6.7675781250000000e-01 4.7806659936534580e-02 4.7806652608254903e-02 7.3282796775320236e-09 6.7225446602242300e-01 6.7226199357809080e-01 -7.5275556677967259e-06
348 6.7871093750000000e-01 4.7503690502800983e-02 4.7503683207485527e-02 7.2953154559018962e-09 6.6362852453676169e-01 6.6363605248376334e-01 -7.5279470016509364e-06
349 6.8066406250000000e-01 4.7198370739347718e-02 4.7198363477326526e-02 7.2620211927221234e-09 6.5490877148427673e-01 6.5491629983264454e-01 -7.5283483678134644e-06
350 6.8261718750000000e-01 4.6890732744690439e-02 4.6890725516292191e-02 7.2283982480159104e-09 6.4609523896496557e-01 6.4610276772324859e-01 -7.5287582830263489e-06
351 6.8457031250000000e-01 4.6580808966241762e-02 4.6580801771793669e-02 7.1944480928287646e-09 6.3718795942621143e-01 6.3719548860298680e-01 -7.5291767753782324e-06
352 6.8652343750000000e-01 4.6268632200311015e-02 4.6268625040138990e-02 7.1601720247338463e-09 6.2818696566417953e-01 6.2819449526816706e-01 -7.5296039875327736e-06
353 6.8847656250000000e-01 4.5954235592104868e-02 4.5954228466533090e-02 7.1255717784546313e-09 6.1909229082448292e-01 6.1909982086399440e-01 -7.5300395114830110e-06
354 6.9042968750000000e-01 4.5637652635726604e-02 4.5637645545077814e-02 7.0906487903421578e-09 6.0990396839588357e-01 6.0991149888457064e-01 -7.5304886870686261e-06
355 6.9238281250000000e-01 4.5318917174176521e-02 4.5318910118771878e-02 7.0554046424642358e-09 6.0062203222830746e-01 6.0062956317289440e-01 -7.5309445869420344e-06
356 6.9433593750000000e-01 4.4998063399351820e-02 4.4998056379510903e-02 7.0198409168886755e-09 5.9124651651015137e-01 5.9125404792086156e-01 -7.5314107101931427e-06
357 6.9628906250000000e-01 4.4675125852046735e-02 4.4675118868087414e-02 6.9839593205833772e-09 5.8177745578297935e-01 5.8178498766926423e-01 -7.5318862848838819e-06
358 6.9824218750000000e-01 4.4350139421952199e-02 4.4350132474190798e-02 6.9477614009216815e-09 5.7221488493633255e-01 5.7222241730779222e-01 -7.5323714596731151e-06
359 7.0019531250000000e-01 4.4023139347656344e-02 4.4023132436407382e-02 6.9112489620160034e-09 5.6255883920675842e-01 5.6256637207503168e-01 -7.5328682732633823e-06
360 7.0214843750000000e-01 4.3694161216644101e-02 4.3694154342220341e-02 6.8744237594065005e-09 5.5280935418159061e-01 5.5281688755846559e-01 -7.5333768749796803e-06
361 7.0410156250000000e-01 4.3363240965297367e-02 4.3363234128009777e-02 6.8372875902666941e-09 5.4296646579977237e-01 5.4297399969447435e-01 -7.5338947019831792e-06
362 7.0605468750000000e-01 4.3030414878894967e-02 4.3030408079052673e-02 6.7998422934034686e-09 5.3303021034443432e-01 5.3303774476833488e-01 -7.5344239005570302e-06
363 7.0800781250000000e-01 4.2695719591612627e-02 4.2695712829522905e-02 6.7620897215014963e-09 5.2300062445076534e-01 5.2300815941422096e-01 -7.5349634556243217e-06
364 7.0996093750000000e-01 4.2359192086523105e-02 4.2359185362491246e-02 6.7240318590844339e-09 5.1287774510168238e-01 5.1288528061520344e-01 -7.5355135210619650e-06
365 7.1191406250000000e-01 4.2020869695595923e-02 4.2020863009925351e-02 6.6856705727147414e-09 5.0266160962928552e-01 5.0266914570324983e-01 -7.5360739643093311e-06
366 7.1386718750000000e-01 4.1680790099697683e-02 4.1680783452689801e-02 6.6470078816105449e-09 4.9235225571464980e-01 4.9235979235922500e-01 -7.5366445752012012e-06
367 7.1582031250000000e-01 4.1338991328591861e-02 4.1338984720546042e-02 6.6080458188677582e-09 4.8194972137982384e-01 4.8195725861289013e-01 -7.5372330662903941e-06
368 7.1777343750000000e-01 4.0995511760939088e-02 4.0995505192152427e-02 6.5687866604435818e-09 4.7145404501382698e-01 4.7146158284290374e-01 -7.5378290767535994e-06
369 7.1972656250000000e-01 4.0650390124296401e-02 4.0650383595064184e-02 6.5292322173893247e-09 4.6086526534044464e-01 4.6087280377682088e-01 -7.5384363762420747e-06
370 7.2167968750000000e-01 4.0303665495118240e-02 4.0303659005733475e-02 6.4893847656621872e-09 4.5018342143597151e-01 4.5019096049109386e-01 -7.5390551223519786e-06
371 7.2363281250000000e-01 3.9955377298755847e-02 3.9955370849509307e-02 6.4492465395860066e-09 4.3940855272376211e-01 4.3941609241107166e-01 -7.5396873095434636e-06
372 7.2558593750000000e-01 3.9605565309457406e-02 3.9605558900637612e-02 6.4088197943013014e-09 4.2854069898203306e-01 4.2854823931100017e-01 -7.5403289671038820e-06
373 7.2753906250000000e-01 3.9254269650368045e-02 3.9254263282261205e-02 6.3681068404597418e-09 4.1757990032671594e-01 4.1758744131402231e-01 -7.5409873063758681e-06
374 7.2949218750000000e-01 3.8901530793529836e-02 3.8901524466419833e-02 6.3271100025907856e-09 4.0652619723544015e-01 4.0653373889217764e-01 -7.5416567374975152e-06
375 7.3144531250000000e-01 3.8547389559881767e-02 3.8547383274050051e-02 6.2858317162461930e-09 3.9537963052799069e-01 3.9538717286640285e-01 -7.5423384121586778e-06
376 7.3339843750000000e-01 3.8191887119259894e-02 3.8191880874985394e-02 6.2442745002444511e-09 3.8414024137403985e-01 3.8414778440653147e-01 -7.5430324916192504e-06
377 7.3535156250000000e-01 3.7835064990396884e-02 3.7835058787956254e-02 6.2024406305427604e-09 3.7280807128991000e-01 3.7281561503129385e-01 -7.5437413838419509e-06
378 7.3730468750000000e-01 3.7476965040922690e-02 3.7476958880589918e-02 6.1603327716763800e-09 3.6138316214783117e-01 3.6139070660831735e-01 -7.5444604861751863e-06
379 7.3925781250000000e-01 3.7117629487364072e-02 3.7117623369410553e-02 6.1179535187916301e-09 3.4986555615908488e-01 3.4987310135412603e-01 -7.5451950411475899e-06
380 7.4121093750000000e-01 3.6757100895144758e-02 3.6757094819839277e-02 6.0753054809126183e-09 3.3825529589166436e-01 3.3826284183414113e-01 -7.5459424767609917e-06
381 7.4316406250000000e-01 3.6395422178585421e-02 3.6395416146194015e-02 6.0323914058413308e-09 3.2655242425955139e-01 3.2655997096268041e-01 -7.5467031290243902e-06
382 7.4511718750000000e-01 3.6032636600903604e-02 3.6032630611689653e-02 5.9892139511741327e-09 3.1475698452579726e-01 3.1476453200295890e-01 -7.5474771616401704e-06
383 7.4707031250000000e-01 3.5668787774213881e-02 3.5668781828437968e-02 5.9457759132852672e-09 3.0286902030093188e-01 3.0287656856708833e-01 -7.5482661564540976e-06
384 7.4902343750000000e-01 3.5303919659527769e-02 3.5303913757447590e-02 5.9020801787545984e-09 2.9088857554961578e-01 2.9089612461607728e-01 -7.5490664614985548e-06
385 7.5097656250000000e-01 3.4938076566753705e-02 3.4938070708624078e-02 5.8581296272230965e-09 2.7881569457296163e-01 2.7882324445983142e-01 -7.5498868697954080e-06
386 7.5292968750000000e-01 3.4571303154697086e-02 3.4571297340769865e-02 5.8139272215984583e-09 2.6665042203785683e-01 2.6665797275715314e-01 -7.5507192963120140e-06
387 7.5488281250000000e-01 3.4203644431060262e-02 3.4203638661584303e-02 5.7694759594828504e-09 2.5439280294981426e-01 2.5440035451574172e-01 -7.5515659274660862e-06
388 7.5683593750000000e-01 3.3835145752442460e-02 3.3835140027663607e-02 5.7247788523562271e-09 2.4204288266526444e-01 2.4205043509219346e-01 -7.5524269290139223e-06
389 7.5878906250000000e-01 3.3465852824340031e-02 3.3465847144500911e-02 5.6798391198653597e-09 2.2960070689077838e-01 2.2960826019200142e-01 -7.5533012230399876e-06
390 7.6074218750000000e-01 3.3095811701146095e-02 3.3095806066486232e-02 5.6346598636958234e-09 2.1706632167479256e-01 2.1707387586955573e-01 -7.5541947631707629e-06
391 7.6269531250000000e-01 3.2725068786150807e-02 3.2725063196906483e-02 5.5892443243110712e-09 2.0443977342655234e-01 2.0444732852814318e-01 -7.5551015908392749e-06
392 7.6464843750000000e-01 3.2353670831541267e-02 3.2353665287945463e-02 5.5435958046246014e-09 1.9172110889633759e-01 1.9172866491994764e-01 -7.5560236100502554e-06
393 7.6660156250000000e-01 3.1981664938401544e-02 3.1981659440683888e-02 5.4977176561221697e-09 1.7891037518521816e-01 1.7891793214604981e-01 -7.5569608316561343e-06
394 7.6855468750000000e-01 3.1609098556712546e-02 3.1609093105099330e-02 5.4516132164117437e-09 1.6600761974300482e-01 1.6601517765642723e-01 -7.5579134224124100e-06
395 7.7050781250000000e-01 3.1236019485352286e-02 3.1236014080066304e-02 5.4052859826958510e-09 1.5301289036870003e-01 1.5302044924995448e-01 -7.5588812544491457e-06
396 7.7246093750000000e-01 3.0862475872095649e-02 3.0862470513356180e-02 5.3587394695242541e-09 1.3992623520698544e-01 1.3993379507440287e-01 -7.5598674174337521e-06
397 7.7441406250000000e-01 3.0488516213614501e-02 3.0488510901637237e-02 5.3119772643051011e-09 1.2674770275691660e-01 1.2675526362644074e-01 -7.5608695241369261e-06
398 7.7636718750000000e-01 3.0114189355477657e-02 3.0114184090474633e-02 5.2650030238354795e-09 1.1347734186377897e-01 1.1348490375163317e-01 -7.5618878541960921e-06
399 7.7832031250000000e-01 2.9739544492150893e-02 2.9739539274330457e-02 5.2178204361374991e-09 1.0011520172205272e-01 1.0012276464444232e-01 -7.5629223895978814e-06
400 7.8027343750000000e-01 2.9364631166996964e-02 2.9364625996563660e-02 5.1704333037250194e-09 8.6661331874929470e-02 8.6668895848227095e-02 -7.5639732976251484e-06
401 7.8222656250000000e-01 2.8989499272275464e-02 2.8989494149430084e-02 5.1228453805396423e-09 7.3115782215609215e-02 7.3123347255243359e-02 -7.5650396341442327e-06
402 7.8417968750000000e-01 2.8614199049143085e-02 2.8614193974082481e-02 5.0750606044036584e-09 5.9478602979652351e-02 5.9486169106643866e-02 -7.5661269915150431e-06
403 7.8613281250000000e-01 2.8238781087653427e-02 2.8238776060570511e-02 5.0270829166088049e-09 4.5749844763288153e-02 4.5757411992478264e-02 -7.5672291901113242e-06
404 7.8808593750000000e-01 2.7863296326757048e-02 2.7863291347840685e-02 4.9789163625302280e-09 3.1929558502812608e-02 3.1937126851693066e-02 -7.5683488804587085e-06
405 7.9003906250000000e-01 2.7487796054301482e-02 2.7487791123736446e-02 4.9305650361153308e-09 1.8017795486353495e-02 1.8025364972131717e-02 -7.5694857782221403e-06
406 7.9199218750000000e-01 2.7112331907031148e-02 2.7112327024998117e-02 4.8820330313115168e-09 4.0146073504846959e-03 4.0221779905345416e-03 -7.5706400498457352e-06
407 7.9394531250000000e-01 2.6736955870587529e-02 2.6736951037262906e-02 4.8333246224774307e-09 -1.0079953919557738e-02 -1.0072382107461248e-02 -7.5718120964903685e-06
408 7.9589843750000000e-01 2.6361720279509015e-02 2.6361715495064941e-02 4.7844440735633764e-09 -2.4265835991172935e-02 -2.4258262987321533e-02 -7.5730038514021381e-06
409 7.9785156250000000e-01 2.5986677817230974e-02 2.5986673081835214e-02 4.7353957595419605e-09 -3.8542986179607448e-02 -3.8535411965615322e-02 -7.5742139921258778e-06
410 7.9980468750000000e-01 2.5611881516085736e-02 2.5611876829901636e-02 4.6861841004885996e-09 -5.2911351451938440e-02 -5.2903776010014690e-02 -7.5754419237503146e-06
411 8.0175781250000000e-01 2.5237384757302601e-02 2.5237380120488991e-02 4.6368136101537782e-09 -6.7370878427354730e-02 -6.7363301739294862e-02 -7.5766880598682196e-06
412 8.0371093750000000e-01 2.4863241271007797e-02 2.4863236683718978e-02 4.5872888196352157e-09 -8.1921513375899785e-02 -8.1913935423334139e-02 -7.5779525656460844e-06
413 8.0566406250000000e-01 2.4489505136224561e-02 2.4489500598610173e-02 4.5376143884001685e-09 -9.6563202219840605e-02 -9.6555622983113959e-02 -7.5792367266458438e-06
414 8.0761718750000000e-01 2.4116230780873070e-02 2.4116226293078052e-02 4.4877950175492565e-09 -1.1129589052870870e-01 -1.1128830999071881e-01 -7.5805379898818970e-06
415 8.0957031250000000e-01 2.3743472981770472e-02 2.3743468543934988e-02 4.4378354845109325e-09 -1.2611952353004435e-01 -1.2611194166933637e-01 -7.5818607079836120e-06
416 8.1152343750000000e-01 2.3371286864630948e-02 2.3371282476890246e-02 4.3877407020220804e-09 -1.4103404609496870e-01 -1.4102646289325732e-01 -7.5832017113752759e-06
417 8.1347656250000000e-01 2.2999727904065462e-02 2.2999723566549984e-02 4.3375154787361758e-09 -1.5603940274978229e-01 -1.5603181818787557e-01 -7.5845619067205217e-06
418 8.1542968750000000e-01 2.2628851923582143e-02 2.2628847636417249e-02 4.2871648939235563e-09 -1.7113553767114520e-01 -1.7112795172968795e-01 -7.5859414572498896e-06
419 8.1738281250000000e-01 2.2258715095585992e-02 2.2258710858892000e-02 4.2366939921600899e-09 -1.8632239468570333e-01 -1.8631480734629466e-01 -7.5873394086711787e-06
420 8.1933593750000000e-01 2.1889373941378985e-02 2.1889369755271067e-02 4.1861079186356065e-09 -2.0159991727632587e-01 -2.0159232851639874e-01 -7.5887599271240447e-06
421 8.2128906250000000e-01 2.1520885331160085e-02 2.1520881195748191e-02 4.1354118948677687e-09 -2.1696804857083760e-01 -2.1696045836980654e-01 -7.5902010310546775e-06
422 8.2324218750000000e-01 2.1153306484025216e-02 2.1153302399414001e-02 4.0846112152326253e-09 -2.3242673134889902e-01 -2.3241913968742739e-01 -7.5916614716287079e-06
423 8.2519531250000000e-01 2.0786694967967305e-02 2.0786690934256016e-02 4.0337112885979742e-09 -2.4797590804334876e-01 -2.4796831490127372e-01 -7.5931420750463552e-06
424 8.2714843750000000e-01 2.0421108699876209e-02 2.0421104717158658e-02 3.9827175515871893e-09 -2.6361552073746214e-01 -2.6360792609446121e-01 -7.5946430009299348e-06
425 8.2910156250000000e-01 2.0056605945538791e-02 2.0056602013903232e-02 3.9316355587848406e-09 -2.7934551116595685e-01 -2.7933791500120847e-01 -7.5961647483802075e-06
426 8.3105468750000000e-01 1.9693245319638838e-02 1.9693241439167956e-02 3.8804708821227329e-09 -2.9516582071482844e-01 -2.9515822300683736e-01 -7.5977079910805045e-06
427 8.3300781250000000e-01 1.9331085785757145e-02 1.9331081956527912e-02 3.8292292323105492e-09 -3.1107639041933532e-01 -3.1106879114777269e-01 -7.5992715626305163e-06
428 8.3496093750000000e-01 1.8970186656371436e-02 1.8970182878455106e-02 3.7779163304663133e-09 -3.2707716096803230e-01 -3.2706956011154259e-01 -7.6008564897089848e-06
429 8.3691406250000000e-01 1.8610607592856515e-02 1.8610603866318430e-02 3.7265380850581842e-09 -3.4316807269930771e-01 -3.4316047023677809e-01 -7.6024625296211568e-06
430 8.3886718750000000e-01 1.8252408605484050e-02 1.8252404930383648e-02 3.6751004010848742e-09 -3.5934906560305158e-01 -3.5934146151321333e-01 -7.6040898382423450e-06
431 8.4082031250000000e-01 1.7895650053422744e-02 1.7895646429813453e-02 3.6236092910979512e-09 -3.7562007931956032e-01 -3.7561247358168587e-01 -7.6057378744498472e-06
432 8.4277343750000000e-01 1.7540392644738258e-02 1.7540389072667407e-02 3.5720708509157095e-09 -3.9198105314517306e-01 -3.9197344573413589e-01 -7.6074110371693315e-06
433 8.4472656250000000e-01 1.7186697436393238e-02 1.7186693915901972e-02 3.5204912665620647e-09 -4.0843192601845979e-01 -4.0842431691360709e-01 -7.6091048527016092e-06
434 8.4667968750000000e-01 1.6834625834247316e-02 1.6834622365370516e-02 3.4688768003887649e-09 -4.2497263653486539e-01 -4.2496502571424599e-01 -7.6108206193969963e-06
435 8.4863281250000000e-01 1.6484239593057091e-02 1.6484236175823279e-02 3.4172338118920731e-09 -4.4160312293972498e-01 -4.4159551038130246e-01 -7.6125584225206211e-06
436 8.5058593750000000e-01 1.6135600816476151e-02 1.6135597450907414e-02 3.3655687368960852e-09 -4.5832332312954249e-01 -4.5831570881112932e-01 -7.6143184131738373e-06
437 8.5253906250000000e-01 1.5788771957055022e-02 1.5788768643166959e-02 3.3138880632666012e-09 -4.7513317465381988e-01 -4.7512555855118244e-01 -7.6161026374421681e-06
438 8.5449218750000000e-01 1.5443815816241265e-02 1.5443812554042853e-02 3.2621984124431291e-09 -4.9203261470665893e-01 -4.9202499680002104e-01 -7.6179066378911919e-06
439 8.5644531250000000e-01 1.5100795544379391e-02 1.5100792333872919e-02 3.2105064717846687e-09 -5.0902158014209020e-01 -5.0901396040730706e-01 -7.6197347831374884e-06
440 8.5839843750000000e-01 1.4759774640710896e-02 1.4759771481891884e-02 3.1588190119169468e-09 -5.2610000745970720e-01 -5.2609238587380602e-01 -7.6215859011741216e-06
441 8.6035156250000000e-01 1.4420816953374231e-02 1.4420813846231357e-02 3.1071428745893526e-09 -5.4326783281133439e-01 -5.4326020935138619e-01 -7.6234599482027932e-06
442 8.6230468750000000e-01 1.4083986679404898e-02 1.4083983623919860e-02 3.0554850385944299e-09 -5.6052499200008898e-01 -5.6051736664301921e-01 -7.6253570697737416e-06
443 8.6425781250000000e-01 1.3749348364735353e-02 1.3749345360882787e-02 3.0038525659914495e-09 -5.7787142048073292e-01 -5.7786379320277936e-01 -7.6272779535591084e-06
444 8.6621093750000000e-01 1.3416966904195006e-02 1.3416963951942444e-02 2.9522525622077689e-09 -5.9530705335737366e-01 -5.9529942413584447e-01 -7.6292215291928756e-06
445 8.6816406250000000e-01 1.3086907541510272e-02 1.3086904640818024e-02 2.9006922488972187e-09 -6.1283182538877556e-01 -6.1282419419849543e-01 -7.6311902801329268e-06
446 8.7011718750000000e-01 1.2759235869304553e-02 1.2759233020125608e-02 2.8491789448581439e-09 -6.3044567098039472e-01 -6.3043803779811625e-01 -7.6331822784769798e-06
447 8.7207031250000000e-01 1.2434017829098252e-02 1.2434015031378183e-02 2.7977200695028515e-09 -6.4814852419125557e-01 -6.4814088899319378e-01 -7.6351980617950232e-06
448 8.7402343750000000e-01 1.2111319711308756e-02 1.2111316964985623e-02 2.7463231324492687e-09 -6.6594031873108683e-01 -6.6593268149331819e-01 -7.6372377686428905e-06
449 8.7597656250000000e-01 1.1791208155250312e-02 1.1791205460254695e-02 2.6949956172944711e-09 -6.8382098796064383e-01 -6.8381334865918264e-01 -7.6393014611930710e-06
450 8.7792968750000000e-01 1.1473750149134326e-02 1.1473747505389062e-02 2.6437452643746084e-09 -7.0179046489283792e-01 -7.0178282350258347e-01 -7.6413902544425483e-06
451 8.7988281250000000e-01 1.1159013030069128e-02 1.1159010437489288e-02 2.5925798400466826e-09 -7.1984868218953679e-01 -7.1984103868642035e-01 -7.6435031164390210e-06
452 8.8183593750000000e-01 1.0847064484060059e-02 1.0847061942552817e-02 2.5415072425066798e-09 -7.3799557216523171e-01 -7.3798792652469558e-01 -7.6456405361247093e-06
453 8.8378906250000000e-01 1.0537972546009361e-02 1.0537970055473998e-02 2.4905353630116922e-09 -7.5623106678506724e-01 -7.5622341898251488e-01 -7.6478025523574189e-06
454 8.8574218750000000e-01 1.0231805599716363e-02 1.0231803160044069e-02 2.4396722940467352e-09 -7.7455509766538289e-01 -7.7454744767608708e-01 -7.6499892958103999e-06
455 8.8769531250000000e-01 9.9286323778773715e-03 9.9286299889511671e-03 2.3889262044246573e-09 -7.9296759607404965e-01 -7.9295994387272395e-01 -7.6522013257029897e-06
456 8.8964843750000000e-01 9.6285219620856326e-03 9.6285196237803176e-03 2.3383053150000110e-09 -8.1146849292963452e-01 -8.1146083849084050e-01 -7.6544387940247205e-06
457 8.9160156250000000e-01 9.3315437828314154e-03 9.3315414950134422e-03 2.2878179732621629e-09 -8.3005771880105950e-01 -8.3005006209995480e-01 -7.6567011046968503e-06
458 8.9355468750000000e-01 9.0377676195019501e-03 9.0377653820293592e-03 2.2374725908852477e-09 -8.4873520390965540e-01 -8.4872754492068803e-01 -7.6589889673739364e-06
459 8.9550781250000000e-01 8.7472636003815534e-03 8.7472614131037744e-03 2.1872777790366005e-09 -8.6750087812695509e-01 -8.6749321682476455e-01 -7.6613021905425072e-06
460 8.9746093750000000e-01 8.4601022026514188e-03 8.4601000654092959e-03 2.1372421228627037e-09 -8.8635467097590770e-01 -8.8634700733501171e-01 -7.6636408959940283e-06
461 8.9941406250000000e-01 8.1763542523897760e-03 8.1763521650154228e-03 2.0873743532268119e-09 -9.0529651163069502e-01 -9.0528884562535994e-01 -7.6660053350829926e-06
462 9.0136718750000000e-01 7.8960909245718372e-03 7.8960888868885425e-03 2.0376832946672474e-09 -9.2432632891632238e-01 -9.2431866052084299e-01 -7.6683954793876907e-06
463 9.0332031250000000e-01 7.6193837430698214e-03 7.6193817548919447e-03 1.9881778766731029e-09 -9.4344405130961739e-01 -9.4343638049759737e-01 -7.6708120200219554e-06
464 9.0527343750000000e-01 7.3463045806529638e-03 7.3463026417858119e-03 1.9388671518988376e-09 -9.6264960693716539e-01 -9.6264193368286310e-01 -7.6732543022872690e-06
465 9.0722656250000000e-01 7.0769256589873642e-03 7.0769237692272146e-03 1.8897601495801442e-09 -9.8194292357763679e-01 -9.8193524785498310e-01 -7.6757226536994239e-06
466 9.0917968750000000e-01 6.8113195486364086e-03 6.8113177077701228e-03 1.8408662857960501e-09 -1.0013239286605904e+00 -1.0013162504434032e+00 -7.6782171871681015e-06
467 9.1113281250000000e-01 6.5495591690601434e-03 6.5495573768654001e-03 1.7921947433052754e-09 -1.0207925492663890e+00 -1.0207848685286727e+00 -7.6807377162868562e-06
468 9.1308593750000000e-01 6.2917177886157886e-03 6.2917160448608036e-03 1.7437549850243816e-09 -1.0403487121279795e+00 -1.0403410288424439e+00 -7.6832855355757346e-06
469 9.1503906250000000e-01 6.0378690245575300e-03 6.0378673290009816e-03 1.6955565484630397e-09 -1.0599923436273841e+00 -1.0599846577674721e+00 -7.6858599120654958e-06
470 9.1699218750000000e-01 5.7880868430366036e-03 5.7880851954274833e-03 1.6476091203171395e-09 -1.0797233697984272e+00 -1.0797156813376156e+00 -7.6884608115612707e-06
471 9.1894531250000000e-01 5.5424455591010433e-03 5.5424439591787444e-03 1.5999222988116735e-09 -1.0995417163262646e+00 -1.0995340252378361e+00 -7.6910884285741332e-06
472 9.2089843750000000e-01 5.3010198366962025e-03 5.3010182841900988e-03 1.5525061037094390e-09 -1.1194473085470631e+00 -1.1194396148041981e+00 -7.6937428650225570e-06
473 9.2285156250000000e-01 5.0638846886641503e-03 5.0638831832937733e-03 1.5053703769640769e-09 -1.1394400714480071e+00 -1.1394323750238697e+00 -7.6964241373378428e-06
474 9.2480468750000000e-01 4.8311154767440700e-03 4.8311140182188917e-03 1.4585251782370245e-09 -1.1595199296682495e+00 -1.1595122305351218e+00 -7.6991331277032060e-06
475 9.2675781250000000e-01 4.6027879115721326e-03 4.6027864995914656e-03 1.4119806669363189e-09 -1.1796868074959750e+00 -1.1796791056273279e+00 -7.7018686470697872e-06
476 9.2871093750000000e-01 4.3789780526815548e-03 4.3789766869344084e-03 1.3657471464520454e-09 -1.1999406288725913e+00 -1.1999329242409653e+00 -7.7046316260265257e-06
477 9.3066406250000000e-01 4.1597623085023088e-03 4.1597609886675204e-03 1.3198347883353057e-09 -1.2202813173895193e+00 -1.2202736099676144e+00 -7.7074219049233506e-06
478 9.3261718750000000e-01 3.9452174363618321e-03 3.9452161621075007e-03 1.2742543313917776e-09 -1.2407087962895329e+00 -1.2407010860499583e+00 -7.7102395745765051e-06
479 9.3457031250000000e-01 3.7354205424841420e-03 3.7354193134679411e-03 1.2290162008758709e-09 -1.2612229884664430e+00 -1.2612152753817836e+00 -7.7130846594108959e-06
480 9.3652343750000000e-01 3.5304490819904272e-03 3.5304478978593267e-03 1.1841311004651134e-09 -1.2818238164659306e+00 -1.2818161005079796e+00 -7.7159579510155396e-06
481 9.3847656250000000e-01 3.3303808588988583e-03 3.3303797192890381e-03 1.1396098201395255e-09 -1.3025112024835073e+00 -1.3025034836245390e+00 -7.7188589682197772e-06
482 9.4042968750000000e-01 3.1352940261245750e-03 3.1352929306613488e-03 1.0954632262069608e-09 -1.3232850683662030e+00 -1.3232773465785574e+00 -7.7217876455204504e-06
483 9.4238281250000000e-01 2.9452670854798729e-03 2.9452660337774264e-03 1.0517024464848368e-09 -1.3441453356123678e+00 -1.3441376108682341e+00 -7.7247441336858458e-06
484 9.4433593750000000e-01 2.7603788876737847e-03 2.7603778793353346e-03 1.0083384500633730e-09 -1.3650919253713805e+00 -1.3650841976428707e+00 -7.7277285097654413e-06
485 9.4628906250000000e-01 2.5807086323125783e-03 2.5807076669300279e-03 9.6538255037539877e-10 -1.3861247584436569e+00 -1.3861170277028720e+00 -7.7307407848614673e-06
486 9.4824218750000000e-01 2.4063358678993855e-03 2.4063349450533572e-03 9.2284602832767848e-10 -1.4072437552810015e+00 -1.4072360214997464e+00 -7.7337812551814267e-06
487 9.5019531250000000e-01 2.2373404918343861e-03 2.2373396110940669e-03 8.8074031921736573e-10 -1.4284488359861023e+00 -1.4284410991361054e+00 -7.7368499968866189e-06
488 9.5214843750000000e-01 2.0738027504146887e-03 2.0738019113377953e-03 8.3907689346976455e-10 -1.4497399203124650e+00 -1.4497321803656629e+00 -7.7399468021432938e-06
489 9.5410156250000000e-01 1.9158032388345647e-03 1.9158024409670748e-03 7.9786748995863688e-10 -1.4711169276650868e+00 -1.4711091845932365e+00 -7.7430718503634921e-06
490 9.5605468750000000e-01 1.7634229011851837e-03 1.7634221440613327e-03 7.5712385102719160e-10 -1.4925797770999525e+00 -1.4925720308747472e+00 -7.7462252052740155e-06
491 9.5800781250000000e-01 1.6167430304547775e-03 1.6167423135968885e-03 7.1685788902153824e-10 -1.5141283873241491e+00 -1.5141206379172181e+00 -7.7494069310457547e-06
492 9.5996093750000000e-01 1.4758452685285192e-03 1.4758445914469578e-03 6.7708156139059672e-10 -1.5357626766959243e+00 -1.5357549240787762e+00 -7.7526171480268857e-06
493 9.6191406250000000e-01 1.3408116061886120e-03 1.3408109683816490e-03 6.3780696306012241e-10 -1.5574825632246041e+00 -1.5574748073686515e+00 -7.7558559525847670e-06
494 9.6386718750000000e-01 1.2117243831143015e-03 1.2117237840679658e-03 5.9904633575684485e-10 -1.5792879645704447e+00 -1.5792802054471771e+00 -7.7591232676699207e-06
495 9.6582031250000000e-01 1.0886662878816880e-03 1.0886657270698040e-03 5.6081188391093884e-10 -1.6011787980449623e+00 -1.6011710356257884e+00 -7.7624191738845383e-06
496 9.6777343750000000e-01 9.7172035796420876e-04 9.7171983484795532e-04 5.2311625343970380e-10 -1.6231549806107466e+00 -1.6231472148670256e+00 -7.7657437209666114e-06
497 9.6972656250000000e-01 8.6096997973190113e-04 8.6096949376010513e-04 4.8597179600796958e-10 -1.6452164288814970e+00 -1.6452086597845303e+00 -7.7690969666477372e-06
498 9.7167968750000000e-01 7.5649888845203653e-04 7.5649843906083216e-04 4.4939120437056945e-10 -1.6673630591220103e+00 -1.6673552866430483e+00 -7.7724789619981749e-06
499 9.7363281250000000e-01 6.5839116828885001e-04 6.5839075490160999e-04 4.1338724002075444e-10 -1.6895947872481876e+00 -1.6895870113584279e+00 -7.7758897596424958e-06
500 9.7558593750000000e-01 5.6673125230358894e-04 5.6673087433080588e-04 3.7797278306349325e-10 -1.7119115288269846e+00 -1.7119037494976208e+00 -7.7793293637995475e-06
501 9.7753906250000000e-01 4.8160392245440566e-04 4.8160357929368137e-04 3.4316072428314595e-10 -1.7343131990764999e+00 -1.7343054162786820e+00 -7.7827978179900725e-06
502 9.7949218750000000e-01 4.0309430959675915e-04 4.0309400063239209e-04 3.0896436705720939e-10 -1.7567997128659254e+00 -1.7567919265707688e+00 -7.7862951566309846e-06
503 9.8144531250000000e-01 3.3128789348277088e-04 3.3128761808598744e-04 2.7539678344864690e-10 -1.7793709847155412e+00 -1.7793631948941424e+00 -7.7898213988181197e-06
504 9.8339843750000000e-01 2.6627050276173089e-04 2.6627026029041133e-04 2.4247131955252091e-10 -1.8020269287968063e+00 -1.8020191354201671e+00 -7.7933766391424797e-06
505 9.8535156250000000e-01 2.0812831497991343e-04 2.0812810477850146e-04 2.1020141196767018e-10 -1.8247674589321841e+00 -1.8247596619713100e+00 -7.7969608740513507e-06
506 9.8730468750000000e-01 1.5694785658058663e-04 1.5694767797998970e-04 1.7860059693111316e-10 -1.8475924885952355e+00 -1.8475846880211411e+00 -7.8005740944409041e-06
507 9.8925781250000000e-01 1.1281600290412826e-04 1.1281585522150205e-04 1.4768262620570762e-10 -1.8705019309106619e+00 -1.8704941266943338e+00 -7.8042163280667154e-06
508 9.9121093750000000e-01 7.5819978187673101e-05 7.5819860726558495e-05 1.1746111460602445e-10 -1.8934956986542566e+00 -1.8934878907666648e+00 -7.8078875918041746e-06
509 9.9316406250000000e-01 4.6047355565622337e-05 4.6047267615573143e-05 8.7950049193897921e-11 -1.9165737042529107e+00 -1.9165658926650135e+00 -7.8115878971996011e-06
510 9.9511718750000000e-01 2.3586057069275288e-05 2.3585997905854201e-05 5.9163421086756056e-11 -1.9397358597846264e+00 -1.9397280444673628e+00 -7.8153172635708756e-06
511 9.9707031250000000e-01 8.5243536269508269e-06 8.5243225116039234e-06 3.1115346903510545e-11 -1.9629820769784967e+00 -1.9629742579027982e+00 -7.8190756984675147e-06
512 9.9902343750000000e-01 9.5086506397558976e-07 9.5086124391866365e-07 3.8200569261066312e-12 -1.9863122672147089e+00 -1.9863044443515090e+00 -7.8228631998911169e-06
