# P x_center tau_phi tau_mu
1 1.9531250000000000e-03 3.0278668323308056e-05 -6.6613381477509392e-16
2 5.8593750000000000e-03 -1.1909019659306352e-07 3.0487075802332342e-05
3 9.7656250000000000e-03 -1.1909038832857988e-07 3.0487075799445762e-05
4 1.3671875000000000e-02 -1.1909077324290251e-07 3.0487075796559182e-05
5 1.7578125000000000e-02 -1.1909095798401381e-07 3.0487075806329145e-05
6 2.1484375000000000e-02 -1.1909156372169605e-07 3.0487075784346729e-05
7 2.5390625000000000e-02 -1.1909195141157625e-07 3.0487075825647025e-05
8 2.9296875000000000e-02 -1.1909260910769603e-07 3.0487075800111896e-05
9 3.3203125000000000e-02 -1.1909322150671642e-07 3.0487075798113494e-05
10 3.7109375000000000e-02 -1.1909414521227291e-07 3.0487075817209330e-05
11 4.1015625000000000e-02 -1.1909476205218539e-07 3.0487075777241301e-05
12 4.4921875000000000e-02 -1.1909575192703414e-07 3.0487075823648624e-05
13 4.8828125000000000e-02 -1.1909681685295936e-07 3.0487075804330743e-05
14 5.2734375000000000e-02 -1.1909765440520914e-07 3.0487075766139071e-05
15 5.6640625000000000e-02 -1.1909891561856512e-07 3.0487075810992081e-05
16 6.0546875000000000e-02 -1.1909999209080979e-07 3.0487075800555985e-05
17 6.4453125000000000e-02 -1.1910123554059737e-07 3.0487075780127881e-05
18 6.8359375000000000e-02 -1.1910247188495759e-07 3.0487075922680518e-05
19 7.2265625000000000e-02 -1.1910387165414704e-07 3.0487075704632716e-05
20 7.6171875000000000e-02 -1.1910528918690488e-07 3.0487075867169366e-05
21 8.0078125000000000e-02 -1.1910664987624386e-07 3.0487075829421784e-05
22 8.3984375000000000e-02 -1.1910819530669414e-07 3.0487075677765318e-05
23 8.7890625000000000e-02 -1.1910971053907815e-07 3.0487075882490444e-05
24 9.1796875000000000e-02 -1.1911134123465672e-07 3.0487075762364313e-05
25 9.5703125000000000e-02 -1.1911295771938057e-07 3.0487075758478532e-05
26 9.9609375000000000e-02 -1.1911464170566433e-07 3.0487075786012063e-05
27 1.0351562500000000e-01 -1.1911638608808062e-07 3.0487075745377901e-05
28 1.0742187500000000e-01 -1.1911819797205681e-07 3.0487075977525535e-05
29 1.1132812500000000e-01 -1.1911995656532781e-07 3.0487075785790019e-05
30 1.1523437500000000e-01 -1.1912179331829975e-07 3.0487076050245143e-05
31 1.1914062500000000e-01 -1.1912375441625045e-07 3.0487075476592906e-05
32 1.2304687500000000e-01 -1.1912565511806861e-07 3.0487075712182232e-05
33 1.2695312500000000e-01 -1.1912760911059195e-07 3.0487076002172486e-05
34 1.3085937500000000e-01 -1.1912955244497425e-07 3.0487075690976972e-05
35 1.3476562500000000e-01 -1.1913161301890796e-07 3.0487075586393964e-05
36 1.3867187500000000e-01 -1.1913358122228601e-07 3.0487075686203013e-05
37 1.4257812500000000e-01 -1.1913575548305744e-07 3.0487075973084643e-05
38 1.4648437500000000e-01 -1.1913780895156378e-07 3.0487075847629441e-05
39 1.5039062500000000e-01 -1.1913989084177956e-07 3.0487075604823666e-05
40 1.5429687500000000e-01 -1.1914204378626891e-07 3.0487075866336699e-05
41 1.5820312500000000e-01 -1.1914421804704034e-07 3.0487076216334508e-05
42 1.6210937500000000e-01 -1.1914637809695705e-07 3.0487075655949436e-05
43 1.6601562500000000e-01 -1.1914856656858319e-07 3.0487075559304522e-05
44 1.6992187500000000e-01 -1.1915081188362819e-07 3.0487076490115506e-05
45 1.7382812500000000e-01 -1.1915300035525433e-07 3.0487075246110606e-05
46 1.7773437500000000e-01 -1.1915525988115405e-07 3.0487076000007551e-05
47 1.8164062500000000e-01 -1.1915749809077170e-07 3.0487075520502227e-05
48 1.8554687500000000e-01 -1.1915974340581670e-07 3.0487075677709807e-05
49 1.8945312500000000e-01 -1.1916205266970792e-07 3.0487075939722441e-05
50 1.9335937500000000e-01 -1.1916431930103499e-07 3.0487076556132142e-05
51 1.9726562500000000e-01 -1.1916657172150735e-07 3.0487074692345240e-05
52 2.0117187500000000e-01 -1.1916888809082593e-07 3.0487076935328816e-05
53 2.0507812500000000e-01 -1.1917113340587093e-07 3.0487074737284986e-05
54 2.0898437500000000e-01 -1.1917346398604423e-07 3.0487076020407899e-05
55 2.1289062500000000e-01 -1.1917572351194394e-07 3.0487075618507165e-05
56 2.1679687500000000e-01 -1.1917802567040781e-07 3.0487075967866595e-05
57 2.2070312500000000e-01 -1.1918032782887167e-07 3.0487076193408402e-05
58 2.2460937500000000e-01 -1.1918262998733553e-07 3.0487075746613024e-05
59 2.2851562500000000e-01 -1.1918488951323525e-07 3.0487075769747296e-05
60 2.3242187500000000e-01 -1.1918714903913497e-07 3.0487075457941160e-05
61 2.3632812500000000e-01 -1.1918945119759883e-07 3.0487075924512386e-05
62 2.4023437500000000e-01 -1.1919168230178911e-07 3.0487075880908376e-05
63 2.4414062500000000e-01 -1.1919395603854355e-07 3.0487075729251911e-05
64 2.4804687500000000e-01 -1.1919621556444326e-07 3.0487076198404406e-05
65 2.5195312500000000e-01 -1.1919840403606941e-07 3.0487074705765060e-05
66 2.5585937500000000e-01 -1.1920066356196912e-07 3.0487076271179525e-05
67 2.5976562500000000e-01 -1.1920285203359526e-07 3.0487075327323421e-05
68 2.6367187500000000e-01 -1.1920506892693084e-07 3.0487077092355985e-05
69 2.6757812500000000e-01 -1.1920721476599283e-07 3.0487075287854992e-05
70 2.7148437500000000e-01 -1.1920937481590954e-07 3.0487075785234907e-05
71 2.7539062500000000e-01 -1.1921154907668097e-07 3.0487075232843441e-05
72 2.7929687500000000e-01 -1.1921369491574296e-07 3.0487076062568619e-05
73 2.8320312500000000e-01 -1.1921576970053138e-07 3.0487075575902356e-05
74 2.8710937500000000e-01 -1.1921784448531980e-07 3.0487075493634830e-05
75 2.9101562500000000e-01 -1.1921989084839879e-07 3.0487075134644215e-05
76 2.9492187500000000e-01 -1.1922199405489664e-07 3.0487076418062031e-05
77 2.9882812500000000e-01 -1.1922398357455677e-07 3.0487077042229416e-05
78 3.0273437500000000e-01 -1.1922597309421690e-07 3.0487075031948585e-05
79 3.0664062500000000e-01 -1.1922796261387703e-07 3.0487075559970656e-05
80 3.1054687500000000e-01 -1.1922992371182772e-07 3.0487076394747348e-05
81 3.1445312500000000e-01 -1.1923175691208598e-07 3.0487076086105347e-05
82 3.1835937500000000e-01 -1.1923373222089140e-07 3.0487076693619386e-05
83 3.2226562500000000e-01 -1.1923552278858551e-07 3.0487075146634623e-05
84 3.2617187500000000e-01 -1.1923739862140792e-07 3.0487075976859401e-05
85 3.3007812500000000e-01 -1.1923926024337561e-07 3.0487076766672061e-05
86 3.3398437500000000e-01 -1.1924099396765087e-07 3.0487074515583856e-05
87 3.3789062500000000e-01 -1.1924272769192612e-07 3.0487076099317001e-05
88 3.4179687500000000e-01 -1.1924444720534666e-07 3.0487075987295498e-05
89 3.4570312500000000e-01 -1.1924612408620305e-07 3.0487076251306533e-05
90 3.4960937500000000e-01 -1.1924771570193116e-07 3.0487076106755495e-05
91 3.5351562500000000e-01 -1.1924939258278755e-07 3.0487075549978648e-05
92 3.5742187500000000e-01 -1.1925092735509679e-07 3.0487076268626012e-05
93 3.6132812500000000e-01 -1.1925251897082489e-07 3.0487075729057622e-05
94 3.6523437500000000e-01 -1.1925402532142471e-07 3.0487075362350957e-05
95 3.6914062500000000e-01 -1.1925547482860566e-07 3.0487076016605386e-05
96 3.7304687500000000e-01 -1.1925689591407718e-07 3.0487075228458060e-05
97 3.7695312500000000e-01 -1.1925834542125813e-07 3.0487074954010929e-05
98 3.8085937500000000e-01 -1.1925965281989193e-07 3.0487077475882529e-05
99 3.8476562500000000e-01 -1.1926104548365402e-07 3.0487074943907899e-05
100 3.8867187500000000e-01 -1.1926221077374066e-07 3.0487076205787389e-05
101 3.9257812500000000e-01 -1.1926351817237446e-07 3.0487074519025548e-05
102 3.9648437500000000e-01 -1.1926468346246111e-07 3.0487077110841199e-05
103 4.0039062500000000e-01 -1.1926584875254775e-07 3.0487076073004715e-05
104 4.0429687500000000e-01 -1.1926695719921554e-07 3.0487075647567252e-05
105 4.0820312500000000e-01 -1.1926806564588333e-07 3.0487075400986718e-05
106 4.1210937500000000e-01 -1.1926908882742282e-07 3.0487076135732316e-05
107 4.1601562500000000e-01 -1.1927014043067174e-07 3.0487076252194711e-05
108 4.1992187500000000e-01 -1.1927099308195466e-07 3.0487076296714655e-05
109 4.2382812500000000e-01 -1.1927193099836586e-07 3.0487075777463346e-05
110 4.2773437500000000e-01 -1.1927281207135820e-07 3.0487075438956346e-05
111 4.3164062500000000e-01 -1.1927360787922225e-07 3.0487075897589477e-05
112 4.3554687500000000e-01 -1.1927437526537688e-07 3.0487075367791050e-05
113 4.3945312500000000e-01 -1.1927505738640320e-07 3.0487076483343145e-05
114 4.4335937500000000e-01 -1.1927588161597669e-07 3.0487074928364777e-05
115 4.4726562500000000e-01 -1.1927645005016529e-07 3.0487078082730434e-05
116 4.5117187500000000e-01 -1.1927704690606333e-07 3.0487074098139999e-05
117 4.5507812500000000e-01 -1.1927755849683308e-07 3.0487076009722003e-05
118 4.5898437500000000e-01 -1.1927809850931226e-07 3.0487075350915660e-05
119 4.6289062500000000e-01 -1.1927863852179144e-07 3.0487077624652414e-05
120 4.6679687500000000e-01 -1.1927900800401403e-07 3.0487074108132006e-05
121 4.7070312500000000e-01 -1.1927937748623663e-07 3.0487076414065228e-05
122 4.7460937500000000e-01 -1.1927971854674979e-07 3.0487076018159698e-05
123 4.7851562500000000e-01 -1.1928000276384410e-07 3.0487076091434417e-05
124 4.8242187500000000e-01 -1.1928011645068182e-07 3.0487076038809846e-05
125 4.8632812500000000e-01 -1.1928040066777612e-07 3.0487075591167923e-05
126 4.9023437500000000e-01 -1.1928054277632327e-07 3.0487076171148431e-05
127 4.9414062500000000e-01 -1.1928059961974213e-07 3.0487075434848521e-05
128 4.9804687500000000e-01 -1.1928071330657986e-07 3.0487076366769728e-05
129 5.0195312500000000e-01 -1.1928068488487042e-07 3.0487075457275026e-05
130 5.0585937500000000e-01 -1.1928059961974213e-07 3.0487074980101170e-05
131 5.0976562500000000e-01 -1.1928054277632327e-07 3.0487076171148431e-05
132 5.1367187500000000e-01 -1.1928040066777612e-07 3.0487076500662624e-05
133 5.1757812500000000e-01 -1.1928014487239125e-07 3.0487075584062495e-05
134 5.2148437500000000e-01 -1.1928003118555353e-07 3.0487075636687067e-05
135 5.2539062500000000e-01 -1.1927971854674979e-07 3.0487077382401750e-05
136 5.2929687500000000e-01 -1.1927937748623663e-07 3.0487074140328474e-05
137 5.3320312500000000e-01 -1.1927900800401403e-07 3.0487077291363462e-05
138 5.3710937500000000e-01 -1.1927855325666314e-07 3.0487074441420958e-05
139 5.4101562500000000e-01 -1.1927815535273112e-07 3.0487076260410362e-05
140 5.4492187500000000e-01 -1.1927761534025194e-07 3.0487076919216705e-05
141 5.4882812500000000e-01 -1.1927707532777276e-07 3.0487074552887350e-05
142 5.5273437500000000e-01 -1.1927639320674643e-07 3.0487076263741031e-05
143 5.5664062500000000e-01 -1.1927579635084840e-07 3.0487075837859479e-05
144 5.6054687500000000e-01 -1.1927508580811264e-07 3.0487076028595794e-05
145 5.6445312500000000e-01 -1.1927443210879574e-07 3.0487076277285752e-05
146 5.6835937500000000e-01 -1.1927366472264112e-07 3.0487074988094776e-05
147 5.7226562500000000e-01 -1.1927281207135820e-07 3.0487076803198399e-05
148 5.7617187500000000e-01 -1.1927187415494700e-07 3.0487075322715995e-05
149 5.8007812500000000e-01 -1.1927099308195466e-07 3.0487075841967304e-05
150 5.8398437500000000e-01 -1.1927014043067174e-07 3.0487076252194711e-05
151 5.8789062500000000e-01 -1.1926908882742282e-07 3.0487076135732316e-05
152 5.9179687500000000e-01 -1.1926800880246446e-07 3.0487074491603039e-05
153 5.9570312500000000e-01 -1.1926701404263440e-07 3.0487077466556656e-05
154 5.9960937500000000e-01 -1.1926582033083832e-07 3.0487075163510013e-05
155 6.0351562500000000e-01 -1.1926462661904225e-07 3.0487076656093848e-05
156 6.0742187500000000e-01 -1.1926351817237446e-07 3.0487074973772899e-05
157 6.1132812500000000e-01 -1.1926223919545009e-07 3.0487076205787389e-05
158 6.1523437500000000e-01 -1.1926104548365402e-07 3.0487075853402601e-05
159 6.1914062500000000e-01 -1.1925962439818250e-07 3.0487074747398424e-05
160 6.2304687500000000e-01 -1.1925837384296756e-07 3.0487077682495034e-05
161 6.2695312500000000e-01 -1.1925689591407718e-07 3.0487074773710710e-05
162 6.3085937500000000e-01 -1.1925541798518680e-07 3.0487074652363333e-05
163 6.3476562500000000e-01 -1.1925399689971528e-07 3.0487076726593010e-05
164 6.3867187500000000e-01 -1.1925249054911546e-07 3.0487075729057622e-05
165 6.4257812500000000e-01 -1.1925092735509679e-07 3.0487075359131310e-05
166 6.4648437500000000e-01 -1.1924939258278755e-07 3.0487076004725999e-05
167 6.5039062500000000e-01 -1.1924774412364059e-07 3.0487076106755495e-05
168 6.5429687500000000e-01 -1.1924612408620305e-07 3.0487076706053884e-05
169 6.5820312500000000e-01 -1.1924441878363723e-07 3.0487075532548147e-05
170 6.6210937500000000e-01 -1.1924272769192612e-07 3.0487075189822299e-05
171 6.6601562500000000e-01 -1.1924097975679615e-07 3.0487075879825909e-05
172 6.6992187500000000e-01 -1.1923918918910204e-07 3.0487075857177359e-05
173 6.7382812500000000e-01 -1.1923739862140792e-07 3.0487076886354103e-05
174 6.7773437500000000e-01 -1.1923552278858551e-07 3.0487075146634623e-05
175 6.8164062500000000e-01 -1.1923371801003668e-07 3.0487075784124684e-05
176 6.8554687500000000e-01 -1.1923177112294070e-07 3.0487076540852698e-05
177 6.8945312500000000e-01 -1.1922989529011829e-07 3.0487076394747348e-05
178 6.9335937500000000e-01 -1.1922793419216760e-07 3.0487074650475954e-05
179 6.9726562500000000e-01 -1.1922600151592633e-07 3.0487077760432690e-05
180 7.0117187500000000e-01 -1.1922394094199262e-07 3.0487074313745310e-05
181 7.0507812500000000e-01 -1.1922199405489664e-07 3.0487077327556733e-05
182 7.0898437500000000e-01 -1.1921990505925351e-07 3.0487075134644215e-05
183 7.1289062500000000e-01 -1.1921785869617452e-07 3.0487075493634830e-05
184 7.1679687500000000e-01 -1.1921575548967667e-07 3.0487075575902356e-05
185 7.2070312500000000e-01 -1.1921369491574296e-07 3.0487076062568619e-05
186 7.2460937500000000e-01 -1.1921153486582625e-07 3.0487074778096090e-05
187 7.2851562500000000e-01 -1.1920943165932840e-07 3.0487076694729609e-05
188 7.3242187500000000e-01 -1.1920722897684755e-07 3.0487075287854992e-05
189 7.3632812500000000e-01 -1.1920504050522140e-07 3.0487076182861284e-05
190 7.4023437500000000e-01 -1.1920288045530469e-07 3.0487075782015260e-05
191 7.4414062500000000e-01 -1.1920064935111441e-07 3.0487076271179525e-05
192 7.4804687500000000e-01 -1.1919840403606941e-07 3.0487075160512411e-05
193 7.5195312500000000e-01 -1.1919618714273383e-07 3.0487075288909704e-05
194 7.5585937500000000e-01 -1.1919395603854355e-07 3.0487076183999262e-05
195 7.5976562500000000e-01 -1.1919169651264383e-07 3.0487075880880621e-05
196 7.6367187500000000e-01 -1.1918943698674411e-07 3.0487075924512386e-05
197 7.6757812500000000e-01 -1.1918717746084440e-07 3.0487075230567484e-05
198 7.7148437500000000e-01 -1.1918488951323525e-07 3.0487076451868322e-05
199 7.7539062500000000e-01 -1.1918260156562610e-07 3.0487074837132200e-05
200 7.7929687500000000e-01 -1.1918034203972638e-07 3.0487076875529429e-05
201 7.8320312500000000e-01 -1.1917801145955309e-07 3.0487074831012095e-05
202 7.8710937500000000e-01 -1.1917573772279866e-07 3.0487076982742278e-05
203 7.9101562500000000e-01 -1.1917346398604423e-07 3.0487075338283404e-05
204 7.9492187500000000e-01 -1.1917116182758036e-07 3.0487075419399073e-05
205 7.9882812500000000e-01 -1.1916887387997122e-07 3.0487076480588404e-05
206 8.0273437500000000e-01 -1.1916658593236207e-07 3.0487074692345240e-05
207 8.0664062500000000e-01 -1.1916431930103499e-07 3.0487076556132142e-05
208 8.1054687500000000e-01 -1.1916205266970792e-07 3.0487075939722441e-05
209 8.1445312500000000e-01 -1.1915974340581670e-07 3.0487075450336132e-05
210 8.1835937500000000e-01 -1.1915751230162641e-07 3.0487076202623253e-05
211 8.2226562500000000e-01 -1.1915524567029934e-07 3.0487075317886525e-05
212 8.2617187500000000e-01 -1.1915301456610905e-07 3.0487075700857957e-05
213 8.3007812500000000e-01 -1.1915081188362819e-07 3.0487075807994479e-05
214 8.3398437500000000e-01 -1.1914858077943791e-07 3.0487076241425548e-05
215 8.3789062500000000e-01 -1.1914639230781177e-07 3.0487075428575761e-05
216 8.4179687500000000e-01 -1.1914420383618562e-07 3.0487076216334508e-05
217 8.4570312500000000e-01 -1.1914203668084156e-07 3.0487075638963024e-05
218 8.4960937500000000e-01 -1.1913990505263428e-07 3.0487076173257854e-05
219 8.5351562500000000e-01 -1.1913778763528171e-07 3.0487075506568928e-05
220 8.5742187500000000e-01 -1.1913574837763008e-07 3.0487075973084643e-05
221 8.6132812500000000e-01 -1.1913358122228601e-07 3.0487075572516176e-05
222 8.6523437500000000e-01 -1.1913161301890796e-07 3.0487075700080801e-05
223 8.6914062500000000e-01 -1.1912955955040161e-07 3.0487076032037486e-05
224 8.7304687500000000e-01 -1.1912758068888252e-07 3.0487075433738298e-05
225 8.7695312500000000e-01 -1.1912565511806861e-07 3.0487075939555908e-05
226 8.8085937500000000e-01 -1.1912371888911366e-07 3.0487075590279744e-05
227 8.8476562500000000e-01 -1.1912178976558607e-07 3.0487075822871468e-05
228 8.8867187500000000e-01 -1.1911994945990045e-07 3.0487075899476856e-05
229 8.9257812500000000e-01 -1.1911819441934313e-07 3.0487075977525535e-05
230 8.9648437500000000e-01 -1.1911638964079430e-07 3.0487075745377901e-05
231 9.0039062500000000e-01 -1.1911464170566433e-07 3.0487075786012063e-05
232 9.0429687500000000e-01 -1.1911298614109000e-07 3.0487075701635113e-05
233 9.0820312500000000e-01 -1.1911131281294729e-07 3.0487075876051151e-05
234 9.1210937500000000e-01 -1.1910971409179183e-07 3.0487075825647025e-05
235 9.1601562500000000e-01 -1.1910819708305098e-07 3.0487075677765318e-05
236 9.1992187500000000e-01 -1.1910664987624386e-07 3.0487075886265202e-05
237 9.2382812500000000e-01 -1.1910529096326172e-07 3.0487075753482529e-05
238 9.2773437500000000e-01 -1.1910387165414704e-07 3.0487075818319553e-05
239 9.3164062500000000e-01 -1.1910247543767127e-07 3.0487075808993680e-05
240 9.3554687500000000e-01 -1.1910117869717851e-07 3.0487075751706172e-05
241 9.3945312500000000e-01 -1.1909999209080979e-07 3.0487075828977694e-05
242 9.4335937500000000e-01 -1.1909891561856512e-07 3.0487075810992081e-05
243 9.4726562500000000e-01 -1.1909765351703072e-07 3.0487075766139071e-05
244 9.5117187500000000e-01 -1.1909681596478094e-07 3.0487075804330743e-05
245 9.5507812500000000e-01 -1.1909575103885572e-07 3.0487075852070333e-05
246 9.5898437500000000e-01 -1.1909476205218539e-07 3.0487075763030447e-05
247 9.6289062500000000e-01 -1.1909414521227291e-07 3.0487075817209330e-05
248 9.6679687500000000e-01 -1.1909322150671642e-07 3.0487075783902640e-05
249 9.7070312500000000e-01 -1.1909260955178524e-07 3.0487075821428178e-05
250 9.7460937500000000e-01 -1.1909195141157625e-07 3.0487075797225316e-05
251 9.7851562500000000e-01 -1.1909156394374065e-07 3.0487075802110297e-05
252 9.8242187500000000e-01 -1.1909095809503611e-07 3.0487075793894647e-05
253 9.8632812500000000e-01 -1.1909077324290251e-07 3.0487075802776431e-05
254 9.9023437500000000e-01 -1.1909038832857988e-07 3.0487075801222119e-05
255 9.9414062500000000e-01 -1.1909019662081910e-07 3.0487075800555985e-05
256 9.9804687500000000e-01 3.0278668095934380e-05 -2.2204460492503131e-16
