# P x_center tau_phi tau_mu
1 9.7656250000000000e-04 7.5957180238825361e-06 -4.4408920985006262e-16
2 2.9296875000000000e-03 -1.4886167548633367e-08 7.6217689506385966e-06
3 4.8828125000000000e-03 -1.4886385346635223e-08 7.6217689484181506e-06
4 6.8359375000000000e-03 -1.4886310073514153e-08 7.6217689499724628e-06
5 8.7890625000000000e-03 -1.4886351873411030e-08 7.6217689470858829e-06
6 1.0742187500000000e-02 -1.4886315735651579e-08 7.6217689424229462e-06
7 1.2695312500000000e-02 -1.4886310961692573e-08 7.6217689677360312e-06
8 1.4648437500000000e-02 -1.4886410326653277e-08 7.6217689333191174e-06
9 1.6601562500000000e-02 -1.4886308630224221e-08 7.6217689723989679e-06
10 1.8554687500000000e-02 -1.4886346599851663e-08 7.6217689610746930e-06
11 2.0507812500000000e-02 -1.4886487154086581e-08 7.6217689026769619e-06
12 2.2460937500000000e-02 -1.4886541777059392e-08 7.6217690201385579e-06
13 2.4414062500000000e-02 -1.4886400556690660e-08 7.6217689315427606e-06
14 2.6367187500000000e-02 -1.4886484489551322e-08 7.6217689994884097e-06
15 2.8320312500000000e-02 -1.4886608834530080e-08 7.6217689539692657e-06
16 3.0273437500000000e-02 -1.4886554211557268e-08 7.6217689146673706e-06
17 3.2226562500000000e-02 -1.4886744281739084e-08 7.6217689077839879e-06
18 3.4179687500000000e-02 -1.4886432531113769e-08 7.6217690372359925e-06
19 3.6132812500000000e-02 -1.4886876620323619e-08 7.6217689148894152e-06
20 3.8085937500000000e-02 -1.4886686550141803e-08 7.6217689133351030e-06
21 4.0039062500000000e-02 -1.4886825105975277e-08 7.6217689979340975e-06
22 4.1992187500000000e-02 -1.4886850863149448e-08 7.6217688993462929e-06
23 4.3945312500000000e-02 -1.4887080013181730e-08 7.6217689652935405e-06
24 4.5898437500000000e-02 -1.4886772703448514e-08 7.6217689106705677e-06
25 4.7851562500000000e-02 -1.4887083565895409e-08 7.6217691233892992e-06
26 4.9804687500000000e-02 -1.4887310939570852e-08 7.6217687339230622e-06
27 5.1757812500000000e-02 -1.4886946786418775e-08 7.6217687972057746e-06
28 5.3710937500000000e-02 -1.4887259425222510e-08 7.6217691087343553e-06
29 5.5664062500000000e-02 -1.4887442389976968e-08 7.6217686613144764e-06
30 5.7617187500000000e-02 -1.4887440613620129e-08 7.6217691677982202e-06
31 5.9570312500000000e-02 -1.4887277188790904e-08 7.6217686948432117e-06
32 6.1523437500000000e-02 -1.4887625354731426e-08 7.6217689388702325e-06
33 6.3476562500000000e-02 -1.4887532984175778e-08 7.6217692017710448e-06
34 6.5429687500000000e-02 -1.4887696409005002e-08 7.6217688902424641e-06
35 6.7382812500000000e-02 -1.4887778121419615e-08 7.6217688813606799e-06
36 6.9335937500000000e-02 -1.4887838517552154e-08 7.6217685660573409e-06
37 7.1289062500000000e-02 -1.4887934440821482e-08 7.6217693736335690e-06
38 7.3242187500000000e-02 -1.4888144050928531e-08 7.6217687463575601e-06
39 7.5195312500000000e-02 -1.4888207999774750e-08 7.6217690072599709e-06
40 7.7148437500000000e-02 -1.4888172472637962e-08 7.6217689468638383e-06
41 7.9101562500000000e-02 -1.4888144050928531e-08 7.6217692801527903e-06
42 8.1054687500000000e-02 -1.4888421162595478e-08 7.6217690088142831e-06
43 8.3007812500000000e-02 -1.4888488664155375e-08 7.6217686049151467e-06
44 8.4960937500000000e-02 -1.4888566823856308e-08 7.6217693281144250e-06
45 8.6914062500000000e-02 -1.4888737354112891e-08 7.6217689055635418e-06
46 8.8867187500000000e-02 -1.4888698274262424e-08 7.6217688083080049e-06
47 9.0820312500000000e-02 -1.4888875909946364e-08 7.6217692484004118e-06
48 9.2773437500000000e-02 -1.4889039334775589e-08 7.6217691798996512e-06
49 9.4726562500000000e-02 -1.4889081967339735e-08 7.6217685718305006e-06
50 9.6679687500000000e-02 -1.4889124599903880e-08 7.6217693176783285e-06
51 9.8632812500000000e-02 -1.4889373289861396e-08 7.6217693240065998e-06
52 1.0058593750000000e-01 -1.4889302235587820e-08 7.6217688770308101e-06
53 1.0253906250000000e-01 -1.4889501187553833e-08 7.6217685955892733e-06
54 1.0449218750000000e-01 -1.4889607768964197e-08 7.6217696592939532e-06
55 1.0644531250000000e-01 -1.4889657506955700e-08 7.6217678962597901e-06
56 1.0839843750000000e-01 -1.4889863564349071e-08 7.6217692447366758e-06
57 1.1035156250000000e-01 -1.4889906196913216e-08 7.6217683800949843e-06
58 1.1230468750000000e-01 -1.4890034094605653e-08 7.6217687234869658e-06
59 1.1425781250000000e-01 -1.4890190414007520e-08 7.6217692542845938e-06
60 1.1621093750000000e-01 -1.4890254362853739e-08 7.6217681480583721e-06
61 1.1816406250000000e-01 -1.4890396471400891e-08 7.6217695976765754e-06
62 1.2011718750000000e-01 -1.4890545685375400e-08 7.6217688068647149e-06
63 1.2207031250000000e-01 -1.4890552790802758e-08 7.6217697252412009e-06
64 1.2402343750000000e-01 -1.4890794375332916e-08 7.6217691318269942e-06
65 1.2597656250000000e-01 -1.4890929378452711e-08 7.6217684592538859e-06
66 1.2792968750000000e-01 -1.4891014643581002e-08 7.6217683361301525e-06
67 1.2988281250000000e-01 -1.4891142541273439e-08 7.6217694966462801e-06
68 1.3183593750000000e-01 -1.4891199384692300e-08 7.6217695975655531e-06
69 1.3378906250000000e-01 -1.4891369914948882e-08 7.6217682201118464e-06
70 1.3574218750000000e-01 -1.4891554656060180e-08 7.6217686894031189e-06
71 1.3769531250000000e-01 -1.4891739397171477e-08 7.6217685245349998e-06
72 1.3964843750000000e-01 -1.4891682553752617e-08 7.6217689882751571e-06
73 1.4160156250000000e-01 -1.4891924138282775e-08 7.6217691749036476e-06
74 1.4355468750000000e-01 -1.4892009403411066e-08 7.6217682848378487e-06
75 1.4550781250000000e-01 -1.4892208355377079e-08 7.6217683523949198e-06
76 1.4746093750000000e-01 -1.4892265198795940e-08 7.6217696989289152e-06
77 1.4941406250000000e-01 -1.4892464150761953e-08 7.6217691130087140e-06
78 1.5136718750000000e-01 -1.4892535205035529e-08 7.6217694010005665e-06
79 1.5332031250000000e-01 -1.4892634681018535e-08 7.6217675629708381e-06
80 1.5527343750000000e-01 -1.4892876265548693e-08 7.6217702544290056e-06
81 1.5722656250000000e-01 -1.4892933108967554e-08 7.6217674110368172e-06
82 1.5917968750000000e-01 -1.4893117850078852e-08 7.6217695375579986e-06
83 1.6113281250000000e-01 -1.4893132060933567e-08 7.6217676905354637e-06
84 1.6308593750000000e-01 -1.4893373645463726e-08 7.6217707669634649e-06
85 1.6503906250000000e-01 -1.4893544175720308e-08 7.6217691253321895e-06
86 1.6699218750000000e-01 -1.4893615229993884e-08 7.6217682361545691e-06
87 1.6894531250000000e-01 -1.4893828392814612e-08 7.6217704924053109e-06
88 1.7089843750000000e-01 -1.4893913657942903e-08 7.6217688432245190e-06
89 1.7285156250000000e-01 -1.4894041555635340e-08 7.6217695308966604e-06
90 1.7480468750000000e-01 -1.4894226296746638e-08 7.6217693538160880e-06
91 1.7675781250000000e-01 -1.4894283140165498e-08 7.6217674897793852e-06
92 1.7871093750000000e-01 -1.4894496302986227e-08 7.6217691338809068e-06
93 1.8066406250000000e-01 -1.4894609989823948e-08 7.6217718563142967e-06
94 1.8261718750000000e-01 -1.4894780520080531e-08 7.6217674211120912e-06
95 1.8457031250000000e-01 -1.4894894206918252e-08 7.6217699807312744e-06
96 1.8652343750000000e-01 -1.4895064737174835e-08 7.6217669630340712e-06
97 1.8847656250000000e-01 -1.4895164213157841e-08 7.6217672749234744e-06
98 1.9042968750000000e-01 -1.4895377375978569e-08 7.6217712885462419e-06
99 1.9238281250000000e-01 -1.4895462641106860e-08 7.6217681131973691e-06
100 1.9433593750000000e-01 -1.4895604749654012e-08 7.6217683368795530e-06
101 1.9628906250000000e-01 -1.4895775279910595e-08 7.6217676466816542e-06
102 1.9824218750000000e-01 -1.4895917388457747e-08 7.6217713849968671e-06
103 2.0019531250000000e-01 -1.4896016864440753e-08 7.6217654458171635e-06
104 2.0214843750000000e-01 -1.4896215816406766e-08 7.6217717537921392e-06
105 2.0410156250000000e-01 -1.4896329503244488e-08 7.6217682288270971e-06
106 2.0605468750000000e-01 -1.4896500033501070e-08 7.6217706404587554e-06
107 2.0800781250000000e-01 -1.4896613720338792e-08 7.6217689433466865e-06
108 2.0996093750000000e-01 -1.4896784250595374e-08 7.6217691139697508e-06
109 2.1191406250000000e-01 -1.4896869515723665e-08 7.6217685942917002e-06
110 2.1386718750000000e-01 -1.4897011624270817e-08 7.6217681151610761e-06
111 2.1582031250000000e-01 -1.4897210576236830e-08 7.6217707868642126e-06
112 2.1777343750000000e-01 -1.4897352684783982e-08 7.6217684566726174e-06
113 2.1972656250000000e-01 -1.4897466371621704e-08 7.6217699031821962e-06
114 2.2167968750000000e-01 -1.4897608480168856e-08 7.6217690039986907e-06
115 2.2363281250000000e-01 -1.4897779010425438e-08 7.6217711110770914e-06
116 2.2558593750000000e-01 -1.4897835853844299e-08 7.6217666754585522e-06
117 2.2753906250000000e-01 -1.4898006384100881e-08 7.6217685363588750e-06
118 2.2949218750000000e-01 -1.4898176914357464e-08 7.6217691750979366e-06
119 2.3144531250000000e-01 -1.4898319022904616e-08 7.6217734568950757e-06
120 2.3339843750000000e-01 -1.4898432709742337e-08 7.6217640699871581e-06
121 2.3535156250000000e-01 -1.4898603239998920e-08 7.6217724662430708e-06
122 2.3730468750000000e-01 -1.4898745348546072e-08 7.6217679028101060e-06
123 2.3925781250000000e-01 -1.4898830613674363e-08 7.6217702195124915e-06
124 2.4121093750000000e-01 -1.4899057987349806e-08 7.6217698031788572e-06
125 2.4316406250000000e-01 -1.4899171674187528e-08 7.6217694246760725e-06
126 2.4511718750000000e-01 -1.4899285361025250e-08 7.6217678676160361e-06
127 2.4707031250000000e-01 -1.4899427469572402e-08 7.6217708426251640e-06
128 2.4902343750000000e-01 -1.4899569578119554e-08 7.6217691592495029e-06
129 2.5097656250000000e-01 -1.4899768530085566e-08 7.6217696489688791e-06
130 2.5292968750000000e-01 -1.4899853795213858e-08 7.6217678802725786e-06
131 2.5488281250000000e-01 -1.4900024325470440e-08 7.6217681673207416e-06
132 2.5683593750000000e-01 -1.4900166434017592e-08 7.6217690184732234e-06
133 2.5878906250000000e-01 -1.4900280120855314e-08 7.6217704118586305e-06
134 2.6074218750000000e-01 -1.4900479072821327e-08 7.6217683386281543e-06
135 2.6269531250000000e-01 -1.4900592759659048e-08 7.6217693548152887e-06
136 2.6464843750000000e-01 -1.4900763289915631e-08 7.6217651153176469e-06
137 2.6660156250000000e-01 -1.4900820133334491e-08 7.6217705730630136e-06
138 2.6855468750000000e-01 -1.4900962241881643e-08 7.6217657709043429e-06
139 2.7050781250000000e-01 -1.4901104350428795e-08 7.6217704205183701e-06
140 2.7246093750000000e-01 -1.4901218037266517e-08 7.6217711426074253e-06
141 2.7441406250000000e-01 -1.4901360145813669e-08 7.6217633037112265e-06
142 2.7636718750000000e-01 -1.4901530676070252e-08 7.6217728443572774e-06
143 2.7832031250000000e-01 -1.4901701206326834e-08 7.6217689670698974e-06
144 2.8027343750000000e-01 -1.4901758049745695e-08 7.6217660001653975e-06
145 2.8222656250000000e-01 -1.4901928580002277e-08 7.6217724658822483e-06
146 2.8417968750000000e-01 -1.4902042266839999e-08 7.6217692525637482e-06
147 2.8613281250000000e-01 -1.4902127531968290e-08 7.6217714602422326e-06
148 2.8808593750000000e-01 -1.4902326483934303e-08 7.6217683740997799e-06
149 2.9003906250000000e-01 -1.4902354905643733e-08 7.6217671202138959e-06
150 2.9199218750000000e-01 -1.4902582279319176e-08 7.6217726562299859e-06
151 2.9394531250000000e-01 -1.4902695966156898e-08 7.6217677632550718e-06
152 2.9589843750000000e-01 -1.4902809652994620e-08 7.6217676149292757e-06
153 2.9785156250000000e-01 -1.4902980183251202e-08 7.6217743030237983e-06
154 2.9980468750000000e-01 -1.4903008604960633e-08 7.6217641044040718e-06
155 3.0175781250000000e-01 -1.4903207556926645e-08 7.6217729730876371e-06
156 3.0371093750000000e-01 -1.4903349665473797e-08 7.6217710309745001e-06
157 3.0566406250000000e-01 -1.4903349665473797e-08 7.6217662495770000e-06
158 3.0761718750000000e-01 -1.4903548617439810e-08 7.6217735267558595e-06
159 3.0957031250000000e-01 -1.4903605460858671e-08 7.6217655753385571e-06
160 3.1152343750000000e-01 -1.4903804412824684e-08 7.6217711471038285e-06
161 3.1347656250000000e-01 -1.4903946521371836e-08 7.6217713513848651e-06
162 3.1542968750000000e-01 -1.4903918099662405e-08 7.6217669572331559e-06
163 3.1738281250000000e-01 -1.4904259160175570e-08 7.6217674794820667e-06
164 3.1933593750000000e-01 -1.4904316003594431e-08 7.6217711701964674e-06
165 3.2128906250000000e-01 -1.4904486533851014e-08 7.6217668371070246e-06
166 3.2324218750000000e-01 -1.4904514955560444e-08 7.6217738619321906e-06
167 3.2519531250000000e-01 -1.4904600220688735e-08 7.6217621645113809e-06
168 3.2714843750000000e-01 -1.4904770750945318e-08 7.6217758943064595e-06
169 3.2910156250000000e-01 -1.4904799172654748e-08 7.6217660830435463e-06
170 3.3105468750000000e-01 -1.4904969702911330e-08 7.6217670869072052e-06
171 3.3300781250000000e-01 -1.4905140233167913e-08 7.6217728953720254e-06
172 3.3496093750000000e-01 -1.4905225498296204e-08 7.6217644159326525e-06
173 3.3691406250000000e-01 -1.4905339185133926e-08 7.6217695006430830e-06
174 3.3886718750000000e-01 -1.4905396028552786e-08 7.6217701777681057e-06
175 3.4082031250000000e-01 -1.4905509715390508e-08 7.6217699542802109e-06
176 3.4277343750000000e-01 -1.4905651823937660e-08 7.6217647123622001e-06
177 3.4472656250000000e-01 -1.4905708667356521e-08 7.6217699939151728e-06
178 3.4667968750000000e-01 -1.4905765510775382e-08 7.6217664307653976e-06
179 3.4863281250000000e-01 -1.4905879197613103e-08 7.6217688667057359e-06
180 3.5058593750000000e-01 -1.4906106571288547e-08 7.6217681495016620e-06
181 3.5253906250000000e-01 -1.4906163414707407e-08 7.6217711488801854e-06
182 3.5449218750000000e-01 -1.4906220258126268e-08 7.6217643764087128e-06
183 3.5644531250000000e-01 -1.4906220258126268e-08 7.6217721933780069e-06
184 3.5839843750000000e-01 -1.4906333944963990e-08 7.6217658613320083e-06
185 3.6035156250000000e-01 -1.4906561318639433e-08 7.6217690437863084e-06
186 3.6230468750000000e-01 -1.4906618162058294e-08 7.6217723128380044e-06
187 3.6425781250000000e-01 -1.4906618162058294e-08 7.6217658918631415e-06
188 3.6621093750000000e-01 -1.4906731848896015e-08 7.6217669399136767e-06
189 3.6816406250000000e-01 -1.4906959222571459e-08 7.6217704390035834e-06
190 3.7011718750000000e-01 -1.4907243439665763e-08 7.6217728410821195e-06
191 3.7207031250000000e-01 -1.4906902379152598e-08 7.6217666115097060e-06
192 3.7402343750000000e-01 -1.4907186596246902e-08 7.6217675124556905e-06
193 3.7597656250000000e-01 -1.4907243439665763e-08 7.6217673111722561e-06
194 3.7792968750000000e-01 -1.4907413969922345e-08 7.6217737962069876e-06
195 3.7988281250000000e-01 -1.4907527656760067e-08 7.6217689412017009e-06
196 3.8183593750000000e-01 -1.4907413969922345e-08 7.6217652937859981e-06
197 3.8378906250000000e-01 -1.4907698187016649e-08 7.6217677761336589e-06
198 3.8574218750000000e-01 -1.4907641343597788e-08 7.6217755050622671e-06
199 3.8769531250000000e-01 -1.4907811873854371e-08 7.6217617817064820e-06
200 3.8964843750000000e-01 -1.4907868717273232e-08 7.6217759562569043e-06
201 3.9160156250000000e-01 -1.4907811873854371e-08 7.6217633471209467e-06
202 3.9355468750000000e-01 -1.4908096090948675e-08 7.6217744250373087e-06
203 3.9550781250000000e-01 -1.4907982404110953e-08 7.6217701815428640e-06
204 3.9746093750000000e-01 -1.4908039247529814e-08 7.6217658282473622e-06
205 3.9941406250000000e-01 -1.4908152934367536e-08 7.6217689519708642e-06
206 4.0136718750000000e-01 -1.4908209777786396e-08 7.6217704197967251e-06
207 4.0332031250000000e-01 -1.4908437151461840e-08 7.6217698443681314e-06
208 4.0527343750000000e-01 -1.4908437151461840e-08 7.6217701274750027e-06
209 4.0722656250000000e-01 -1.4908437151461840e-08 7.6217665455624584e-06
210 4.0917968750000000e-01 -1.4908607681718422e-08 7.6217722160265566e-06
211 4.1113281250000000e-01 -1.4908550838299561e-08 7.6217653466326141e-06
212 4.1308593750000000e-01 -1.4908835055393865e-08 7.6217710894832535e-06
213 4.1503906250000000e-01 -1.4908607681718422e-08 7.6217669542355537e-06
214 4.1699218750000000e-01 -1.4908891898812726e-08 7.6217682996038150e-06
215 4.1894531250000000e-01 -1.4908778211975005e-08 7.6217737652317652e-06
216 4.2089843750000000e-01 -1.4909005585650448e-08 7.6217707268844137e-06
217 4.2285156250000000e-01 -1.4908948742231587e-08 7.6217644018328201e-06
218 4.2480468750000000e-01 -1.4909176115907030e-08 7.6217723906646384e-06
219 4.2675781250000000e-01 -1.4908948742231587e-08 7.6217664707334265e-06
220 4.2871093750000000e-01 -1.4909176115907030e-08 7.6217690013757888e-06
221 4.3066406250000000e-01 -1.4909232959325891e-08 7.6217710704984398e-06
222 4.3261718750000000e-01 -1.4909176115907030e-08 7.6217670548217598e-06
223 4.3457031250000000e-01 -1.4909289802744752e-08 7.6217709907844267e-06
224 4.3652343750000000e-01 -1.4909232959325891e-08 7.6217674618295206e-06
225 4.3847656250000000e-01 -1.4909574019839056e-08 7.6217698063985040e-06
226 4.4042968750000000e-01 -1.4909289802744752e-08 7.6217637292597118e-06
227 4.4238281250000000e-01 -1.4909517176420195e-08 7.6217727840166560e-06
228 4.4433593750000000e-01 -1.4909517176420195e-08 7.6217619684459947e-06
229 4.4628906250000000e-01 -1.4909687706676777e-08 7.6217759661378892e-06
230 4.4824218750000000e-01 -1.4909460333001334e-08 7.6217627058561277e-06
231 4.5019531250000000e-01 -1.4909574019839056e-08 7.6217698108393961e-06
232 4.5214843750000000e-01 -1.4909574019839056e-08 7.6217699773728498e-06
233 4.5410156250000000e-01 -1.4909687706676777e-08 7.6217701132641480e-06
234 4.5605468750000000e-01 -1.4909801393514499e-08 7.6217676823198133e-06
235 4.5800781250000000e-01 -1.4909630863257917e-08 7.6217634372710563e-06
236 4.5996093750000000e-01 -1.4909744550095638e-08 7.6217741524775562e-06
237 4.6191406250000000e-01 -1.4909971923771081e-08 7.6217689595203808e-06
238 4.6386718750000000e-01 -1.4909744550095638e-08 7.6217639353171052e-06
239 4.6582031250000000e-01 -1.4909915080352221e-08 7.6217711686421552e-06
240 4.6777343750000000e-01 -1.4909801393514499e-08 7.6217678393053490e-06
241 4.6972656250000000e-01 -1.4910085610608803e-08 7.6217707951631297e-06
242 4.7167968750000000e-01 -1.4909801393514499e-08 7.6217656128640954e-06
243 4.7363281250000000e-01 -1.4910085610608803e-08 7.6217684419344067e-06
244 4.7558593750000000e-01 -1.4909915080352221e-08 7.6217696178826344e-06
245 4.7753906250000000e-01 -1.4910142454027664e-08 7.6217682212220694e-06
246 4.7949218750000000e-01 -1.4910028767189942e-08 7.6217684412682729e-06
247 4.8144531250000000e-01 -1.4909801393514499e-08 7.6217686608703872e-06
248 4.8339843750000000e-01 -1.4910028767189942e-08 7.6217687321467054e-06
249 4.8535156250000000e-01 -1.4910142454027664e-08 7.6217699782610282e-06
250 4.8730468750000000e-01 -1.4909915080352221e-08 7.6217697349001412e-06
251 4.8925781250000000e-01 -1.4910085610608803e-08 7.6217686262314288e-06
252 4.9121093750000000e-01 -1.4910199297446525e-08 7.6217723847804564e-06
253 4.9316406250000000e-01 -1.4910028767189942e-08 7.6217645661458278e-06
254 4.9511718750000000e-01 -1.4910085610608803e-08 7.6217702131842202e-06
255 4.9707031250000000e-01 -1.4910142454027664e-08 7.6217703646186408e-06
256 4.9902343750000000e-01 -1.4910028767189942e-08 7.6217729942928969e-06
257 5.0097656250000000e-01 -1.4910085610608803e-08 7.6217638993458792e-06
258 5.0292968750000000e-01 -1.4909971923771081e-08 7.6217685456292372e-06
259 5.0488281250000000e-01 -1.4910199297446525e-08 7.6217756701524308e-06
260 5.0683593750000000e-01 -1.4910028767189942e-08 7.6217663851352313e-06
261 5.0878906250000000e-01 -1.4910085610608803e-08 7.6217669278122457e-06
262 5.1074218750000000e-01 -1.4909971923771081e-08 7.6217722642102359e-06
263 5.1269531250000000e-01 -1.4909915080352221e-08 7.6217660969213341e-06
264 5.1464843750000000e-01 -1.4910142454027664e-08 7.6217699782610282e-06
265 5.1660156250000000e-01 -1.4910142454027664e-08 7.6217687321467054e-06
266 5.1855468750000000e-01 -1.4909915080352221e-08 7.6217704798597907e-06
267 5.2050781250000000e-01 -1.4910085610608803e-08 7.6217702602576765e-06
268 5.2246093750000000e-01 -1.4910085610608803e-08 7.6217645832432623e-06
269 5.2441406250000000e-01 -1.4909858236933360e-08 7.6217750748508450e-06
270 5.2636718750000000e-01 -1.4910085610608803e-08 7.6217611659767925e-06
271 5.2832031250000000e-01 -1.4909858236933360e-08 7.6217710698323060e-06
272 5.3027343750000000e-01 -1.4910142454027664e-08 7.6217707951631297e-06
273 5.3222656250000000e-01 -1.4909801393514499e-08 7.6217660203159454e-06
274 5.3417968750000000e-01 -1.4909801393514499e-08 7.6217657116739446e-06
275 5.3613281250000000e-01 -1.4909801393514499e-08 7.6217730302641229e-06
276 5.3808593750000000e-01 -1.4909744550095638e-08 7.6217671407530219e-06
277 5.4003906250000000e-01 -1.4909915080352221e-08 7.6217686955093455e-06
278 5.4199218750000000e-01 -1.4909801393514499e-08 7.6217670752498634e-06
279 5.4394531250000000e-01 -1.4909858236933360e-08 7.6217676823198133e-06
280 5.4589843750000000e-01 -1.4909687706676777e-08 7.6217701132641480e-06
281 5.4785156250000000e-01 -1.4909687706676777e-08 7.6217717963622533e-06
282 5.4980468750000000e-01 -1.4909687706676777e-08 7.6217661728605890e-06
283 5.5175781250000000e-01 -1.4909460333001334e-08 7.6217681628243383e-06
284 5.5371093750000000e-01 -1.4909517176420195e-08 7.6217650522014679e-06
285 5.5566406250000000e-01 -1.4909574019839056e-08 7.6217765203612231e-06
286 5.5761718750000000e-01 -1.4909630863257917e-08 7.6217618700802348e-06
287 5.5957031250000000e-01 -1.4909289802744752e-08 7.6217710052173260e-06
288 5.6152343750000000e-01 -1.4909517176420195e-08 7.6217625304408898e-06
289 5.6347656250000000e-01 -1.4909403489582473e-08 7.6217729187977312e-06
290 5.6542968750000000e-01 -1.4909119272488169e-08 7.6217673528056196e-06
291 5.6738281250000000e-01 -1.4909517176420195e-08 7.6217688735891187e-06
292 5.6933593750000000e-01 -1.4909119272488169e-08 7.6217728894878434e-06
293 5.7128906250000000e-01 -1.4909119272488169e-08 7.6217653633969817e-06
294 5.7324218750000000e-01 -1.4908948742231587e-08 7.6217701087122336e-06
295 5.7519531250000000e-01 -1.4909176115907030e-08 7.6217705716752349e-06
296 5.7714843750000000e-01 -1.4908778211975005e-08 7.6217644018328201e-06
297 5.7910156250000000e-01 -1.4909062429069309e-08 7.6217743648632208e-06
298 5.8105468750000000e-01 -1.4908835055393865e-08 7.6217683082635546e-06
299 5.8300781250000000e-01 -1.4908891898812726e-08 7.6217682996038150e-06
300 5.8496093750000000e-01 -1.4908664525137283e-08 7.6217687732249573e-06
301 5.8691406250000000e-01 -1.4908778211975005e-08 7.6217729084726571e-06
302 5.8886718750000000e-01 -1.4908493994880700e-08 7.6217635276432105e-06
303 5.9082031250000000e-01 -1.4908550838299561e-08 7.6217703970371531e-06
304 5.9277343750000000e-01 -1.4908437151461840e-08 7.6217701835412655e-06
305 5.9472656250000000e-01 -1.4908323464624118e-08 7.6217683084855992e-06
306 5.9667968750000000e-01 -1.4908380308042979e-08 7.6217698443681314e-06
307 5.9863281250000000e-01 -1.4908266621205257e-08 7.6217667818179180e-06
308 6.0058593750000000e-01 -1.4908323464624118e-08 7.6217707709602678e-06
309 6.0253906250000000e-01 -1.4908096090948675e-08 7.6217712852155728e-06
310 6.0449218750000000e-01 -1.4907925560692092e-08 7.6217683625534605e-06
311 6.0644531250000000e-01 -1.4907982404110953e-08 7.6217707870585016e-06
312 6.0839843750000000e-01 -1.4907755030435510e-08 7.6217651661103503e-06
313 6.1035156250000000e-01 -1.4907811873854371e-08 7.6217741372675007e-06
314 6.1230468750000000e-01 -1.4907811873854371e-08 7.6217690576640962e-06
315 6.1425781250000000e-01 -1.4907584500178928e-08 7.6217682291046529e-06
316 6.1621093750000000e-01 -1.4907755030435510e-08 7.6217641381548518e-06
317 6.1816406250000000e-01 -1.4907527656760067e-08 7.6217743887330158e-06
318 6.2011718750000000e-01 -1.4907527656760067e-08 7.6217689412017009e-06
319 6.2207031250000000e-01 -1.4907300283084624e-08 7.6217665202493734e-06
320 6.2402343750000000e-01 -1.4907129752828041e-08 7.6217654921828526e-06
321 6.2597656250000000e-01 -1.4907300283084624e-08 7.6217766074027082e-06
322 6.2792968750000000e-01 -1.4907072909409180e-08 7.6217666115097060e-06
323 6.2988281250000000e-01 -1.4906959222571459e-08 7.6217655652355276e-06
324 6.3183593750000000e-01 -1.4906902379152598e-08 7.6217777149611976e-06
325 6.3378906250000000e-01 -1.4906731848896015e-08 7.6217614829454661e-06
326 6.3574218750000000e-01 -1.4906675005477155e-08 7.6217695298419486e-06
327 6.3769531250000000e-01 -1.4906618162058294e-08 7.6217686748591973e-06
328 6.3964843750000000e-01 -1.4906504475220572e-08 7.6217708627757119e-06
329 6.4160156250000000e-01 -1.4906447631801711e-08 7.6217658613320083e-06
330 6.4355468750000000e-01 -1.4906277101545129e-08 7.6217703743886034e-06
331 6.4550781250000000e-01 -1.4906220258126268e-08 7.6217698333769235e-06
332 6.4746093750000000e-01 -1.4906163414707407e-08 7.6217656919119747e-06
333 6.4941406250000000e-01 -1.4906106571288547e-08 7.6217681495016620e-06
334 6.5136718750000000e-01 -1.4905936041031964e-08 7.6217706856951395e-06
335 6.5332031250000000e-01 -1.4905822354194243e-08 7.6217682497548012e-06
336 6.5527343750000000e-01 -1.4905680245647090e-08 7.6217663559363658e-06
337 6.5722656250000000e-01 -1.4905708667356521e-08 7.6217701693304107e-06
338 6.5917968750000000e-01 -1.4905509715390508e-08 7.6217681352908073e-06
339 6.6113281250000000e-01 -1.4905282341715065e-08 7.6217647207998951e-06
340 6.6308593750000000e-01 -1.4905253920005634e-08 7.6217749576112936e-06
341 6.6503906250000000e-01 -1.4905140233167913e-08 7.6217644159326525e-06
342 6.6699218750000000e-01 -1.4905026546330191e-08 7.6217656194144112e-06
343 6.6894531250000000e-01 -1.4904941281201900e-08 7.6217743628648194e-06
344 6.7089843750000000e-01 -1.4904799172654748e-08 7.6217642640541428e-06
345 6.7285156250000000e-01 -1.4904742329235887e-08 7.6217740753170560e-06
346 6.7480468750000000e-01 -1.4904742329235887e-08 7.6217658024901880e-06
347 6.7675781250000000e-01 -1.4904543377269874e-08 7.6217738619321906e-06
348 6.7871093750000000e-01 -1.4904401268722722e-08 7.6217631991282175e-06
349 6.8066406250000000e-01 -1.4904316003594431e-08 7.6217711701964674e-06
350 6.8261718750000000e-01 -1.4904173895047279e-08 7.6217711174608738e-06
351 6.8457031250000000e-01 -1.4904060208209557e-08 7.6217669572331559e-06
352 6.8652343750000000e-01 -1.4903889677952975e-08 7.6217677134060580e-06
353 6.8847656250000000e-01 -1.4903747569405823e-08 7.6217711471038285e-06
354 6.9042968750000000e-01 -1.4903605460858671e-08 7.6217692133173642e-06
355 6.9238281250000000e-01 -1.4903633882568101e-08 7.6217698887770524e-06
356 6.9433593750000000e-01 -1.4903349665473797e-08 7.6217717065452106e-06
357 6.9628906250000000e-01 -1.4903378087183228e-08 7.6217655740062895e-06
358 6.9824218750000000e-01 -1.4903207556926645e-08 7.6217729730876371e-06
359 7.0019531250000000e-01 -1.4902951761541772e-08 7.6217677423828789e-06
360 7.0214843750000000e-01 -1.4903065448379493e-08 7.6217706650449912e-06
361 7.0410156250000000e-01 -1.4902838074704050e-08 7.6217712529080828e-06
362 7.0605468750000000e-01 -1.4902695966156898e-08 7.6217677632550718e-06
363 7.0800781250000000e-01 -1.4902525435900316e-08 7.6217690182511788e-06
364 7.0996093750000000e-01 -1.4902326483934303e-08 7.6217671202138959e-06
365 7.1191406250000000e-01 -1.4902326483934303e-08 7.6217720120785870e-06
366 7.1386718750000000e-01 -1.4902070688549429e-08 7.6217696413083402e-06
367 7.1582031250000000e-01 -1.4902070688549429e-08 7.6217710715531517e-06
368 7.1777343750000000e-01 -1.4901871736583416e-08 7.6217670089695488e-06
369 7.1972656250000000e-01 -1.4901814893164556e-08 7.6217732761230117e-06
370 7.2167968750000000e-01 -1.4901644362907973e-08 7.6217653290910903e-06
371 7.2363281250000000e-01 -1.4901530676070252e-08 7.6217692063784703e-06
372 7.2558593750000000e-01 -1.4901445410941960e-08 7.6217669416900335e-06
373 7.2753906250000000e-01 -1.4901218037266517e-08 7.6217747805862324e-06
374 7.2949218750000000e-01 -1.4901104350428795e-08 7.6217631445607559e-06
375 7.3144531250000000e-01 -1.4900962241881643e-08 7.6217694088831500e-06
376 7.3339843750000000e-01 -1.4900791711625061e-08 7.6217705730630136e-06
377 7.3535156250000000e-01 -1.4900763289915631e-08 7.6217687532964540e-06
378 7.3730468750000000e-01 -1.4900450651111896e-08 7.6217638978470781e-06
379 7.3925781250000000e-01 -1.4900479072821327e-08 7.6217737955963649e-06
380 7.4121093750000000e-01 -1.4900138012308162e-08 7.6217649549459310e-06
381 7.4316406250000000e-01 -1.4900138012308162e-08 7.6217671994838199e-06
382 7.4511718750000000e-01 -1.4900024325470440e-08 7.6217736242889522e-06
383 7.4707031250000000e-01 -1.4899882216923288e-08 7.6217678802725786e-06
384 7.4902343750000000e-01 -1.4899825373504427e-08 7.6217678299794756e-06
385 7.5097656250000000e-01 -1.4899597999828984e-08 7.6217673402600994e-06
386 7.5292968750000000e-01 -1.4899427469572402e-08 7.6217726616145676e-06
387 7.5488281250000000e-01 -1.4899313782734680e-08 7.6217678676160361e-06
388 7.5683593750000000e-01 -1.4899171674187528e-08 7.6217694246760725e-06
389 7.5878906250000000e-01 -1.4899029565640376e-08 7.6217698031788572e-06
390 7.6074218750000000e-01 -1.4898887457093224e-08 7.6217702195124915e-06
391 7.6269531250000000e-01 -1.4898802191964933e-08 7.6217679028101060e-06
392 7.6464843750000000e-01 -1.4898631661708350e-08 7.6217724662430708e-06
393 7.6660156250000000e-01 -1.4898461131451768e-08 7.6217640700149136e-06
394 7.6855468750000000e-01 -1.4898375866323477e-08 7.6217725474003739e-06
395 7.7050781250000000e-01 -1.4898205336066894e-08 7.6217691750979366e-06
396 7.7246093750000000e-01 -1.4898063227519742e-08 7.6217685363311194e-06
397 7.7441406250000000e-01 -1.4897892697263160e-08 7.6217657659638505e-06
398 7.7636718750000000e-01 -1.4897750588716008e-08 7.6217720205717931e-06
399 7.7832031250000000e-01 -1.4897608480168856e-08 7.6217708229880943e-06
400 7.8027343750000000e-01 -1.4897409528202843e-08 7.6217671746980908e-06
401 7.8222656250000000e-01 -1.4897267419655691e-08 7.6217684566726174e-06
402 7.8417968750000000e-01 -1.4897238997946260e-08 7.6217726058536162e-06
403 7.8613281250000000e-01 -1.4897040045980248e-08 7.6217672056733132e-06
404 7.8808593750000000e-01 -1.4896926359142526e-08 7.6217685942917002e-06
405 7.9003906250000000e-01 -1.4896755828885944e-08 7.6217700234679220e-06
406 7.9199218750000000e-01 -1.4896613720338792e-08 7.6217671243598850e-06
407 7.9394531250000000e-01 -1.4896500033501070e-08 7.6217715499534572e-06
408 7.9589843750000000e-01 -1.4896329503244488e-08 7.6217682288270971e-06
409 7.9785156250000000e-01 -1.4896215816406766e-08 7.6217708442974375e-06
410 7.9980468750000000e-01 -1.4896016864440753e-08 7.6217672647996282e-06
411 8.0175781250000000e-01 -1.4895917388457747e-08 7.6217695660074636e-06
412 8.0371093750000000e-01 -1.4895761069055879e-08 7.6217685561763560e-06
413 8.0566406250000000e-01 -1.4895618960508727e-08 7.6217692463742548e-06
414 8.0761718750000000e-01 -1.4895448430252145e-08 7.6217681131973691e-06
415 8.0957031250000000e-01 -1.4895334743414423e-08 7.6217694695568383e-06
416 8.1152343750000000e-01 -1.4895164213157841e-08 7.6217681844181762e-06
417 8.1347656250000000e-01 -1.4895078948029550e-08 7.6217669630340712e-06
418 8.1542968750000000e-01 -1.4894908417772967e-08 7.6217699807312744e-06
419 8.1738281250000000e-01 -1.4894794730935246e-08 7.6217683306067929e-06
420 8.1933593750000000e-01 -1.4894624200678663e-08 7.6217700373248931e-06
421 8.2128906250000000e-01 -1.4894496302986227e-08 7.6217700433756086e-06
422 8.2324218750000000e-01 -1.4894339983584359e-08 7.6217683992463314e-06
423 8.2519531250000000e-01 -1.4894169453327777e-08 7.6217684443491418e-06
424 8.2714843750000000e-01 -1.4894055766490055e-08 7.6217686214019587e-06
425 8.2910156250000000e-01 -1.4893899447088188e-08 7.6217706622139225e-06
426 8.3105468750000000e-01 -1.4893799971105182e-08 7.6217677639212056e-06
427 8.3300781250000000e-01 -1.4893615229993884e-08 7.6217700551439727e-06
428 8.3496093750000000e-01 -1.4893515754010878e-08 7.6217709443215931e-06
429 8.3691406250000000e-01 -1.4893416278027871e-08 7.6217671289846578e-06
430 8.3886718750000000e-01 -1.4893174693497713e-08 7.6217704190195690e-06
431 8.4082031250000000e-01 -1.4893146271788282e-08 7.6217686280632968e-06
432 8.4277343750000000e-01 -1.4892933108967554e-08 7.6217674110368172e-06
433 8.4472656250000000e-01 -1.4892833632984548e-08 7.6217702544290056e-06
434 8.4667968750000000e-01 -1.4892634681018535e-08 7.6217675629708381e-06
435 8.4863281250000000e-01 -1.4892577837599674e-08 7.6217694010005665e-06
436 8.5058593750000000e-01 -1.4892492572471383e-08 7.6217691130087140e-06
437 8.5253906250000000e-01 -1.4892265198795940e-08 7.6217692441815643e-06
438 8.5449218750000000e-01 -1.4892265198795940e-08 7.6217688071422707e-06
439 8.5644531250000000e-01 -1.4891995192556351e-08 7.6217691943325505e-06
440 8.5839843750000000e-01 -1.4891895716573345e-08 7.6217673559142440e-06
441 8.6035156250000000e-01 -1.4891682553752617e-08 7.6217703525172098e-06
442 8.6230468750000000e-01 -1.4891725186316762e-08 7.6217676150402980e-06
443 8.6425781250000000e-01 -1.4891568866914895e-08 7.6217691441504698e-06
444 8.6621093750000000e-01 -1.4891369914948882e-08 7.6217691296065482e-06
445 8.6816406250000000e-01 -1.4891199384692300e-08 7.6217682333235004e-06
446 8.7011718750000000e-01 -1.4891156752128154e-08 7.6217694966462801e-06
447 8.7207031250000000e-01 -1.4891007538153644e-08 7.6217692456248542e-06
448 8.7402343750000000e-01 -1.4890915167597996e-08 7.6217680045065350e-06
449 8.7597656250000000e-01 -1.4890794375332916e-08 7.6217686770796433e-06
450 8.7792968750000000e-01 -1.4890552790802758e-08 7.6217706347359027e-06
451 8.7988281250000000e-01 -1.4890545685375400e-08 7.6217683521173640e-06
452 8.8183593750000000e-01 -1.4890410682255606e-08 7.6217691429292245e-06
453 8.8378906250000000e-01 -1.4890247257426381e-08 7.6217690575530739e-06
454 8.8574218750000000e-01 -1.4890197519434878e-08 7.6217687995372430e-06
455 8.8769531250000000e-01 -1.4890034094605653e-08 7.6217687234869658e-06
456 8.8964843750000000e-01 -1.4889970145759435e-08 7.6217683800949843e-06
457 8.9160156250000000e-01 -1.4889870669776428e-08 7.6217692447366758e-06
458 8.9355468750000000e-01 -1.4889657506955700e-08 7.6217678962597901e-06
459 8.9550781250000000e-01 -1.4889593558109482e-08 7.6217692045466023e-06
460 8.9746093750000000e-01 -1.4889565136400051e-08 7.6217695050839751e-06
461 8.9941406250000000e-01 -1.4889359079006681e-08 7.6217684222834592e-06
462 9.0136718750000000e-01 -1.4889373289861396e-08 7.6217690966329243e-06
463 9.0332031250000000e-01 -1.4889124599903880e-08 7.6217695450520040e-06
464 9.0527343750000000e-01 -1.4889025123920874e-08 7.6217683444568252e-06
465 9.0722656250000000e-01 -1.4889039334775589e-08 7.6217689525259757e-06
466 9.0917968750000000e-01 -1.4888932753365225e-08 7.6217692484004118e-06
467 9.1113281250000000e-01 -1.4888698274262424e-08 7.6217692630553557e-06
468 9.1308593750000000e-01 -1.4888733801399212e-08 7.6217684508161909e-06
469 9.1503906250000000e-01 -1.4888566823856308e-08 7.6217697828617759e-06
470 9.1699218750000000e-01 -1.4888488664155375e-08 7.6217686049151467e-06
471 9.1894531250000000e-01 -1.4888424715309156e-08 7.6217687814406077e-06
472 9.2089843750000000e-01 -1.4888140498214852e-08 7.6217688254054394e-06
473 9.2285156250000000e-01 -1.4888165367210604e-08 7.6217696289848647e-06
474 9.2480468750000000e-01 -1.4888207999774750e-08 7.6217685525126200e-06
475 9.2675781250000000e-01 -1.4888136945501174e-08 7.6217694284785864e-06
476 9.2871093750000000e-01 -1.4887930888107803e-08 7.6217686915125427e-06
477 9.3066406250000000e-01 -1.4887842070265833e-08 7.6217687934310163e-06
478 9.3261718750000000e-01 -1.4887781674133294e-08 7.6217688813606799e-06
479 9.3457031250000000e-01 -1.4887692856291324e-08 7.6217688902424641e-06
480 9.3652343750000000e-01 -1.4887529431462099e-08 7.6217689743973693e-06
481 9.3847656250000000e-01 -1.4887625354731426e-08 7.6217689388702325e-06
482 9.4042968750000000e-01 -1.4887277188790904e-08 7.6217688085300495e-06
483 9.4238281250000000e-01 -1.4887438837263289e-08 7.6217692814850579e-06
484 9.4433593750000000e-01 -1.4887442389976968e-08 7.6217686613144764e-06
485 9.4628906250000000e-01 -1.4887259425222510e-08 7.6217688813606799e-06
486 9.4824218750000000e-01 -1.4886946786418775e-08 7.6217689108926123e-06
487 9.5019531250000000e-01 -1.4887310939570852e-08 7.6217688476098999e-06
488 9.5214843750000000e-01 -1.4887083565895409e-08 7.6217688960156238e-06
489 9.5410156250000000e-01 -1.4886772703448514e-08 7.6217690812008243e-06
490 9.5605468750000000e-01 -1.4887080013181730e-08 7.6217687379198651e-06
491 9.5800781250000000e-01 -1.4886850863149448e-08 7.6217690698765495e-06
492 9.5996093750000000e-01 -1.4886825105975277e-08 7.6217688274038409e-06
493 9.6191406250000000e-01 -1.4886686550141803e-08 7.6217691407087784e-06
494 9.6386718750000000e-01 -1.4886876620323619e-08 7.6217688012025775e-06
495 9.6582031250000000e-01 -1.4886431642935349e-08 7.6217689803925737e-06
496 9.6777343750000000e-01 -1.4886744281739084e-08 7.6217690214708256e-06
497 9.6972656250000000e-01 -1.4886554211557268e-08 7.6217688862456612e-06
498 9.7167968750000000e-01 -1.4886608834530080e-08 7.6217689823909751e-06
499 9.7363281250000000e-01 -1.4886484489551322e-08 7.6217689426449908e-06
500 9.7558593750000000e-01 -1.4886401000779870e-08 7.6217689741753247e-06
501 9.7753906250000000e-01 -1.4886541777059392e-08 7.6217689775059938e-06
502 9.7949218750000000e-01 -1.4886487154086581e-08 7.6217689168878167e-06
503 9.8144531250000000e-01 -1.4886346599851663e-08 7.6217689752855478e-06
504 9.8339843750000000e-01 -1.4886308630224221e-08 7.6217689510826858e-06
505 9.8535156250000000e-01 -1.4886410326653277e-08 7.6217689475299721e-06
506 9.8730468750000000e-01 -1.4886310961692573e-08 7.6217689641833175e-06
507 9.8925781250000000e-01 -1.4886315735651579e-08 7.6217689424229462e-06
508 9.9121093750000000e-01 -1.4886351873411030e-08 7.6217689488622398e-06
509 9.9316406250000000e-01 -1.4886310073514153e-08 7.6217689517488196e-06
510 9.9511718750000000e-01 -1.4886385346635223e-08 7.6217689497504182e-06
511 9.9707031250000000e-01 -1.4886167548633367e-08 7.6217689499724628e-06
512 9.9902343750000000e-01 7.5957177965088607e-06 4.4408920985006262e-16
