# P x phi_num phi_exact phi_err mu_num mu_exact mu_err
1 3.9062500000000000e-03 1.5125622511339189e-05 1.5124680358372909e-05 9.4215296627981216e-10 -1.9514612666726776e+00 -1.9513406490115057e+00 -1.2061766117188455e-04
2 1.1718750000000000e-02 1.3400289836217782e-04 1.3399524775904381e-04 7.6506031340044332e-09 -1.8591493570323074e+00 -1.8590288612231540e+00 -1.2049580915340918e-04
3 1.9531250000000000e-02 3.6636182459948678e-04 3.6634755373235364e-04 1.4270867133142889e-08 -1.7681873527155689e+00 -1.7680669713346573e+00 -1.2038138091163830e-04
4 2.7343750000000000e-02 7.0666470314026831e-04 7.0664390677546262e-04 2.0796364805686536e-08 -1.6785807913798152e+00 -1.6784605170375186e+00 -1.2027434229655576e-04
5 3.5156250000000000e-02 1.1494631539517382e-03 1.1494359329904159e-03 2.7220961322255849e-08 -1.5903351213484953e+00 -1.5902149467056359e+00 -1.2017464285940527e-04
6 4.2968750000000000e-02 1.6893981150477811e-03 1.6893645760841433e-03 3.3538963637802857e-08 -1.5034557016117958e+00 -1.5033356193953025e+00 -1.2008221649328910e-04
7 5.0781250000000000e-02 2.3211998424845434e-03 2.3211600973684580e-03 3.9745116085440624e-08 -1.4179478018273395e+00 -1.4178278048452058e+00 -1.1999698213371879e-04
8 5.8593750000000000e-02 3.0396879103553147e-03 3.0396420757600588e-03 4.5834595255919014e-08 -1.3338166023208009e+00 -1.3336966834764299e+00 -1.1991884437101419e-04
9 6.6406250000000000e-02 3.8397712107839563e-03 3.8397194077805286e-03 5.1803003427684791e-08 -1.2510671940865830e+00 -1.2509473463924528e+00 -1.1984769413020402e-04
10 7.4218750000000000e-02 4.7164479539187343e-03 4.7163903075563363e-03 5.7646362397988093e-08 -1.1697045787884690e+00 -1.1695847953791483e+00 -1.1978340932072840e-04
11 8.2031250000000000e-02 5.6648056679240192e-03 5.6647423068188320e-03 6.3361105187217936e-08 -1.0897336687603172e+00 -1.0896139429047849e+00 -1.1972585553232662e-04
12 8.9843750000000000e-02 6.6800211989720432e-03 6.6799522549042516e-03 6.8944067791593122e-08 -1.0111592870065949e+00 -1.0110396121200265e+00 -1.1967488656838832e-04
13 9.7656250000000000e-02 7.7573607112338553e-03 7.7572863187537183e-03 7.4392480137012995e-08 -9.3398616720314076e-01 -9.3386653685793153e-01 -1.1963034520923177e-04
14 1.0546875000000000e-01 8.8921796868692924e-03 8.8920999829132374e-03 7.9703956054957836e-08 -8.5821895369777423e-01 -8.5809936163395450e-01 -1.1959206381972898e-04
15 1.1328125000000000e-01 1.0079922926016976e-02 1.0079838049533697e-02 8.4876483279205939e-08 -7.8386220151094421e-01 -7.8374264164594420e-01 -1.1955986500000737e-04
16 1.2109375000000000e-01 1.1316124546783138e-02 1.1316034638370874e-02 8.9908412263806081e-08 -7.1092037633638938e-01 -7.1080084277414501e-01 -1.1953356224436718e-04
17 1.2890625000000000e-01 1.2596407985230158e-02 1.2596313186785425e-02 9.4798444733035225e-08 -6.3939785454175535e-01 -6.3927834158119623e-01 -1.1951296055912053e-04
18 1.3671875000000000e-01 1.3916485995364618e-02 1.3916386449742895e-02 9.9545621723082234e-08 -5.6929892316915776e-01 -5.6917942531213239e-01 -1.1949785702536353e-04
19 1.4453125000000000e-01 1.5272160649124823e-02 1.5272056499813712e-02 1.0414931111112080e-07 -5.0062777993598917e-01 -5.0050829189438306e-01 -1.1948804160610837e-04
20 1.5234375000000000e-01 1.6659323336368052e-02 1.6659214727173192e-02 1.0860919485988774e-07 -4.3338853323535514e-01 -4.3326904993777277e-01 -1.1948329758237897e-04
21 1.6015625000000000e-01 1.8073954764857004e-02 1.8073841839601527e-02 1.1292525547643151e-07 -3.6758520213682516e-01 -3.6746571873452138e-01 -1.1948340230377719e-04
22 1.6796875000000000e-01 1.9512124960246707e-02 1.9512007862483801e-02 1.1709776290627638e-07 -3.0322171638704276e-01 -3.0310222825924393e-01 -1.1948812779882800e-04
23 1.7578125000000000e-01 2.0969993266070203e-02 2.0969872138809974e-02 1.2112726022889264e-07 -2.4030191641031706e-01 -2.4018241916895039e-01 -1.1949724136667284e-04
24 1.8359375000000000e-01 2.2443808343724531e-02 2.2443683329174909e-02 1.2501454962204894e-07 -1.7882955330918071e-01 -1.7871004280304581e-01 -1.1951050613490111e-04
25 1.9140625000000000e-01 2.3929908172456313e-02 2.3929779411778328e-02 1.2876067798442414e-07 -1.1880828886494023e-01 -1.1868876118333056e-01 -1.1952768160966576e-04
26 1.9921875000000000e-01 2.5424720049347174e-02 2.5424587682424865e-02 1.3236692230841896e-07 -6.0241695538462182e-02 -6.0122147014000010e-02 -1.1954852446217218e-04
27 2.0703125000000000e-01 2.6924760589298789e-02 2.6924624754524007e-02 1.3583477478235073e-07 -3.1332564706449714e-03 -3.0136836816446431e-03 -1.1957278900032826e-04
28 2.1484375000000000e-01 2.8426635725018221e-02 2.8426496559090155e-02 1.3916592806612060e-07 5.2513634516913044e-02 5.2633234744749936e-02 -1.1960022783689267e-04
29 2.2265625000000000e-01 2.9927040707002795e-02 2.9926898344742582e-02 1.4236226021299703e-07 1.0669567292171678e-01 1.0681530351380300e-01 -1.1963059208622284e-04
30 2.3046875000000000e-01 3.1422760103525044e-02 3.1422614677705442e-02 1.4542581960180767e-07 1.5940964355923659e-01 1.5952930719173869e-01 -1.1966363250209833e-04
31 2.3828125000000000e-01 3.2910667800617618e-02 3.2910519441807777e-02 1.4835880984137573e-07 2.1065242056247119e-01 2.1077211966238610e-01 -1.1969909991491057e-04
32 2.4609375000000000e-01 3.4387727002058228e-02 3.4387575838483508e-02 1.5116357472005904e-07 2.6042096738184034e-01 2.6054070412717906e-01 -1.1973674533871659e-04
33 2.5390625000000000e-01 3.5850990229354687e-02 3.5850836386771459e-02 1.5384258322814759e-07 3.0871233678427423e-01 3.0883211310515646e-01 -1.1977632088222556e-04
34 2.6171875000000000e-01 3.7297599321729498e-02 3.7297442923315320e-02 1.5639841417780520e-07 3.5552367085279002e-01 3.5564348843296201e-01 -1.1981758017198807e-04
35 2.6953125000000000e-01 3.8724785436105580e-02 3.8724626602363664e-02 1.5883374191588695e-07 4.0085220098546870e-01 4.0097206126484419e-01 -1.1986027937549437e-04
36 2.7734375000000000e-01 4.0129869047091205e-02 4.0129707895769973e-02 1.6115132123184495e-07 4.4469524789665771e-01 4.4481515207265659e-01 -1.1990417599888614e-04
37 2.8515625000000000e-01 4.1510259946965417e-02 4.1510096592992568e-02 1.6335397284850117e-07 4.8705022161409595e-01 4.8717017064585749e-01 -1.1994903176154592e-04
38 2.9296875000000000e-01 4.2863457245663664e-02 4.2863291801094723e-02 1.6544456894057591e-07 5.2791462148016310e-01 5.2803461609151014e-01 -1.1999461134704070e-04
39 3.0078125000000000e-01 4.4187049370763634e-02 4.4186881944744523e-02 1.6742601911118316e-07 5.6728603615069695e-01 5.6740607683428257e-01 -1.2004068358562048e-04
40 3.0859375000000000e-01 4.5478714067471254e-02 4.5478544766214983e-02 1.6930125627118153e-07 6.0516214359449805e-01 6.0528223061644781e-01 -1.2008702194976628e-04
41 3.1640625000000000e-01 4.6736218398607150e-02 4.6736047325383966e-02 1.7107322318465901e-07 6.4154071109328470e-01 6.4166084449788396e-01 -1.2013340459926525e-04
42 3.2421875000000000e-01 4.7957418744593222e-02 4.7957245999734291e-02 1.7274485893115088e-07 6.7641959524106565e-01 6.7653977485607353e-01 -1.2017961500787600e-04
43 3.3203125000000000e-01 4.9140260803439618e-02 4.9140086484353585e-02 1.7431908603399160e-07 7.0979674194367259e-01 7.0991696738610444e-01 -1.2022544243184274e-04
44 3.3984375000000000e-01 5.0282779590732025e-02 5.0282603791934388e-02 1.7579879763723882e-07 7.4167018641842208e-01 7.4179045710066893e-01 -1.2027068224684800e-04
45 3.4765625000000000e-01 5.1383099439619551e-02 5.1382922252774139e-02 1.7718684541118135e-07 7.7203805319362639e-01 7.7215836833006457e-01 -1.2031513643817604e-04
46 3.5546875000000000e-01 5.2439434000802344e-02 5.2439255514775136e-02 1.7848602720804685e-07 8.0089855610822269e-01 8.0101891472219366e-01 -1.2035861397097225e-04
47 3.6328125000000000e-01 5.3450086242520567e-02 5.3449906543444572e-02 1.7969907599446611e-07 8.2824999831120749e-01 8.2837039924256350e-01 -1.2040093135601282e-04
48 3.7109375000000000e-01 5.4413448450543189e-02 5.4413267621894537e-02 1.8082864865209825e-07 8.5409077226242047e-01 8.5421121417428592e-01 -1.2044191186544317e-04
49 3.7890625000000000e-01 5.5328002228157334e-02 5.5327820350841987e-02 1.8187731534724527e-07 8.7841935973058793e-01 8.7853984111807804e-01 -1.2048138749010118e-04
50 3.8671875000000000e-01 5.6192318496158432e-02 5.6192135648608775e-02 1.8284754965680605e-07 9.0123433179414292e-01 9.0135485099226187e-01 -1.2051919811895129e-04
51 3.9453125000000000e-01 5.7005057492840010e-02 5.7004873751121621e-02 1.8374171838891895e-07 9.2253434884046126e-01 9.2265490403276373e-01 -1.2055519230247391e-04
52 4.0234375000000000e-01 5.7764968773985258e-02 5.7764784211912154e-02 1.8456207310363348e-07 9.4231816056571915e-01 9.4243874979311559e-01 -1.2058922739643929e-04
53 4.1015625000000000e-01 5.8470891212858055e-02 5.8470705902116879e-02 1.8531074117561497e-07 9.6058460597464546e-01 9.6070522714445394e-01 -1.2062116980848803e-04
54 4.1796875000000000e-01 5.9121753000195100e-02 5.9121567010477161e-02 1.8598971793931662e-07 9.7733261338028454e-01 9.7745326427551993e-01 -1.2065089523538575e-04
55 4.2578125000000000e-01 5.9716571644198406e-02 5.9716385043339294e-02 1.8660085911170743e-07 9.9256120040339979e-01 9.9268187869266011e-01 -1.2067828926032309e-04
56 4.3359375000000000e-01 6.0254453970528407e-02 6.0254266824654408e-02 1.8714587399909499e-07 1.0062694739728990e+00 1.0063901772198254e+00 -1.2070324692636802e-04
57 4.4140625000000000e-01 6.0734596122297743e-02 6.0734408495978560e-02 1.8762631918273209e-07 1.0184566303252851e+00 1.0185773559985718e+00 -1.2072567328669237e-04
58 4.4921875000000000e-01 6.1156283560065389e-02 6.1156095516472685e-02 1.8804359270402360e-07 1.0291219550042570e+00 1.0292427004880604e+00 -1.2074548380347494e-04
59 4.5703125000000000e-01 6.1518891061831789e-02 6.1518702662902568e-02 1.8839892922117851e-07 1.0382648228614926e+00 1.0383855854650572e+00 -1.2076260356463919e-04
60 4.6484375000000000e-01 6.1821882723034238e-02 6.1821694029638927e-02 1.8869339531157880e-07 1.0458846980552088e+00 1.0460054750239325e+00 -1.2077696872370147e-04
61 4.7265625000000000e-01 6.2064811956543099e-02 6.2064623028657305e-02 1.8892788579416564e-07 1.0519811340512246e+00 1.0521019225766621e+00 -1.2078852543750962e-04
62 4.8046875000000000e-01 6.2247321492658443e-02 6.2247132389538183e-02 1.8910312025999243e-07 1.0565537736221851e+00 1.0566745708528265e+00 -1.2079723064140069e-04
63 4.8828125000000000e-01 6.2369143379107622e-02 6.2368954159466916e-02 1.8921964070606201e-07 1.0596023488476114e+00 1.0597231518996106e+00 -1.2080305199924091e-04
64 4.9609375000000000e-01 6.2430098981043493e-02 6.2429909703233727e-02 1.8927780976590869e-07 1.0611266811138820e+00 1.0612474870818054e+00 -1.2080596792340970e-04
65 5.0390625000000000e-01 6.2430098981042556e-02 6.2429909703233727e-02 1.8927780882915801e-07 1.0611266811140467e+00 1.0612474870818054e+00 -1.2080596775865260e-04
66 5.1171875000000000e-01 6.2369143379104777e-02 6.2368954159466930e-02 1.8921963784723772e-07 1.0596023488479887e+00 1.0597231518996106e+00 -1.2080305162198712e-04
67 5.1953125000000000e-01 6.2247321492653516e-02 6.2247132389538190e-02 1.8910311532643886e-07 1.0565537736227537e+00 1.0566745708528265e+00 -1.2079723007274445e-04
68 5.2734375000000000e-01 6.2064811956536028e-02 6.2064623028657291e-02 1.8892787873731054e-07 1.0519811340519041e+00 1.0521019225766621e+00 -1.2078852475805313e-04
69 5.3515625000000000e-01 6.1821882723025169e-02 6.1821694029638920e-02 1.8869338624938337e-07 1.0458846980559986e+00 1.0460054750239325e+00 -1.2077696793388881e-04
70 5.4296875000000000e-01 6.1518891061820617e-02 6.1518702662902575e-02 1.8839891804262043e-07 1.0382648228624320e+00 1.0383855854650572e+00 -1.2076260262516847e-04
71 5.5078125000000000e-01 6.1156283560052066e-02 6.1156095516472692e-02 1.8804357937440841e-07 1.0291219550056212e+00 1.0292427004880604e+00 -1.2074548243923289e-04
72 5.5859375000000000e-01 6.0734596122282193e-02 6.0734408495978567e-02 1.8762630362573196e-07 1.0184566303263409e+00 1.0185773559985718e+00 -1.2072567223087027e-04
73 5.6640625000000000e-01 6.0254453970510609e-02 6.0254266824654408e-02 1.8714585620083213e-07 1.0062694739739568e+00 1.0063901772198254e+00 -1.2070324586854753e-04
74 5.7421875000000000e-01 5.9716571644178248e-02 5.9716385043339294e-02 1.8660083895422064e-07 9.9256120040443174e-01 9.9268187869266011e-01 -1.2067828822837079e-04
75 5.8203125000000000e-01 5.9121753000172618e-02 5.9121567010477161e-02 1.8598969545730037e-07 9.7733261338129007e-01 9.7745326427551993e-01 -1.2065089422985675e-04
76 5.8984375000000000e-01 5.8470891212833179e-02 5.8470705902116872e-02 1.8531071630661922e-07 9.6058460597568673e-01 9.6070522714445394e-01 -1.2062116876720985e-04
77 5.9765625000000000e-01 5.7764968773957946e-02 5.7764784211912147e-02 1.8456204579908597e-07 9.4231816056640127e-01 9.4243874979311559e-01 -1.2058922671431827e-04
78 6.0546875000000000e-01 5.7005057492810214e-02 5.7004873751121621e-02 1.8374168859330853e-07 9.2253434884059970e-01 9.2265490403276373e-01 -1.2055519216402910e-04
79 6.1328125000000000e-01 5.6192318496126124e-02 5.6192135648608775e-02 1.8284751734931604e-07 9.0123433179365187e-01 9.0135485099226187e-01 -1.2051919861000293e-04
80 6.2109375000000000e-01 5.5328002228122605e-02 5.5327820350841987e-02 1.8187728061808128e-07 8.7841935972937601e-01 8.7853984111807804e-01 -1.2048138870202063e-04
81 6.2890625000000000e-01 5.4413448450505955e-02 5.4413267621894537e-02 1.8082861141799356e-07 8.5409077226048802e-01 8.5421121417428592e-01 -1.2044191379789737e-04
82 6.3671875000000000e-01 5.3450086242481008e-02 5.3449906543444579e-02 1.7969903642889307e-07 8.2824999830866719e-01 8.2837039924256350e-01 -1.2040093389631412e-04
83 6.4453125000000000e-01 5.2439434000760586e-02 5.2439255514775143e-02 1.7848598544284444e-07 8.0089855610481209e-01 8.0101891472219366e-01 -1.2035861738157738e-04
84 6.5234375000000000e-01 5.1383099439575801e-02 5.1382922252774139e-02 1.7718680166145528e-07 7.7203805319015828e-01 7.7215836833006457e-01 -1.2031513990629072e-04
85 6.6015625000000000e-01 5.0282779590686513e-02 5.0282603791934395e-02 1.7579875211809481e-07 7.4167018641487248e-01 7.4179045710066893e-01 -1.2027068579645306e-04
86 6.6796875000000000e-01 4.9140260803392406e-02 4.9140086484353585e-02 1.7431903882175748e-07 7.0979674194003894e-01 7.0991696738610444e-01 -1.2022544606549168e-04
87 6.7578125000000000e-01 4.7957418744544567e-02 4.7957245999734298e-02 1.7274481026868793e-07 6.7641959523734729e-01 6.7653977485607353e-01 -1.2017961872623495e-04
88 6.8359375000000000e-01 4.6736218398557426e-02 4.6736047325383973e-02 1.7107317345360640e-07 6.4154071108954458e-01 6.4166084449788396e-01 -1.2013340833938457e-04
89 6.9140625000000000e-01 4.5478714067420628e-02 4.5478544766214969e-02 1.6930120565888940e-07 6.0516214359086007e-01 6.0528223061644781e-01 -1.2008702558774509e-04
90 6.9921875000000000e-01 4.4187049370712342e-02 4.4186881944744509e-02 1.6742596783275721e-07 5.6728603614703843e-01 5.6740607683428257e-01 -1.2004068724413841e-04
91 7.0703125000000000e-01 4.2863457245611948e-02 4.2863291801094716e-02 1.6544451723193854e-07 5.2791462147636858e-01 5.2803461609151003e-01 -1.1999461514144993e-04
92 7.1484375000000000e-01 4.1510259946913486e-02 4.1510096592992575e-02 1.6335392091088030e-07 4.8705022161032036e-01 4.8717017064585749e-01 -1.1994903553713687e-04
93 7.2265625000000000e-01 4.0129869047039322e-02 4.0129707895769966e-02 1.6115126935667412e-07 4.4469524789290010e-01 4.4481515207265659e-01 -1.1990417975649148e-04
94 7.3046875000000000e-01 3.8724785436053961e-02 3.8724626602363671e-02 1.5883369029051631e-07 4.0085220098187252e-01 4.0097206126484419e-01 -1.1986028297167328e-04
95 7.3828125000000000e-01 3.7297599321678358e-02 3.7297442923315320e-02 1.5639836303815713e-07 3.5552367084903835e-01 3.5564348843296201e-01 -1.1981758392365371e-04
96 7.4609375000000000e-01 3.5850990229304255e-02 3.5850836386771459e-02 1.5384253279626670e-07 3.0871233678112731e-01 3.0883211310515646e-01 -1.1977632402915273e-04
97 7.5390625000000000e-01 3.4387727002008782e-02 3.4387575838483508e-02 1.5116352527350108e-07 2.6042096737902398e-01 2.6054070412717906e-01 -1.1973674815507485e-04
98 7.6171875000000000e-01 3.2910667800569199e-02 3.2910519441807770e-02 1.4835876142871296e-07 2.1065242056001590e-01 2.1077211966238610e-01 -1.1969910237019654e-04
99 7.6953125000000000e-01 3.1422760103477776e-02 3.1422614677705442e-02 1.4542577233406240e-07 1.5940964355714254e-01 1.5952930719173869e-01 -1.1966363459614549e-04
100 7.7734375000000000e-01 2.9927040706956853e-02 2.9926898344742586e-02 1.4236221426711104e-07 1.0669567292007225e-01 1.0681530351380301e-01 -1.1963059373076845e-04
101 7.8515625000000000e-01 2.8426635724973687e-02 2.8426496559090159e-02 1.3916588352883008e-07 5.2513634515662488e-02 5.2633234744749943e-02 -1.1960022908745482e-04
102 7.9296875000000000e-01 2.6924760589255740e-02 2.6924624754524003e-02 1.3583473173692240e-07 -3.1332564719264155e-03 -3.0136836816446457e-03 -1.1957279028176979e-04
103 8.0078125000000000e-01 2.5424720049305689e-02 2.5424587682424865e-02 1.3236688082424175e-07 -6.0241695539782404e-02 -6.0122147014000010e-02 -1.1954852578239389e-04
104 8.0859375000000000e-01 2.3929908172416508e-02 2.3929779411778328e-02 1.2876063817945926e-07 -1.1880828886623565e-01 -1.1868876118333056e-01 -1.1952768290508786e-04
105 8.1640625000000000e-01 2.2443808343686464e-02 2.2443683329174909e-02 1.2501451155527699e-07 -1.7882955331045167e-01 -1.7871004280304581e-01 -1.1951050740585667e-04
106 8.2421875000000000e-01 2.0969993266033944e-02 2.0969872138809974e-02 1.2112722396970255e-07 -2.4030191641157816e-01 -2.4018241916895039e-01 -1.1949724262777517e-04
107 8.3203125000000000e-01 1.9512124960212335e-02 1.9512007862483798e-02 1.1709772853793488e-07 -3.0322171638817963e-01 -3.0310222825924393e-01 -1.1948812893569638e-04
108 8.3984375000000000e-01 1.8073954764824592e-02 1.8073841839601524e-02 1.1292522306832753e-07 -3.6758520213777501e-01 -3.6746571873452138e-01 -1.1948340325362850e-04
109 8.4765625000000000e-01 1.6659323336337645e-02 1.6659214727173192e-02 1.0860916445365465e-07 -4.3338853323605603e-01 -4.3326904993777277e-01 -1.1948329828326276e-04
110 8.5546875000000000e-01 1.5272160649096589e-02 1.5272056499813716e-02 1.0414928287329206e-07 -5.0062777993642815e-01 -5.0050829189438306e-01 -1.1948804204509056e-04
111 8.6328125000000000e-01 1.3916485995338486e-02 1.3916386449742897e-02 9.9545595589473068e-08 -5.6929892316933539e-01 -5.6917942531213239e-01 -1.1949785720299921e-04
112 8.7109375000000000e-01 1.2596407985206179e-02 1.2596313186785427e-02 9.4798420752217893e-08 -6.3939785454163289e-01 -6.3927834158119623e-01 -1.1951296043666293e-04
113 8.7890625000000000e-01 1.1316124546761350e-02 1.1316034638370874e-02 8.9908390475679223e-08 -7.1092037633599148e-01 -7.1080084277414501e-01 -1.1953356184646324e-04
114 8.8671875000000000e-01 1.0079922925997352e-02 1.0079838049533697e-02 8.4876463654279255e-08 -7.8386220151034536e-01 -7.8374264164594420e-01 -1.1955986440115307e-04
115 8.9453125000000000e-01 8.8921796868517838e-03 8.8920999829132374e-03 7.9703938546393793e-08 -8.5821895369686529e-01 -8.5809936163395450e-01 -1.1959206291078939e-04
116 9.0234375000000000e-01 7.7573607112183824e-03 7.7572863187537191e-03 7.4392464663279589e-08 -9.3398616720197336e-01 -9.3386653685793153e-01 -1.1963034404183226e-04
117 9.1015625000000000e-01 6.6800211989586165e-03 6.6799522549042525e-03 6.8944054363966056e-08 -1.0111592870051695e+00 -1.0110396121200265e+00 -1.1967488514308400e-04
118 9.1796875000000000e-01 5.6648056679124634e-03 5.6647423068188311e-03 6.3361093632224863e-08 -1.0897336687586323e+00 -1.0896139429047849e+00 -1.1972585384745216e-04
119 9.2578125000000000e-01 4.7164479539089582e-03 4.7163903075563363e-03 5.7646352621953945e-08 -1.1697045787865363e+00 -1.1695847953791483e+00 -1.1978340738805215e-04
120 9.3359375000000000e-01 3.8397712107758417e-03 3.8397194077805295e-03 5.1802995312214689e-08 -1.2510671940843991e+00 -1.2509473463924528e+00 -1.1984769194639533e-04
121 9.4140625000000000e-01 3.0396879103487297e-03 3.0396420757600592e-03 4.5834588670475018e-08 -1.3338166023183538e+00 -1.3336966834764299e+00 -1.1991884192386060e-04
122 9.4921875000000000e-01 2.3211998424795184e-03 2.3211600973684580e-03 3.9745111060380395e-08 -1.4179478018246350e+00 -1.4178278048452058e+00 -1.1999697942921550e-04
123 9.5703125000000000e-01 1.6893981150441050e-03 1.6893645760841431e-03 3.3538959961923812e-08 -1.5034557016088332e+00 -1.5033356193953025e+00 -1.2008221353076998e-04
124 9.6484375000000000e-01 1.1494631539492007e-03 1.1494359329904159e-03 2.7220958784789084e-08 -1.5903351213452708e+00 -1.5902149467056359e+00 -1.2017463963487351e-04
125 9.7265625000000000e-01 7.0666470313870955e-04 7.0664390677546273e-04 2.0796363246820652e-08 -1.6785807913763415e+00 -1.6784605170375186e+00 -1.2027433882288996e-04
126 9.8046875000000000e-01 3.6636182459869445e-04 3.6634755373235364e-04 1.4270866340807941e-08 -1.7681873527118359e+00 -1.7680669713346573e+00 -1.2038137717862440e-04
127 9.8828125000000000e-01 1.3400289836192853e-04 1.3399524775904381e-04 7.6506028847192487e-09 -1.8591493570283166e+00 -1.8590288612231540e+00 -1.2049580516260150e-04
128 9.9609375000000000e-01 1.5125622511312411e-05 1.5124680358372909e-05 9.4215293950171257e-10 -1.9514612666684288e+00 -1.9513406490115057e+00 -1.2061765692306103e-04
