# P x phi_num phi_exact phi_err
1 7.8125000000000000e-03 6.0027621997478852e-05 6.0025152049260236e-05 2.4699482186160454e-09
2 2.3437500000000000e-02 5.2336462536852369e-04 5.2334534112016980e-04 1.9284248353886556e-08
3 3.9062500000000000e-02 1.4076359861190755e-03 1.4075896294768091e-03 4.6356642266357287e-08
4 5.4687500000000000e-02 2.6699639705126221e-03 2.6698855667746132e-03 7.8403738008880897e-08
5 7.0312500000000000e-02 4.2689013377256889e-03 4.2687897843471708e-03 1.1155337851804364e-07
6 8.5937500000000000e-02 6.1644311160908597e-03 6.1642879952062204e-03 1.4312088463929590e-07
7 1.0156250000000000e-01 8.3179663889732768e-03 8.3177949940416544e-03 1.7139493162232622e-07
8 1.1718750000000000e-01 1.0692350094989500e-02 1.0692154657221519e-02 1.9543776798129631e-07
9 1.3281250000000000e-01 1.3251854846272428e-02 1.3251639942792008e-02 2.1490348041906804e-07
10 1.4843750000000000e-01 1.5962182767473201e-02 1.5961952890477474e-02 2.2987699572693532e-07
11 1.6406250000000000e-01 1.8790465357174747e-02 1.8790224621680413e-02 2.4073549433414887e-07
12 1.7968750000000000e-01 2.1705263372396474e-02 2.1705015339481479e-02 2.4803291499495006e-07
13 1.9531250000000000e-01 2.4676566735931754e-02 2.4676314328639478e-02 2.5240729227549163e-07
14 2.1093750000000000e-01 2.7675794465419203e-02 2.7675539955591365e-02 2.5450982783781217e-07
15 2.2656250000000000e-01 3.0675794622342510e-02 3.0675539668452257e-02 2.5495389025312343e-07
16 2.4218750000000000e-01 3.3650844278610405e-02 3.3650589997015409e-02 2.5428159499546465e-07
17 2.5781250000000000e-01 3.6576649498006271e-02 3.6576396552752223e-02 2.5294525404784274e-07
18 2.7343750000000000e-01 3.9430345329619039e-02 3.9430094028812285e-02 2.5130080675422883e-07
19 2.8906250000000000e-01 4.2190495810365464e-02 4.2190246200023304e-02 2.4961034215953415e-07
20 3.0468750000000000e-01 4.4837093973867065e-02 4.4836845922891153e-02 2.4805097591229508e-07
21 3.2031250000000000e-01 4.7351561863224340e-02 4.7351315135599856e-02 2.4672762448385566e-07
22 3.3593750000000000e-01 4.9716750545599722e-02 4.9716504858011573e-02 2.4568758814902392e-07
23 3.5156250000000000e-01 5.1916940126943409e-02 5.1916695191666647e-02 2.4493527676222593e-07
24 3.6718750000000000e-01 5.3937839765635265e-02 5.3937595319783552e-02 2.4444585171312649e-07
25 3.8281250000000000e-01 5.5766587684240192e-02 5.5766343507258904e-02 2.4417698128720300e-07
26 3.9843750000000000e-01 5.7391751178957867e-02 5.7391507100667517e-02 2.4407829034983619e-07
27 4.1406250000000000e-01 5.8803326626670704e-02 5.8803082528262288e-02 2.4409840841677077e-07
28 4.2968750000000000e-01 5.9992739489746268e-02 5.9992495299974330e-02 2.4418977193768621e-07
29 4.4531250000000000e-01 6.0952844318927467e-02 6.0952600007412885e-02 2.4431151458143008e-07
30 4.6093750000000000e-01 6.1677924754746601e-02 6.1677680323865329e-02 2.4443088127157342e-07
31 4.7656250000000000e-01 6.2163693527934751e-02 6.2163449004297218e-02 2.4452363753257877e-07
32 4.9218750000000000e-01 6.2407292459274739e-02 6.2407047885352229e-02 2.4457392251014953e-07
33 5.0781250000000000e-01 6.2407292459274843e-02 6.2407047885352222e-02 2.4457392262117184e-07
34 5.2343750000000000e-01 6.2163693527935077e-02 6.2163449004297211e-02 2.4452363786564568e-07
35 5.3906250000000000e-01 6.1677924754747107e-02 6.1677680323865322e-02 2.4443088178505157e-07
36 5.5468750000000000e-01 6.0952844318928126e-02 6.0952600007412878e-02 2.4431151524756389e-07
37 5.7031250000000000e-01 5.9992739489746982e-02 5.9992495299974330e-02 2.4418977265239228e-07
38 5.8593750000000000e-01 5.8803326626671357e-02 5.8803082528262295e-02 2.4409840906208791e-07
39 6.0156250000000000e-01 5.7391751178958401e-02 5.7391507100667517e-02 2.4407829088413102e-07
40 6.1718750000000000e-01 5.5766587684240566e-02 5.5766343507258918e-02 2.4417698164802548e-07
41 6.3281250000000000e-01 5.3937839765635494e-02 5.3937595319783552e-02 2.4444585194210999e-07
42 6.4843750000000000e-01 5.1916940126943471e-02 5.1916695191666647e-02 2.4493527682467597e-07
43 6.6406250000000000e-01 4.9716750545599611e-02 4.9716504858011580e-02 2.4568758803106272e-07
44 6.7968750000000000e-01 4.7351561863224111e-02 4.7351315135599856e-02 2.4672762425487216e-07
45 6.9531250000000000e-01 4.4837093973866780e-02 4.4836845922891159e-02 2.4805097562086154e-07
46 7.1093750000000000e-01 4.2190495810365124e-02 4.2190246200023304e-02 2.4961034181952835e-07
47 7.2656250000000000e-01 3.9430345329618602e-02 3.9430094028812292e-02 2.5130080631013962e-07
48 7.4218750000000000e-01 3.6576649498005702e-02 3.6576396552752223e-02 2.5294525347885344e-07
49 7.5781250000000000e-01 3.3650844278609711e-02 3.3650589997015402e-02 2.5428159430851416e-07
50 7.7343750000000000e-01 3.0675794622341726e-02 3.0675539668452254e-02 2.5495388947249786e-07
51 7.8906250000000000e-01 2.7675794465418402e-02 2.7675539955591372e-02 2.5450982702943103e-07
52 8.0468750000000000e-01 2.4676566735931011e-02 2.4676314328639478e-02 2.5240729153302999e-07
53 8.2031250000000000e-01 2.1705263372395856e-02 2.1705015339481482e-02 2.4803291437391906e-07
54 8.3593750000000000e-01 1.8790465357174279e-02 1.8790224621680413e-02 2.4073549386577353e-07
55 8.5156250000000000e-01 1.5962182767472868e-02 1.5961952890477474e-02 2.2987699539386841e-07
56 8.6718750000000000e-01 1.3251854846272206e-02 1.3251639942792008e-02 2.1490348019702343e-07
57 8.8281250000000000e-01 1.0692350094989363e-02 1.0692154657221517e-02 1.9543776784598788e-07
58 8.9843750000000000e-01 8.3179663889732022e-03 8.3177949940416562e-03 1.7139493154599839e-07
59 9.1406250000000000e-01 6.1644311160908242e-03 6.1642879952062196e-03 1.4312088460460143e-07
60 9.2968750000000000e-01 4.2689013377256758e-03 4.2687897843471708e-03 1.1155337850503322e-07
61 9.4531250000000000e-01 2.6699639705126195e-03 2.6698855667746128e-03 7.8403738006712492e-08
62 9.6093750000000000e-01 1.4076359861190774e-03 1.4075896294768091e-03 4.6356642268308851e-08
63 9.7656250000000000e-01 5.2336462536852564e-04 5.2334534112016980e-04 1.9284248355838120e-08
64 9.9218750000000000e-01 6.0027621997479218e-05 6.0025152049260236e-05 2.4699482189819637e-09
