# P x phi_num phi_exact phi_err
1 3.9062500000000000e-03 1.5124840648521908e-05 1.5124680358372909e-05 1.6029014899919926e-10
2 1.1718750000000000e-02 1.3399659305533438e-04 1.3399524775904381e-04 1.3452962905724074e-09
3 1.9531250000000000e-02 3.6635103596106404e-04 3.6634755373235364e-04 3.4822287104069143e-09
4 2.7343750000000000e-02 7.0665026160067230e-04 7.0664390677546262e-04 6.3548252096732455e-09
5 3.5156250000000000e-02 1.1494457063115650e-03 1.1494359329904159e-03 9.7733211491205646e-09
6 4.2968750000000000e-02 1.6893781487584620e-03 1.6893645760841433e-03 1.3572674318652889e-08
7 5.0781250000000000e-02 2.3211777081548869e-03 2.3211600973684580e-03 1.7610786428971792e-08
8 5.8593750000000000e-02 3.0396638424943774e-03 3.0396420757600588e-03 2.1766734318619252e-08
9 6.6406250000000000e-02 3.8397453468034292e-03 3.8397194077805286e-03 2.5939022900520886e-08
10 7.4218750000000000e-02 4.7164203514271519e-03 4.7163903075563363e-03 3.0043870815656126e-08
11 8.2031250000000000e-02 5.6647763203576344e-03 5.6647423068188320e-03 3.4013538802342425e-08
12 8.9843750000000000e-02 6.6799900496140353e-03 6.6799522549042516e-03 3.7794709783697811e-08
13 9.7656250000000000e-02 7.7573276656824810e-03 7.7572863187537183e-03 4.1346928762731050e-08
14 1.0546875000000000e-01 8.8921446240228831e-03 8.8920999829132374e-03 4.4641109645665589e-08
15 1.1328125000000000e-01 1.0079885707648818e-02 1.0079838049533697e-02 4.7658115120974287e-08
16 1.2109375000000000e-01 1.1316085025785690e-02 1.1316034638370874e-02 5.0387414815208920e-08
17 1.2890625000000000e-01 1.2596366012611394e-02 1.2596313186785425e-02 5.2825825968758067e-08
18 1.3671875000000000e-01 1.3916441426082714e-02 1.3916386449742895e-02 5.4976339819087783e-08
19 1.4453125000000000e-01 1.5272113346849820e-02 1.5272056499813712e-02 5.6847036107934845e-08
20 1.5234375000000000e-01 1.6659273177260212e-02 1.6659214727173192e-02 5.8450087020434083e-08
21 1.6015625000000000e-01 1.8073901640452559e-02 1.8073841839601527e-02 5.9800851031494018e-08
22 1.6796875000000000e-01 1.9512068779540002e-02 1.9512007862483801e-02 6.0917056201453823e-08
23 1.7578125000000000e-01 2.0969933956881757e-02 2.0969872138809974e-02 6.1818071783042994e-08
24 1.8359375000000000e-01 2.2443745853440812e-02 2.2443683329174909e-02 6.2524265903585174e-08
25 1.9140625000000000e-01 2.3929842468225077e-02 2.3929779411778328e-02 6.3056446748116501e-08
26 1.9921875000000000e-01 2.5424651117808596e-02 2.5424587682424865e-02 6.3435383730603423e-08
27 2.0703125000000000e-01 2.6924688435928709e-02 2.6924624754524007e-02 6.3681404701559918e-08
28 2.1484375000000000e-01 2.8426560373154778e-02 2.8426496559090155e-02 6.3814064622802480e-08
29 2.2265625000000000e-01 2.9926962196623570e-02 2.9926898344742582e-02 6.3851880987425558e-08
30 2.3046875000000000e-01 3.1422678489836008e-02 3.1422614677705442e-02 6.3812130565721326e-08
31 2.3828125000000000e-01 3.2910583152509928e-02 3.2910519441807777e-02 6.3710702151442700e-08
32 2.4609375000000000e-01 3.4387639400483200e-02 3.4387575838483508e-02 6.3561999691374993e-08
33 2.5390625000000000e-01 3.5850899765661491e-02 3.5850836386771459e-02 6.3378890031995372e-08
34 2.6171875000000000e-01 3.7297506096005198e-02 3.7297442923315320e-02 6.3172689877821764e-08
35 2.6953125000000000e-01 3.8724689555549731e-02 3.8724626602363664e-02 6.2953186066860845e-08
36 2.7734375000000000e-01 4.0129770624454011e-02 4.0129707895769973e-02 6.2728684038781957e-08
37 2.8515625000000000e-01 4.1510159099071839e-02 4.1510096592992568e-02 6.2506079270829851e-08
38 2.9296875000000000e-01 4.2863354092041443e-02 4.2863291801094723e-02 6.2290946720167106e-08
39 3.0078125000000000e-01 4.4186944032388493e-02 4.4186881944744523e-02 6.2087643970532014e-08
40 3.0859375000000000e-01 4.5478606665638445e-02 4.5478544766214983e-02 6.1899423461908576e-08
41 3.1640625000000000e-01 4.6736109053934473e-02 4.6736047325383966e-02 6.1728550507234026e-08
42 3.2421875000000000e-01 4.7957307576157703e-02 4.7957245999734291e-02 6.1576423411591197e-08
43 3.3203125000000000e-01 4.9140147928046579e-02 4.9140086484353585e-02 6.1443692994656018e-08
44 3.3984375000000000e-01 5.0282665122313129e-02 5.0282603791934388e-02 6.1330378740842573e-08
45 3.4765625000000000e-01 5.1382983488753843e-02 5.1382922252774139e-02 6.1235979703644361e-08
46 3.5546875000000000e-01 5.2439316674353607e-02 5.2439255514775136e-02 6.1159578471081666e-08
47 3.6328125000000000e-01 5.3449967643381432e-02 5.3449906543444572e-02 6.1099936859987380e-08
48 3.7109375000000000e-01 5.4413328677477064e-02 5.4413267621894537e-02 6.1055582527280716e-08
49 3.7890625000000000e-01 5.5327881375728014e-02 5.5327820350841987e-02 6.1024886026384006e-08
50 3.8671875000000000e-01 5.6192196654736647e-02 5.6192135648608775e-02 6.1006127871632287e-08
51 3.9453125000000000e-01 5.7004934748677467e-02 5.7004873751121621e-02 6.0997555846598051e-08
52 4.0234375000000000e-01 5.7764845209344884e-02 5.7764784211912154e-02 6.0997432729803513e-08
53 4.1015625000000000e-01 5.8470766906192032e-02 5.8470705902116879e-02 6.1004075152526482e-08
54 4.1796875000000000e-01 5.9121628026361332e-02 5.9121567010477161e-02 6.1015884171566892e-08
55 4.2578125000000000e-01 5.9716446074707455e-02 5.9716385043339294e-02 6.1031368160657795e-08
56 4.3359375000000000e-01 6.0254327873813830e-02 6.0254266824654408e-02 6.1049159422177368e-08
57 4.4140625000000000e-01 6.0734469564003406e-02 6.0734408495978560e-02 6.1068024845289948e-08
58 4.4921875000000000e-01 6.1156156603344808e-02 6.1156095516472685e-02 6.1086872123194969e-08
59 4.5703125000000000e-01 6.1518763767654985e-02 6.1518702662902568e-02 6.1104752417662223e-08
60 4.6484375000000000e-01 6.1821755150499022e-02 6.1821694029638927e-02 6.1120860095353891e-08
61 4.7265625000000000e-01 6.2064684163188173e-02 6.2064623028657305e-02 6.1134530868200976e-08
62 4.8046875000000000e-01 6.2247193534776916e-02 6.2247132389538183e-02 6.1145238733351093e-08
63 4.8828125000000000e-01 6.2369015312059767e-02 6.2368954159466916e-02 6.1152592850666210e-08
64 4.9609375000000000e-01 6.2429970859568244e-02 6.2429909703233727e-02 6.1156334517364908e-08
65 5.0390625000000000e-01 6.2429970859568674e-02 6.2429909703233727e-02 6.1156334947576330e-08
66 5.1171875000000000e-01 6.2369015312061057e-02 6.2368954159466930e-02 6.1152594127422688e-08
67 5.1953125000000000e-01 6.2247193534779047e-02 6.2247132389538190e-02 6.1145240856652627e-08
68 5.2734375000000000e-01 6.2064684163191115e-02 6.2064623028657291e-02 6.1134533824169779e-08
69 5.3515625000000000e-01 6.1821755150502734e-02 6.1821694029638920e-02 6.1120863814601023e-08
70 5.4296875000000000e-01 6.1518763767659398e-02 6.1518702662902575e-02 6.1104756823859852e-08
71 5.5078125000000000e-01 6.1156156603349818e-02 6.1156095516472692e-02 6.1086877126137473e-08
72 5.5859375000000000e-01 6.0734469564008908e-02 6.0734408495978567e-02 6.1068030340893920e-08
73 5.6640625000000000e-01 6.0254327873819694e-02 6.0254266824654408e-02 6.1049165285542717e-08
74 5.7421875000000000e-01 5.9716446074713478e-02 5.9716385043339294e-02 6.1031374183617704e-08
75 5.8203125000000000e-01 5.9121628026367307e-02 5.9121567010477161e-02 6.1015890145954543e-08
76 5.8984375000000000e-01 5.8470766906197763e-02 5.8470705902116872e-02 6.1004080890991741e-08
77 5.9765625000000000e-01 5.7764845209350164e-02 5.7764784211912147e-02 6.0997438017240668e-08
78 6.0546875000000000e-01 5.7004934748682103e-02 5.7004873751121621e-02 6.0997560481779178e-08
79 6.1328125000000000e-01 5.6192196654740449e-02 5.6192135648608775e-02 6.1006131674146147e-08
80 6.2109375000000000e-01 5.5327881375730845e-02 5.5327820350841987e-02 6.1024888857452719e-08
81 6.2890625000000000e-01 5.4413328677478848e-02 5.4413267621894537e-02 6.1055584310576450e-08
82 6.3671875000000000e-01 5.3449967643382189e-02 5.3449906543444579e-02 6.1099937609387922e-08
83 6.4453125000000000e-01 5.2439316674353434e-02 5.2439255514775143e-02 6.1159578290670424e-08
84 6.5234375000000000e-01 5.1382983488752816e-02 5.1382922252774139e-02 6.1235978676688063e-08
85 6.6015625000000000e-01 5.0282665122311353e-02 5.0282603791934395e-02 6.1330376957546839e-08
86 6.6796875000000000e-01 4.9140147928044116e-02 4.9140086484353585e-02 6.1443690531348683e-08
87 6.7578125000000000e-01 4.7957307576154642e-02 4.7957245999734298e-02 6.1576420344600091e-08
88 6.8359375000000000e-01 4.6736109053930899e-02 4.6736047325383973e-02 6.1728546926764771e-08
89 6.9140625000000000e-01 4.5478606665634441e-02 4.5478544766214969e-02 6.1899419472044581e-08
90 6.9921875000000000e-01 4.4186944032384136e-02 4.4186881944744509e-02 6.2087639626784430e-08
91 7.0703125000000000e-01 4.2863354092036794e-02 4.2863291801094716e-02 6.2290942078047085e-08
92 7.1484375000000000e-01 4.1510159099066968e-02 4.1510096592992575e-02 6.2506074392787436e-08
93 7.2265625000000000e-01 4.0129770624449015e-02 4.0129707895769966e-02 6.2728679049717240e-08
94 7.3046875000000000e-01 3.8724689555544735e-02 3.8724626602363671e-02 6.2953181063918340e-08
95 7.3828125000000000e-01 3.7297506096000306e-02 3.7297442923315320e-02 6.3172684985901562e-08
96 7.4609375000000000e-01 3.5850899765656807e-02 3.5850836386771459e-02 6.3378885348241987e-08
97 7.5390625000000000e-01 3.4387639400478821e-02 3.4387575838483508e-02 6.3561995312932940e-08
98 7.6171875000000000e-01 3.2910583152505953e-02 3.2910519441807770e-02 6.3710698182395387e-08
99 7.6953125000000000e-01 3.1422678489832483e-02 3.1422614677705442e-02 6.3812127040763222e-08
100 7.7734375000000000e-01 2.9926962196620530e-02 2.9926898344742586e-02 6.3851877944720581e-08
101 7.8515625000000000e-01 2.8426560373152238e-02 2.8426496559090159e-02 6.3814062079697864e-08
102 7.9296875000000000e-01 2.6924688435926665e-02 2.6924624754524003e-02 6.3681402661525111e-08
103 8.0078125000000000e-01 2.5424651117807041e-02 2.5424587682424865e-02 6.3435382176291188e-08
104 8.0859375000000000e-01 2.3929842468224008e-02 2.3929779411778328e-02 6.3056445679526840e-08
105 8.1640625000000000e-01 2.2443745853440219e-02 2.2443683329174909e-02 6.2524265310309746e-08
106 8.2421875000000000e-01 2.0969933956881626e-02 2.0969872138809974e-02 6.1818071651204010e-08
107 8.3203125000000000e-01 1.9512068779540280e-02 1.9512007862483798e-02 6.0917056482479026e-08
108 8.3984375000000000e-01 1.8073901640453208e-02 1.8073841839601524e-02 5.9800851683750045e-08
109 8.4765625000000000e-01 1.6659273177261191e-02 1.6659214727173192e-02 5.8450087998818123e-08
110 8.5546875000000000e-01 1.5272113346851067e-02 1.5272056499813716e-02 5.6847037351731577e-08
111 8.6328125000000000e-01 1.3916441426084163e-02 1.3916386449742897e-02 5.4976341265847162e-08
112 8.7109375000000000e-01 1.2596366012612973e-02 1.2596313186785427e-02 5.2825827545621706e-08
113 8.7890625000000000e-01 1.1316085025787312e-02 1.1316034638370874e-02 5.0387416437175370e-08
114 8.8671875000000000e-01 1.0079885707650409e-02 1.0079838049533697e-02 4.7658116711715715e-08
115 8.9453125000000000e-01 8.8921446240243993e-03 8.8920999829132374e-03 4.4641111161813907e-08
116 9.0234375000000000e-01 7.7573276656838878e-03 7.7572863187537191e-03 4.1346930168724427e-08
117 9.1015625000000000e-01 6.6799900496153086e-03 6.6799522549042525e-03 3.7794711056117480e-08
118 9.1796875000000000e-01 5.6647763203587628e-03 5.6647423068188311e-03 3.4013539931647407e-08
119 9.2578125000000000e-01 4.7164203514281295e-03 4.7163903075563363e-03 3.0043871793172805e-08
120 9.3359375000000000e-01 3.8397453468042553e-03 3.8397194077805295e-03 2.5939023725815580e-08
121 9.4140625000000000e-01 3.0396638424950552e-03 3.0396420757600592e-03 2.1766734996028769e-08
122 9.4921875000000000e-01 2.3211777081554230e-03 2.3211600973684580e-03 1.7610786965001346e-08
123 9.5703125000000000e-01 1.6893781487588657e-03 1.6893645760841431e-03 1.3572674722626618e-08
124 9.6484375000000000e-01 1.1494457063118489e-03 1.1494359329904159e-03 9.7733214329646934e-09
125 9.7265625000000000e-01 7.0665026160085238e-04 7.0664390677546273e-04 6.3548253896508061e-09
126 9.8046875000000000e-01 3.6635103596116021e-04 3.6634755373235364e-04 3.4822288065756470e-09
127 9.8828125000000000e-01 1.3399659305537068e-04 1.3399524775904381e-04 1.3452963268660752e-09
128 9.9609375000000000e-01 1.5124840648526133e-05 1.5124680358372909e-05 1.6029015322419960e-10
