# P x_center tau_phi
1 9.7656250000000000e-04 -5.5859661440664510e-09
2 2.9296875000000000e-03 9.2059116467077540e-09
3 4.8828125000000000e-03 3.8623298280558022e-08
4 6.8359375000000000e-03 8.2492944765508863e-08
5 8.7890625000000000e-03 1.4064249670864976e-07
6 1.0742187500000000e-02 2.1290035931908688e-07
7 1.2695312500000000e-02 2.9909515028439873e-07
8 1.4648437500000000e-02 3.9905724875813689e-07
9 1.6601562500000000e-02 5.1261572581217177e-07
10 1.8554687500000000e-02 6.3960266453912812e-07
11 2.0507812500000000e-02 7.7985043156567763e-07
12 2.2460937500000000e-02 9.3318786854564365e-07
13 2.4414062500000000e-02 1.0994535935182799e-06
14 2.6367187500000000e-02 1.2784753099055399e-06
15 2.8320312500000000e-02 1.4700922028173732e-06
16 3.0273437500000000e-02 1.6741370902195046e-06
17 3.2226562500000000e-02 1.8904482463645567e-06
18 3.4179687500000000e-02 2.1188555319961132e-06
19 3.6132812500000000e-02 2.3592058602029710e-06
20 3.8085937500000000e-02 2.6113286356178704e-06
21 4.0039062500000000e-02 2.8750655403715804e-06
22 4.1992187500000000e-02 3.1502589380332825e-06
23 4.3945312500000000e-02 3.4367382311904782e-06
24 4.5898437500000000e-02 3.7343621529543555e-06
25 4.7851562500000000e-02 4.0429473716230985e-06
26 4.9804687500000000e-02 4.3623644423746583e-06
27 5.1757812500000000e-02 4.6924309416392952e-06
28 5.3710937500000000e-02 5.0329965048524598e-06
29 5.5664062500000000e-02 5.3839205438376350e-06
30 5.7617187500000000e-02 5.7450235888367555e-06
31 5.9570312500000000e-02 6.1161764189927165e-06
32 6.1523437500000000e-02 6.4972050201517369e-06
33 6.3476562500000000e-02 6.8879569779787576e-06
34 6.5429687500000000e-02 7.2883005684605713e-06
35 6.7382812500000000e-02 7.6980492698464423e-06
36 6.9335937500000000e-02 8.1170900014017073e-06
37 7.1289062500000000e-02 8.5452394232431606e-06
38 7.3242187500000000e-02 8.9823794510511361e-06
39 7.5195312500000000e-02 9.4283235603483465e-06
40 7.7148437500000000e-02 9.8829559391881705e-06
41 7.9101562500000000e-02 1.0346105977886459e-05
42 8.1054687500000000e-02 1.0817641946976250e-05
43 8.3007812500000000e-02 1.1297413699040693e-05
44 8.4960937500000000e-02 1.1785268130123407e-05
45 8.6914062500000000e-02 1.2281062822149013e-05
46 8.8867187500000000e-02 1.2784667861912751e-05
47 9.0820312500000000e-02 1.3295908542913619e-05
48 9.2773437500000000e-02 1.3814669047750808e-05
49 9.4726562500000000e-02 1.4340808774611575e-05
50 9.6679687500000000e-02 1.4874156880302159e-05
51 9.8632812500000000e-02 1.5414599591739592e-05
52 1.0058593750000000e-01 1.5961992894460326e-05
53 1.0253906250000000e-01 1.6516195274429496e-05
54 1.0449218750000000e-01 1.7077045890167859e-05
55 1.0644531250000000e-01 1.7644466436159047e-05
56 1.0839843750000000e-01 1.8218221036247215e-05
57 1.1035156250000000e-01 1.8798265489603817e-05
58 1.1230468750000000e-01 1.9384412576676060e-05
59 1.1425781250000000e-01 1.9976537604990364e-05
60 1.1621093750000000e-01 2.0574545667342891e-05
61 1.1816406250000000e-01 2.1178217027700017e-05
62 1.2011718750000000e-01 2.1787516349397592e-05
63 1.2207031250000000e-01 2.2402216164333320e-05
64 1.2402343750000000e-01 2.3022262489837955e-05
65 1.2597656250000000e-01 2.3647474695422956e-05
66 1.2792968750000000e-01 2.4277756505551844e-05
67 1.2988281250000000e-01 2.4912945023519164e-05
68 1.3183593750000000e-01 2.5552914413847026e-05
69 1.3378906250000000e-01 2.6197583178242398e-05
70 1.3574218750000000e-01 2.6846739532614366e-05
71 1.3769531250000000e-01 2.7500332445378915e-05
72 1.3964843750000000e-01 2.8158209702984494e-05
73 1.4160156250000000e-01 2.8820237963212976e-05
74 1.4355468750000000e-01 2.9486306393158249e-05
75 1.4550781250000000e-01 3.0156272099544218e-05
76 1.4746093750000000e-01 3.0829971042661223e-05
77 1.4941406250000000e-01 3.1507410849242819e-05
78 1.5136718750000000e-01 3.2188334255008652e-05
79 1.5332031250000000e-01 3.2872702955846344e-05
80 1.5527343750000000e-01 3.3560301068120979e-05
81 1.5722656250000000e-01 3.4251160772195911e-05
82 1.5917968750000000e-01 3.4944954769971820e-05
83 1.6113281250000000e-01 3.5641807554160634e-05
84 1.6308593750000000e-01 3.6341393189541537e-05
85 1.6503906250000000e-01 3.7043692012552734e-05
86 1.6699218750000000e-01 3.7748586815643866e-05
87 1.6894531250000000e-01 3.8455888313127629e-05
88 1.7089843750000000e-01 3.9165604351611665e-05
89 1.7285156250000000e-01 3.9877517904456718e-05
90 1.7480468750000000e-01 4.0591572697530354e-05
91 1.7675781250000000e-01 4.1307603998775138e-05
92 1.7871093750000000e-01 4.2025531431085456e-05
93 1.8066406250000000e-01 4.2745173435388350e-05
94 1.8261718750000000e-01 4.3466647448311849e-05
95 1.8457031250000000e-01 4.4189478597378965e-05
96 1.8652343750000000e-01 4.4913902097418041e-05
97 1.8847656250000000e-01 4.5639597233939645e-05
98 1.9042968750000000e-01 4.6366505908367631e-05
99 1.9238281250000000e-01 4.7094585255480438e-05
100 1.9433593750000000e-01 4.7823603916597644e-05
101 1.9628906250000000e-01 4.8553607700867527e-05
102 1.9824218750000000e-01 4.9284257473124036e-05
103 2.0019531250000000e-01 5.0015833236037501e-05
104 2.0214843750000000e-01 5.0747742558803909e-05
105 2.0410156250000000e-01 5.1480310462717778e-05
106 2.0605468750000000e-01 5.2213171434539534e-05
107 2.0800781250000000e-01 5.2946353544180156e-05
108 2.0996093750000000e-01 5.3679645436388417e-05
109 2.1191406250000000e-01 5.4413047440123182e-05
110 2.1386718750000000e-01 5.5146422322588037e-05
111 2.1582031250000000e-01 5.5879626256468069e-05
112 2.1777343750000000e-01 5.6612719822700841e-05
113 2.1972656250000000e-01 5.7345327726206186e-05
114 2.2167968750000000e-01 5.8077635602079777e-05
115 2.2363281250000000e-01 5.8809291345992849e-05
116 2.2558593750000000e-01 5.9540445576131184e-05
117 2.2753906250000000e-01 6.0270805758705706e-05
118 2.2949218750000000e-01 6.1000422011374053e-05
119 2.3144531250000000e-01 6.1729024991098334e-05
120 2.3339843750000000e-01 6.2456811697567029e-05
121 2.3535156250000000e-01 6.3183237664231470e-05
122 2.3730468750000000e-01 6.3908785016005649e-05
123 2.3925781250000000e-01 6.4632757854109235e-05
124 2.4121093750000000e-01 6.5355574182716361e-05
125 2.4316406250000000e-01 6.6076815952314594e-05
126 2.4511718750000000e-01 6.6796567835906051e-05
127 2.4707031250000000e-01 6.7514602321755044e-05
128 2.4902343750000000e-01 6.8231012721699648e-05
129 2.5097656250000000e-01 6.8945441919645569e-05
130 2.5292968750000000e-01 6.9658188317122858e-05
131 2.5488281250000000e-01 7.0368772469635798e-05
132 2.5683593750000000e-01 7.1077355898398545e-05
133 2.5878906250000000e-01 7.1783780663929077e-05
134 2.6074218750000000e-01 7.2487925887972831e-05
135 2.6269531250000000e-01 7.3189744133290340e-05
136 2.6464843750000000e-01 7.3889217747912525e-05
137 2.6660156250000000e-01 7.4586075102792224e-05
138 2.6855468750000000e-01 7.5280467255863610e-05
139 2.7050781250000000e-01 7.5972058457340202e-05
140 2.7246093750000000e-01 7.6660979300161459e-05
141 2.7441406250000000e-01 7.7347200987638821e-05
142 2.7636718750000000e-01 7.8030331606642519e-05
143 2.7832031250000000e-01 7.8710612933794062e-05
144 2.8027343750000000e-01 7.9387865421613052e-05
145 2.8222656250000000e-01 8.0061866548312034e-05
146 2.8417968750000000e-01 8.0732765547381806e-05
147 2.8613281250000000e-01 8.1400319432040633e-05
148 2.8808593750000000e-01 8.2064591487166069e-05
149 2.9003906250000000e-01 8.2725376468643658e-05
150 2.9199218750000000e-01 8.3382549849330898e-05
151 2.9394531250000000e-01 8.4036322477575899e-05
152 2.9589843750000000e-01 8.4686432945920266e-05
153 2.9785156250000000e-01 8.5332584148557463e-05
154 2.9980468750000000e-01 8.5975316396244995e-05
155 3.0175781250000000e-01 8.6613861008809963e-05
156 3.0371093750000000e-01 8.7248679624354680e-05
157 3.0566406250000000e-01 8.7879434207083825e-05
158 3.0761718750000000e-01 8.8505983853496726e-05
159 3.0957031250000000e-01 8.9128668554734093e-05
160 3.1152343750000000e-01 8.9746897660801734e-05
161 3.1347656250000000e-01 9.0360983421888677e-05
162 3.1542968750000000e-01 9.0970663968971931e-05
163 3.1738281250000000e-01 9.1576063740220681e-05
164 3.1933593750000000e-01 9.2176813090126064e-05
165 3.2128906250000000e-01 9.2773248822507291e-05
166 3.2324218750000000e-01 9.3364806203877822e-05
167 3.2519531250000000e-01 9.3952165370943296e-05
168 3.2714843750000000e-01 9.4534253636063175e-05
169 3.2910156250000000e-01 9.5112036261167741e-05
170 3.3105468750000000e-01 9.5684747511715247e-05
171 3.3300781250000000e-01 9.6252560933134590e-05
172 3.3496093750000000e-01 9.6815592544633464e-05
173 3.3691406250000000e-01 9.7373435177910408e-05
174 3.3886718750000000e-01 9.7926293526542831e-05
175 3.4082031250000000e-01 9.8473936408090572e-05
176 3.4277343750000000e-01 9.9016569879009815e-05
177 3.4472656250000000e-01 9.9553774944840341e-05
178 3.4667968750000000e-01 1.0008580268066280e-04
179 3.4863281250000000e-01 1.0061245373362416e-04
180 3.5058593750000000e-01 1.0113374771103935e-04
181 3.5253906250000000e-01 1.0164954483059523e-04
182 3.5449218750000000e-01 1.0215993882206099e-04
183 3.5644531250000000e-01 1.0266463119493478e-04
184 3.5839843750000000e-01 1.0316389166484708e-04
185 3.6035156250000000e-01 1.0365736489651323e-04
186 3.6230468750000000e-01 1.0414514734545955e-04
187 3.6425781250000000e-01 1.0462732159673702e-04
188 3.6621093750000000e-01 1.0510350525554796e-04
189 3.6816406250000000e-01 1.0557392778897355e-04
190 3.7011718750000000e-01 1.0603832458041672e-04
191 3.7207031250000000e-01 1.0649704287515925e-04
192 3.7402343750000000e-01 1.0694955748500831e-04
193 3.7597656250000000e-01 1.0739623157003924e-04
194 3.7792968750000000e-01 1.0783665772025981e-04
195 3.7988281250000000e-01 1.0827115680287760e-04
196 3.8183593750000000e-01 1.0869942463418575e-04
197 3.8378906250000000e-01 1.0912146330213602e-04
198 3.8574218750000000e-01 1.0953720281654290e-04
199 3.8769531250000000e-01 1.0994693766654086e-04
200 3.8964843750000000e-01 1.1034992983672328e-04
201 3.9160156250000000e-01 1.1074702815188188e-04
202 3.9355468750000000e-01 1.1113730678458935e-04
203 3.9550781250000000e-01 1.1152142674761886e-04
204 3.9746093750000000e-01 1.1189906020494600e-04
205 3.9941406250000000e-01 1.1227008372879975e-04
206 4.0136718750000000e-01 1.1263463650732202e-04
207 4.0332031250000000e-01 1.1299258192370466e-04
208 4.0527343750000000e-01 1.1334395866556112e-04
209 4.0722656250000000e-01 1.1368866058279227e-04
210 4.0917968750000000e-01 1.1402662586248394e-04
211 4.1113281250000000e-01 1.1435798254805967e-04
212 4.1308593750000000e-01 1.1468255377416071e-04
213 4.1503906250000000e-01 1.1500042529134389e-04
214 4.1699218750000000e-01 1.1531140704521383e-04
215 4.1894531250000000e-01 1.1561562980495158e-04
216 4.2089843750000000e-01 1.1591294853478601e-04
217 4.2285156250000000e-01 1.1620349536677586e-04
218 4.2480468750000000e-01 1.1648686469355575e-04
219 4.2675781250000000e-01 1.1676356835985807e-04
220 4.2871093750000000e-01 1.1703317301736509e-04
221 4.3066406250000000e-01 1.1729578442006179e-04
222 4.3261718750000000e-01 1.1755155265911815e-04
223 4.3457031250000000e-01 1.1779997367095769e-04
224 4.3652343750000000e-01 1.1804166457091668e-04
225 4.3847656250000000e-01 1.1827604989872106e-04
226 4.4042968750000000e-01 1.1850344254236500e-04
227 4.4238281250000000e-01 1.1872364675424895e-04
228 4.4433593750000000e-01 1.1893680216226374e-04
229 4.4628906250000000e-01 1.1914258341445090e-04
230 4.4824218750000000e-01 1.1934146619562921e-04
231 4.5019531250000000e-01 1.1953290823799121e-04
232 4.5214843750000000e-01 1.1971719741433627e-04
233 4.5410156250000000e-01 1.1989430213676759e-04
234 4.5605468750000000e-01 1.2006404597967625e-04
235 4.5800781250000000e-01 1.2022670430826381e-04
236 4.5996093750000000e-01 1.2038182557341012e-04
237 4.6191406250000000e-01 1.2052983202234758e-04
238 4.6386718750000000e-01 1.2067053540330873e-04
239 4.6582031250000000e-01 1.2080379180171149e-04
240 4.6777343750000000e-01 1.2092977812654636e-04
241 4.6972656250000000e-01 1.2104839548185507e-04
242 4.7167968750000000e-01 1.2115969117227092e-04
243 4.7363281250000000e-01 1.2126356766471377e-04
244 4.7558593750000000e-01 1.2136005907477940e-04
245 4.7753906250000000e-01 1.2144914199184323e-04
246 4.7949218750000000e-01 1.2153093920587053e-04
247 4.8144531250000000e-01 1.2160516673464031e-04
248 4.8339843750000000e-01 1.2167215245781132e-04
249 4.8535156250000000e-01 1.2173157010029415e-04
250 4.8730468750000000e-01 1.2178367614504955e-04
251 4.8925781250000000e-01 1.2182833485476548e-04
252 4.9121093750000000e-01 1.2186544027740012e-04
253 4.9316406250000000e-01 1.2189530914789208e-04
254 4.9511718750000000e-01 1.2191760404643443e-04
255 4.9707031250000000e-01 1.2193245389594595e-04
256 4.9902343750000000e-01 1.2193985733354850e-04
257 5.0097656250000000e-01 1.2194001740461601e-04
258 5.0292968750000000e-01 1.2193251210360686e-04
259 5.0488281250000000e-01 1.2191757494260397e-04
260 5.0683593750000000e-01 1.2189535280363777e-04
261 5.0878906250000000e-01 1.2186552758889149e-04
262 5.1074218750000000e-01 1.2182826209518934e-04
263 5.1269531250000000e-01 1.2178367614504955e-04
264 5.1464843750000000e-01 1.2173155554837892e-04
265 5.1660156250000000e-01 1.2167210880206563e-04
266 5.1855468750000000e-01 1.2160519583847076e-04
267 5.2050781250000000e-01 1.2153088099820962e-04
268 5.2246093750000000e-01 1.2144927295908029e-04
269 5.2441406250000000e-01 1.2135995721137280e-04
270 5.2636718750000000e-01 1.2126374228769651e-04
271 5.2832031250000000e-01 1.2115958930886432e-04
272 5.3027343750000000e-01 1.2104838092993984e-04
273 5.3222656250000000e-01 1.2092974902271590e-04
274 5.3417968750000000e-01 1.2080383545745718e-04
275 5.3613281250000000e-01 1.2067040443607168e-04
276 5.3808593750000000e-01 1.2052990478192372e-04
277 5.4003906250000000e-01 1.2038188378107103e-04
278 5.4199218750000000e-01 1.2022664610060289e-04
279 5.4394531250000000e-01 1.2006404597967625e-04
280 5.4589843750000000e-01 1.1989427303293713e-04
281 5.4785156250000000e-01 1.1971716831050581e-04
282 5.4980468750000000e-01 1.1953299554948258e-04
283 5.5175781250000000e-01 1.1934136433222262e-04
284 5.5371093750000000e-01 1.1914283079700978e-04
285 5.5566406250000000e-01 1.1893662753928100e-04
286 5.5761718750000000e-01 1.1872385048106214e-04
287 5.5957031250000000e-01 1.1850332612704318e-04
288 5.6152343750000000e-01 1.1827616631404289e-04
289 5.6347656250000000e-01 1.1804157725942531e-04
290 5.6542968750000000e-01 1.1780010463819475e-04
291 5.6738281250000000e-01 1.1755153810720292e-04
292 5.6933593750000000e-01 1.1729584262772270e-04
293 5.7128906250000000e-01 1.1703324577694123e-04
294 5.7324218750000000e-01 1.1676349560028193e-04
295 5.7519531250000000e-01 1.1648685014164053e-04
296 5.7714843750000000e-01 1.1620349536677586e-04
297 5.7910156250000000e-01 1.1591287577520986e-04
298 5.8105468750000000e-01 1.1561568801261250e-04
299 5.8300781250000000e-01 1.1531142159712906e-04
300 5.8496093750000000e-01 1.1500036708368298e-04
301 5.8691406250000000e-01 1.1468251011841502e-04
302 5.8886718750000000e-01 1.1435802620380535e-04
303 5.9082031250000000e-01 1.1402662586248394e-04
304 5.9277343750000000e-01 1.1368864603087704e-04
305 5.9472656250000000e-01 1.1334392956173066e-04
306 5.9667968750000000e-01 1.1299253826795898e-04
307 5.9863281250000000e-01 1.1263462195540679e-04
308 6.0058593750000000e-01 1.1227002552113884e-04
309 6.0253906250000000e-01 1.1189898744536986e-04
310 6.0449218750000000e-01 1.1152147040336454e-04
311 6.0644531250000000e-01 1.1113736499225027e-04
312 6.0839843750000000e-01 1.1074702815188188e-04
313 6.1035156250000000e-01 1.1034995894055374e-04
314 6.1230468750000000e-01 1.0994683580313426e-04
315 6.1425781250000000e-01 1.0953729012803427e-04
316 6.1621093750000000e-01 1.0912150695788171e-04
317 6.1816406250000000e-01 1.0869930821886392e-04
318 6.2011718750000000e-01 1.0827115680287760e-04
319 6.2207031250000000e-01 1.0783673047983595e-04
320 6.2402343750000000e-01 1.0739627522578492e-04
321 6.2597656250000000e-01 1.0694947017351694e-04
322 6.2792968750000000e-01 1.0649708653090494e-04
323 6.2988281250000000e-01 1.0603847009956900e-04
324 6.3183593750000000e-01 1.0557381137365172e-04
325 6.3378906250000000e-01 1.0510362167086978e-04
326 6.3574218750000000e-01 1.0462716152566951e-04
327 6.3769531250000000e-01 1.0414519100120524e-04
328 6.3964843750000000e-01 1.0365732124076755e-04
329 6.4160156250000000e-01 1.0316386256101662e-04
330 6.4355468750000000e-01 1.0266471850642615e-04
331 6.4550781250000000e-01 1.0215990971823054e-04
332 6.4746093750000000e-01 1.0164963214208660e-04
333 6.4941406250000000e-01 1.0113374771103935e-04
334 6.5136718750000000e-01 1.0061246828553939e-04
335 6.5332031250000000e-01 1.0008577357683234e-04
336 6.5527343750000000e-01 9.9553833152501254e-05
337 6.5722656250000000e-01 9.9016468015603216e-05
338 6.5917968750000000e-01 9.8473936408090572e-05
339 6.6113281250000000e-01 9.7926395389949430e-05
340 6.6308593750000000e-01 9.7373347866419038e-05
341 6.6503906250000000e-01 9.6815577992718236e-05
342 6.6699218750000000e-01 9.6252626416753117e-05
343 6.6894531250000000e-01 9.5684645648308649e-05
344 6.7089843750000000e-01 9.5112043537125355e-05
345 6.7285156250000000e-01 9.4534304567766474e-05
346 6.7480468750000000e-01 9.3952128991155225e-05
347 6.7675781250000000e-01 9.3364820755793051e-05
348 6.7871093750000000e-01 9.2773299754210590e-05
349 6.8066406250000000e-01 9.2176798538210836e-05
350 6.8261718750000000e-01 9.1576005532559767e-05
351 6.8457031250000000e-01 9.0970656693014317e-05
352 6.8652343750000000e-01 9.0360976145931063e-05
353 6.8847656250000000e-01 8.9746868556971277e-05
354 6.9042968750000000e-01 8.9128617623030794e-05
355 6.9238281250000000e-01 8.8506042061157640e-05
356 6.9433593750000000e-01 8.7879332343677227e-05
357 6.9628906250000000e-01 8.7248745107973208e-05
358 6.9824218750000000e-01 8.6613861008809963e-05
359 7.0019531250000000e-01 8.5975243636668853e-05
360 7.0214843750000000e-01 8.5332664184091219e-05
361 7.0410156250000000e-01 8.4686360186344125e-05
362 7.0605468750000000e-01 8.4036322477575899e-05
363 7.0800781250000000e-01 8.3382615332949425e-05
364 7.0996093750000000e-01 8.2725354640770816e-05
365 7.1191406250000000e-01 8.2064533279505155e-05
366 7.1386718750000000e-01 8.1400348535871090e-05
367 7.1582031250000000e-01 8.0732700063763279e-05
368 7.1777343750000000e-01 8.0061975687676246e-05
369 7.1972656250000000e-01 7.9387749006291225e-05
370 7.2167968750000000e-01 7.8710649313582133e-05
371 7.2363281250000000e-01 7.8030331606642519e-05
372 7.2558593750000000e-01 7.7347208263596435e-05
373 7.2753906250000000e-01 7.6660942920373388e-05
374 7.2949218750000000e-01 7.5972189424577258e-05
375 7.3144531250000000e-01 7.5280387220329854e-05
376 7.3339843750000000e-01 7.4586060550876996e-05
377 7.3535156250000000e-01 7.3889159540251612e-05
378 7.3730468750000000e-01 7.3189853272654553e-05
379 7.3925781250000000e-01 7.2487824024566232e-05
380 7.4121093750000000e-01 7.1783867975420447e-05
381 7.4316406250000000e-01 7.1077341346483316e-05
382 7.4511718750000000e-01 7.0368721537932498e-05
383 7.4707031250000000e-01 6.9658166489250015e-05
384 7.4902343750000000e-01 6.8945485575391255e-05
385 7.5097656250000000e-01 6.8231027273614876e-05
386 7.5292968750000000e-01 6.7514580493882202e-05
387 7.5488281250000000e-01 6.6796560559948437e-05
388 7.5683593750000000e-01 6.6076808676356980e-05
389 7.5878906250000000e-01 6.5355566906758747e-05
390 7.6074218750000000e-01 6.4632743302194006e-05
391 7.6269531250000000e-01 6.3908777740048035e-05
392 7.6464843750000000e-01 6.3183237664231470e-05
393 7.6660156250000000e-01 6.2456811697567029e-05
394 7.6855468750000000e-01 6.1729024991098334e-05
395 7.7050781250000000e-01 6.1000414735416439e-05
396 7.7246093750000000e-01 6.0270798482748092e-05
397 7.7441406250000000e-01 5.9540474679961640e-05
398 7.7636718750000000e-01 5.8809327725780920e-05
399 7.7832031250000000e-01 5.8077613774206935e-05
400 7.8027343750000000e-01 5.7345378657909485e-05
401 7.8222656250000000e-01 5.6612705270785613e-05
402 7.8417968750000000e-01 5.5879604428595226e-05
403 7.8613281250000000e-01 5.5146458702376108e-05
404 7.8808593750000000e-01 5.4413054716080796e-05
405 7.9003906250000000e-01 5.3679623608515574e-05
406 7.9199218750000000e-01 5.2946353544180156e-05
407 7.9394531250000000e-01 5.2213135054751463e-05
408 7.9589843750000000e-01 5.1480310462717778e-05
409 7.9785156250000000e-01 5.0747771662634365e-05
410 7.9980468750000000e-01 5.0015796856249430e-05
411 8.0175781250000000e-01 4.9284301128869722e-05
412 8.0371093750000000e-01 4.8553578597037070e-05
413 8.0566406250000000e-01 4.7823611192555259e-05
414 8.0761718750000000e-01 4.7094570703565210e-05
415 8.0957031250000000e-01 4.6366520460282859e-05
416 8.1152343750000000e-01 4.5639593595960838e-05
417 8.1347656250000000e-01 4.4913913011354462e-05
418 8.1542968750000000e-01 4.4189496787273001e-05
419 8.1738281250000000e-01 4.3466618344481392e-05
420 8.1933593750000000e-01 4.2745202539218373e-05
421 8.2128906250000000e-01 4.2025524155127408e-05
422 8.2324218750000000e-01 4.1307603998774704e-05
423 8.2519531250000000e-01 4.0591558145614692e-05
424 8.2714843750000000e-01 3.9877532456371513e-05
425 8.2910156250000000e-01 3.9165575247780774e-05
426 8.3105468750000000e-01 3.8455928330894074e-05
427 8.3300781250000000e-01 3.7748564987770590e-05
428 8.3496093750000000e-01 3.7043644718827808e-05
429 8.3691406250000000e-01 3.6341444121244402e-05
430 8.3886718750000000e-01 3.5641749346499287e-05
431 8.4082031250000000e-01 3.4944980235823036e-05
432 8.4277343750000000e-01 3.4251160772195478e-05
433 8.4472656250000000e-01 3.3560297430141738e-05
434 8.4667968750000000e-01 3.2872702955845910e-05
435 8.4863281250000000e-01 3.2188323341071797e-05
436 8.5058593750000000e-01 3.1507418125199999e-05
437 8.5253906250000000e-01 3.0829974680639596e-05
438 8.5449218750000000e-01 3.0156279375501398e-05
439 8.5644531250000000e-01 2.9486284565284973e-05
440 8.5839843750000000e-01 2.8820270705021806e-05
441 8.6035156250000000e-01 2.8158176961174796e-05
442 8.6230468750000000e-01 2.7500361549208938e-05
443 8.6425781250000000e-01 2.6846743170592740e-05
444 8.6621093750000000e-01 2.6197575902284350e-05
445 8.6816406250000000e-01 2.5552925327783013e-05
446 8.7011718750000000e-01 2.4912928652614098e-05
447 8.7207031250000000e-01 2.4277745591614990e-05
448 8.7402343750000000e-01 2.3647471057443715e-05
449 8.7597656250000000e-01 2.3022267946805732e-05
450 8.7792968750000000e-01 2.2402201612417658e-05
451 8.7988281250000000e-01 2.1787519987375966e-05
452 8.8183593750000000e-01 2.1178226122646601e-05
453 8.8378906250000000e-01 2.0574531115427229e-05
454 8.8574218750000000e-01 1.9976555794883966e-05
455 8.8769531250000000e-01 1.9384414395665029e-05
456 8.8964843750000000e-01 1.8798267308592787e-05
457 8.9160156250000000e-01 1.8218219217257378e-05
458 8.9355468750000000e-01 1.7644462798179807e-05
459 8.9550781250000000e-01 1.7077054985114443e-05
460 8.9746093750000000e-01 1.6516182541503237e-05
461 8.9941406250000000e-01 1.5962001989406911e-05
462 9.0136718750000000e-01 1.5414599591739159e-05
463 9.0332031250000000e-01 1.4874156880301725e-05
464 9.0527343750000000e-01 1.4340812412589948e-05
465 9.0722656250000000e-01 1.3814672685729182e-05
466 9.0917968750000000e-01 1.3295917637860203e-05
467 9.1113281250000000e-01 1.2784659676460001e-05
468 9.1308593750000000e-01 1.2281076464569106e-05
469 9.1503906250000000e-01 1.1785263582649464e-05
470 9.1699218750000000e-01 1.1297416427524364e-05
471 9.1894531250000000e-01 1.0817644675459922e-05
472 9.2089843750000000e-01 1.0346108706370130e-05
473 9.2285156250000000e-01 9.8829432062619120e-06
474 9.2480468750000000e-01 9.4283381122631411e-06
475 9.2675781250000000e-01 8.9823694466089829e-06
476 9.2871093750000000e-01 8.5452503371791482e-06
477 9.3066406250000000e-01 8.1170845444330630e-06
478 9.3261718750000000e-01 7.6980529078248157e-06
479 9.3457031250000000e-01 7.2882969304813305e-06
480 9.3652343750000000e-01 6.8879597064624293e-06
481 9.3847656250000000e-01 6.4972027464145488e-06
482 9.4042968750000000e-01 6.1161786927290372e-06
483 9.4238281250000000e-01 5.7450249530783745e-06
484 9.4433593750000000e-01 5.3839214533319031e-06
485 9.4628906250000000e-01 5.0329987785887806e-06
486 9.4824218750000000e-01 4.6924295773968089e-06
487 9.5019531250000000e-01 4.3623621686374701e-06
488 9.5214843750000000e-01 4.0429514643488228e-06
489 9.5410156250000000e-01 3.7343553317436586e-06
490 9.5605468750000000e-01 3.4367432334109042e-06
491 9.5800781250000000e-01 3.1502532536909628e-06
492 9.5996093750000000e-01 2.8750682688552520e-06
493 9.6191406250000000e-01 2.6113243155176033e-06
494 9.6386718750000000e-01 2.3592069970709145e-06
495 9.6582031250000000e-01 2.1188568962377322e-06
496 9.6777343750000000e-01 1.8904452905063422e-06
497 9.6972656250000000e-01 1.6741383407742859e-06
498 9.7167968750000000e-01 1.4700918617564264e-06
499 9.7363281250000000e-01 1.2784763330866457e-06
500 9.7558593750000000e-01 1.0994529113968199e-06
501 9.7753906250000000e-01 9.3318866435307402e-07
502 9.7949218750000000e-01 7.7984986313105534e-07
503 9.8144531250000000e-01 6.3960249400843786e-07
504 9.8339843750000000e-01 5.1261618055908897e-07
505 9.8535156250000000e-01 3.9905702138402777e-07
506 9.8730468750000000e-01 2.9909522133823863e-07
507 9.8925781250000000e-01 2.1290033089694377e-07
508 9.9121093750000000e-01 1.4064251091907079e-07
509 9.9316406250000000e-01 8.2492927001506788e-08
510 9.9511718750000000e-01 3.8623283625180416e-08
511 9.9707031250000000e-01 9.2059285216640474e-09
512 9.9902343750000000e-01 -5.5859945662095623e-09
