# P x phi_num phi_exact phi_err
1 9.7656250000000000e-04 9.5086188716228378e-07 9.5086124391866365e-07 6.4324362012541624e-13
2 2.9296875000000000e-03 8.5243282016820944e-06 8.5243225116039217e-06 5.6900781727705924e-12
3 4.8828125000000000e-03 2.3586013440202043e-05 2.3585997905854201e-05 1.5534347842360158e-11
4 6.8359375000000000e-03 4.6047297538429260e-05 4.6047267615573143e-05 2.9922856117285505e-11
5 8.7890625000000000e-03 7.5819909336232426e-05 7.5819860726558495e-05 4.8609673930369648e-11
6 1.0742187500000000e-02 1.1281592657753705e-04 1.1281585522150205e-04 7.1356034999476257e-11
7 1.2695312500000000e-02 1.5694777591022030e-04 1.5694767797998970e-04 9.7930230602300689e-11
8 1.4648437500000000e-02 2.0812823288600502e-04 2.0812810477850146e-04 1.2810750355495004e-10
9 1.6601562500000000e-02 2.6627042196035331e-04 2.6627026029041128e-04 1.6166994202789289e-10
10 1.8554687500000000e-02 3.3128781649235933e-04 3.3128761808598744e-04 1.9840637189823609e-10
11 2.0507812500000000e-02 4.0309423874464227e-04 4.0309400063239209e-04 2.3811225018620374e-10
12 2.2460937500000000e-02 4.8160385988323926e-04 4.8160357929368132e-04 2.8058955793596255e-10
13 2.4414062500000000e-02 5.6673119997749659e-04 5.6673087433080588e-04 3.2564669071120239e-10
14 2.6367187500000000e-02 6.5839112799996179e-04 6.5839075490160988e-04 3.7309835190964258e-10
15 2.8320312500000000e-02 7.5649886182627580e-04 7.5649843906083216e-04 4.2276544363808316e-10
16 3.0273437500000000e-02 8.6096996823506380e-04 8.6096949376010513e-04 4.7447495867165845e-10
17 3.2226562500000000e-02 9.7172036290782751e-04 9.7171983484795543e-04 5.2805987208782990e-10
18 3.4179687500000000e-02 1.0886663104288359e-03 1.0886657270698038e-03 5.8335903208722728e-10
19 3.6132812500000000e-02 1.2117244242850168e-03 1.2117237840679656e-03 6.4021705124817085e-10
20 3.8085937500000000e-02 1.3408116668658485e-03 1.3408109683816492e-03 6.9848419929907646e-10
21 4.0039062500000000e-02 1.4758453494632508e-03 1.4758445914469576e-03 7.5801629318035524e-10
22 4.1992187500000000e-02 1.6167431322714775e-03 1.6167423135968885e-03 8.1867458905787727e-10
23 4.3945312500000000e-02 1.7634230243870096e-03 1.7634221440613323e-03 8.8032567737220124e-10
24 4.5898437500000000e-02 1.9158033838084447e-03 1.9158024409670748e-03 9.4284136986470812e-10
25 4.7851562500000000e-02 2.0738029174363899e-03 2.0738019113377948e-03 1.0060985950605117e-09
26 4.9804687500000000e-02 2.2373406810733566e-03 2.2373396110940669e-03 1.0699792896314009e-09
27 5.1757812500000000e-02 2.4063360794236541e-03 2.4063349450533572e-03 1.1343702969145164e-09
28 5.3710937500000000e-02 2.5807088660932832e-03 2.5807076669300275e-03 1.1991632556732079e-09
29 5.5664062500000000e-02 2.7603791435898283e-03 2.7603778793353346e-03 1.2642544936283806e-09
30 5.7617187500000000e-02 2.9452673633223545e-03 2.9452660337774268e-03 1.3295449277118954e-09
31 5.9570312500000000e-02 3.1352943256013036e-03 3.1352929306613492e-03 1.3949399543453089e-09
32 6.1523437500000000e-02 3.3303811796383895e-03 3.3303797192890381e-03 1.4603493514279975e-09
33 6.3476562500000000e-02 3.5304494235464945e-03 3.5304478978593263e-03 1.5256871681822159e-09
34 6.5429687500000000e-02 3.7354209043395635e-03 3.7354193134679411e-03 1.5908716223707320e-09
35 6.7382812500000000e-02 3.9452178179325073e-03 3.9452161621075007e-03 1.6558250066217584e-09
36 6.9335937500000000e-02 4.1597627091410983e-03 4.1597609886675204e-03 1.7204735778403313e-09
37 7.1289062500000000e-02 4.3789784716818710e-03 4.3789766869344075e-03 1.7847474635332428e-09
38 7.3242187500000000e-02 4.6027883481720242e-03 4.6027864995914665e-03 1.8485805577256320e-09
39 7.5195312500000000e-02 4.8311159301293177e-03 4.8311140182188917e-03 1.9119104259848752e-09
40 7.7148437500000000e-02 5.0638851579719781e-03 5.0638831832937742e-03 1.9746782039392619e-09
41 7.9101562500000000e-02 5.3010203210185946e-03 5.3010182841900979e-03 2.0368284966640338e-09
42 8.1054687500000000e-02 5.5424460574880303e-03 5.5424439591787436e-03 2.0983092867410402e-09
43 8.3007812500000000e-02 5.7880873544993274e-03 5.7880851954274833e-03 2.1590718440531176e-09
44 8.4960937500000000e-02 6.0378695480716093e-03 6.0378673290009824e-03 2.2190706269048510e-09
45 8.6914062500000000e-02 6.2917183231239859e-03 6.2917160448608036e-03 2.2782631822759747e-09
46 8.8867187500000000e-02 6.5495597134754661e-03 6.5495573768654010e-03 2.3366100651567301e-09
47 9.0820312500000000e-02 6.8113201018448685e-03 6.8113177077701228e-03 2.3940747457401601e-09
48 9.2773437500000000e-02 7.0769262198507260e-03 7.0769237692272138e-03 2.4506235122775943e-09
49 9.4726562500000000e-02 7.3463051480111936e-03 7.3463026417858110e-03 2.5062253826077519e-09
50 9.6679687500000000e-02 7.6193843157439682e-03 7.6193817548919447e-03 2.5608520234920995e-09
51 9.8632812500000000e-02 7.8960915013662012e-03 7.8960888868885425e-03 2.6144776586745078e-09
52 1.0058593750000000e-01 8.1763548320944110e-03 8.1763521650154228e-03 2.6670789882166090e-09
53 1.0253906250000000e-01 8.4601027840443960e-03 8.4601000654092977e-03 2.7186350982921770e-09
54 1.0449218750000000e-01 8.7472641822311566e-03 8.7472614131037744e-03 2.7691273822572082e-09
55 1.0644531250000000e-01 9.0377682005688079e-03 9.0377653820293592e-03 2.8185394487095783e-09
56 1.0839843750000000e-01 9.3315443618705134e-03 9.3315414950134422e-03 2.8668570711820607e-09
57 1.1035156250000000e-01 9.6285225378483792e-03 9.6285196237803176e-03 2.9140680615075132e-09
58 1.1230468750000000e-01 9.9286329491133866e-03 9.9286299889511671e-03 2.9601622195118971e-09
59 1.1425781250000000e-01 1.0231806165175316e-02 1.0231803160044069e-02 3.0051312462781032e-09
60 1.1621093750000000e-01 1.0537973104442684e-02 1.0537970055473999e-02 3.0489686851653541e-09
61 1.1816406250000000e-01 1.0847065034222659e-02 1.0847061942552817e-02 3.0916698420119237e-09
62 1.2011718750000000e-01 1.1159013570720988e-02 1.1159010437489288e-02 3.1332317001336873e-09
63 1.2207031250000000e-01 1.1473750679041926e-02 1.1473747505389063e-02 3.1736528630782468e-09
64 1.2402343750000000e-01 1.1791208673188149e-02 1.1791205460254695e-02 3.2129334540109689e-09
65 1.2597656250000000e-01 1.2111320216060701e-02 1.2111316964985623e-02 3.2510750775510688e-09
66 1.2792968750000000e-01 1.2434018319458928e-02 1.2434015031378184e-02 3.2880807434437775e-09
67 1.2988281250000000e-01 1.2759236344080414e-02 1.2759233020125608e-02 3.3239548058450197e-09
68 1.3183593750000000e-01 1.3086907999520909e-02 1.3086904640818022e-02 3.3587028869935809e-09
69 1.3378906250000000e-01 1.3416967344274265e-02 1.3416963951942446e-02 3.3923318199652330e-09
70 1.3574218750000000e-01 1.3749348785732392e-02 1.3749345360882789e-02 3.4248496035699239e-09
71 1.3769531250000000e-01 1.4083987080185174e-02 1.4083983623919860e-02 3.4562653138808797e-09
72 1.3964843750000000e-01 1.4420817332820416e-02 1.4420813846231359e-02 3.4865890573970715e-09
73 1.4160156250000000e-01 1.4759774997723771e-02 1.4759771481891882e-02 3.5158318895112117e-09
74 1.4355468750000000e-01 1.5100795877878704e-02 1.5100792333872921e-02 3.5440057832847316e-09
75 1.4550781250000000e-01 1.5443816125166451e-02 1.5443812554042854e-02 3.5711235964880350e-09
76 1.4746093750000000e-01 1.5788772240365928e-02 1.5788768643166959e-02 3.5971989692518136e-09
77 1.4941406250000000e-01 1.6135601073153705e-02 1.6135597450907414e-02 3.6222462911073006e-09
78 1.5136718750000000e-01 1.6484239822103956e-02 1.6484236175823279e-02 3.6462806767001421e-09
79 1.5332031250000000e-01 1.6834626034688389e-02 1.6834622365370516e-02 3.6693178738500531e-09
80 1.5527343750000000e-01 1.7186697607276230e-02 1.7186693915901972e-02 3.6913742583466469e-09
81 1.5722656250000000e-01 1.7540392785134147e-02 1.7540389072667407e-02 3.7124667402743672e-09
82 1.5917968750000000e-01 1.7895650162426214e-02 1.7895646429813453e-02 3.7326127605430415e-09
83 1.6113281250000000e-01 1.8252408682213877e-02 1.8252404930383652e-02 3.7518302249683888e-09
84 1.6308593750000000e-01 1.8610607636455861e-02 1.8610603866318427e-02 3.7701374348830807e-09
85 1.6503906250000000e-01 1.8970186666008200e-02 1.8970182878455109e-02 3.7875530906061883e-09
86 1.6699218750000000e-01 1.9331085760624162e-02 1.9331081956527916e-02 3.8040962463403716e-09
87 1.6894531250000000e-01 1.9693245258954200e-02 1.9693241439167952e-02 3.8197862477218347e-09
88 1.7089843750000000e-01 2.0056605848545898e-02 2.0056602013903232e-02 3.8346426659008337e-09
89 1.7285156250000000e-01 2.0421108565843973e-02 2.0421104717158654e-02 3.8486853183583580e-09
90 1.7480468750000000e-01 2.0786694796190230e-02 2.0786690934256013e-02 3.8619342168644266e-09
91 1.7675781250000000e-01 2.1153306273823523e-02 2.1153302399414001e-02 3.8744095223752772e-09
92 1.7871093750000000e-01 2.1520885081879722e-02 2.1520881195748191e-02 3.8861315311555789e-09
93 1.8066406250000000e-01 2.1889373652391669e-02 2.1889369755271063e-02 3.8971206053894925e-09
94 1.8261718750000000e-01 2.2258714766289180e-02 2.2258710858892000e-02 3.9073971801195650e-09
95 1.8457031250000000e-01 2.2628851553398999e-02 2.2628847636417249e-02 3.9169817493689418e-09
96 1.8652343750000000e-01 2.2999727492444756e-02 2.2999723566549984e-02 3.9258947724662985e-09
97 1.8847656250000000e-01 2.3371286411046938e-02 2.3371282476890246e-02 3.9341566913930759e-09
98 1.9042968750000000e-01 2.3743472485722884e-02 2.3743468543934984e-02 3.9417878995584577e-09
99 1.9238281250000000e-01 2.4116230241886760e-02 2.4116226293078052e-02 3.9488087071049005e-09
100 1.9433593750000000e-01 2.4489504553849527e-02 2.4489500598610176e-02 3.9552393513164752e-09
101 1.9628906250000000e-01 2.4863240644818922e-02 2.4863236683718981e-02 3.9610999411077152e-09
102 1.9824218750000000e-01 2.5237384086899437e-02 2.5237380120488991e-02 3.9664104466152761e-09
103 2.0019531250000000e-01 2.5611880801092297e-02 2.5611876829901639e-02 3.9711906575645717e-09
104 2.0214843750000000e-01 2.5986677057295404e-02 2.5986673081835214e-02 3.9754601902086684e-09
105 2.0410156250000000e-01 2.6361719474303390e-02 2.6361715495064941e-02 3.9792384491643684e-09
106 2.0605468750000000e-01 2.6736955019807544e-02 2.6736951037262906e-02 3.9825446378205509e-09
107 2.0800781250000000e-01 2.7112331010395823e-02 2.7112327024998113e-02 3.9853977097659143e-09
108 2.0996093750000000e-01 2.7487795111552835e-02 2.7487791123736446e-02 3.9878163896056584e-09
109 2.1191406250000000e-01 2.7863295337659803e-02 2.7863291347840685e-02 3.9898191174503328e-09
110 2.1386718750000000e-01 2.8238780051994573e-02 2.8238776060570511e-02 3.9914240627936248e-09
111 2.1582031250000000e-01 2.8614197966731633e-02 2.8614193974082484e-02 3.9926491487984883e-09
112 2.1777343750000000e-01 2.8989498142942043e-02 2.8989494149430084e-02 3.9935119586220758e-09
113 2.1972656250000000e-01 2.9364629990593461e-02 2.9364625996563656e-02 3.9940298048046774e-09
114 2.2167968750000000e-01 2.9739543268550137e-02 2.9739539274330460e-02 3.9942196772280170e-09
115 2.2363281250000000e-01 3.0114188084572880e-02 3.0114184090474637e-02 3.9940982431152516e-09
116 2.2558593750000000e-01 3.0488514895319053e-02 3.0488510901637237e-02 3.9936818158059495e-09
117 2.2753906250000000e-01 3.0862474506342549e-02 3.0862470513356180e-02 3.9929863686338773e-09
118 2.2949218750000000e-01 3.1236018072093835e-02 3.1236014080066304e-02 3.9920275314575537e-09
119 2.3144531250000000e-01 3.1609097095919921e-02 3.1609093105099330e-02 3.9908205906602490e-09
120 2.3339843750000000e-01 3.1981663430064325e-02 3.1981659440683888e-02 3.9893804371082808e-09
121 2.3535156250000000e-01 3.2353669275667053e-02 3.2353665287945463e-02 3.9877215904371432e-09
122 2.3730468750000000e-01 3.2725067182764661e-02 3.2725063196906483e-02 3.9858581782348246e-09
123 2.3925781250000000e-01 3.3095810050290241e-02 3.3095806066486232e-02 3.9838040089001936e-09
124 2.4121093750000000e-01 3.3465851126073379e-02 3.3465847144500911e-02 3.9815724675595909e-09
125 2.4316406250000000e-01 3.3835144006840193e-02 3.3835140027663607e-02 3.9791765854557681e-09
126 2.4511718750000000e-01 3.4203642638213287e-02 3.4203638661584303e-02 3.9766289844367364e-09
127 2.4707031250000000e-01 3.4571301314711811e-02 3.4571297340769865e-02 3.9739419463447057e-09
128 2.4902343750000000e-01 3.4938074679751414e-02 3.4938070708624071e-02 3.9711273436271455e-09
129 2.5097656250000000e-01 3.5303917725644264e-02 3.5303913757447583e-02 3.9681966809701485e-09
130 2.5292968750000000e-01 3.5668785793599014e-02 3.5668781828437968e-02 3.9651610467261733e-09
131 2.5488281250000000e-01 3.6032634573720877e-02 3.6032630611689660e-02 3.9620312169974525e-09
132 2.5683593750000000e-01 3.6395420105011560e-02 3.6395416146194008e-02 3.9588175515525847e-09
133 2.5878906250000000e-01 3.6757098775369292e-02 3.6757094819839263e-02 3.9555300285210038e-09
134 2.6074218750000000e-01 3.7117627321588818e-02 3.7117623369410553e-02 3.9521782652096604e-09
135 2.6269531250000000e-01 3.7476962829361450e-02 3.7476958880589911e-02 3.9487715389197042e-09
136 2.6464843750000000e-01 3.7835062733274992e-02 3.7835058787956261e-02 3.9453187314353322e-09
137 2.6660156250000000e-01 3.8191884816813751e-02 3.8191880874985401e-02 3.9418283498404705e-09
138 2.6855468750000000e-01 3.8547387212358591e-02 3.8547383274050058e-02 3.9383085334576684e-09
139 2.7050781250000000e-01 3.8901528401186915e-02 3.8901524466419826e-02 3.9347670885425678e-09
140 2.7246093750000000e-01 3.9254267213472679e-02 3.9254263282261212e-02 3.9312114674672216e-09
141 2.7441406250000000e-01 3.9605562828286367e-02 3.9605558900637619e-02 3.9276487479034117e-09
142 2.7636718750000000e-01 3.9955374773595023e-02 3.9955370849509300e-02 3.9240857230282700e-09
143 2.7832031250000000e-01 4.0303662926262272e-02 4.0303659005733468e-02 3.9205288043797637e-09
144 2.8027343750000000e-01 4.0650387512048317e-02 4.0650383595064191e-02 3.9169841259401039e-09
145 2.8222656250000000e-01 4.0995509105609888e-02 4.0995505192152421e-02 3.9134574678079126e-09
146 2.8417968750000000e-01 4.1338988630500305e-02 4.1338984720546042e-02 3.9099542631371165e-09
147 2.8613281250000000e-01 4.1680787359169497e-02 4.1680783452689801e-02 3.9064796952814618e-09
148 2.8808593750000000e-01 4.2020866912963965e-02 4.2020863009925358e-02 3.9030386075888934e-09
149 2.9003906250000000e-01 4.2359189262126826e-02 4.2359185362491246e-02 3.8996355797293880e-09
150 2.9199218750000000e-01 4.2695716725797771e-02 4.2695712829522899e-02 3.8962748721838025e-09
151 2.9394531250000000e-01 4.3030411972013120e-02 4.3030408079052673e-02 3.8929604470605561e-09
152 2.9589843750000000e-01 4.3363238017705863e-02 4.3363234128009784e-02 3.8896960791179325e-09
153 2.9785156250000000e-01 4.3694158228705551e-02 4.3694154342220341e-02 3.8864852100473080e-09
154 2.9980468750000000e-01 4.4023136319738317e-02 4.4023132436407389e-02 3.8833309276564698e-09
155 3.0175781250000000e-01 4.4350136354426965e-02 4.4350132474190798e-02 3.8802361670975394e-09
156 3.0371093750000000e-01 4.4675122745290965e-02 4.4675118868087407e-02 3.8772035582113062e-09
157 3.0566406250000000e-01 4.4998060253746419e-02 4.4998056379510910e-02 3.8742355087939551e-09
158 3.0761718750000000e-01 4.5318913990106117e-02 4.5318910118771878e-02 3.8713342392915351e-09
159 3.0957031250000000e-01 4.5637649413579513e-02 4.5637645545077821e-02 3.8685016925943394e-09
160 3.1152343750000000e-01 4.5954232332272735e-02 4.5954228466533090e-02 3.8657396450592074e-09
161 3.1347656250000000e-01 4.6268628903188544e-02 4.6268625040138983e-02 3.8630495607927529e-09
162 3.1542968750000000e-01 4.6580805632226462e-02 4.6580801771793669e-02 3.8604327928792870e-09
163 3.1738281250000000e-01 4.6890729374182670e-02 4.6890725516292198e-02 3.8578904723585161e-09
164 3.1933593750000000e-01 4.7198367332750103e-02 4.7198363477326526e-02 3.8554235776144807e-09
165 3.2128906250000000e-01 4.7503687060518357e-02 4.7503683207485520e-02 3.8530328372310407e-09
166 3.2324218750000000e-01 4.7806656458973806e-02 4.7806652608254903e-02 3.8507189034642231e-09
167 3.2519531250000000e-01 4.8107243778499537e-02 4.8107239930017344e-02 3.8484821926476620e-09
168 3.2714843750000000e-01 4.8405417618375308e-02 4.8405413772052333e-02 3.8463229753982198e-09
169 3.2910156250000000e-01 4.8701146926777662e-02 4.8701143082536341e-02 3.8442413211048354e-09
170 3.3105468750000000e-01 4.8994401000779876e-02 4.8994397158542653e-02 3.8422372228286150e-09
171 3.3300781250000000e-01 4.9285149486352001e-02 4.9285145646041494e-02 3.8403105070972110e-09
172 3.3496093750000000e-01 4.9573362378360852e-02 4.9573358539899998e-02 3.8384608547215038e-09
173 3.3691406250000000e-01 4.9859010020569978e-02 4.9859006183882136e-02 3.8366878424289652e-09
174 3.3886718750000000e-01 5.0142063105639754e-02 5.0142059270648819e-02 3.8349909359247647e-09
175 3.4082031250000000e-01 5.0422492675127328e-02 5.0422488841757838e-02 3.8333694898917692e-09
176 3.4277343750000000e-01 5.0700270119486648e-02 5.0700266287663887e-02 3.8318227618683309e-09
177 3.4472656250000000e-01 5.0975367178068491e-02 5.0975363347718523e-02 3.8303499677594388e-09
178 3.4667968750000000e-01 5.1247755939120433e-02 5.1247752110170242e-02 3.8289501916310975e-09
179 3.4863281250000000e-01 5.1517408839786873e-02 5.1517405012164397e-02 3.8276224759159483e-09
180 3.5058593750000000e-01 5.1784298666109022e-02 5.1784294839743256e-02 3.8263657659021177e-09
181 3.5253906250000000e-01 5.2048398553024872e-02 5.2048394727845969e-02 3.8251789027943239e-09
182 3.5449218750000000e-01 5.2309681984369256e-02 5.2309678160308605e-02 3.8240606514694520e-09
183 3.5644531250000000e-01 5.2568122792873900e-02 5.2568118969864082e-02 3.8230098184377503e-09
184 3.5839843750000000e-01 5.2823695160167307e-02 5.2823691338142256e-02 3.8220250506149078e-09
185 3.6035156250000000e-01 5.3076373616774759e-02 5.3076369795669841e-02 3.8211049185887802e-09
186 3.6230468750000000e-01 5.3326133042118438e-02 5.3326129221870480e-02 3.8202479582527538e-09
187 3.6425781250000000e-01 5.3572948664517367e-02 5.3572944845064703e-02 3.8194526638668513e-09
188 3.6621093750000000e-01 5.3816796061187423e-02 5.3816792242469901e-02 3.8187175227522019e-09
189 3.6816406250000000e-01 5.4057651158241356e-02 5.4057647340200382e-02 3.8180409736576770e-09
190 3.7011718750000000e-01 5.4295490230688720e-02 5.4295486413267362e-02 3.8174213581876337e-09
191 3.7207031250000000e-01 5.4530289902436017e-02 5.4530286085578951e-02 3.8168570665186863e-09
192 3.7402343750000000e-01 5.4762027146286606e-02 5.4762023329940110e-02 3.8163464957663429e-09
193 3.7597656250000000e-01 5.4990679283940622e-02 5.4990675468052731e-02 3.8158878903904458e-09
194 3.7792968750000000e-01 5.5216223985995072e-02 5.5216220170515591e-02 3.8154794809730497e-09
195 3.7988281250000000e-01 5.5438639271943875e-02 5.5438635456824391e-02 3.8151194842184211e-09
196 3.8183593750000000e-01 5.5657903510177825e-02 5.5657899695371674e-02 3.8148061515252962e-09
197 3.8378906250000000e-01 5.5873995417984608e-02 5.5873991603446888e-02 3.8145377204146236e-09
198 3.8574218750000000e-01 5.6086894061548771e-02 5.6086890247236405e-02 3.8143123659573064e-09
199 3.8769531250000000e-01 5.6296578855951816e-02 5.6296575041823498e-02 3.8141283187353991e-09
200 3.8964843750000000e-01 5.6503029565172128e-02 5.6503025751188263e-02 3.8139838648421076e-09
201 3.9160156250000000e-01 5.6706226302084967e-02 5.6706222488207780e-02 3.8138771862872289e-09
202 3.9355468750000000e-01 5.6906149528462423e-02 5.6906145714655937e-02 3.8138064858972420e-09
203 3.9550781250000000e-01 5.7102780054973525e-02 5.7102776241203600e-02 3.8137699248652623e-09
204 3.9746093750000000e-01 5.7296099041184233e-02 5.7296095227418478e-02 3.8137657545900261e-09
205 3.9941406250000000e-01 5.7486087995557399e-02 5.7486084181765165e-02 3.8137922334091634e-09
206 4.0136718750000000e-01 5.7672728775452785e-02 5.7672724961605179e-02 3.8138476057825166e-09
207 4.0332031250000000e-01 5.7856003587127114e-02 5.7855999773196928e-02 3.8139301855588670e-09
208 4.0527343750000000e-01 5.8035894985733985e-02 5.8035891171695712e-02 3.8140382727092081e-09
209 4.0722656250000000e-01 5.8212385875323951e-02 5.8212382061153721e-02 3.8141702296545787e-09
210 4.0917968750000000e-01 5.8385459508844509e-02 5.8385455694520021e-02 3.8143244882049565e-09
211 4.1113281250000000e-01 5.8555099488140055e-02 5.8555095673640610e-02 3.8144994454758496e-09
212 4.1308593750000000e-01 5.8721289763951919e-02 5.8721285949258344e-02 3.8146935749105992e-09
213 4.1503906250000000e-01 5.8884014635918323e-02 5.8884010821013008e-02 3.8149053152580770e-09
214 4.1699218750000000e-01 5.9043258752574462e-02 5.9043254937441246e-02 3.8151332162894569e-09
215 4.1894531250000000e-01 5.9199007111352467e-02 5.9199003295976611e-02 3.8153758555314887e-09
216 4.2089843750000000e-01 5.9351245058581338e-02 5.9351241242949576e-02 3.8156317619386648e-09
217 4.2285156250000000e-01 5.9499958289486995e-02 5.9499954473587469e-02 3.8158995269155227e-09
218 4.2480468750000000e-01 5.9645132848192263e-02 5.9645129032014507e-02 3.8161777557443877e-09
219 4.2675781250000000e-01 5.9786755127716917e-02 5.9786751311251857e-02 3.8164650606464789e-09
220 4.2871093750000000e-01 5.9924811869977682e-02 5.9924808053217510e-02 3.8167601718042121e-09
221 4.3066406250000000e-01 6.0059290165788218e-02 6.0059286348726405e-02 3.8170618124611089e-09
222 4.3261718750000000e-01 6.0190177454859044e-02 6.0190173637490359e-02 3.8173686850440092e-09
223 4.3457031250000000e-01 6.0317461525797686e-02 6.0317457708118062e-02 3.8176796238187372e-09
224 4.3652343750000000e-01 6.0441130516108596e-02 6.0441126698115133e-02 3.8179934630511170e-09
225 4.3847656250000000e-01 6.0561172912193137e-02 6.0561169093884051e-02 3.8183090855792301e-09
226 4.4042968750000000e-01 6.0677577549349555e-02 6.0677573730724223e-02 3.8186253326077946e-09
227 4.4238281250000000e-01 6.0790333611773065e-02 6.0790329792831908e-02 3.8189411563638309e-09
228 4.4433593750000000e-01 6.0899430632555818e-02 6.0899426813300316e-02 3.8192555021354657e-09
229 4.4628906250000000e-01 6.1004858493686913e-02 6.1004854674119480e-02 3.8195674331720220e-09
230 4.4824218750000000e-01 6.1106607426052360e-02 6.1106603606176410e-02 3.8198759502727775e-09
231 4.5019531250000000e-01 6.1204668009435116e-02 6.1204664189254923e-02 3.8201801930148882e-09
232 4.5214843750000000e-01 6.1299031172515069e-02 6.1299027352035802e-02 3.8204792662810405e-09
233 4.5410156250000000e-01 6.1389688192868969e-02 6.1389684372096687e-02 3.8207722818928147e-09
234 4.5605468750000000e-01 6.1476630696970541e-02 6.1476626875912120e-02 3.8210584210607301e-09
235 4.5800781250000000e-01 6.1559850660190450e-02 6.1559846838853537e-02 3.8213369135675634e-09
236 4.5996093750000000e-01 6.1639340406796264e-02 6.1639336585189247e-02 3.8216070169516669e-09
237 4.6191406250000000e-01 6.1715092609952484e-02 6.1715088788084516e-02 3.8218679679347112e-09
238 4.6386718750000000e-01 6.1787100291720548e-02 6.1787096469601441e-02 3.8221191073217753e-09
239 4.6582031250000000e-01 6.1855356823058871e-02 6.1855353000699019e-02 3.8223598522457713e-09
240 4.6777343750000000e-01 6.1919855923822750e-02 6.1919852101233179e-02 3.8225895712673541e-09
241 4.6972656250000000e-01 6.1980591662764456e-02 6.1980587839956712e-02 3.8228077439694808e-09
242 4.7167968750000000e-01 6.2037558457533191e-02 6.2037554634519328e-02 3.8230138638128963e-09
243 4.7363281250000000e-01 6.2090751074675134e-02 6.2090747251467591e-02 3.8232075422195422e-09
244 4.7558593750000000e-01 6.2140164629633371e-02 6.2140160806244994e-02 3.8233883767335719e-09
245 4.7753906250000000e-01 6.2185794586747924e-02 6.2185790763191924e-02 3.8235559995936086e-09
246 4.7949218750000000e-01 6.2227636759255731e-02 6.2227632935545646e-02 3.8237100846716388e-09
247 4.8144531250000000e-01 6.2265687309290683e-02 6.2265683485440315e-02 3.8238503682896940e-09
248 4.8339843750000000e-01 6.2299942747883634e-02 6.2299938923906999e-02 3.8239766353420634e-09
249 4.8535156250000000e-01 6.2330399934962283e-02 6.2330396110873647e-02 3.8240886360285664e-09
250 4.8730468750000000e-01 6.2357056079351249e-02 6.2357052255165114e-02 3.8241861344268102e-09
251 4.8925781250000000e-01 6.2379908738772083e-02 6.2379904914503140e-02 3.8242689431866594e-09
252 4.9121093750000000e-01 6.2398955819843283e-02 6.2398951995506352e-02 3.8243369304691299e-09
253 4.9316406250000000e-01 6.2414195578080270e-02 6.2414191753690298e-02 3.8243899713741314e-09
254 4.9511718750000000e-01 6.2425626617895406e-02 6.2425622793467375e-02 3.8244280312071943e-09
255 4.9707031250000000e-01 6.2433247892597951e-02 6.2433244068146918e-02 3.8244510336404858e-09
256 4.9902343750000000e-01 6.2437058704394102e-02 6.2437054879935137e-02 3.8244589647962179e-09
257 5.0097656250000000e-01 6.2437058704387038e-02 6.2437054879935151e-02 3.8244518871244360e-09
258 5.0292968750000000e-01 6.2433247892576732e-02 6.2433244068146924e-02 3.8244298075640337e-09
259 5.0488281250000000e-01 6.2425626617860039e-02 6.2425622793467368e-02 3.8243926706038600e-09
260 5.0683593750000000e-01 6.2414195578030837e-02 6.2414191753690298e-02 3.8243405386939600e-09
261 5.0878906250000000e-01 6.2398955819779854e-02 6.2398951995506366e-02 3.8242734881621665e-09
262 5.1074218750000000e-01 6.2379908738694777e-02 6.2379904914503147e-02 3.8241916300307821e-09
263 5.1269531250000000e-01 6.2357056079260190e-02 6.2357052255165128e-02 3.8240950614443214e-09
264 5.1464843750000000e-01 6.2330399934857658e-02 6.2330396110873654e-02 3.8239840044473894e-09
265 5.1660156250000000e-01 6.2299942747765666e-02 6.2299938923906999e-02 3.8238586672068031e-09
266 5.1855468750000000e-01 6.2265687309159594e-02 6.2265683485440308e-02 3.8237192856449553e-09
267 5.2050781250000000e-01 6.2227636759111672e-02 6.2227632935545639e-02 3.8235660332341936e-09
268 5.2246093750000000e-01 6.2185794586591105e-02 6.2185790763191924e-02 3.8233991805913803e-09
269 5.2441406250000000e-01 6.2140164629464048e-02 6.2140160806244987e-02 3.8232190607834227e-09
270 5.2636718750000000e-01 6.2090751074493550e-02 6.2090747251467598e-02 3.8230259513660769e-09
271 5.2832031250000000e-01 6.2037558457339624e-02 6.2037554634519321e-02 3.8228203033674468e-09
272 5.3027343750000000e-01 6.1980591662559190e-02 6.1980587839956712e-02 3.8226024776100154e-09
273 5.3222656250000000e-01 6.1919855923606118e-02 6.1919852101233186e-02 3.8223729320607802e-09
274 5.3417968750000000e-01 6.1855356822831241e-02 6.1855353000699026e-02 3.8221322148923598e-09
275 5.3613281250000000e-01 6.1787100291482322e-02 6.1787096469601427e-02 3.8218808950940542e-09
276 5.3808593750000000e-01 6.1715092609704050e-02 6.1715088788084516e-02 3.8216195347162696e-09
277 5.4003906250000000e-01 6.1639340406538054e-02 6.1639336585189254e-02 3.8213487998928208e-09
278 5.4199218750000000e-01 6.1559850659922866e-02 6.1559846838853530e-02 3.8210693359408410e-09
279 5.4394531250000000e-01 6.1476630696693978e-02 6.1476626875912113e-02 3.8207818645052960e-09
280 5.4589843750000000e-01 6.1389688192583849e-02 6.1389684372096680e-02 3.8204871696811971e-09
281 5.4785156250000000e-01 6.1299031172221810e-02 6.1299027352035795e-02 3.8201860147468736e-09
282 5.4980468750000000e-01 6.1204668009134100e-02 6.1204664189254923e-02 3.8198791768584428e-09
283 5.5175781250000000e-01 6.1106607425743885e-02 6.1106603606176403e-02 3.8195674817442793e-09
284 5.5371093750000000e-01 6.1004858493371290e-02 6.1004854674119487e-02 3.8192518037050149e-09
285 5.5566406250000000e-01 6.0899430632233360e-02 6.0899426813300295e-02 3.8189330656135390e-09
286 5.5761718750000000e-01 6.0790333611444057e-02 6.0790329792831915e-02 3.8186121417704832e-09
287 5.5957031250000000e-01 6.0677577549014282e-02 6.0677573730724216e-02 3.8182900660710395e-09
288 5.6152343750000000e-01 6.0561172911851882e-02 6.0561169093884058e-02 3.8179678238381420e-09
289 5.6347656250000000e-01 6.0441130515761672e-02 6.0441126698115126e-02 3.8176465461114972e-09
290 5.6542968750000000e-01 6.0317461525445371e-02 6.0317457708118062e-02 3.8173273084196602e-09
291 5.6738281250000000e-01 6.0190177454501601e-02 6.0190173637490352e-02 3.8170112487412311e-09
292 5.6933593750000000e-01 6.0059290165425931e-02 6.0059286348726398e-02 3.8166995328103859e-09
293 5.7128906250000000e-01 5.9924811869610892e-02 5.9924808053217510e-02 3.8163933818724516e-09
294 5.7324218750000000e-01 5.9786755127345916e-02 5.9786751311251850e-02 3.8160940657450126e-09
295 5.7519531250000000e-01 5.9645132847817389e-02 5.9645129032014507e-02 3.8158028820012291e-09
296 5.7714843750000000e-01 5.9499958289108638e-02 5.9499954473587469e-02 3.8155211698476243e-09
297 5.7910156250000000e-01 5.9351245058199907e-02 5.9351241242949576e-02 3.8152503309407670e-09
298 5.8105468750000000e-01 5.9199007110968309e-02 5.9199003295976625e-02 3.8149916836704989e-09
299 5.8300781250000000e-01 5.9043258752187938e-02 5.9043254937441253e-02 3.8147466852045397e-09
300 5.8496093750000000e-01 5.8884014635529780e-02 5.8884010821013008e-02 3.8145167718939277e-09
301 5.8691406250000000e-01 5.8721289763561779e-02 5.8721285949258344e-02 3.8143034356008521e-09
302 5.8886718750000000e-01 5.8555099487748785e-02 5.8555095673640617e-02 3.8141081681875022e-09
303 5.9082031250000000e-01 5.8385459508452558e-02 5.8385455694520028e-02 3.8139325309050065e-09
304 5.9277343750000000e-01 5.8212385874931792e-02 5.8212382061153721e-02 3.8137780711267055e-09
305 5.9472656250000000e-01 5.8035894985342167e-02 5.8035891171695719e-02 3.8136464472482423e-09
306 5.9667968750000000e-01 5.7856003586736197e-02 5.7855999773196935e-02 3.8135392621541087e-09
307 5.9863281250000000e-01 5.7672728775063339e-02 5.7672724961605186e-02 3.8134581534232659e-09
308 6.0058593750000000e-01 5.7486087995169986e-02 5.7486084181765158e-02 3.8134048280236144e-09
309 6.0253906250000000e-01 5.7296099040799443e-02 5.7296095227418464e-02 3.8133809790452666e-09
310 6.0449218750000000e-01 5.7102780054591934e-02 5.7102776241203600e-02 3.8133883342728048e-09
311 6.0644531250000000e-01 5.6906149528084551e-02 5.6906145714655944e-02 3.8134286076130230e-09
312 6.0839843750000000e-01 5.6706226301711370e-02 5.6706222488207780e-02 3.8135035893005487e-09
313 6.1035156250000000e-01 5.6503029564803367e-02 5.6503025751188263e-02 3.8136151042644784e-09
314 6.1230468750000000e-01 5.6296578855588392e-02 5.6296575041823491e-02 3.8137649011060759e-09
315 6.1425781250000000e-01 5.6086894061191106e-02 5.6086890247236419e-02 3.8139546867932417e-09
316 6.1621093750000000e-01 5.5873995417633160e-02 5.5873991603446894e-02 3.8141862654383907e-09
317 6.1816406250000000e-01 5.5657903509833045e-02 5.5657899695371660e-02 3.8144613856427867e-09
318 6.2011718750000000e-01 5.5438639271606180e-02 5.5438635456824391e-02 3.8147817890687996e-09
319 6.2207031250000000e-01 5.5216223985664899e-02 5.5216220170515605e-02 3.8151492937066322e-09
320 6.2402343750000000e-01 5.4990679283618407e-02 5.4990675468052731e-02 3.8155656759131240e-09
321 6.2597656250000000e-01 5.4762027145972718e-02 5.4762023329940089e-02 3.8160326287783874e-09
322 6.2792968750000000e-01 5.4530289902130727e-02 5.4530286085578944e-02 3.8165517829424900e-09
323 6.2988281250000000e-01 5.4295490230392228e-02 5.4295486413267369e-02 3.8171248592511198e-09
324 6.3183593750000000e-01 5.4057651157953891e-02 5.4057647340200375e-02 3.8177535160999199e-09
325 6.3378906250000000e-01 5.3816796060909243e-02 5.3816792242469907e-02 3.8184393355567003e-09
326 6.3574218750000000e-01 5.3572948664248679e-02 5.3572944845064703e-02 3.8191839760171042e-09
327 6.3769531250000000e-01 5.3326133041859479e-02 5.3326129221870487e-02 3.8199889917933660e-09
328 6.3964843750000000e-01 5.3076373616525778e-02 5.3076369795669841e-02 3.8208559371977202e-09
329 6.4160156250000000e-01 5.2823695159928540e-02 5.2823691338142256e-02 3.8217862832756744e-09
330 6.4355468750000000e-01 5.2568122792645527e-02 5.2568118969864082e-02 3.8227814455615849e-09
331 6.4550781250000000e-01 5.2309681984151375e-02 5.2309678160308598e-02 3.8238427771397632e-09
332 6.4746093750000000e-01 5.2048398552817565e-02 5.2048394727845976e-02 3.8249715894611569e-09
333 6.4941406250000000e-01 5.1784298665912415e-02 5.1784294839743256e-02 3.8261691592822444e-09
334 6.5136718750000000e-01 5.1517408839601070e-02 5.1517405012164390e-02 3.8274366800927773e-09
335 6.5332031250000000e-01 5.1247755938945518e-02 5.1247752110170235e-02 3.8287752829324617e-09
336 6.5527343750000000e-01 5.0975367177904567e-02 5.0975363347718523e-02 3.8301860433298529e-09
337 6.5722656250000000e-01 5.0700270119333840e-02 5.0700266287663880e-02 3.8316699604856730e-09
338 6.5917968750000000e-01 5.0422492674985803e-02 5.0422488841757845e-02 3.8332279572728112e-09
339 6.6113281250000000e-01 5.0142063105509706e-02 5.0142059270648832e-02 3.8348608732974299e-09
340 6.6308593750000000e-01 4.9859010020451615e-02 4.9859006183882136e-02 3.8365694787767524e-09
341 6.6503906250000000e-01 4.9573362378254340e-02 4.9573358539900005e-02 3.8383543357611849e-09
342 6.6699218750000000e-01 4.9285149486257521e-02 4.9285145646041507e-02 3.8402160132400276e-09
343 6.6894531250000000e-01 4.8994401000697588e-02 4.8994397158542646e-02 3.8421549414247025e-09
344 6.7089843750000000e-01 4.8701146926707704e-02 4.8701143082536341e-02 3.8441713631764962e-09
345 6.7285156250000000e-01 4.8405417618317757e-02 4.8405413772052333e-02 3.8462654242121808e-09
346 6.7480468750000000e-01 4.8107243778454392e-02 4.8107239930017337e-02 3.8484370551428171e-09
347 6.7675781250000000e-01 4.7806656458941055e-02 4.7806652608254903e-02 3.8506861518849966e-09
348 6.7871093750000000e-01 4.7503687060497908e-02 4.7503683207485527e-02 3.8530123813718120e-09
349 6.8066406250000000e-01 4.7198367332741853e-02 4.7198363477326526e-02 3.8554153272696290e-09
350 6.8261718750000000e-01 4.6890729374186507e-02 4.6890725516292191e-02 3.8578943165057389e-09
351 6.8457031250000000e-01 4.6580805632242206e-02 4.6580801771793669e-02 3.8604485372295549e-09
352 6.8652343750000000e-01 4.6268628903216064e-02 4.6268625040138990e-02 3.8630770735070818e-09
353 6.8847656250000000e-01 4.5954232332311842e-02 4.5954228466533090e-02 3.8657787526652498e-09
354 6.9042968750000000e-01 4.5637649413629987e-02 4.5637645545077814e-02 3.8685521730474903e-09
355 6.9238281250000000e-01 4.5318913990167652e-02 4.5318910118771878e-02 3.8713957734026749e-09
356 6.9433593750000000e-01 4.4998060253818688e-02 4.4998056379510903e-02 3.8743077843128582e-09
357 6.9628906250000000e-01 4.4675122745373615e-02 4.4675118868087414e-02 3.8772862004377018e-09
358 6.9824218750000000e-01 4.4350136354519648e-02 4.4350132474190798e-02 3.8803288499034139e-09
359 7.0019531250000000e-01 4.4023136319840644e-02 4.4023132436407382e-02 3.8834332624637646e-09
360 7.0214843750000000e-01 4.3694158228817129e-02 4.3694154342220341e-02 3.8865967874612828e-09
361 7.0410156250000000e-01 4.3363238017826218e-02 4.3363234128009777e-02 3.8898164411715896e-09
362 7.0605468750000000e-01 4.3030411972141698e-02 4.3030408079052673e-02 3.8930890247645955e-09
363 7.0800781250000000e-01 4.2695716725934002e-02 4.2695712829522905e-02 3.8964110965489240e-09
364 7.0996093750000000e-01 4.2359189262270162e-02 4.2359185362491246e-02 3.8997789164607610e-09
365 7.1191406250000000e-01 4.2020866913113859e-02 4.2020863009925351e-02 3.9031885085138995e-09
366 7.1386718750000000e-01 4.1680787359325351e-02 4.1680783452689801e-02 3.9066355497774374e-09
367 7.1582031250000000e-01 4.1338988630661530e-02 4.1338984720546042e-02 3.9101154883369738e-09
368 7.1777343750000000e-01 4.0995509105775901e-02 4.0995505192152427e-02 3.9136234739056697e-09
369 7.1972656250000000e-01 4.0650387512218548e-02 4.0650383595064184e-02 3.9171543647631424e-09
370 7.2167968750000000e-01 4.0303662926436161e-02 4.0303659005733475e-02 3.9207026861221017e-09
371 7.2363281250000000e-01 3.9955374773772027e-02 3.9955370849509307e-02 3.9242627203339708e-09
372 7.2558593750000000e-01 3.9605562828466008e-02 3.9605558900637612e-02 3.9278283958665838e-09
373 7.2753906250000000e-01 3.9254267213654513e-02 3.9254263282261205e-02 3.9313933081208674e-09
374 7.2949218750000000e-01 3.8901528401370504e-02 3.8901524466419833e-02 3.9349506708585835e-09
375 7.3144531250000000e-01 3.8547387212543520e-02 3.8547383274050051e-02 3.9384934688579953e-09
376 7.3339843750000000e-01 3.8191884816999686e-02 3.8191880874985394e-02 3.9420142913804135e-09
377 7.3535156250000000e-01 3.7835062733461607e-02 3.7835058787956254e-02 3.9455053529868778e-09
378 7.3730468750000000e-01 3.7476962829548426e-02 3.7476958880589918e-02 3.9489585074159450e-09
379 7.3925781250000000e-01 3.7117627321775815e-02 3.7117623369410553e-02 3.9523652614614768e-09
380 7.4121093750000000e-01 3.6757098775556010e-02 3.6757094819839277e-02 3.9557167333392762e-09
381 7.4316406250000000e-01 3.6395420105197758e-02 3.6395416146194015e-02 3.9590037428927083e-09
382 7.4511718750000000e-01 3.6032634573906312e-02 3.6032630611689653e-02 3.9622166589370345e-09
383 7.4707031250000000e-01 3.5668785793783457e-02 3.5668781828437968e-02 3.9653454894650331e-09
384 7.4902343750000000e-01 3.5303917725827520e-02 3.5303913757447590e-02 3.9683799302192568e-09
385 7.5097656250000000e-01 3.4938074679933345e-02 3.4938070708624078e-02 3.9713092675475181e-09
386 7.5292968750000000e-01 3.4571301314892257e-02 3.4571297340769865e-02 3.9741223922806768e-09
387 7.5488281250000000e-01 3.4203642638392116e-02 3.4203638661584303e-02 3.9768078136104279e-09
388 7.5683593750000000e-01 3.3835144007017301e-02 3.3835140027663607e-02 3.9793536937837715e-09
389 7.5878906250000000e-01 3.3465851126248683e-02 3.3465847144500911e-02 3.9817477717751792e-09
390 7.6074218750000000e-01 3.3095810050463671e-02 3.3095806066486232e-02 3.9839774396144279e-09
391 7.6269531250000000e-01 3.2725067182936177e-02 3.2725063196906483e-02 3.9860296938143414e-09
392 7.6464843750000000e-01 3.2353669275836654e-02 3.2353665287945463e-02 3.9878911908819425e-09
393 7.6660156250000000e-01 3.1981663430232045e-02 3.1981659440683888e-02 3.9895481571128322e-09
394 7.6855468750000000e-01 3.1609097096085802e-02 3.1609093105099330e-02 3.9909864718579158e-09
395 7.7050781250000000e-01 3.1236018072257888e-02 3.1236014080066304e-02 3.9921915842566769e-09
396 7.7246093750000000e-01 3.0862474506504822e-02 3.0862470513356180e-02 3.9931486416067141e-09
397 7.7441406250000000e-01 3.0488514895479643e-02 3.0488510901637237e-02 3.9938424060970146e-09
398 7.7636718750000000e-01 3.0114188084731923e-02 3.0114184090474633e-02 3.9942572895024231e-09
399 7.7832031250000000e-01 2.9739543268707768e-02 2.9739539274330457e-02 3.9943773115502790e-09
400 7.8027343750000000e-01 2.9364629990749850e-02 2.9364625996563660e-02 3.9941861901260367e-09
401 7.8222656250000000e-01 2.8989498143097401e-02 2.8989494149430084e-02 3.9936673169871373e-09
402 7.8417968750000000e-01 2.8614197966886194e-02 2.8614193974082481e-02 3.9928037126601978e-09
403 7.8613281250000000e-01 2.8238780052148589e-02 2.8238776060570511e-02 3.9915780784827160e-09
404 7.8808593750000000e-01 2.7863295337813530e-02 2.7863291347840685e-02 3.9899728451753269e-09
405 7.9003906250000000e-01 2.7487795111706553e-02 2.7487791123736446e-02 3.9879701069223117e-09
406 7.9199218750000000e-01 2.7112331010549811e-02 2.7112327024998117e-02 3.9855516942299829e-09
407 7.9394531250000000e-01 2.6736955019962049e-02 2.6736951037262906e-02 3.9826991427016623e-09
408 7.9589843750000000e-01 2.6361719474458676e-02 2.6361715495064941e-02 3.9793937346710440e-09
409 7.9785156250000000e-01 2.5986677057451741e-02 2.5986673081835214e-02 3.9756165269577703e-09
410 7.9980468750000000e-01 2.5611880801249935e-02 2.5611876829901636e-02 3.9713482988257276e-09
411 8.0175781250000000e-01 2.5237384087058612e-02 2.5237380120488991e-02 3.9665696213719848e-09
412 8.0371093750000000e-01 2.4863240644979811e-02 2.4863236683718978e-02 3.9612608332406651e-09
413 8.0566406250000000e-01 2.4489504554012310e-02 2.4489500598610173e-02 3.9554021377674609e-09
414 8.0761718750000000e-01 2.4116230242051607e-02 2.4116226293078052e-02 3.9489735544073756e-09
415 8.0957031250000000e-01 2.3743472485889951e-02 2.3743468543934988e-02 3.9419549638375351e-09
416 8.1152343750000000e-01 2.3371286411216375e-02 2.3371282476890246e-02 3.9343261287738684e-09
417 8.1347656250000000e-01 2.2999727492616702e-02 2.2999723566549984e-02 3.9260667182572373e-09
418 8.1542968750000000e-01 2.2628851553573557e-02 2.2628847636417249e-02 3.9171563076534355e-09
419 8.1738281250000000e-01 2.2258714766466414e-02 2.2258710858892000e-02 3.9075744133476586e-09
420 8.1933593750000000e-01 2.1889373652571639e-02 2.1889369755271067e-02 3.8973005725417842e-09
421 8.2128906250000000e-01 2.1520885082062485e-02 2.1520881195748191e-02 3.8863142946821139e-09
422 8.2324218750000000e-01 2.1153306274009132e-02 2.1153302399414001e-02 3.8745951308483129e-09
423 8.2519531250000000e-01 2.0786694796378711e-02 2.0786690934256016e-02 3.8621226945700915e-09
424 8.2714843750000000e-01 2.0421108566035347e-02 2.0421104717158658e-02 3.8488766895827808e-09
425 8.2910156250000000e-01 2.0056605848740160e-02 2.0056602013903232e-02 3.8348369271745675e-09
426 8.3105468750000000e-01 1.9693245259151317e-02 1.9693241439167956e-02 3.8199833608809630e-09
427 8.3300781250000000e-01 1.9331085760824086e-02 1.9331081956527912e-02 3.8042961732209779e-09
428 8.3496093750000000e-01 1.8970186666210847e-02 1.8970182878455106e-02 3.7877557410026519e-09
429 8.3691406250000000e-01 1.8610607636661135e-02 1.8610603866318430e-02 3.7703427047119931e-09
430 8.3886718750000000e-01 1.8252408682421669e-02 1.8252404930383648e-02 3.7520380205546822e-09
431 8.4082031250000000e-01 1.7895650162636417e-02 1.7895646429813453e-02 3.7328229639255195e-09
432 8.4277343750000000e-01 1.7540392785346630e-02 1.7540389072667407e-02 3.7126792230834926e-09
433 8.4472656250000000e-01 1.7186697607490864e-02 1.7186693915901972e-02 3.6915888922128826e-09
434 8.4667968750000000e-01 1.6834626034905046e-02 1.6834622365370516e-02 3.6695345304038618e-09
435 8.4863281250000000e-01 1.6484239822322513e-02 1.6484236175823279e-02 3.6464992345108804e-09
436 8.5058593750000000e-01 1.6135601073374053e-02 1.6135597450907414e-02 3.6224666391526661e-09
437 8.5253906250000000e-01 1.5788772240587941e-02 1.5788768643166959e-02 3.5974209826317161e-09
438 8.5449218750000000e-01 1.5443816125390001e-02 1.5443812554042853e-02 3.5713471485676607e-09
439 8.5644531250000000e-01 1.5100795878103656e-02 1.5100792333872919e-02 3.5442307370209258e-09
440 8.5839843750000000e-01 1.4759774997949983e-02 1.4759771481891884e-02 3.5160580991872026e-09
441 8.6035156250000000e-01 1.4420817333047743e-02 1.4420813846231357e-02 3.4868163859697043e-09
442 8.6230468750000000e-01 1.4083987080413444e-02 1.4083983623919860e-02 3.4564935844083600e-09
443 8.6425781250000000e-01 1.3749348785961402e-02 1.3749345360882787e-02 3.4250786148243284e-09
444 8.6621093750000000e-01 1.3416967344503808e-02 1.3416963951942444e-02 3.3925613637797447e-09
445 8.6816406250000000e-01 1.3086907999750772e-02 1.3086904640818024e-02 3.3589327482624887e-09
446 8.7011718750000000e-01 1.2759236344310389e-02 1.2759233020125608e-02 3.3241847816056769e-09
447 8.7207031250000000e-01 1.2434018319688787e-02 1.2434015031378183e-02 3.2883106047126853e-09
448 8.7402343750000000e-01 1.2111320216290210e-02 1.2111316964985623e-02 3.2513045866711110e-09
449 8.7597656250000000e-01 1.1791208673417073e-02 1.1791205460254695e-02 3.2131623785291996e-09
450 8.7792968750000000e-01 1.1473750679270022e-02 1.1473747505389062e-02 3.1738809601333795e-09
451 8.7988281250000000e-01 1.1159013570948001e-02 1.1159010437489288e-02 3.1334587129866476e-09
452 8.8183593750000000e-01 1.0847065034448331e-02 1.0847061942552817e-02 3.0918955139236370e-09
453 8.8378906250000000e-01 1.0537973104666764e-02 1.0537970055473998e-02 3.0491927663356400e-09
454 8.8574218750000000e-01 1.0231806165397567e-02 1.0231803160044069e-02 3.0053534973151219e-09
455 8.8769531250000000e-01 9.9286329493335750e-03 9.9286299889511671e-03 2.9603824079627028e-09
456 8.8964843750000000e-01 9.6285225380662864e-03 9.6285196237803176e-03 2.9142859687969480e-09
457 8.9160156250000000e-01 9.3315443620859244e-03 9.3315414950134422e-03 2.8670724822044136e-09
458 8.9355468750000000e-01 9.0377682007815111e-03 9.0377653820293592e-03 2.8187521518285852e-09
459 8.9550781250000000e-01 8.7472641824409315e-03 8.7472614131037744e-03 2.7693371571629877e-09
460 8.9746093750000000e-01 8.4601027842510449e-03 8.4601000654092959e-03 2.7188417489609762e-09
461 8.9941406250000000e-01 8.1763548322977379e-03 8.1763521650154228e-03 2.6672823151552283e-09
462 9.0136718750000000e-01 7.8960915015660171e-03 7.8960888868885425e-03 2.6146774745328116e-09
463 9.0332031250000000e-01 7.6193843159400873e-03 7.6193817548919447e-03 2.5610481426546761e-09
464 9.0527343750000000e-01 7.3463051482034435e-03 7.3463026417858119e-03 2.5064176316022535e-09
465 9.0722656250000000e-01 7.0769262200389418e-03 7.0769237692272146e-03 2.4508117271726526e-09
466 9.0917968750000000e-01 6.8113201020288958e-03 6.8113177077701228e-03 2.3942587730127474e-09
467 9.1113281250000000e-01 6.5495597136551592e-03 6.5495573768654001e-03 2.3367897590900744e-09
468 9.1308593750000000e-01 6.2917183232992112e-03 6.2917160448608036e-03 2.2784384075616448e-09
469 9.1503906250000000e-01 6.0378695482422471e-03 6.0378673290009816e-03 2.2192412655816507e-09
470 9.1699218750000000e-01 5.7880873546652658e-03 5.7880851954274833e-03 2.1592377824966591e-09
471 9.1894531250000000e-01 5.5424460576491688e-03 5.5424439591787444e-03 2.0984704243373620e-09
472 9.2089843750000000e-01 5.3010203211748472e-03 5.3010182841900988e-03 2.0369847484116854e-09
473 9.2285156250000000e-01 5.0638851581232712e-03 5.0638831832937733e-03 1.9748294978472192e-09
474 9.2480468750000000e-01 4.8311159302755818e-03 4.8311140182188917e-03 1.9120566900621139e-09
475 9.2675781250000000e-01 4.6027883483131934e-03 4.6027864995914656e-03 1.8487217277873835e-09
476 9.2871093750000000e-01 4.3789784718178933e-03 4.3789766869344084e-03 1.7848834849357176e-09
477 9.3066406250000000e-01 4.1597627092719311e-03 4.1597609886675204e-03 1.7206044106848895e-09
478 9.3261718750000000e-01 3.9452178180581178e-03 3.9452161621075007e-03 1.6559506170812921e-09
479 9.3457031250000000e-01 3.7354209044599281e-03 3.7354193134679411e-03 1.5909919870264744e-09
480 9.3652343750000000e-01 3.5304494236615999e-03 3.5304478978593267e-03 1.5258022731563792e-09
481 9.3847656250000000e-01 3.3303811797482327e-03 3.3303797192890381e-03 1.4604591945521772e-09
482 9.4042968750000000e-01 3.1352943257058901e-03 3.1352929306613488e-03 1.3950445412573564e-09
483 9.4238281250000000e-01 2.9452673634217000e-03 2.9452660337774264e-03 1.3296442735906411e-09
484 9.4433593750000000e-01 2.7603791436839587e-03 2.7603778793353346e-03 1.2643486240609958e-09
485 9.4628906250000000e-01 2.5807088661822359e-03 2.5807076669300279e-03 1.1992522079562473e-09
486 9.4824218750000000e-01 2.4063360795074755e-03 2.4063349450533572e-03 1.1344541183191947e-09
487 9.5019531250000000e-01 2.2373406811521026e-03 2.2373396110940669e-03 1.0700580356688694e-09
488 9.5214843750000000e-01 2.0738029175101287e-03 2.0738019113377953e-03 1.0061723333849859e-09
489 9.5410156250000000e-01 1.9158033838772551e-03 1.9158024409670748e-03 9.4291018027346796e-10
490 9.5605468750000000e-01 1.7634230244509776e-03 1.7634221440613327e-03 8.8038964486669702e-10
491 9.5800781250000000e-01 1.6167431323306982e-03 1.6167423135968885e-03 8.1873380969842147e-10
492 9.5996093750000000e-01 1.4758453495178295e-03 1.4758445914469578e-03 7.5807087170087772e-10
493 9.6191406250000000e-01 1.3408116669159020e-03 1.3408109683816490e-03 6.9853425301025229e-10
494 9.6386718750000000e-01 1.2117244243306717e-03 1.2117237840679658e-03 6.4026270591745205e-10
495 9.6582031250000000e-01 1.0886663104702288e-03 1.0886657270698040e-03 5.8340042475776843e-10
496 9.6777343750000000e-01 9.7172036294510618e-04 9.7171983484795532e-04 5.2809715086164777e-10
497 9.6972656250000000e-01 8.6096996826838664e-04 8.6096949376010513e-04 4.7450828151700958e-10
498 9.7167968750000000e-01 7.5649886185581185e-04 7.5649843906083216e-04 4.2279497969050645e-10
499 9.7363281250000000e-01 6.5839112802589038e-04 6.5839075490160999e-04 3.7312428038775713e-10
500 9.7558593750000000e-01 5.6673120000000712e-04 5.6673087433080588e-04 3.2566920124196819e-10
501 9.7753906250000000e-01 4.8160385990253155e-04 4.8160357929368137e-04 2.8060885017520965e-10
502 9.7949218750000000e-01 4.0309423876092618e-04 4.0309400063239209e-04 2.3812853408968285e-10
503 9.8144531250000000e-01 3.3128781650585462e-04 3.3128761808598744e-04 1.9841986717951746e-10
504 9.8339843750000000e-01 2.6627042197129036e-04 2.6627026029041133e-04 1.6168087902572806e-10
505 9.8535156250000000e-01 2.0812823289462470e-04 2.0812810477850146e-04 1.2811612323327184e-10
506 9.8730468750000000e-01 1.5694777591677376e-04 1.5694767797998970e-04 9.7936784062332277e-11
507 9.8925781250000000e-01 1.1281592658228613e-04 1.1281585522150205e-04 7.1360784076042287e-11
508 9.9121093750000000e-01 7.5819909339449863e-05 7.5819860726558495e-05 4.8612891368079135e-11
509 9.9316406250000000e-01 4.6047297540398950e-05 4.6047267615573143e-05 2.9924825807701051e-11
510 9.9511718750000000e-01 2.3586013441218950e-05 2.3585997905854201e-05 1.5535364749459050e-11
511 9.9707031250000000e-01 8.5243282020525121e-06 8.5243225116039234e-06 5.6904485887487562e-12
512 9.9902343750000000e-01 9.5086188720392487e-07 9.5086124391866365e-07 6.4328526121801532e-13
