# P x_center tau_phi
1 4.8828125000000000e-04 -6.9791851789978432e-10
2 1.4648437500000000e-03 1.1568039755271986e-09
3 2.4414062500000000e-03 4.8562357828595137e-09
4 3.4179687500000000e-03 1.0389104351544304e-08
5 4.3945312500000000e-03 1.7744726857815349e-08
6 5.3710937500000000e-03 2.6912626514049437e-08
7 6.3476562500000000e-03 3.7881154116075830e-08
8 7.3242187500000000e-03 5.0640898647874230e-08
9 8.3007812500000000e-03 6.5179173469728444e-08
10 9.2773437500000000e-03 8.1485473287738058e-08
11 1.0253906250000000e-02 9.9554430009864484e-08
12 1.1230468750000000e-02 1.1936262063190310e-07
13 1.2207031250000000e-02 1.4091665677049003e-07
14 1.3183593750000000e-02 1.6419406750575218e-07
15 1.4160156250000000e-02 1.8917967917132968e-07
16 1.5136718750000000e-02 2.1588471474137845e-07
17 1.6113281250000000e-02 2.4426948678265420e-07
18 1.7089843750000000e-02 2.7434707984856296e-07
19 1.8066406250000000e-02 3.0609103676909957e-07
20 1.9042968750000000e-02 3.3950357075109537e-07
21 2.0019531250000000e-02 3.7456508842443823e-07
22 2.0996093750000000e-02 4.1127784558667342e-07
23 2.1972656250000000e-02 4.4960228257366272e-07
24 2.2949218750000000e-02 4.8956980160347156e-07
25 2.3925781250000000e-02 5.3112815267598347e-07
26 2.4902343750000000e-02 5.7430696160992376e-07
27 2.5878906250000000e-02 6.1905402099545620e-07
28 2.6855468750000000e-02 6.6539536126169509e-07
29 2.7832031250000000e-02 7.1329973596744208e-07
30 2.8808593750000000e-02 7.6276047632261104e-07
31 2.9785156250000000e-02 8.1378366775818924e-07
32 3.0761718750000000e-02 8.6633176125472736e-07
33 3.1738281250000000e-02 9.2039997089642112e-07
34 3.2714843750000000e-02 9.7600535993599101e-07
35 3.3691406250000000e-02 1.0331122622278359e-06
36 3.4667968750000000e-02 1.0917086797838493e-06
37 3.5644531250000000e-02 1.1518062827732024e-06
38 3.6621093750000000e-02 1.2133603739881548e-06
39 3.7597656250000000e-02 1.2764099510292112e-06
40 3.8574218750000000e-02 1.3408885314056349e-06
41 3.9550781250000000e-02 1.4068096894561278e-06
42 4.0527343750000000e-02 1.4741870208139895e-06
43 4.1503906250000000e-02 1.5430086765556850e-06
44 4.2480468750000000e-02 1.6131664226147566e-06
45 4.3457031250000000e-02 1.6848503604815265e-06
46 4.4433593750000000e-02 1.7578176934633042e-06
47 4.5410156250000000e-02 1.8322731175557036e-06
48 4.6386718750000000e-02 1.9079847925927360e-06
49 4.7363281250000000e-02 1.9852229407781724e-06
50 4.8339843750000000e-02 2.0636429871928510e-06
51 4.9316406250000000e-02 2.1435734042917366e-06
52 5.0292968750000000e-02 2.2247278674064272e-06
53 5.1269531250000000e-02 2.3072493546623558e-06
54 5.2246093750000000e-02 2.3910625867522121e-06
55 5.3222656250000000e-02 2.4762378248155675e-06
56 5.4199218750000000e-02 2.5626743662826579e-06
57 5.5175781250000000e-02 2.6504279629681066e-06
58 5.6152343750000000e-02 2.7394197827652726e-06
59 5.7128906250000000e-02 2.8296910681629636e-06
60 5.8105468750000000e-02 2.9212576170938032e-06
61 5.9082031250000000e-02 3.0140370233572213e-06
62 6.0058593750000000e-02 3.1080342135390501e-06
63 6.1035156250000000e-02 3.2033414470113066e-06
64 6.2011718750000000e-02 3.2997235863490518e-06
65 6.2988281250000000e-02 3.3974984882001891e-06
66 6.3964843750000000e-02 3.4963582981530506e-06
67 6.4941406250000000e-02 3.5964390165054653e-06
68 6.5917968750000000e-02 3.6977311456980102e-06
69 6.6894531250000000e-02 3.8001524498901523e-06
70 6.7871093750000000e-02 3.9038171653915394e-06
71 6.8847656250000000e-02 4.0084684759688531e-06
72 6.9824218750000000e-02 4.1144389392503387e-06
73 7.0800781250000000e-02 4.2214281258468392e-06
74 7.1777343750000000e-02 4.3296449446971136e-06
75 7.2753906250000000e-02 4.4389418041118579e-06
76 7.3730468750000000e-02 4.5492948249761323e-06
77 7.4707031250000000e-02 4.6608329445799266e-06
78 7.5683593750000000e-02 4.7734231870340434e-06
79 7.6660156250000000e-02 4.8870562890237579e-06
80 7.7636718750000000e-02 5.0017448364022199e-06
81 7.8613281250000000e-02 5.1175159882325136e-06
82 7.9589843750000000e-02 5.2344187527458147e-06
83 8.0566406250000000e-02 5.3522693288245680e-06
84 8.1542968750000000e-02 5.4712040787811660e-06
85 8.2519531250000000e-02 5.5911483834522211e-06
86 8.3496093750000000e-02 5.7120276449691611e-06
87 8.4472656250000000e-02 5.8341383605969854e-06
88 8.5449218750000000e-02 5.9569766935579482e-06
89 8.6425781250000000e-02 6.0810283586046473e-06
90 8.7402343750000000e-02 6.2058768730408791e-06
91 8.8378906250000000e-02 6.3318770269722496e-06
92 8.9355468750000000e-02 6.4587287956141201e-06
93 9.0332031250000000e-02 6.5864523176119077e-06
94 9.1308593750000000e-02 6.7152714797190415e-06
95 9.2285156250000000e-02 6.8448426652902928e-06
96 9.3261718750000000e-02 6.9755935304822428e-06
97 9.4238281250000000e-02 7.1070349820872257e-06
98 9.5214843750000000e-02 7.2394783035300593e-06
99 9.6191406250000000e-02 7.3728564497345470e-06
100 9.7167968750000000e-02 7.5071023969196325e-06
101 9.8144531250000000e-02 7.6422219021753243e-06
102 9.9121093750000000e-02 7.7782207438863377e-06
103 1.0009765625000000e-01 7.9150465140718313e-06
104 1.0107421875000000e-01 8.0526759298761271e-06
105 1.0205078125000000e-01 8.1914786314498528e-06
106 1.0302734375000000e-01 8.3306601270203987e-06
107 1.0400390625000000e-01 8.4709684491240684e-06
108 1.0498046875000000e-01 8.6120893617806348e-06
109 1.0595703125000000e-01 8.7537814098810444e-06
110 1.0693359375000000e-01 8.8965016515421286e-06
111 1.0791015625000000e-01 9.0397903955162550e-06
112 1.0888671875000000e-01 9.1841629501711233e-06
113 1.0986328125000000e-01 9.3291451149339361e-06
114 1.1083984375000000e-01 9.4749612024576726e-06
115 1.1181640625000000e-01 9.6212825739117741e-06
116 1.1279296875000000e-01 9.7687992458265907e-06
117 1.1376953125000000e-01 9.9168188240807012e-06
118 1.1474609375000000e-01 1.0065551154591875e-05
119 1.1572265625000000e-01 1.0214987825844270e-05
120 1.1669921875000000e-01 1.0365280518684914e-05
121 1.1767578125000000e-01 1.0516071618222548e-05
122 1.1865234375000000e-01 1.0667847541943973e-05
123 1.1962890625000000e-01 1.0820177957971962e-05
124 1.2060546875000000e-01 1.0973156424672265e-05
125 1.2158203125000000e-01 1.1126891073620843e-05
126 1.2255859375000000e-01 1.1281068052147009e-05
127 1.2353515625000000e-01 1.1436159332297495e-05
128 1.2451171875000000e-01 1.1591749240584916e-05
129 1.2548828125000000e-01 1.1748237032069818e-05
130 1.2646484375000000e-01 1.1905061556702486e-05
131 1.2744140625000000e-01 1.2062694871709564e-05
132 1.2841796875000000e-01 1.2220721388783576e-05
133 1.2939453125000000e-01 1.2379802382639035e-05
134 1.3037109375000000e-01 1.2538852919458023e-05
135 1.3134765625000000e-01 1.2699058185493121e-05
136 1.3232421875000000e-01 1.2859769846973272e-05
137 1.3330078125000000e-01 1.3020717941218175e-05
138 1.3427734375000000e-01 1.3182738472399967e-05
139 1.3525390625000000e-01 1.3344630197853740e-05
140 1.3623046875000000e-01 1.3507665721798384e-05
141 1.3720703125000000e-01 1.3671196816937678e-05
142 1.3818359375000000e-01 1.3834779004083520e-05
143 1.3916015625000000e-01 1.3999481224526481e-05
144 1.4013671875000000e-01 1.4164509795703097e-05
145 1.4111328125000000e-01 1.4329740444445061e-05
146 1.4208984375000000e-01 1.4496067552945298e-05
147 1.4306640625000000e-01 1.4662493775711917e-05
148 1.4404296875000000e-01 1.4829418772409927e-05
149 1.4501953125000000e-01 1.4997125808677487e-05
150 1.4599609375000000e-01 1.5164821329720834e-05
151 1.4697265625000000e-01 1.5333458031868588e-05
152 1.4794921875000000e-01 1.5502417025899681e-05
153 1.4892578125000000e-01 1.5671574209005789e-05
154 1.4990234375000000e-01 1.5841562199265467e-05
155 1.5087890625000000e-01 1.6011645756020752e-05
156 1.5185546875000000e-01 1.6182428436109644e-05
157 1.5283203125000000e-01 1.6353291456785963e-05
158 1.5380859375000000e-01 1.6525187663443171e-05
159 1.5478515625000000e-01 1.6696887135485451e-05
160 1.5576171875000000e-01 1.6869139034082997e-05
161 1.5673828125000000e-01 1.7042023153600528e-05
162 1.5771484375000000e-01 1.7215211856071291e-05
163 1.5869140625000000e-01 1.7388348420993083e-05
164 1.5966796875000000e-01 1.7562182094716007e-05
165 1.6064453125000000e-01 1.7736763652954207e-05
166 1.6162109375000000e-01 1.7910892428007140e-05
167 1.6259765625000000e-01 1.8086132637362684e-05
168 1.6357421875000000e-01 1.8261167240588396e-05
169 1.6455078125000000e-01 1.8436716486678809e-05
170 1.6552734375000000e-01 1.8612889465483909e-05
171 1.6650390625000000e-01 1.8788602031099828e-05
172 1.6748046875000000e-01 1.8965505818980673e-05
173 1.6845703125000000e-01 1.9142342102829843e-05
174 1.6943359375000000e-01 1.9319190953846698e-05
175 1.7041015625000000e-01 1.9496918267947931e-05
176 1.7138671875000000e-01 1.9674090759739136e-05
177 1.7236328125000000e-01 1.9852593001792933e-05
178 1.7333984375000000e-01 2.0030671609169831e-05
179 1.7431640625000000e-01 2.0208988836153219e-05
180 1.7529296875000000e-01 2.0388265165982388e-05
181 1.7626953125000000e-01 2.0567009212076890e-05
182 1.7724609375000000e-01 2.0746203434740076e-05
183 1.7822265625000000e-01 2.0925898992995650e-05
184 1.7919921875000000e-01 2.1105273952248600e-05
185 1.8017578125000000e-01 2.1285456355839488e-05
186 1.8115234375000000e-01 2.1465391481119595e-05
187 1.8212890625000000e-01 2.1645625337410082e-05
188 1.8310546875000000e-01 2.1826529332345009e-05
189 1.8408203125000000e-01 2.2007223430143105e-05
190 1.8505859375000000e-01 2.2187817146553831e-05
191 1.8603515625000000e-01 2.2369322237365781e-05
192 1.8701171875000000e-01 2.2550393069395527e-05
193 1.8798828125000000e-01 2.2732128752512990e-05
194 1.8896484375000000e-01 2.2913067280802866e-05
195 1.8994140625000000e-01 2.3095268233130106e-05
196 1.9091796875000000e-01 2.3277007711695243e-05
197 1.9189453125000000e-01 2.3458802834938969e-05
198 1.9287109375000000e-01 2.3641287157918781e-05
199 1.9384765625000000e-01 2.3823348027159723e-05
200 1.9482421875000000e-01 2.4005735455631086e-05
201 1.9580078125000000e-01 2.4188500985666166e-05
202 1.9677734375000000e-01 2.4370532027674925e-05
203 1.9775390625000000e-01 2.4553859227051671e-05
204 1.9873046875000000e-01 2.4736089468256264e-05
205 1.9970703125000000e-01 2.4919311646933882e-05
206 2.0068359375000000e-01 2.5102064012708889e-05
207 2.0166015625000000e-01 2.5284805689310878e-05
208 2.0263671875000000e-01 2.5468345067729823e-05
209 2.0361328125000000e-01 2.5651278669135987e-05
210 2.0458984375000000e-01 2.5834473134770237e-05
211 2.0556640625000000e-01 2.6017863804593777e-05
212 2.0654296875000000e-01 2.6200862170914618e-05
213 2.0751953125000000e-01 2.6384334938858533e-05
214 2.0849609375000000e-01 2.6567519020340695e-05
215 2.0947265625000000e-01 2.6750873709450491e-05
216 2.1044921875000000e-01 2.6934218037302185e-05
217 2.1142578125000000e-01 2.7118244171218746e-05
218 2.1240234375000000e-01 2.7300501086128739e-05
219 2.1337890625000000e-01 2.7484882413295357e-05
220 2.1435546875000000e-01 2.7667249148070655e-05
221 2.1533203125000000e-01 2.7851145718342274e-05
222 2.1630859375000000e-01 2.8034354014862343e-05
223 2.1728515625000000e-01 2.8217333502080042e-05
224 2.1826171875000000e-01 2.8401125742348664e-05
225 2.1923828125000000e-01 2.8583454482644329e-05
226 2.2021484375000000e-01 2.8767340388381399e-05
227 2.2119140625000000e-01 2.8949692341873187e-05
228 2.2216796875000000e-01 2.9133181805158473e-05
229 2.2314453125000000e-01 2.9315823648697883e-05
230 2.2412109375000000e-01 2.9499183431562742e-05
231 2.2509765625000000e-01 2.9681508897447337e-05
232 2.2607421875000000e-01 2.9864423855673918e-05
233 2.2705078125000000e-01 3.0046874584457634e-05
234 2.2802734375000000e-01 3.0229728236118812e-05
235 2.2900390625000000e-01 3.0411872923801647e-05
236 2.2998046875000000e-01 3.0594292257738191e-05
237 2.3095703125000000e-01 3.0775932601323508e-05
238 2.3193359375000000e-01 3.0958825345276156e-05
239 2.3291015625000000e-01 3.1140054250431923e-05
240 2.3388671875000000e-01 3.1322174619047381e-05
241 2.3486328125000000e-01 3.1503492615427508e-05
242 2.3583984375000000e-01 3.1684991977574278e-05
243 2.3681640625000000e-01 3.1866725142209919e-05
244 2.3779296875000000e-01 3.2047522206472617e-05
245 2.3876953125000000e-01 3.2228890841197336e-05
246 2.3974609375000000e-01 3.2409719393773130e-05
247 2.4072265625000000e-01 3.2590351424406703e-05
248 2.4169921875000000e-01 3.2770490230329854e-05
249 2.4267578125000000e-01 3.2950945075626496e-05
250 2.4365234375000000e-01 3.3131361092457413e-05
251 2.4462890625000000e-01 3.3310917772991059e-05
252 2.4560546875000000e-01 3.3491355767770897e-05
253 2.4658203125000000e-01 3.3670399420032552e-05
254 2.4755859375000000e-01 3.3849556592265896e-05
255 2.4853515625000000e-01 3.4028821769071973e-05
256 2.4951171875000000e-01 3.4207083510789504e-05
257 2.5048828125000000e-01 3.4386664651046134e-05
258 2.5146484375000000e-01 3.4564649355282168e-05
259 2.5244140625000000e-01 3.4743069461410639e-05
260 2.5341796875000000e-01 3.4920697199628296e-05
261 2.5439453125000000e-01 3.5098342089558891e-05
262 2.5537109375000000e-01 3.5275824141885680e-05
263 2.5634765625000000e-01 3.5453545465195921e-05
264 2.5732421875000000e-01 3.5629754505918051e-05
265 2.5830078125000000e-01 3.5806716060378624e-05
266 2.5927734375000000e-01 3.5982911448239740e-05
267 2.6025390625000000e-01 3.6158859278590449e-05
268 2.6123046875000000e-01 3.6335252804797465e-05
269 2.6220703125000000e-01 3.6509351049528529e-05
270 2.6318359375000000e-01 3.6685630806699903e-05
271 2.6416015625000000e-01 3.6859663119402902e-05
272 2.6513671875000000e-01 3.7034586047942405e-05
273 2.6611328125000000e-01 3.7209113891689010e-05
274 2.6708984375000000e-01 3.7382252009612914e-05
275 2.6806640625000000e-01 3.7556498241633936e-05
276 2.6904296875000000e-01 3.7729519213111325e-05
277 2.7001953125000000e-01 3.7902590445675565e-05
278 2.7099609375000000e-01 3.8075066629442243e-05
279 2.7197265625000000e-01 3.8246593514126436e-05
280 2.7294921875000000e-01 3.8419669046122905e-05
281 2.7392578125000000e-01 3.8590562973403702e-05
282 2.7490234375000000e-01 3.8762122530919024e-05
283 2.7587890625000000e-01 3.8932538362041022e-05
284 2.7685546875000000e-01 3.9103610006413405e-05
285 2.7783203125000000e-01 3.9272887865728122e-05
286 2.7880859375000000e-01 3.9443161052454584e-05
287 2.7978515625000000e-01 3.9612562087483721e-05
288 2.8076171875000000e-01 3.9780504081541918e-05
289 2.8173828125000000e-01 3.9949718003322223e-05
290 2.8271484375000000e-01 4.0117754360991529e-05
291 2.8369140625000000e-01 4.0285481520683933e-05
292 2.8466796875000000e-01 4.0452138055322774e-05
293 2.8564453125000000e-01 4.0620105772815637e-05
294 2.8662109375000000e-01 4.0785887528612991e-05
295 2.8759765625000000e-01 4.0951690550229528e-05
296 2.8857421875000000e-01 4.1119023594544338e-05
297 2.8955078125000000e-01 4.1282410520421492e-05
298 2.9052734375000000e-01 4.1447842117220261e-05
299 2.9150390625000000e-01 4.1612054177509600e-05
300 2.9248046875000000e-01 4.1776148089721788e-05
301 2.9345703125000000e-01 4.1939129787791469e-05
302 2.9443359375000000e-01 4.2102740987010816e-05
303 2.9541015625000000e-01 4.2264590680042612e-05
304 2.9638671875000000e-01 4.2427351947343602e-05
305 2.9736328125000000e-01 4.2588168162879000e-05
306 2.9833984375000000e-01 4.2749712449695831e-05
307 2.9931640625000000e-01 4.2910758038854622e-05
308 3.0029296875000000e-01 4.3070136390372174e-05
309 3.0126953125000000e-01 4.3230695314162805e-05
310 3.0224609375000000e-01 4.3389403667684037e-05
311 3.0322265625000000e-01 4.3548003357883006e-05
312 3.0419921875000000e-01 4.3706781121479040e-05
313 3.0517578125000000e-01 4.3863171541101633e-05
314 3.0615234375000000e-01 4.4021186686358529e-05
315 3.0712890625000000e-01 4.4177213444572734e-05
316 3.0810546875000000e-01 4.4334157982384810e-05
317 3.0908203125000000e-01 4.4489163929299375e-05
318 3.1005859375000000e-01 4.4645021079225012e-05
319 3.1103515625000000e-01 4.4798523858291029e-05
320 3.1201171875000000e-01 4.4954266540484173e-05
321 3.1298828125000000e-01 4.5105725757851748e-05
322 3.1396484375000000e-01 4.5260231587033388e-05
323 3.1494140625000000e-01 4.5412308440562579e-05
324 3.1591796875000000e-01 4.5563174633272995e-05
325 3.1689453125000000e-01 4.5716318600069077e-05
326 3.1787109375000000e-01 4.5866206609708276e-05
327 3.1884765625000000e-01 4.6016094309041223e-05
328 3.1982421875000000e-01 4.6166559813811564e-05
329 3.2080078125000000e-01 4.6314339555437252e-05
330 3.2177734375000000e-01 4.6463911605533199e-05
331 3.2275390625000000e-01 4.6611197530854525e-05
332 3.2373046875000000e-01 4.6759336669405086e-05
333 3.2470703125000000e-01 4.6905822237374730e-05
334 3.2568359375000000e-01 4.7051407101259598e-05
335 3.2666015625000000e-01 4.7197950094408220e-05
336 3.2763671875000000e-01 4.7342478835608014e-05
337 3.2861328125000000e-01 4.7486386539510156e-05
338 3.2958984375000000e-01 4.7630833611417202e-05
339 3.3056640625000000e-01 4.7773255187627951e-05
340 3.3154296875000000e-01 4.7916557945862099e-05
341 3.3251953125000000e-01 4.8058526310974206e-05
342 3.3349609375000000e-01 4.8199273035549970e-05
343 3.3447265625000000e-01 4.8340424292654086e-05
344 3.3544921875000000e-01 4.8480812308922326e-05
345 3.3642578125000000e-01 4.8620200654859893e-05
346 3.3740234375000000e-01 4.8759167829520028e-05
347 3.3837890625000000e-01 4.8897128200032407e-05
348 3.3935546875000000e-01 4.9034893138683771e-05
349 3.4033203125000000e-01 4.9171877055193859e-05
350 3.4130859375000000e-01 4.9307261549933791e-05
351 3.4228515625000000e-01 4.9443953534868070e-05
352 3.4326171875000000e-01 4.9578689931199294e-05
353 3.4423828125000000e-01 4.9712049387045493e-05
354 3.4521484375000000e-01 4.9847288124221420e-05
355 3.4619140625000000e-01 4.9978931236700167e-05
356 3.4716796875000000e-01 5.0111864803392128e-05
357 3.4814453125000000e-01 5.0243757174549351e-05
358 3.4912109375000000e-01 5.0374255782190082e-05
359 3.5009765625000000e-01 5.0505103555420375e-05
360 3.5107421875000000e-01 5.0634201739021027e-05
361 3.5205078125000000e-01 5.0762944058722567e-05
362 3.5302734375000000e-01 5.0892375015584856e-05
363 3.5400390625000000e-01 5.1018416857802730e-05
364 3.5498046875000000e-01 5.1147003572542737e-05
365 3.5595703125000000e-01 5.1271961974796673e-05
366 3.5693359375000000e-01 5.1398294771746534e-05
367 3.5791015625000000e-01 5.1522157127410501e-05
368 3.5888671875000000e-01 5.1647387638342258e-05
369 3.5986328125000000e-01 5.1769093773253497e-05
370 3.6083984375000000e-01 5.1892976816437196e-05
371 3.6181640625000000e-01 5.2014726355804029e-05
372 3.6279296875000000e-01 5.2135270690042024e-05
373 3.6376953125000000e-01 5.2256818707674228e-05
374 3.6474609375000000e-01 5.2376689875001880e-05
375 3.6572265625000000e-01 5.2494881232023269e-05
376 3.6669921875000000e-01 5.2614416638399218e-05
377 3.6767578125000000e-01 5.2730985809810158e-05
378 3.6865234375000000e-01 5.2848660386403418e-05
379 3.6962890625000000e-01 5.2963479372414974e-05
380 3.7060546875000000e-01 5.3080212942512961e-05
381 3.7158203125000000e-01 5.3194201651592349e-05
382 3.7255859375000000e-01 5.3307654579831036e-05
383 3.7353515625000000e-01 5.3422082336770775e-05
384 3.7451171875000000e-01 5.3532476295226148e-05
385 3.7548828125000000e-01 5.3646400704063864e-05
386 3.7646484375000000e-01 5.3755354519033653e-05
387 3.7744140625000000e-01 5.3866785616270459e-05
388 3.7841796875000000e-01 5.3975685453768558e-05
389 3.7939453125000000e-01 5.4083681184161504e-05
390 3.8037109375000000e-01 5.4192167150734225e-05
391 3.8134765625000000e-01 5.4299161673733486e-05
392 3.8232421875000000e-01 5.4404894985816011e-05
393 3.8330078125000000e-01 5.4511576401403963e-05
394 3.8427734375000000e-01 5.4615128828836750e-05
395 3.8525390625000000e-01 5.4720322762206574e-05
396 3.8623046875000000e-01 5.4821684168580550e-05
397 3.8720703125000000e-01 5.4926661137043396e-05
398 3.8818359375000000e-01 5.5026170802275221e-05
399 3.8916015625000000e-01 5.5128592618525641e-05
400 3.9013671875000000e-01 5.5227288484822759e-05
401 3.9111328125000000e-01 5.5326912607707359e-05
402 3.9208984375000000e-01 5.5425250711027682e-05
403 3.9306640625000000e-01 5.5523115338294068e-05
404 3.9404296875000000e-01 5.5619805655127705e-05
405 3.9501953125000000e-01 5.5716250662951258e-05
406 3.9599609375000000e-01 5.5810119755470618e-05
407 3.9697265625000000e-01 5.5905601605709017e-05
408 3.9794921875000000e-01 5.5998270174169524e-05
409 3.9892578125000000e-01 5.6092547007108870e-05
410 3.9990234375000000e-01 5.6183307615689446e-05
411 4.0087890625000000e-01 5.6275439250045352e-05
412 4.0185546875000000e-01 5.6365447278433969e-05
413 4.0283203125000000e-01 5.6454377287959391e-05
414 4.0380859375000000e-01 5.6544206209594708e-05
415 4.0478515625000000e-01 5.6630158906942731e-05
416 4.0576171875000000e-01 5.6719334627726783e-05
417 4.0673828125000000e-01 5.6803698649128369e-05
418 4.0771484375000000e-01 5.6890001015495609e-05
419 4.0869140625000000e-01 5.6974165167541970e-05
420 4.0966796875000000e-01 5.7057586087401382e-05
421 4.1064453125000000e-01 5.7140843871250234e-05
422 4.1162109375000000e-01 5.7222073914801582e-05
423 4.1259765625000000e-01 5.7304417493901855e-05
424 4.1357421875000000e-01 5.7382983248486239e-05
425 4.1455078125000000e-01 5.7464288541324206e-05
426 4.1552734375000000e-01 5.7540997333182858e-05
427 4.1650390625000000e-01 5.7620674767318173e-05
428 4.1748046875000000e-01 5.7696334093051927e-05
429 4.1845703125000000e-01 5.7773212189794060e-05
430 4.1943359375000000e-01 5.7848862547007661e-05
431 4.2041015625000000e-01 5.7921653582704508e-05
432 4.2138671875000000e-01 5.7996589409534680e-05
433 4.2236328125000000e-01 5.8068778859088864e-05
434 4.2333984375000000e-01 5.8139500796308523e-05
435 4.2431640625000000e-01 5.8211663921936378e-05
436 4.2529296875000000e-01 5.8281308454022178e-05
437 4.2626953125000000e-01 5.8349596906071086e-05
438 4.2724609375000000e-01 5.8418739550779525e-05
439 4.2822265625000000e-01 5.8485591577334909e-05
440 4.2919921875000000e-01 5.8552712546989421e-05
441 4.3017578125000000e-01 5.8617539768129022e-05
442 4.3115234375000000e-01 5.8683447751848965e-05
443 4.3212890625000000e-01 5.8746826111229049e-05
444 4.3310546875000000e-01 5.8809652416091799e-05
445 4.3408203125000000e-01 5.8872507273693498e-05
446 4.3505859375000000e-01 5.8933060929538487e-05
447 4.3603515625000000e-01 5.8993523847978690e-05
448 4.3701171875000000e-01 5.9053894623545483e-05
449 4.3798828125000000e-01 5.9112076396272174e-05
450 4.3896484375000000e-01 5.9169348371820949e-05
451 4.3994140625000000e-01 5.9226524115860634e-05
452 4.4091796875000000e-01 5.9282554570206291e-05
453 4.4189453125000000e-01 5.9337322020542845e-05
454 4.4287109375000000e-01 5.9391872927067654e-05
455 4.4384765625000000e-01 5.9444692634193783e-05
456 4.4482421875000000e-01 5.9497526136639833e-05
457 4.4580078125000000e-01 5.9547927498833884e-05
458 4.4677734375000000e-01 5.9599271572590177e-05
459 4.4775390625000000e-01 5.9649112464926421e-05
460 4.4873046875000000e-01 5.9697449025914156e-05
461 4.4970703125000000e-01 5.9745327864816180e-05
462 4.5068359375000000e-01 5.9793329950902363e-05
463 4.5166015625000000e-01 5.9837496077187443e-05
464 4.5263671875000000e-01 5.9885392174840752e-05
465 4.5361328125000000e-01 5.9927005482731657e-05
466 4.5458984375000000e-01 5.9971997450412873e-05
467 4.5556640625000000e-01 6.0013847818998203e-05
468 4.5654296875000000e-01 6.0055465991964464e-05
469 4.5751953125000000e-01 6.0096036103784610e-05
470 4.5849609375000000e-01 6.0135207971514582e-05
471 4.5947265625000000e-01 6.0174726909297590e-05
472 4.6044921875000000e-01 6.0212962208239110e-05
473 4.6142578125000000e-01 6.0249330918635876e-05
474 4.6240234375000000e-01 6.0286742571734678e-05
475 4.6337890625000000e-01 6.0320539724158370e-05
476 4.6435546875000000e-01 6.0355145348927122e-05
477 4.6533203125000000e-01 6.0388230351690175e-05
478 4.6630859375000000e-01 6.0420841703724996e-05
479 4.6728515625000000e-01 6.0452280167776467e-05
480 4.6826171875000000e-01 6.0483010681102768e-05
481 4.6923828125000000e-01 6.0512450464360237e-05
482 4.7021484375000000e-01 6.0541879404649905e-05
483 4.7119140625000000e-01 6.0568968535390988e-05
484 4.7216796875000000e-01 6.0596976846745204e-05
485 4.7314453125000000e-01 6.0622178430860124e-05
486 4.7412109375000000e-01 6.0646435336625176e-05
487 4.7509765625000000e-01 6.0671493218903859e-05
488 4.7607421875000000e-01 6.0693626233727970e-05
489 4.7705078125000000e-01 6.0716791969665351e-05
490 4.7802734375000000e-01 6.0737730286625387e-05
491 4.7900390625000000e-01 6.0758070509329227e-05
492 4.7998046875000000e-01 6.0777579338643604e-05
493 4.8095703125000000e-01 6.0796256327374154e-05
494 4.8193359375000000e-01 6.0813868218977671e-05
495 4.8291015625000000e-01 6.0830880270136946e-05
496 4.8388671875000000e-01 6.0845895113680569e-05
497 4.8486328125000000e-01 6.0862055601282978e-05
498 4.8583984375000000e-01 6.0875170440638981e-05
499 4.8681640625000000e-01 6.0887916864725772e-05
500 4.8779296875000000e-01 6.0901458728632261e-05
501 4.8876953125000000e-01 6.0911022727328564e-05
502 4.8974609375000000e-01 6.0923011447975651e-05
503 4.9072265625000000e-01 6.0931254644271777e-05
504 4.9169921875000000e-01 6.0939593808887783e-05
505 4.9267578125000000e-01 6.0947679504202903e-05
506 4.9365234375000000e-01 6.0952834007455513e-05
507 4.9462890625000000e-01 6.0959830197775946e-05
508 4.9560546875000000e-01 6.0963080011946320e-05
509 4.9658203125000000e-01 6.0967938448295948e-05
510 4.9755859375000000e-01 6.0969865224093671e-05
511 4.9853515625000000e-01 6.0972469150431243e-05
512 4.9951171875000000e-01 6.0972141309741752e-05
513 5.0048828125000000e-01 6.0973887539569156e-05
514 5.0146484375000000e-01 6.0971537827856628e-05
515 5.0244140625000000e-01 6.0971145792633767e-05
516 5.0341796875000000e-01 6.0967239956364987e-05
517 5.0439453125000000e-01 6.0963662088555455e-05
518 5.0537109375000000e-01 6.0960295859063254e-05
519 5.0634765625000000e-01 6.0953532499386474e-05
520 5.0732421875000000e-01 6.0947213842915595e-05
521 5.0830078125000000e-01 6.0939593808887783e-05
522 5.0927734375000000e-01 6.0931836720880912e-05
523 5.1025390625000000e-01 6.0921614464113727e-05
524 5.1123046875000000e-01 6.0912070465225007e-05
525 5.1220703125000000e-01 6.0900061744770338e-05
526 5.1318359375000000e-01 6.0889430263909522e-05
527 5.1416015625000000e-01 6.0874122702742539e-05
528 5.1513671875000000e-01 6.0862404847248459e-05
529 5.1611328125000000e-01 6.0846477190289704e-05
530 5.1708984375000000e-01 6.0831462346746081e-05
531 5.1806640625000000e-01 6.0812704065759402e-05
532 5.1904296875000000e-01 6.0798118972523385e-05
533 5.2001953125000000e-01 6.0777113677356297e-05
534 5.2099609375000000e-01 6.0758419755294708e-05
535 5.2197265625000000e-01 6.0738545193878175e-05
536 5.2294921875000000e-01 6.0716326308378043e-05
537 5.2392578125000000e-01 6.0694441140980758e-05
538 5.2490234375000000e-01 6.0671376803582032e-05
539 5.2587890625000000e-01 6.0646900997912484e-05
540 5.2685546875000000e-01 6.0622062015538297e-05
541 5.2783203125000000e-01 6.0596976846745204e-05
542 5.2880859375000000e-01 6.0568386458781853e-05
543 5.2978515625000000e-01 6.0541762989328078e-05
544 5.3076171875000000e-01 6.0513148956291198e-05
545 5.3173828125000000e-01 6.0482312189171807e-05
546 5.3271484375000000e-01 6.0452862244385602e-05
547 5.3369140625000000e-01 6.0421423780334131e-05
548 5.3466796875000000e-01 6.0387764690402867e-05
549 5.3564453125000000e-01 6.0355378179570776e-05
550 5.3662109375000000e-01 6.0320888970123851e-05
551 5.3759765625000000e-01 6.0285811249160062e-05
552 5.3857421875000000e-01 6.0249796579923184e-05
553 5.3955078125000000e-01 6.0212147300986322e-05
554 5.4052734375000000e-01 6.0174494078653936e-05
555 5.4150390625000000e-01 6.0136255709411024e-05
556 5.4248046875000000e-01 6.0094871950566340e-05
557 5.4345703125000000e-01 6.0056048068573599e-05
558 5.4443359375000000e-01 6.0013382157710895e-05
559 5.4541015625000000e-01 5.9971648204447392e-05
560 5.4638671875000000e-01 5.9927587559340792e-05
561 5.4736328125000000e-01 5.9885042928875271e-05
562 5.4833984375000000e-01 5.9837845323152923e-05
563 5.4931640625000000e-01 5.9793329950902363e-05
564 5.5029296875000000e-01 5.9745095034172526e-05
565 5.5126953125000000e-01 5.9697914687201464e-05
566 5.5224609375000000e-01 5.9648181142351805e-05
567 5.5322265625000000e-01 5.9600668556452100e-05
568 5.5419921875000000e-01 5.9547927498833884e-05
569 5.5517578125000000e-01 5.9497176890674353e-05
570 5.5615234375000000e-01 5.9445623956768398e-05
571 5.5712890625000000e-01 5.9390475943205730e-05
572 5.5810546875000000e-01 5.9337671266508326e-05
573 5.5908203125000000e-01 5.9282554570206291e-05
574 5.6005859375000000e-01 5.9225825623929673e-05
575 5.6103515625000000e-01 5.9170279694395565e-05
576 5.6201171875000000e-01 5.9111494319663040e-05
577 5.6298828125000000e-01 5.9053079716292695e-05
578 5.6396484375000000e-01 5.8993873093944171e-05
579 5.6494140625000000e-01 5.8933060929538487e-05
580 5.6591796875000000e-01 5.8871459535797055e-05
581 5.6689453125000000e-01 5.8810816569310068e-05
582 5.6787109375000000e-01 5.8745894788654433e-05
583 5.6884765625000000e-01 5.8683564167170792e-05
584 5.6982421875000000e-01 5.8618121844738157e-05
585 5.7080078125000000e-01 5.8552479716345767e-05
586 5.7177734375000000e-01 5.8485940823300390e-05
587 5.7275390625000000e-01 5.8419438042710487e-05
588 5.7373046875000000e-01 5.8349713321392913e-05
589 5.7470703125000000e-01 5.8281192038700351e-05
590 5.7568359375000000e-01 5.8212362413867340e-05
591 5.7666015625000000e-01 5.8139267965664869e-05
592 5.7763671875000000e-01 5.8070175842950787e-05
593 5.7861328125000000e-01 5.7995308840994584e-05
594 5.7958984375000000e-01 5.7923166981888258e-05
595 5.8056640625000000e-01 5.7848164055076699e-05
596 5.8154296875000000e-01 5.7773328605115887e-05
597 5.8251953125000000e-01 5.7696217677730101e-05
598 5.8349609375000000e-01 5.7620325521352692e-05
599 5.8447265625000000e-01 5.7541579409791993e-05
600 5.8544921875000000e-01 5.7463240803427764e-05
601 5.8642578125000000e-01 5.7383914571060854e-05
602 5.8740234375000000e-01 5.7304417493901855e-05
603 5.8837890625000000e-01 5.7221841084157928e-05
604 5.8935546875000000e-01 5.7140843871250234e-05
605 5.9033203125000000e-01 5.7058633825297824e-05
606 5.9130859375000000e-01 5.6972884599001874e-05
607 5.9228515625000000e-01 5.6890466676782917e-05
608 5.9326171875000000e-01 5.6804397141059330e-05
609 5.9423828125000000e-01 5.6717821228543033e-05
610 5.9521484375000000e-01 5.6632254382735616e-05
611 5.9619140625000000e-01 5.6542343564445477e-05
612 5.9716796875000000e-01 5.6455308610534006e-05
613 5.9814453125000000e-01 5.6365330863112142e-05
614 5.9912109375000000e-01 5.6274391512148910e-05
615 6.0009765625000000e-01 5.6184238938264061e-05
616 6.0107421875000000e-01 5.6090567946637812e-05
617 6.0205078125000000e-01 5.5999667158031447e-05
618 6.0302734375000000e-01 5.5904437452490748e-05
619 6.0400390625000000e-01 5.5811516739332542e-05
620 6.0498046875000000e-01 5.5715202925054816e-05
621 6.0595703125000000e-01 5.5620271316415013e-05
622 6.0693359375000000e-01 5.5522649677006760e-05
623 6.0791015625000000e-01 5.5425017880384028e-05
624 6.0888671875000000e-01 5.5326330531098224e-05
625 6.0986328125000000e-01 5.5227986976753721e-05
626 6.1083984375000000e-01 5.5127428465307372e-05
627 6.1181640625000000e-01 5.5026636463562529e-05
628 6.1279296875000000e-01 5.4926079060434261e-05
629 6.1376953125000000e-01 5.4822033414546030e-05
630 6.1474609375000000e-01 5.4720555592850228e-05
631 6.1572265625000000e-01 5.4615943736089538e-05
632 6.1669921875000000e-01 5.4510528663507521e-05
633 6.1767578125000000e-01 5.4406874046287069e-05
634 6.1865234375000000e-01 5.4297648274549736e-05
635 6.1962890625000000e-01 5.4193214888630667e-05
636 6.2060546875000000e-01 5.4084496091414292e-05
637 6.2158203125000000e-01 5.3975103377159423e-05
638 6.2255859375000000e-01 5.3866785616270459e-05
639 6.2353515625000000e-01 5.3756169426286441e-05
640 6.2451171875000000e-01 5.3645469381489248e-05
641 6.2548828125000000e-01 5.3533640448444417e-05
642 6.2646484375000000e-01 5.3422082336770775e-05
643 6.2744140625000000e-01 5.3307654579831036e-05
644 6.2841796875000000e-01 5.3194318066914176e-05
645 6.2939453125000000e-01 5.3079630865903826e-05
646 6.3037109375000000e-01 5.2963828618380455e-05
647 6.3134765625000000e-01 5.2848078309794284e-05
648 6.3232421875000000e-01 5.2731335055775639e-05
649 6.3330078125000000e-01 5.2613601731146429e-05
650 6.3427734375000000e-01 5.2494648401379615e-05
651 6.3525390625000000e-01 5.2377039120967360e-05
652 6.3623046875000000e-01 5.2255305308490478e-05
653 6.3720703125000000e-01 5.2136202012616640e-05
654 6.3818359375000000e-01 5.2014726355804029e-05
655 6.3916015625000000e-01 5.1892627570471715e-05
656 6.4013671875000000e-01 5.1770141511149940e-05
657 6.4111328125000000e-01 5.1646921977054950e-05
658 6.4208984375000000e-01 5.1522389958054155e-05
659 6.4306640625000000e-01 5.1397479864493745e-05
660 6.4404296875000000e-01 5.1271961974796673e-05
661 6.4501953125000000e-01 5.1146654326577256e-05
662 6.4599609375000000e-01 5.1018766103768211e-05
663 6.4697265625000000e-01 5.0891792938975722e-05
664 6.4794921875000000e-01 5.0763409720009874e-05
665 6.4892578125000000e-01 5.0634085323699200e-05
666 6.4990234375000000e-01 5.0504870724776721e-05
667 6.5087890625000000e-01 5.0374372197511908e-05
668 6.5185546875000000e-01 5.0243757174549351e-05
669 6.5283203125000000e-01 5.0111981218713955e-05
670 6.5380859375000000e-01 4.9978814821378340e-05
671 6.5478515625000000e-01 4.9846938878255940e-05
672 6.5576171875000000e-01 4.9712515048332801e-05
673 6.5673828125000000e-01 4.9578107854590160e-05
674 6.5771484375000000e-01 4.9443953534868070e-05
675 6.5869140625000000e-01 4.9307494380577445e-05
676 6.5966796875000000e-01 4.9171644224550205e-05
677 6.6064453125000000e-01 4.9034543892718290e-05
678 6.6162109375000000e-01 4.8897128200032407e-05
679 6.6259765625000000e-01 4.8758934998876374e-05
680 6.6357421875000000e-01 4.8620317070181720e-05
681 6.6455078125000000e-01 4.8480113816991364e-05
682 6.6552734375000000e-01 4.8340424292654086e-05
683 6.6650390625000000e-01 4.8199738696837278e-05
684 6.6748046875000000e-01 4.8058177065008725e-05
685 6.6845703125000000e-01 4.7916441530540272e-05
686 6.6943359375000000e-01 4.7773720848915259e-05
687 6.7041015625000000e-01 4.7630367950129895e-05
688 6.7138671875000000e-01 4.7486444747171070e-05
689 6.7236328125000000e-01 4.7342769873912581e-05
690 6.7333984375000000e-01 4.7197426225459999e-05
691 6.7431640625000000e-01 4.7051930970207819e-05
692 6.7529296875000000e-01 4.6905589406731076e-05
693 6.7626953125000000e-01 4.6758987423439606e-05
694 6.7724609375000000e-01 4.6611663192141833e-05
695 6.7822265625000000e-01 4.6463387736584978e-05
696 6.7919921875000000e-01 4.6314921632046387e-05
697 6.8017578125000000e-01 4.6166210567846083e-05
698 6.8115234375000000e-01 4.6016268932023963e-05
699 6.8212890625000000e-01 4.5866323025030103e-05
700 6.8310546875000000e-01 4.5715911146442683e-05
701 6.8408203125000000e-01 4.5563756709882130e-05
702 6.8505859375000000e-01 4.5411668156292531e-05
703 6.8603515625000000e-01 4.5260056964050647e-05
704 6.8701171875000000e-01 4.5106016796156315e-05
705 6.8798828125000000e-01 4.4953684463875038e-05
706 6.8896484375000000e-01 4.4798698481273770e-05
707 6.8994140625000000e-01 4.4644904663903185e-05
708 6.9091796875000000e-01 4.4488989306316635e-05
709 6.9189453125000000e-01 4.4334449020689377e-05
710 6.9287109375000000e-01 4.4177388067555474e-05
711 6.9384765625000000e-01 4.4020837440393048e-05
712 6.9482421875000000e-01 4.3863870033032594e-05
713 6.9580078125000000e-01 4.3705908006565338e-05
714 6.9677734375000000e-01 4.3548818265135795e-05
715 6.9775390625000000e-01 4.3388821591074903e-05
716 6.9873046875000000e-01 4.3230113237553670e-05
717 6.9970703125000000e-01 4.3070834882303136e-05
718 7.0068359375000000e-01 4.2910175962245487e-05
719 7.0166015625000000e-01 4.2749013957764869e-05
720 7.0263671875000000e-01 4.2589332316097270e-05
721 7.0361328125000000e-01 4.2426129586464419e-05
722 7.0458984375000000e-01 4.2265405587295400e-05
723 7.0556640625000000e-01 4.2102042495079854e-05
724 7.0654296875000000e-01 4.1939828279722430e-05
725 7.0751953125000000e-01 4.1775624220773567e-05
726 7.0849609375000000e-01 4.1611821346865946e-05
727 7.0947265625000000e-01 4.1447434663593867e-05
728 7.1044921875000000e-01 4.1282992597030626e-05
729 7.1142578125000000e-01 4.1117743026004242e-05
730 7.1240234375000000e-01 4.0951981588534096e-05
731 7.1337890625000000e-01 4.0786760643526693e-05
732 7.1435546875000000e-01 4.0619058034919195e-05
733 7.1533203125000000e-01 4.0452545508949168e-05
734 7.1630859375000000e-01 4.0285015859396625e-05
735 7.1728515625000000e-01 4.0118569268244317e-05
736 7.1826171875000000e-01 3.9949194134374002e-05
737 7.1923828125000000e-01 3.9781260781133793e-05
738 7.2021484375000000e-01 3.9612212841518240e-05
739 7.2119140625000000e-01 3.9442695391167276e-05
740 7.2216796875000000e-01 3.9273062488710863e-05
741 7.2314453125000000e-01 3.9103842837057059e-05
742 7.2412109375000000e-01 3.8931956285431888e-05
743 7.2509765625000000e-01 3.8762646399867246e-05
744 7.2607421875000000e-01 3.8590388350420962e-05
745 7.2705078125000000e-01 3.8419145177174684e-05
746 7.2802734375000000e-01 3.8247000967752830e-05
747 7.2900390625000000e-01 3.8075299460085896e-05
748 7.2998046875000000e-01 3.7901891953744603e-05
749 7.3095703125000000e-01 3.7730392328025027e-05
750 7.3193359375000000e-01 3.7556090788007541e-05
751 7.3291015625000000e-01 3.7382426632595655e-05
752 7.3388671875000000e-01 3.7208939268706270e-05
753 7.3486328125000000e-01 3.7034353217298751e-05
754 7.3583984375000000e-01 3.6859488496420161e-05
755 7.3681640625000000e-01 3.6685747222021730e-05
756 7.3779296875000000e-01 3.6509467464850356e-05
757 7.3876953125000000e-01 3.6334961766492898e-05
758 7.3974609375000000e-01 3.6158917486251363e-05
759 7.4072265625000000e-01 3.5982853240578826e-05
760 7.4169921875000000e-01 3.5806483229734970e-05
761 7.4267578125000000e-01 3.5630045544222618e-05
762 7.4365234375000000e-01 3.5453079803908613e-05
763 7.4462890625000000e-01 3.5275998764868421e-05
764 7.4560546875000000e-01 3.5098400297219805e-05
765 7.4658203125000000e-01 3.4920580784306469e-05
766 7.4755859375000000e-01 3.4743069461410639e-05
767 7.4853515625000000e-01 3.4564882185925822e-05
768 7.4951171875000000e-01 3.4386198989758826e-05
769 7.5048828125000000e-01 3.4207956625703206e-05
770 7.5146484375000000e-01 3.4028472523106492e-05
771 7.5244140625000000e-01 3.3850022253553204e-05
772 7.5341796875000000e-01 3.3670806873658946e-05
773 7.5439453125000000e-01 3.3490715483500849e-05
774 7.5537109375000000e-01 3.3311499849600194e-05
775 7.5634765625000000e-01 3.3130720808187365e-05
776 7.5732421875000000e-01 3.2951468944574717e-05
777 7.5830078125000000e-01 3.2770082776703460e-05
778 7.5927734375000000e-01 3.2590875293354925e-05
779 7.6025390625000000e-01 3.2409370147807649e-05
780 7.6123046875000000e-01 3.2228308764588201e-05
781 7.6220703125000000e-01 3.2048337113725405e-05
782 7.6318359375000000e-01 3.1865910234957131e-05
783 7.6416015625000000e-01 3.1685574054183413e-05
784 7.6513671875000000e-01 3.1503317992444767e-05
785 7.6611328125000000e-01 3.1322291034369208e-05
786 7.6708984375000000e-01 3.1140170665753749e-05
787 7.6806640625000000e-01 3.0958417891649762e-05
788 7.6904296875000000e-01 3.0776456470271729e-05
789 7.7001953125000000e-01 3.0593710181129057e-05
790 7.7099609375000000e-01 3.0412222169767127e-05
791 7.7197265625000000e-01 3.0229437197814245e-05
792 7.7294921875000000e-01 3.0046525338492153e-05
793 7.7392578125000000e-01 2.9864831309300312e-05
794 7.7490234375000000e-01 2.9681043236160030e-05
795 7.7587890625000000e-01 2.9499241639223655e-05
796 7.7685546875000000e-01 2.9315823648697883e-05
797 7.7783203125000000e-01 2.9133007182175733e-05
798 7.7880859375000000e-01 2.8949750549534100e-05
799 7.7978515625000000e-01 2.8767223973059572e-05
800 7.8076171875000000e-01 2.8583687313287983e-05
801 7.8173828125000000e-01 2.8400892911705010e-05
802 7.8271484375000000e-01 2.8217740955706436e-05
803 7.8369140625000000e-01 2.8033830145914122e-05
804 7.8466796875000000e-01 2.7851203926003188e-05
805 7.8564453125000000e-01 2.7667540186375223e-05
806 7.8662109375000000e-01 2.7483892883059828e-05
807 7.8759765625000000e-01 2.7301199578059701e-05
808 7.8857421875000000e-01 2.7117254640983217e-05
809 7.8955078125000000e-01 2.6934218037302185e-05
810 7.9052734375000000e-01 2.6751281163076886e-05
811 7.9150390625000000e-01 2.6567286189697041e-05
812 7.9248046875000000e-01 2.6384218523536706e-05
813 7.9345703125000000e-01 2.6201095001558272e-05
814 7.9443359375000000e-01 2.6017514558628296e-05
815 7.9541015625000000e-01 2.5834414927109324e-05
816 7.9638671875000000e-01 2.5651569707440554e-05
817 7.9736328125000000e-01 2.5467879406442515e-05
818 7.9833984375000000e-01 2.5285329558259100e-05
819 7.9931640625000000e-01 2.5102064012708889e-05
820 8.0029296875000000e-01 2.4919602685238450e-05
821 8.0126953125000000e-01 2.4735856637612611e-05
822 8.0224609375000000e-01 2.4553801019390757e-05
823 8.0322265625000000e-01 2.4370823065979493e-05
824 8.0419921875000000e-01 2.4188355466513883e-05
825 8.0517578125000000e-01 2.4005968286274740e-05
826 8.0615234375000000e-01 2.3823289819498809e-05
827 8.0712890625000000e-01 2.3641112534936040e-05
828 8.0810546875000000e-01 2.3459064769413079e-05
829 8.0908203125000000e-01 2.3276600258068848e-05
830 8.1005859375000000e-01 2.3095355544621476e-05
831 8.1103515625000000e-01 2.2912950865481039e-05
832 8.1201171875000000e-01 2.2732128752512990e-05
833 8.1298828125000000e-01 2.2550422173225983e-05
834 8.1396484375000000e-01 2.2369176718213497e-05
835 8.1494140625000000e-01 2.2188049977197485e-05
836 8.1591796875000000e-01 2.2007077910990821e-05
837 8.1689453125000000e-01 2.1826703955327750e-05
838 8.1787109375000000e-01 2.1645596233579626e-05
839 8.1884765625000000e-01 2.1465566104102118e-05
840 8.1982421875000000e-01 2.1285310836686987e-05
841 8.2080078125000000e-01 2.1105215744587470e-05
842 8.2177734375000000e-01 2.0925782577673607e-05
843 8.2275390625000000e-01 2.0746232538570316e-05
844 8.2373046875000000e-01 2.0566892796754853e-05
845 8.2470703125000000e-01 2.0388206958321257e-05
846 8.2568359375000000e-01 2.0209076147644372e-05
847 8.2666015625000000e-01 2.0030467882356417e-05
848 8.2763671875000000e-01 1.9852680313284086e-05
849 8.2861328125000000e-01 1.9674236278891202e-05
850 8.2958984375000000e-01 1.9496714541134517e-05
851 8.3056640625000000e-01 1.9319365576829221e-05
852 8.3154296875000000e-01 1.9142458518151453e-05
853 8.3251953125000000e-01 1.8965272988336803e-05
854 8.3349609375000000e-01 1.8788805757912808e-05
855 8.3447265625000000e-01 1.8612802153992322e-05
856 8.3544921875000000e-01 1.8436716486678592e-05
857 8.3642578125000000e-01 1.8261225448249093e-05
858 8.3740234375000000e-01 1.8086045325871097e-05
859 8.3837890625000000e-01 1.7911270777802861e-05
860 8.3935546875000000e-01 1.7736559926140793e-05
861 8.4033203125000000e-01 1.7562327613868074e-05
862 8.4130859375000000e-01 1.7388552147806064e-05
863 8.4228515625000000e-01 1.7215008129257877e-05
864 8.4326171875000000e-01 1.7041732115295744e-05
865 8.4423828125000000e-01 1.6869575591539631e-05
866 8.4521484375000000e-01 1.6696596097180667e-05
867 8.4619140625000000e-01 1.6525129455782040e-05
868 8.4716796875000000e-01 1.6353640702751227e-05
869 8.4814453125000000e-01 1.6182253813126687e-05
870 8.4912109375000000e-01 1.6011674859850992e-05
871 8.5009765625000000e-01 1.5841562199265250e-05
872 8.5107421875000000e-01 1.5671545105175116e-05
873 8.5205078125000000e-01 1.5502329714408094e-05
874 8.5302734375000000e-01 1.5333545343359741e-05
875 8.5400390625000000e-01 1.5164617602907420e-05
876 8.5498046875000000e-01 1.4997154912507727e-05
877 8.5595703125000000e-01 1.4829418772409710e-05
878 8.5693359375000000e-01 1.4662406464220330e-05
879 8.5791015625000000e-01 1.4496125760605995e-05
880 8.5888671875000000e-01 1.4329711340614387e-05
881 8.5986328125000000e-01 1.4164626211024707e-05
882 8.6083984375000000e-01 1.3999510328356721e-05
883 8.6181640625000000e-01 1.3834953627066043e-05
884 8.6279296875000000e-01 1.3670876674802437e-05
885 8.6376953125000000e-01 1.3507723929459081e-05
886 8.6474609375000000e-01 1.3344746613175350e-05
887 8.6572265625000000e-01 1.3182476537925640e-05
888 8.6669921875000000e-01 1.3020950771861612e-05
889 8.6767578125000000e-01 1.2859507912498945e-05
890 8.6865234375000000e-01 1.2699203704645188e-05
891 8.6962890625000000e-01 1.2539027542440547e-05
892 8.7060546875000000e-01 1.2379715071147448e-05
893 8.7158203125000000e-01 1.2220881459850872e-05
894 8.7255859375000000e-01 1.2062709423624576e-05
895 8.7353515625000000e-01 1.1905017900956584e-05
896 8.7451171875000000e-01 1.1748135168663002e-05
897 8.7548828125000000e-01 1.1591880207821755e-05
898 8.7646484375000000e-01 1.1436028365060223e-05
899 8.7744140625000000e-01 1.1281169915553391e-05
900 8.7841796875000000e-01 1.1126760106383571e-05
901 8.7939453125000000e-01 1.0973243736163419e-05
902 8.8037109375000000e-01 1.0820134302226060e-05
903 8.8134765625000000e-01 1.0667832990028528e-05
904 8.8232421875000000e-01 1.0516100722052788e-05
905 8.8330078125000000e-01 1.0365353278260839e-05
906 8.8427734375000000e-01 1.0214929618183139e-05
907 8.8525390625000000e-01 1.0065682121828713e-05
908 8.8623046875000000e-01 9.9167751683347993e-06
909 8.8720703125000000e-01 9.7686537266740902e-06
910 8.8818359375000000e-01 9.6214717488095260e-06
911 8.8916015625000000e-01 9.4749029947965423e-06
912 8.9013671875000000e-01 9.3290286996118924e-06
913 8.9111328125000000e-01 9.1842066059165915e-06
914 8.9208984375000000e-01 9.0398049474312665e-06
915 8.9306640625000000e-01 8.8964725477114551e-06
916 8.9404296875000000e-01 8.7537814098808276e-06
917 8.9501953125000000e-01 8.6120166022042761e-06
918 8.9599609375000000e-01 8.4709393452933948e-06
919 8.9697265625000000e-01 8.3306601270201818e-06
920 8.9794921875000000e-01 8.1914058718734941e-06
921 8.9892578125000000e-01 8.0527050337063670e-06
922 8.9990234375000000e-01 7.9150465140716145e-06
923 9.0087890625000000e-01 7.7782789515470343e-06
924 9.0185546875000000e-01 7.6421054868532805e-06
925 9.0283203125000000e-01 7.5070587411737305e-06
926 9.0380859375000000e-01 7.3728855535647869e-06
927 9.0478515625000000e-01 7.2395510631059843e-06
928 9.0576171875000000e-01 7.1071077416631507e-06
929 9.0673828125000000e-01 6.9755498747363408e-06
930 9.0771484375000000e-01 6.8449154248662178e-06
931 9.0869140625000000e-01 6.7153733431254232e-06
932 9.0966796875000000e-01 6.5863650061203207e-06
933 9.1064453125000000e-01 6.4587142436986749e-06
934 9.1162109375000000e-01 6.3318624750568044e-06
935 9.1259765625000000e-01 6.2058477692102055e-06
936 9.1357421875000000e-01 6.0810429105196588e-06
937 9.1455078125000000e-01 5.9570494531338732e-06
938 9.1552734375000000e-01 5.8340874288934693e-06
939 9.1650390625000000e-01 5.7120349209265585e-06
940 9.1748046875000000e-01 5.5911338315367759e-06
941 9.1845703125000000e-01 5.4711676989928782e-06
942 9.1943359375000000e-01 5.3522984326548079e-06
943 9.2041015625000000e-01 5.2343241652966135e-06
944 9.2138671875000000e-01 5.1175596439779819e-06
945 9.2236328125000000e-01 5.0017521123596172e-06
946 9.2333984375000000e-01 4.8870635649811553e-06
947 9.2431640625000000e-01 4.7734231870338265e-06
948 9.2529296875000000e-01 4.6608256686220956e-06
949 9.2626953125000000e-01 4.5492584451878445e-06
950 9.2724609375000000e-01 4.4389927358149403e-06
951 9.2822265625000000e-01 4.3295867370359833e-06
952 9.2919921875000000e-01 4.2214863335075358e-06
953 9.3017578125000000e-01 4.1144025594620510e-06
954 9.3115234375000000e-01 4.0085339595871640e-06
955 9.3212890625000000e-01 3.9038098894337084e-06
956 9.3310546875000000e-01 3.8001524498899354e-06
957 9.3408203125000000e-01 3.6977311456977933e-06
958 9.3505859375000000e-01 3.5964244645900201e-06
959 9.3603515625000000e-01 3.4963874019832905e-06
960 9.3701171875000000e-01 3.3974839362847439e-06
961 9.3798828125000000e-01 3.2997526901792917e-06
962 9.3896484375000000e-01 3.2032832393501763e-06
963 9.3994140625000000e-01 3.1080924211997468e-06
964 9.4091796875000000e-01 3.0139715397384768e-06
965 9.4189453125000000e-01 2.9212467031571650e-06
966 9.4287109375000000e-01 2.8297165340143964e-06
967 9.4384765625000000e-01 2.7393979548922132e-06
968 9.4482421875000000e-01 2.6504061350950472e-06
969 9.4580078125000000e-01 2.5627071080917049e-06
970 9.4677734375000000e-01 2.4761832551332442e-06
971 9.4775390625000000e-01 2.3910989665400662e-06
972 9.4873046875000000e-01 2.3072202508316823e-06
973 9.4970703125000000e-01 2.2247460573002458e-06
974 9.5068359375000000e-01 2.1435479384398701e-06
975 9.5166015625000000e-01 2.0636866429383192e-06
976 9.5263671875000000e-01 1.9851901989686917e-06
977 9.5361328125000000e-01 1.9080357242958184e-06
978 9.5458984375000000e-01 1.8322694795766797e-06
979 9.5556640625000000e-01 1.7578467972935441e-06
980 9.5654296875000000e-01 1.6848212566508529e-06
981 9.5751953125000000e-01 1.6132082593708214e-06
982 9.5849609375000000e-01 1.5429923056508362e-06
983 9.5947265625000000e-01 1.4741833828349656e-06
984 9.6044921875000000e-01 1.4068242413711393e-06
985 9.6142578125000000e-01 1.3408812554478039e-06
986 9.6240234375000000e-01 1.2764044940607837e-06
987 9.6337890625000000e-01 1.2133658309561486e-06
988 9.6435546875000000e-01 1.1517935498471608e-06
989 9.6533203125000000e-01 1.0917141367518431e-06
990 9.6630859375000000e-01 1.0331104432382155e-06
991 9.6728515625000000e-01 9.7600172195696708e-07
992 9.6826171875000000e-01 9.2040542786441491e-07
993 9.6923828125000000e-01 8.6632448529689633e-07
994 9.7021484375000000e-01 8.1376729685334048e-07
995 9.7119140625000000e-01 7.6276502379590307e-07
996 9.7216796875000000e-01 7.1330428344073410e-07
997 9.7314453125000000e-01 6.6538808530386406e-07
998 9.7412109375000000e-01 6.1906129695285354e-07
999 9.7509765625000000e-01 5.7430696160970691e-07
1000 9.7607421875000000e-01 5.3113088115987195e-07
1001 9.7705078125000000e-01 4.8956616362444763e-07
1002 9.7802734375000000e-01 4.4960592055225297e-07
1003 9.7900390625000000e-01 4.1127284336559683e-07
1004 9.7998046875000000e-01 3.7456599791892316e-07
1005 9.8095703125000000e-01 3.3950357075087853e-07
1006 9.8193359375000000e-01 3.0609558424239160e-07
1007 9.8291015625000000e-01 2.7434617035364435e-07
1008 9.8388671875000000e-01 2.4427403425594622e-07
1009 9.8486328125000000e-01 2.1587743878354743e-07
1010 9.8583984375000000e-01 1.8918604563402525e-07
1011 9.8681640625000000e-01 1.6419042952672824e-07
1012 9.8779296875000000e-01 1.4091733889129952e-07
1013 9.8876953125000000e-01 1.1936455330792753e-07
1014 9.8974609375000000e-01 9.9553406828108149e-08
1015 9.9072265625000000e-01 8.1486496469060712e-08
1016 9.9169921875000000e-01 6.5179287156349325e-08
1017 9.9267578125000000e-01 5.0640728117400807e-08
1018 9.9365234375000000e-01 3.7881523598081585e-08
1019 9.9462890625000000e-01 2.6912328085883577e-08
1020 9.9560546875000000e-01 1.7745195815804110e-08
1021 9.9658203125000000e-01 1.0389122114895857e-08
1022 9.9755859375000000e-01 4.8561873769187996e-09
1023 9.9853515625000000e-01 1.1568861318141804e-09
1024 9.9951171875000000e-01 -6.9806062666377677e-10
