# P x_center tau_phi
1 3.1250000000000000e-02 -1.8667379420830854e-04
2 9.3750000000000000e-02 2.0680002784231183e-04
3 1.5625000000000000e-01 8.4131229294169205e-04
4 2.1875000000000000e-01 1.5796711599883259e-03
5 2.8125000000000000e-01 2.3075500947245184e-03
6 3.4375000000000000e-01 2.9334878697600680e-03
7 4.0625000000000000e-01 3.3888885645241285e-03
8 4.6875000000000000e-01 3.6280215653393677e-03
9 5.3125000000000000e-01 3.6280215653353709e-03
10 5.9375000000000000e-01 3.3888885645285693e-03
11 6.5625000000000000e-01 2.9334878697551831e-03
12 7.1875000000000000e-01 2.3075500947255176e-03
13 7.8125000000000000e-01 1.5796711599869381e-03
14 8.4375000000000000e-01 8.4131229294245533e-04
15 9.0625000000000000e-01 2.0680002784231183e-04
16 9.6875000000000000e-01 -1.8667379420876651e-04
