# P x_center tau_phi
1 1.9531250000000000e-03 -4.4716882663733970e-08
2 5.8593750000000000e-03 7.2865886610075370e-08
3 9.7656250000000000e-03 3.0537842133238763e-07
4 1.3671875000000000e-02 6.5007313714785658e-07
5 1.7578125000000000e-02 1.1042241100924985e-06
6 2.1484375000000000e-02 1.6651278653013329e-06
7 2.5390625000000000e-02 2.3301015189365268e-06
8 2.9296875000000000e-02 3.0964854995669394e-06
9 3.3203125000000000e-02 3.9616406491537609e-06
10 3.7109375000000000e-02 4.9229505252081085e-06
11 4.1015625000000000e-02 5.9778205197189016e-06
12 4.4921875000000000e-02 7.1236768359713223e-06
13 4.8828125000000000e-02 8.3579685633324713e-06
14 5.2734375000000000e-02 9.6781667109097774e-06
15 5.6640625000000000e-02 1.1081762218034807e-05
16 6.0546875000000000e-02 1.2566270160676261e-05
17 6.4453125000000000e-02 1.4129227364013779e-05
18 6.8359375000000000e-02 1.5768187911810883e-05
19 7.2265625000000000e-02 1.7480738039387256e-05
20 7.6171875000000000e-02 1.9264470099336368e-05
21 8.0078125000000000e-02 2.1117015871766759e-05
22 8.3984375000000000e-02 2.3036014504615107e-05
23 8.7890625000000000e-02 2.5019134682578281e-05
24 9.1796875000000000e-02 2.7064066555348727e-05
25 9.5703125000000000e-02 2.9168518440695745e-05
26 9.9609375000000000e-02 3.1330223645676617e-05
27 1.0351562500000000e-01 3.3546935237040339e-05
28 1.0742187500000000e-01 3.5816426950724487e-05
29 1.1132812500000000e-01 3.8136502059427264e-05
30 1.1523437500000000e-01 4.0504971999482005e-05
31 1.1914062500000000e-01 4.2919688203171737e-05
32 1.2304687500000000e-01 4.5378505491567656e-05
33 1.2695312500000000e-01 4.7879307085634286e-05
34 1.3085937500000000e-01 5.0420012336932496e-05
35 1.3476562500000000e-01 5.2998534208744145e-05
36 1.3867187500000000e-01 5.5612831572015697e-05
37 1.4257812500000000e-01 5.8260875554056206e-05
38 1.4648437500000000e-01 6.0940660907218705e-05
39 1.5039062500000000e-01 6.3650199187692655e-05
40 1.5429687500000000e-01 6.6387531033679811e-05
41 1.5820312500000000e-01 6.9150712068228302e-05
42 1.6210937500000000e-01 7.1937827451146771e-05
43 1.6601562500000000e-01 7.4746988695773302e-05
44 1.6992187500000000e-01 7.7576292286966485e-05
45 1.7382812500000000e-01 8.0423920635017235e-05
46 1.7773437500000000e-01 8.3288010198917062e-05
47 1.8164062500000000e-01 8.6166775632384019e-05
48 1.8554687500000000e-01 8.9058411558438357e-05
49 1.8945312500000000e-01 9.1961162600489330e-05
50 1.9335937500000000e-01 9.4873269722151282e-05
51 1.9726562500000000e-01 9.7793046170050466e-05
52 2.0117187500000000e-01 1.0071872558820971e-04
53 2.0507812500000000e-01 1.0364871440282815e-04
54 2.0898437500000000e-01 1.0658127258964120e-04
55 2.1289062500000000e-01 1.0951483017807625e-04
56 2.1679687500000000e-01 1.1244772713576837e-04
57 2.2070312500000000e-01 1.1537839526750055e-04
58 2.2460937500000000e-01 1.1830526362775502e-04
59 2.2851562500000000e-01 1.2122676852515399e-04
60 2.3242187500000000e-01 1.2414140900163760e-04
61 2.3632812500000000e-01 1.2704765497349854e-04
62 2.4023437500000000e-01 1.2994403363337896e-04
63 2.4414062500000000e-01 1.3282909397997603e-04
64 2.4804687500000000e-01 1.3570137862370813e-04
65 2.5195312500000000e-01 1.3855948927033162e-04
66 2.5585937500000000e-01 1.4140201305187089e-04
67 2.5976562500000000e-01 1.4422759346720444e-04
68 2.6367187500000000e-01 1.4703484670855384e-04
69 2.6757812500000000e-01 1.4982249262871861e-04
70 2.7148437500000000e-01 1.5258917193264289e-04
71 2.7539062500000000e-01 1.5533363262382801e-04
72 2.7929687500000000e-01 1.5805458630417093e-04
73 2.8320312500000000e-01 1.6075082095130637e-04
74 2.8710937500000000e-01 1.6342107904631677e-04
75 2.9101562500000000e-01 1.6606419945490664e-04
76 2.9492187500000000e-01 1.6867895189936555e-04
77 2.9882812500000000e-01 1.7126423704740294e-04
78 3.0273437500000000e-01 1.7381889733725144e-04
79 3.0664062500000000e-01 1.7634180974612475e-04
80 3.1054687500000000e-01 1.7883189579465933e-04
81 3.1445312500000000e-01 1.8128809062409627e-04
82 3.1835937500000000e-01 1.8370932662537540e-04
83 3.2226562500000000e-01 1.8609461165567916e-04
84 3.2617187500000000e-01 1.8844292080856485e-04
85 3.3007812500000000e-01 1.9075326644505406e-04
86 3.3398437500000000e-01 1.9302472547847718e-04
87 3.3789062500000000e-01 1.9525630567874836e-04
88 3.4179687500000000e-01 1.9744714030423514e-04
89 3.4570312500000000e-01 1.9959631529776296e-04
90 3.4960937500000000e-01 2.0170294204619127e-04
91 3.5351562500000000e-01 2.0376621013110888e-04
92 3.5742187500000000e-01 2.0578523271473029e-04
93 3.6132812500000000e-01 2.0775926845660684e-04
94 3.6523437500000000e-01 2.0968748686399190e-04
95 3.6914062500000000e-01 2.1156914655280244e-04
96 3.7304687500000000e-01 2.1340350247915987e-04
97 3.7695312500000000e-01 2.1518982958625144e-04
98 3.8085937500000000e-01 2.1692741189039549e-04
99 3.8476562500000000e-01 2.1861562615455282e-04
100 3.8867187500000000e-01 2.2025375635140610e-04
101 3.9257812500000000e-01 2.2184121921804949e-04
102 3.9648437500000000e-01 2.2337736052917279e-04
103 4.0039062500000000e-01 2.2486164609094878e-04
104 4.0429687500000000e-01 2.2629346165220065e-04
105 4.0820312500000000e-01 2.2767227843243504e-04
106 4.1210937500000000e-01 2.2899757490530206e-04
107 4.1601562500000000e-01 2.3026884407454686e-04
108 4.1992187500000000e-01 2.3148562075885493e-04
109 4.2382812500000000e-01 2.3264742156520277e-04
110 4.2773437500000000e-01 2.3375383765731218e-04
111 4.3164062500000000e-01 2.3480442925427093e-04
112 4.3554687500000000e-01 2.3579883295090243e-04
113 4.3945312500000000e-01 2.3673664894042785e-04
114 4.4335937500000000e-01 2.3761756106776156e-04
115 4.4726562500000000e-01 2.3844117857743652e-04
116 4.5117187500000000e-01 2.3920729804807576e-04
117 4.5507812500000000e-01 2.3991552686159021e-04
118 4.5898437500000000e-01 2.4056569429477866e-04
119 4.6289062500000000e-01 2.4115747135054592e-04
120 4.6679687500000000e-01 2.4169075456466609e-04
121 4.7070312500000000e-01 2.4216522217236636e-04
122 4.7460937500000000e-01 2.4258079249366016e-04
123 4.7851562500000000e-01 2.4293726559243122e-04
124 4.8242187500000000e-01 2.4323453609819551e-04
125 4.8632812500000000e-01 2.4347248952370695e-04
126 4.9023437500000000e-01 2.4365101135990011e-04
127 4.9414062500000000e-01 2.4377007984435241e-04
128 4.9804687500000000e-01 2.4382960952819711e-04
129 5.0195312500000000e-01 2.4382962226112293e-04
130 5.0585937500000000e-01 2.4377007620637360e-04
131 5.0976562500000000e-01 2.4365101135990011e-04
132 5.1367187500000000e-01 2.4347248042875993e-04
133 5.1757812500000000e-01 2.4323453427920610e-04
134 5.2148437500000000e-01 2.4293727650636764e-04
135 5.2539062500000000e-01 2.4258077430376612e-04
136 5.2929687500000000e-01 2.4216525309518622e-04
137 5.3320312500000000e-01 2.4169071818487802e-04
138 5.3710937500000000e-01 2.4115750773033399e-04
139 5.4101562500000000e-01 2.4056568156185284e-04
140 5.4492187500000000e-01 2.3991553231855842e-04
141 5.4882812500000000e-01 2.3920729622908636e-04
142 5.5273437500000000e-01 2.3844119312935175e-04
143 5.5664062500000000e-01 2.3761755197281454e-04
144 5.6054687500000000e-01 2.3673665803537487e-04
145 5.6445312500000000e-01 2.3579883295090243e-04
146 5.6835937500000000e-01 2.3480444198719676e-04
147 5.7226562500000000e-01 2.3375383038135456e-04
148 5.7617187500000000e-01 2.3264743429812860e-04
149 5.8007812500000000e-01 2.3148562621582314e-04
150 5.8398437500000000e-01 2.3026884589353626e-04
151 5.8789062500000000e-01 2.2899757854328087e-04
152 5.9179687500000000e-01 2.2767228207041385e-04
153 5.9570312500000000e-01 2.2629344891927482e-04
154 5.9960937500000000e-01 2.2486165336690640e-04
155 6.0351562500000000e-01 2.2337736598614100e-04
156 6.0742187500000000e-01 2.2184122103703890e-04
157 6.1132812500000000e-01 2.2025375998938491e-04
158 6.1523437500000000e-01 2.1861561524061639e-04
159 6.1914062500000000e-01 2.1692743189927893e-04
160 6.2304687500000000e-01 2.1518980775837859e-04
161 6.2695312500000000e-01 2.1340350793612808e-04
162 6.3085937500000000e-01 2.1156915200977065e-04
163 6.3476562500000000e-01 2.0968748140702369e-04
164 6.3867187500000000e-01 2.0775926481862803e-04
165 6.4257812500000000e-01 2.0578523999068791e-04
166 6.4648437500000000e-01 2.0376620103616187e-04
167 6.5039062500000000e-01 2.0170294204619127e-04
168 6.5429687500000000e-01 1.9959630438382654e-04
169 6.5820312500000000e-01 1.9744713848524574e-04
170 6.6210937500000000e-01 1.9525630567874836e-04
171 6.6601562500000000e-01 1.9302470910757255e-04
172 6.6992187500000000e-01 1.9075327463050637e-04
173 6.7382812500000000e-01 1.8844291717058604e-04
174 6.7773437500000000e-01 1.8609461256517386e-04
175 6.8164062500000000e-01 1.8370933299183831e-04
176 6.8554687500000000e-01 1.8128808607662276e-04
177 6.8945312500000000e-01 1.7883189397566992e-04
178 6.9335937500000000e-01 1.7634182247905058e-04
179 6.9726562500000000e-01 1.7381887005241039e-04
180 7.0117187500000000e-01 1.7126426069426519e-04
181 7.0507812500000000e-01 1.6867893916643973e-04
182 7.0898437500000000e-01 1.6606419945490664e-04
183 7.1289062500000000e-01 1.6342107904631677e-04
184 7.1679687500000000e-01 1.6075081913231697e-04
185 7.2070312500000000e-01 1.5805458357568683e-04
186 7.2460937500000000e-01 1.5533363626180682e-04
187 7.2851562500000000e-01 1.5258916465668527e-04
188 7.3242187500000000e-01 1.4982248899073980e-04
189 7.3632812500000000e-01 1.4703485580350086e-04
190 7.4023437500000000e-01 1.4422758982922564e-04
191 7.4414062500000000e-01 1.4140201396136559e-04
192 7.4804687500000000e-01 1.3855948836083692e-04
193 7.5195312500000000e-01 1.3570138680916045e-04
194 7.5585937500000000e-01 1.3282909034199723e-04
195 7.5976562500000000e-01 1.2994403454287366e-04
196 7.6367187500000000e-01 1.2704765315450913e-04
197 7.6757812500000000e-01 1.2414140900163760e-04
198 7.7148437500000000e-01 1.2122676670616459e-04
199 7.7539062500000000e-01 1.1830526999421793e-04
200 7.7929687500000000e-01 1.1537838799154294e-04
201 7.8320312500000000e-01 1.1244773804970480e-04
202 7.8710937500000000e-01 1.0951481744515042e-04
203 7.9101562500000000e-01 1.0658128441307232e-04
204 7.9492187500000000e-01 1.0364870894585994e-04
205 7.9882812500000000e-01 1.0071873331891467e-04
206 8.0273437500000000e-01 9.7793043896313712e-05
207 8.0664062500000000e-01 9.4873268812656580e-05
208 8.1054687500000000e-01 9.1961162145741979e-05
209 8.1445312500000000e-01 8.9058412922680410e-05
210 8.1835937500000000e-01 8.6166769265921106e-05
211 8.2226562500000000e-01 8.3288015201137054e-05
212 8.2617187500000000e-01 8.0423914268553455e-05
213 8.3007812500000000e-01 7.7576297289186477e-05
214 8.3398437500000000e-01 7.4746982329309522e-05
215 8.3789062500000000e-01 7.1937830634377360e-05
216 8.4179687500000000e-01 6.9150710249238031e-05
217 8.4570312500000000e-01 6.6387531033678944e-05
218 8.4960937500000000e-01 6.3650195094965630e-05
219 8.5351562500000000e-01 6.0940662726207242e-05
220 8.5742187500000000e-01 5.8260875099307987e-05
221 8.6132812500000000e-01 5.5612833391004233e-05
222 8.6523437500000000e-01 5.2998534663490629e-05
223 8.6914062500000000e-01 5.0420010290568550e-05
224 8.7304687500000000e-01 4.7879312769975304e-05
225 8.7695312500000000e-01 4.5378503217830034e-05
226 8.8085937500000000e-01 4.2919687748423519e-05
227 8.8476562500000000e-01 4.0504973818470541e-05
228 8.8867187500000000e-01 3.8136500240436993e-05
229 8.9257812500000000e-01 3.5816427178097295e-05
230 8.9648437500000000e-01 3.3546934554918445e-05
231 9.0039062500000000e-01 3.1330223645675750e-05
232 9.0429687500000000e-01 2.9168519350189579e-05
233 9.0820312500000000e-01 2.7064065759539995e-05
234 9.1210937500000000e-01 2.5019136046819466e-05
235 9.1601562500000000e-01 2.3036014959361591e-05
236 9.1992187500000000e-01 2.1117014621210677e-05
237 9.2382812500000000e-01 1.9264471122517040e-05
238 9.2773437500000000e-01 1.7480736334083823e-05
239 9.3164062500000000e-01 1.5768188593931042e-05
240 9.3554687500000000e-01 1.4129227079795817e-05
241 9.3945312500000000e-01 1.2566270217518813e-05
242 9.4335937500000000e-01 1.1081762388564197e-05
243 9.4726562500000000e-01 9.6781664266918158e-06
244 9.5117187500000000e-01 8.3579688475486982e-06
245 9.5507812500000000e-01 7.1236766370184890e-06
246 9.5898437500000000e-01 5.9778206618265814e-06
247 9.6289062500000000e-01 4.9229503830986940e-06
248 9.6679687500000000e-01 3.9616406633637483e-06
249 9.7070312500000000e-01 3.0964853716683796e-06
250 9.7460937500000000e-01 2.3301017605201896e-06
251 9.7851562500000000e-01 1.6651277054283500e-06
252 9.8242187500000000e-01 1.1042242539765351e-06
253 9.8632812500000000e-01 6.5007308563264088e-07
254 9.9023437500000000e-01 3.0537842233072099e-07
255 9.9414062500000000e-01 7.2865895268947600e-08
256 9.9804687500000000e-01 -4.4716889770028689e-08
