# P x u_num u_exact u_err v_num v_exact v_err psi_num psi_exact psi_err
1 1.9531250000000000e-03 6.0747023936459105e-03 6.0748315767994608e-03 -1.2918315355023996e-07 6.0747864823840828e-03 6.0748315767994608e-03 -4.5094415378026109e-08 1.2149488876029993e-02 1.2149663153598922e-02 -1.7427756892826607e-07
2 5.8593750000000000e-03 1.8223458642618533e-02 1.8223579883107903e-02 -1.2124048937023346e-07 1.8223560413483036e-02 1.8223579883107903e-02 -1.9469624867179958e-08 3.6447019056101565e-02 3.6447159766215806e-02 -1.4071011424088287e-07
3 9.7656250000000000e-03 3.0369484871673534e-02 3.0369583785317546e-02 -9.8913644011600077e-08 3.0369546983241277e-02 3.0369583785317546e-02 -3.6802076268382944e-08 6.0739031854914811e-02 6.0739167570635091e-02 -1.3571572027998302e-07
4 1.3671875000000000e-02 4.2510929640555965e-02 4.2511014139917223e-02 -8.4499361258094652e-08 4.2510983684463030e-02 4.2511014139917223e-02 -3.0455454193278886e-08 8.5021913325018988e-02 8.5022028279834447e-02 -1.1495481545831243e-07
5 1.7578125000000000e-02 5.4645972240346084e-02 5.4646042492155232e-02 -7.0251809147769961e-08 5.4646018784164946e-02 5.4646042492155232e-02 -2.3707990286225833e-08 1.0929199102451104e-01 1.0929208498431046e-01 -9.3959799427056900e-08
6 2.1484375000000000e-02 6.6772785943116836e-02 6.6772841351397855e-02 -5.5408281018909378e-08 6.6772822520163991e-02 6.6772841351397855e-02 -1.8831233863925156e-08 1.3354560846328084e-01 1.3354568270279571e-01 -7.4239514868956746e-08
7 2.5390625000000000e-02 7.8889543820165511e-02 7.8889584466342796e-02 -4.0646177285053042e-08 7.8889570648849605e-02 7.8889584466342796e-02 -1.3817493191292662e-08 1.5777911446901510e-01 1.5777916893268559e-01 -5.4463670490223492e-08
8 2.9296875000000000e-02 9.0994421150156213e-02 9.0994447100045783e-02 -2.5949889570497930e-08 9.0994438363590183e-02 9.0994447100045783e-02 -8.7364556006219729e-09 1.8198885951374638e-01 1.8198889420009157e-01 -3.4686345184997691e-08
9 3.3203125000000000e-02 1.0308559501181588e-01 1.0308560630471940e-01 -1.1292903515092156e-08 1.0308560261755946e-01 1.0308560630471940e-01 -3.6871599384813436e-09 2.0617119762937536e-01 2.0617121260943880e-01 -1.4980063439695712e-08
10 3.7109375000000000e-02 1.1516124451114683e-01 1.1516124119626214e-01 3.3148846861896786e-09 1.1516124253681963e-01 1.1516124119626214e-01 1.3405574844638224e-09 2.3032248704796646e-01 2.3032248239252429e-01 4.6554421706535010e-09
11 4.1015625000000000e-02 1.2721955109513647e-01 1.2721953322847712e-01 1.7866659346443825e-08 1.2721953957643767e-01 1.2721953322847712e-01 6.3479605461047584e-09 2.5443909067157411e-01 2.5443906645695424e-01 2.4214619864793008e-08
12 4.4921875000000000e-02 1.3925869882398037e-01 1.3925866646693805e-01 3.2357042323294394e-08 1.3925867779947698e-01 1.3925866646693805e-01 1.1332538935038272e-08 2.7851737662345732e-01 2.7851733293387609e-01 4.3689581230577090e-08
13 4.8828125000000000e-02 1.5127687464307465e-01 1.5127682786246277e-01 4.6780611884233991e-08 1.5127684415492768e-01 1.5127682786246277e-01 1.6292464904976711e-08 3.0255371879800230e-01 3.0255365572492554e-01 6.3073076761455127e-08
14 5.2734375000000000e-02 1.6327226865623537e-01 1.6327220752415125e-01 6.1132084117065943e-08 1.6327222875023545e-01 1.6327220752415125e-01 2.1226084195857808e-08 3.2654449740647085e-01 3.2654441504830251e-01 8.2358168340679327e-08
15 5.6640625000000000e-02 1.7524307439832856e-01 1.7524299899194898e-01 7.5406379584919137e-08 1.7524302512370046e-01 1.7524299899194898e-01 2.6131751484914645e-08 3.5048609952202903e-01 3.5048599798389796e-01 1.0153813106983378e-07
16 6.0546875000000000e-02 1.8718748910731256e-01 1.8718739950869293e-01 8.9598619634756460e-08 1.8718743051656817e-01 1.8718739950869293e-01 3.1007875239685845e-08 3.7437491962388070e-01 3.7437479901738585e-01 1.2060649484668673e-07
17 6.4453125000000000e-02 1.9910371399571758e-01 1.9910361029160026e-01 1.0370411732130158e-07 1.9910364614457240e-01 1.9910361029160026e-01 3.5852972146699358e-08 3.9820736014029001e-01 3.9820722058320052e-01 1.3955708949575651e-07
18 6.8359375000000000e-02 2.1098995452156558e-01 2.1098983680315828e-01 1.1771840729979388e-07 2.1098987746876094e-01 2.1098983680315828e-01 4.0665602663025879e-08 4.2197983199032651e-01 4.2197967360631655e-01 1.5838400996281976e-07
19 7.2265625000000000e-02 2.2284442065862178e-01 2.2284428902137537e-01 1.3163724640885555e-07 2.2284433446576568e-01 2.2284428902137537e-01 4.5444390306403903e-08 4.4568875512438744e-01 4.4568857804275075e-01 1.7708163668750387e-07
20 7.6171875000000000e-02 2.3466532716595681e-01 2.3466518170935158e-01 1.4545660523279658e-07 2.3466523189741526e-01 2.3466518170935158e-01 5.0188063677181205e-08 4.6933055906337207e-01 4.6933036341870316e-01 1.9564466890997778e-07
21 8.0078125000000000e-02 2.4645089385682378e-01 2.4645073468412870e-01 1.5917269508003429e-07 2.4645078957951999e-01 2.4645073468412870e-01 5.4895391288223294e-08 4.9290168343634377e-01 4.9290146936825741e-01 2.1406808636825758e-07
22 8.3984375000000000e-02 2.5819934586672721e-01 2.5819917308477947e-01 1.7278194774927869e-07 2.5819923265002404e-01 2.5819917308477947e-01 5.9565244570070064e-08 5.1639857851675131e-01 5.1639834616955893e-01 2.3234719237485990e-07
23 8.7890625000000000e-02 2.6990891392072897e-01 2.6990872763969487e-01 1.8628103409801255e-07 2.6990879183625133e-01 2.6990872763969487e-01 6.4196556459616971e-08 5.3981770575698029e-01 5.3981745527938974e-01 2.5047759055762953e-07
24 9.1796875000000000e-02 2.8157783459988223e-01 2.8157763493303006e-01 1.9966685216310509e-07 2.8157770372138313e-01 2.8157763493303006e-01 6.8788353069226815e-08 5.6315553832126541e-01 5.6315526986606013e-01 2.6845520528784306e-07
25 9.5703125000000000e-02 2.9320435060681482e-01 2.9320413767026821e-01 2.1293654661747041e-07 2.9320421100996302e-01 2.9320413767026821e-01 7.3339694817153855e-08 5.8640856161677779e-01 5.8640827534053641e-01 2.8627624137911312e-07
26 9.9609375000000000e-02 3.0478671103034033e-01 3.0478648494286281e-01 2.2608747751728941e-07 3.0478656279262867e-01 3.0478648494286281e-01 7.7849765856008446e-08 6.0957327382296900e-01 6.0957296988572562e-01 3.0393724337329786e-07
27 1.0351562500000000e-01 3.1632317160915391e-01 3.1632293249191790e-01 2.3911723601166557e-07 3.1632301480973390e-01 3.1632293249191790e-01 8.2317816008092848e-08 6.3264618641888781e-01 6.3264586498383579e-01 3.2143505201975842e-07
28 1.0742187500000000e-01 3.2781199499451213e-01 3.2781174297086690e-01 2.5202364523080334e-07 3.2781182971401551e-01 3.2781174297086690e-01 8.6743148608459109e-08 6.5562382470852765e-01 6.5562348594173381e-01 3.3876679383926245e-07
29 1.1132812500000000e-01 3.3925145101185566e-01 3.3925118620711070e-01 2.6480474496493045e-07 3.3925127733226029e-01 3.3925118620711070e-01 9.1125149592752308e-08 6.7850272834411596e-01 6.7850237241422140e-01 3.5592989455768276e-07
30 1.1523437500000000e-01 3.5063981692136503e-01 3.5063953946257576e-01 2.7745878927731837e-07 3.5063963492584982e-01 3.5063953946257576e-01 9.5463274063511960e-08 7.0127945184721485e-01 7.0127907892515151e-01 3.7292206334083033e-07
31 1.1914062500000000e-01 3.6197537767739235e-01 3.6197508769315134e-01 2.8998424100867837e-07 3.6197518745020235e-01 3.6197508769315134e-01 9.9757051008619868e-08 7.2395056512759470e-01 7.2395017538630269e-01 3.8974129201729824e-07
32 1.2304687500000000e-01 3.7325642618674160e-01 3.7325612380696932e-01 3.0237977227676183e-07 3.7325622781301210e-01 3.7325612380696932e-01 1.0400604277815972e-07 7.4651265399975375e-01 7.4651224761393864e-01 4.0638581511043270e-07
33 1.2695312500000000e-01 3.8448126356571222e-01 3.8448094892148588e-01 3.1464422634019940e-07 3.8448105713143477e-01 3.8448094892148588e-01 1.0820994889026991e-07 7.6896232069714698e-01 7.6896189784297175e-01 4.2285417523046931e-07
34 1.3085937500000000e-01 3.9564819939598667e-01 3.9564787261932693e-01 3.2677665973146475e-07 3.9564798498777171e-01 3.9564787261932693e-01 1.1236844477124919e-07 7.9129618438375837e-01 7.9129574523865387e-01 4.3914510450271393e-07
35 1.3476562500000000e-01 4.0675555197915086e-01 4.0675521320285879e-01 3.3877629207479387e-07 4.0675532968416300e-01 4.0675521320285879e-01 1.1648130421315628e-07 8.1351088166331387e-01 8.1351042640571758e-01 4.5525759628795015e-07
36 1.3867187500000000e-01 4.1780164858995072e-01 4.1780129794744558e-01 3.5064250514249551e-07 4.1780141849581948e-01 4.1780129794744558e-01 1.2054837389419149e-07 8.3560306708577015e-01 8.3560259589489116e-01 4.7119087898117584e-07
37 1.4257812500000000e-01 4.2878482572820659e-01 4.2878446335335541e-01 3.6237485118162382e-07 4.2878458792286744e-01 4.2878446335335541e-01 1.2456951203887456e-07 8.5756941365107409e-01 8.5756892670671081e-01 4.8694436327600954e-07
38 1.4648437500000000e-01 4.3970342936930534e-01 4.3970305539627741e-01 3.7397302793396037e-07 4.3970318394091218e-01 4.3970305539627741e-01 1.2854463476985600e-07 8.7940661331021752e-01 8.7940611079255482e-01 5.0251766270381637e-07
39 1.5039062500000000e-01 4.5055581521327581e-01 4.5055542977641178e-01 3.8543686403658128e-07 4.5055556225013099e-01 4.5055542977641178e-01 1.3247371921654150e-07 9.0111137746340675e-01 9.0111085955282355e-01 5.1791058319761163e-07
40 1.5429687500000000e-01 4.6134034893241038e-01 4.6133995216609486e-01 3.9676631552465480e-07 4.6134008852288383e-01 4.6133995216609486e-01 1.3635678897117032e-07 9.2268043745529416e-01 9.2267990433218972e-01 5.3312310444031397e-07
41 1.5820312500000000e-01 4.7205540641738636e-01 4.7205499845592341e-01 4.0796146294486135e-07 4.7205513864980403e-01 4.7205499845592341e-01 1.4019388061559113e-07 9.4411054506719039e-01 9.4410999691184683e-01 5.4815534356045248e-07
42 1.6210937500000000e-01 4.8269937402183777e-01 4.8269895499933935e-01 4.1902249842129535e-07 4.8269909898439117e-01 4.8269895499933935e-01 1.4398505182589005e-07 9.6539847300622894e-01 9.6539790999867869e-01 5.6300755024718541e-07
43 1.6601562500000000e-01 4.9327064880533245e-01 4.9327021885563860e-01 4.2994969384757553e-07 4.9327036658607776e-01 4.9327021885563860e-01 1.4773043915949913e-07 9.8654101539141026e-01 9.8654043771127720e-01 5.7768013306258581e-07
44 1.6992187500000000e-01 5.0376763877478581e-01 5.0376719803136860e-01 4.4074341720712340e-07 5.0376734946154611e-01 5.0376719803136860e-01 1.5143017750851584e-07 1.0075349882363320e+00 1.0075343960627372e+00 5.9217359482666154e-07
45 1.7382812500000000e-01 5.1418876312419670e-01 5.1418831172007662e-01 4.5140412008315423e-07 5.1418846680447994e-01 5.1418831172007662e-01 1.5508440331934992e-07 1.0283772299286766e+00 1.0283766234401532e+00 6.0648852340250414e-07
46 1.7773437500000000e-01 5.2453245247266123e-01 5.2453199054037258e-01 4.6193228864233049e-07 5.2453214923374014e-01 5.2453199054037258e-01 1.5869336755791608e-07 1.0490646017064014e+00 1.0490639810807452e+00 6.2062565620024657e-07
47 1.8164062500000000e-01 5.3479714910078258e-01 5.3479667677227372e-01 4.7232850886036459e-07 5.3479683902947917e-01 5.3479667677227372e-01 1.6225720544937872e-07 1.0695939881302619e+00 1.0695933535445474e+00 6.3458571442076561e-07
48 1.8554687500000000e-01 5.4498130718516891e-01 5.4498082459178965e-01 4.8259337925848911e-07 5.4498099036796332e-01 5.4498082459178965e-01 1.6577617367730113e-07 1.0899622975531322e+00 1.0899616491835793e+00 6.4836955293579024e-07
49 1.8945312500000000e-01 5.5508339303128762e-01 5.5508290030371910e-01 4.9272756852403177e-07 5.5508306955416320e-01 5.5508290030371910e-01 1.6925044410420753e-07 1.1101664625854508e+00 1.1101658006074382e+00 6.6197801262823930e-07
50 1.9335937500000000e-01 5.6510188530435512e-01 5.6510138257261811e-01 5.0273173701764762e-07 5.6510155525292782e-01 5.6510138257261811e-01 1.7268030971795412e-07 1.1302034405572829e+00 1.1302027651452362e+00 6.7541204673560173e-07
51 1.9726562500000000e-01 5.7503527525849618e-01 5.7503476265190800e-01 5.1260658817664506e-07 5.7503493871790867e-01 5.7503476265190800e-01 1.7606600066777389e-07 1.1500702139764050e+00 1.1500695253038160e+00 6.8867258895544126e-07
52 2.0117187500000000e-01 5.8488206696393763e-01 5.8488154461108643e-01 5.2235285119550667e-07 5.8488172401880312e-01 5.8488154461108643e-01 1.7940771668278899e-07 1.1697637909827407e+00 1.1697630892221729e+00 7.0176056787829566e-07
53 2.0507812500000000e-01 5.9464077753223643e-01 5.9464024556101014e-01 5.3197122629189408e-07 5.9464042826677155e-01 5.9464024556101014e-01 1.8270576140899664e-07 1.1892812057990079e+00 1.1892804911220203e+00 7.1467698758986842e-07
54 2.0898437500000000e-01 6.0430993733964566e-01 6.0430939587721089e-01 5.4146243477770639e-07 6.0430958183758732e-01 6.0430939587721089e-01 1.8596037643092700e-07 1.2086195191772329e+00 1.2086187917544218e+00 7.2742281109761109e-07
55 2.1289062500000000e-01 6.1388809024841839e-01 6.1388753942121710e-01 5.5082720129551177e-07 6.1388772859298057e-01 6.1388753942121710e-01 1.8917176347610365e-07 1.2277758188413990e+00 1.2277750788424342e+00 7.3999896477161542e-07
56 2.1679687500000000e-01 6.2337379382606173e-01 6.2337323375984244e-01 5.6006621929061140e-07 6.2337342610002455e-01 6.2337323375984244e-01 1.9234018211466974e-07 1.2467472199260863e+00 1.2467464675196849e+00 7.5240640140528114e-07
57 2.2070312500000000e-01 6.3276561956258537e-01 6.3276505038241049e-01 5.6918017488083450e-07 6.3276524584825156e-01 6.3276505038241049e-01 1.9546584106855391e-07 1.2655308654108368e+00 1.2655301007648210e+00 7.6464601583836611e-07
58 2.2460937500000000e-01 6.4206215308559778e-01 6.4206157491588378e-01 5.7816971399393680e-07 6.4206177346488491e-01 6.4206157491588378e-01 1.9854900112914464e-07 1.2841239265504827e+00 1.2841231498317676e+00 7.7671871512308144e-07
59 2.2851562500000000e-01 6.5126199437333065e-01 6.5126140733786275e-01 5.8703546790273009e-07 6.5126160892772811e-01 6.5126140733786275e-01 2.0158986535623313e-07 1.3025236033010588e+00 1.3025228146757255e+00 7.8862533325896322e-07
60 2.3242187500000000e-01 6.6036375796546931e-01 6.6036316218742430e-01 5.9577804500943188e-07 6.6036336677603591e-01 6.6036316218742430e-01 2.0458861160754793e-07 1.3207271247415053e+00 1.3207263243748486e+00 8.0036665672800211e-07
61 2.3632812500000000e-01 6.6936607317178209e-01 6.6936546877376712e-01 6.0439801496947609e-07 6.6936567631917920e-01 6.6936546877376712e-01 2.0754541207868016e-07 1.3387317494909614e+00 1.3387309375475342e+00 8.1194342715917855e-07
62 2.4023437500000000e-01 6.7826758427852518e-01 6.7826697138263226e-01 6.1289589292634616e-07 6.7826718184310841e-01 6.7826697138263226e-01 2.1046047615769226e-07 1.3565347661216336e+00 1.3565339427652645e+00 8.2335636908403842e-07
63 2.4414062500000000e-01 6.8706695075263990e-01 6.8706632948046931e-01 6.2127217059781970e-07 6.8706654281442125e-01 6.8706632948046931e-01 2.1333395194833571e-07 1.3741334935670610e+00 1.3741326589609386e+00 8.3460612243513310e-07
64 2.4804687500000000e-01 6.9576284744361061e-01 6.9576221791631498e-01 6.2952729562582022e-07 6.9576243408229510e-01 6.9576221791631498e-01 2.1616598011586774e-07 1.3915252815259058e+00 1.3915244358326300e+00 8.4569327585271026e-07
65 2.5195312500000000e-01 7.0435396478301959e-01 7.0435332712135712e-01 6.3766166247258838e-07 7.0435354607807210e-01 7.0435332712135712e-01 2.1895671498128877e-07 1.4087075108610918e+00 1.4087066542427142e+00 8.5661837756489945e-07
66 2.5585937500000000e-01 7.1283900898178265e-01 7.1283836330615002e-01 6.4567563262674099e-07 7.1283858501240338e-01 7.1283836330615002e-01 2.2170625335604655e-07 1.4256775939941861e+00 1.4256767266123000e+00 8.6738188609380984e-07
67 2.5976562500000000e-01 7.2121670222497514e-01 7.2121604865545441e-01 6.5356952072548324e-07 7.2121627307014835e-01 7.2121604865545441e-01 2.2441469393896796e-07 1.4424329752951235e+00 1.4424320973109088e+00 8.7798421466445120e-07
68 2.6367187500000000e-01 7.2948578286425703e-01 7.2948512152067246e-01 6.6134358456260145e-07 7.2948534860281145e-01 7.2948512152067246e-01 2.2708213898159357e-07 1.4589711314670684e+00 1.4589702430413449e+00 8.8842572343317272e-07
69 2.6757812500000000e-01 7.3764500560790347e-01 7.3764433660984674e-01 6.6899805672981927e-07 7.3764456631846853e-01 7.3764433660984674e-01 2.2970862179061413e-07 1.4752895719263721e+00 1.4752886732196935e+00 8.9870667863145570e-07
70 2.7148437500000000e-01 7.4569314170829426e-01 7.4569246517519661e-01 6.7653309765436376e-07 7.4569269746943068e-01 7.4569246517519661e-01 2.3229423407045147e-07 1.4913858391777248e+00 1.4913849303503932e+00 9.0882733161379292e-07
71 2.7539062500000000e-01 7.5362897914700777e-01 7.5362829519816354e-01 6.8394884422673385e-07 7.5362853003715158e-01 7.5362829519816354e-01 2.3483898803355885e-07 1.5072575091841593e+00 1.5072565903963271e+00 9.1878783226029270e-07
72 2.7929687500000000e-01 7.6145132281731631e-01 7.6145063157193638e-01 6.9124537993570101e-07 7.6145086891484426e-01 7.6145063157193638e-01 2.3734290788279822e-07 1.5229021917321606e+00 1.5229012631438728e+00 9.2858828781849923e-07
73 2.8320312500000000e-01 7.6915899470417459e-01 7.6915829628143007e-01 6.9842274452724951e-07 7.6915853608743157e-01 7.6915829628143007e-01 2.3980600150075304e-07 1.5383175307916062e+00 1.5383165925628601e+00 9.3822874602800255e-07
74 2.8710937500000000e-01 7.7675083406161405e-01 7.7675012858069037e-01 7.0548092367950233e-07 7.7675037080899090e-01 7.7675012858069037e-01 2.4222830052877953e-07 1.5535012048706049e+00 1.5535002571613807e+00 9.4770922420828185e-07
75 2.9101562500000000e-01 7.8422569758758676e-01 7.8422498516769790e-01 7.1241988885972773e-07 7.8422522977743658e-01 7.8422498516769790e-01 2.4460973868656311e-07 1.5684509273650233e+00 1.5684499703353958e+00 9.5702962754629084e-07
76 2.9492187500000000e-01 7.9158245959609774e-01 7.9158174035654527e-01 7.1923955247132909e-07 7.9158198730683649e-01 7.9158174035654527e-01 2.4695029121613032e-07 1.5831644469029342e+00 1.5831634807130905e+00 9.6618984368745942e-07
77 2.9882812500000000e-01 7.9882001218675713e-01 7.9881928624696141e-01 7.2593979572044276e-07 7.9881953549686868e-01 7.9881928624696141e-01 2.4924990726926666e-07 1.5976395476836258e+00 1.5976385724939228e+00 9.7518970298970942e-07
78 3.0273437500000000e-01 8.0593726541161270e-01 8.0593653289115708e-01 7.3252045562632873e-07 8.0593678439970406e-01 8.0593653289115708e-01 2.5150854698896552e-07 1.6118740498113167e+00 1.6118730657823142e+00 9.8402900250427194e-07
79 3.0664062500000000e-01 8.1293314743930911e-01 8.1293240845796699e-01 7.3898134211880517e-07 8.1293266218409654e-01 8.1293240845796699e-01 2.5372612955099072e-07 1.6258658096234058e+00 1.6258648169159340e+00 9.9270747178081820e-07
80 3.1054687500000000e-01 8.1980660471650058e-01 8.1980585939426354e-01 7.4532223703904776e-07 8.1980611529682179e-01 8.1980585939426354e-01 2.5590255825491681e-07 1.6396127200133224e+00 1.6396117187885271e+00 1.0012247952939646e-06
81 3.1445312500000000e-01 8.2655660212650184e-01 8.2655585058361802e-01 7.5154288381451551e-07 8.2655610862137263e-01 8.2655585058361802e-01 2.5803775460797596e-07 1.6531127107478745e+00 1.6531117011672360e+00 1.0095806384224915e-06
82 3.1835937500000000e-01 8.3318212314517937e-01 8.3318136550218613e-01 7.5764299323211048e-07 8.3318162563381737e-01 8.3318136550218613e-01 2.6013163123561611e-07 1.6663637487789966e+00 1.6663627310043723e+00 1.0177746243567043e-06
83 3.2226562500000000e-01 8.3968216999405676e-01 8.3968140637179145e-01 7.6362226530957145e-07 8.3968166855584447e-01 8.3968140637179145e-01 2.6218405302369518e-07 1.6793638385499012e+00 1.6793628127435829e+00 1.0258063183332666e-06
84 3.2617187500000000e-01 8.4605576379054426e-01 8.4605499431018838e-01 7.6948035587776076e-07 8.4605525850512719e-01 8.4605499431018838e-01 2.6419493881491007e-07 1.6921110222956715e+00 1.6921099886203768e+00 1.0336752946926708e-06
85 3.3007812500000000e-01 8.5230194469540355e-01 8.5230116947847678e-01 7.7521692676274512e-07 8.5230143564258765e-01 8.5230116947847678e-01 2.6616411086255454e-07 1.7046033803379912e+00 1.7046023389569536e+00 1.0413810376252997e-06
86 3.3398437500000000e-01 8.5841977205724462e-01 8.5841899122565191e-01 7.8083159271713498e-07 8.5841925931712859e-01 8.5841899122565191e-01 2.6809147668505062e-07 1.7168390313743731e+00 1.7168379824513038e+00 1.0489230692911633e-06
87 3.3789062500000000e-01 8.6440832455421923e-01 8.6440753823026162e-01 7.8632395761335516e-07 8.6440780820716401e-01 8.6440753823026162e-01 2.6997690238950156e-07 1.7288161327613834e+00 1.7288150764605232e+00 1.0563008601138790e-06
88 3.4179687500000000e-01 8.7026670033276954e-01 8.7026590863915465e-01 7.9169361488773404e-07 8.7026618045939963e-01 8.7026590863915465e-01 2.7182024497918178e-07 1.7405328807921692e+00 1.7405318172783093e+00 1.0635138598669158e-06
89 3.4570312500000000e-01 8.7599401714345659e-01 8.7599322020329629e-01 7.9694016030806836e-07 8.7599349382460012e-01 8.7599322020329629e-01 2.7362130383679073e-07 1.7519875109680567e+00 1.7519864404065926e+00 1.0705614641448591e-06
90 3.4960937500000000e-01 8.8158941247377554e-01 8.8158861041063152e-01 8.0206314401198853e-07 8.8158888579061334e-01 8.8158861041063152e-01 2.7537998181781376e-07 1.7631782982643889e+00 1.7631772208212630e+00 1.0774431258298023e-06
91 3.5351562500000000e-01 8.8705204367810231e-01 8.8705123661597673e-01 8.0706212557402068e-07 8.8705151371208535e-01 8.8705123661597673e-01 2.7709610861403888e-07 1.7741035573901875e+00 1.7741024732319535e+00 1.0841582340770373e-06
92 3.5742187500000000e-01 8.9238108810459016e-01 8.9238027616791848e-01 8.1193667167411832e-07 8.9238055493740187e-01 8.9238027616791848e-01 2.7876948338612095e-07 1.7847616430419921e+00 1.7847605523358370e+00 1.0907061551712616e-06
93 3.6132812500000000e-01 8.9757574321900024e-01 8.9757492653270188e-01 8.1668629836606499e-07 8.9757520693272297e-01 8.9757492653270188e-01 2.8040002109097628e-07 1.7951509501517231e+00 1.7951498530654038e+00 1.0970863193460190e-06
94 3.6523437500000000e-01 9.0263522672564078e-01 9.0263440541508955e-01 8.2131055123557672e-07 9.0263468740263986e-01 9.0263440541508955e-01 2.8198755031016987e-07 1.8052699141282806e+00 1.8052688108301791e+00 1.1032981015457466e-06
95 3.6914062500000000e-01 9.0755877668513196e-01 9.0755795087617208e-01 8.2580895988115799e-07 9.0755823440808825e-01 9.0755795087617208e-01 2.8353191616758977e-07 1.8151170110932202e+00 1.8151159017523442e+00 1.1093408760487478e-06
96 3.7304687500000000e-01 9.1234565162918757e-01 9.1234482144811291e-01 8.3018107466248381e-07 9.1234510648103262e-01 9.1234482144811291e-01 2.8503291971126998e-07 1.8246907581102203e+00 1.8246896428962258e+00 1.1152139944847761e-06
97 3.7695312500000000e-01 9.1699513067224625e-01 9.1699429624581186e-01 8.3442643439290975e-07 9.1699458273619783e-01 9.1699429624581186e-01 2.8649038597006182e-07 1.8339897134084442e+00 1.8339885924916237e+00 1.1209168204739939e-06
98 3.8085937500000000e-01 9.2150651362001790e-01 9.2150567507546621e-01 8.3854455168452802e-07 9.2150596297968812e-01 9.2150567507546621e-01 2.8790422190727583e-07 1.8430124765997060e+00 1.8430113501509324e+00 1.1264487735918038e-06
99 3.8476562500000000e-01 9.2587912107501746e-01 9.2587827854001847e-01 8.4253499899045181e-07 9.2587856781419553e-01 9.2587827854001847e-01 2.8927417705659764e-07 1.8517576888892129e+00 1.8517565570800369e+00 1.1318091759360271e-06
100 3.8867187500000000e-01 9.3011229453876021e-01 9.3011144814147062e-01 8.4639728958890714e-07 9.3011173874165398e-01 9.3011144814147062e-01 2.9060018336135585e-07 1.8602240332804141e+00 1.8602228962829412e+00 1.1369974728392407e-06
101 3.9257812500000000e-01 9.3420539651105283e-01 9.3420454638005146e-01 8.5013100137310005e-07 9.3420483826205780e-01 9.3420454638005146e-01 2.9188200634244765e-07 1.8684102347731106e+00 1.8684090927601029e+00 1.1420130077155477e-06
102 3.9648437500000000e-01 9.3815781058588021e-01 9.3815695685022182e-01 8.5373565839041987e-07 9.3815724996980965e-01 9.3815695685022182e-01 2.9311958782418657e-07 1.8763150605556898e+00 1.8763139137004436e+00 1.1468552461035841e-06
103 4.0039062500000000e-01 9.4196894154436106e-01 9.4196808433350299e-01 8.5721085807399788e-07 9.4196837864618965e-01 9.4196808433350299e-01 2.9431268666613164e-07 1.8839373201905507e+00 1.8839361686670060e+00 1.1515235447401295e-06
104 4.0429687500000000e-01 9.4563821544427551e-01 9.4563735488811440e-01 8.6055616110858324e-07 9.4563765034930503e-01 9.4563735488811440e-01 2.9546119062473508e-07 1.8912758657935806e+00 1.8912747097762288e+00 1.1560173518443406e-06
105 4.0820312500000000e-01 9.4916507970655573e-01 9.4916421593540745e-01 8.6377114827396184e-07 9.4916451250037548e-01 9.4916421593540745e-01 2.9656496802754617e-07 1.8983295922069312e+00 1.8983284318708149e+00 1.1603361163015080e-06
106 4.1210937500000000e-01 9.5254900319850344e-01 9.5254813634308078e-01 8.6685542266540239e-07 9.5254843396693378e-01 9.5254813634308078e-01 2.9762385300724503e-07 1.9050974371654372e+00 1.9050962726861616e+00 1.1644792756726474e-06
107 4.1601562500000000e-01 9.5578947631374223e-01 9.5578860650516839e-01 8.6980857383345267e-07 9.5578890514293180e-01 9.5578860650516839e-01 2.9863776340732784e-07 1.9115783814566740e+00 1.9115772130103368e+00 1.1684463372407805e-06
108 4.1992187500000000e-01 9.5888601104900006e-01 9.5888513841878298e-01 8.7263021708583466e-07 9.5888543802535930e-01 9.5888513841878298e-01 2.9960657632610577e-07 1.9177714490743594e+00 1.9177702768375660e+00 1.1722367934119404e-06
109 4.2382812500000000e-01 9.6183814107763321e-01 9.6183726575760853e-01 8.7532002468471148e-07 9.6183756628765182e-01 9.6183726575760853e-01 3.0053004329566591e-07 1.9236757073652850e+00 1.9236745315152171e+00 1.1758500679803774e-06
110 4.2773437500000000e-01 9.6464542181975232e-01 9.6464454394212640e-01 8.7787762592661522e-07 9.6464484535022132e-01 9.6464454394212640e-01 3.0140809492706921e-07 1.9292902671699736e+00 1.9292890878842528e+00 1.1792857208536844e-06
111 4.3164062500000000e-01 9.6730743050921231e-01 9.6730655020656819e-01 8.8030264411287362e-07 9.6730685244728964e-01 9.6730655020656819e-01 3.0224072145035308e-07 1.9346142829565021e+00 1.9346131004131364e+00 1.1825433656742490e-06
112 4.3554687500000000e-01 9.6982376625738376e-01 9.6982288366258196e-01 8.8259480179875283e-07 9.6982318669025314e-01 9.6982288366258196e-01 3.0302767117795781e-07 1.9396469529476370e+00 1.9396457673251639e+00 1.1856224730877329e-06
113 4.3945312500000000e-01 9.7219405011337390e-01 9.7219316535960509e-01 8.8475376880392531e-07 9.7219346912850546e-01 9.7219316535960509e-01 3.0376890036709625e-07 1.9443875192418794e+00 1.9443863307192102e+00 1.1885226691710216e-06
114 4.4335937500000000e-01 9.7441792512118552e-01 9.7441703834193250e-01 8.8677925302871330e-07 9.7441734280624337e-01 9.7441703834193250e-01 3.0446431087405301e-07 1.9488352679274290e+00 1.9488340766838650e+00 1.1912435640137886e-06
115 4.4726562500000000e-01 9.7649505637344980e-01 9.7649416770247321e-01 8.8867097658429373e-07 9.7649447281627721e-01 9.7649416770247321e-01 3.0511380400000121e-07 1.9529895291897270e+00 1.9529883354049464e+00 1.1937847805842949e-06
116 4.5117187500000000e-01 9.7842513106186668e-01 9.7842424063318578e-01 8.9042868089972416e-07 9.7842454635047738e-01 9.7842424063318578e-01 3.0571729159323269e-07 1.9568496774123441e+00 1.9568484812663716e+00 1.1961459724929568e-06
117 4.5507812500000000e-01 9.8020785852432069e-01 9.8020696647218619e-01 8.9205213449350396e-07 9.8020727274683694e-01 9.8020696647218619e-01 3.0627465075205862e-07 1.9604151312711577e+00 1.9604139329443724e+00 1.1983267853565849e-06
118 4.5898437500000000e-01 9.8184297028862266e-01 9.8184207674752044e-01 8.9354110222039651e-07 9.8184238353336084e-01 9.8184207674752044e-01 3.0678584039822709e-07 1.9636853538219836e+00 1.9636841534950409e+00 1.2003269427296459e-06
119 4.6289062500000000e-01 9.8333022011294813e-01 9.8332932521759553e-01 8.9489535259890118e-07 9.8332963246845295e-01 9.8332932521759553e-01 3.0725085742311364e-07 1.9666598525814010e+00 1.9666586504351911e+00 1.2021462099109925e-06
120 4.6679687500000000e-01 9.8466938402301163e-01 9.8466848790826234e-01 8.9611474929363055e-07 9.8466879557774523e-01 9.8466848790826234e-01 3.0766948289073781e-07 1.9693381796007570e+00 1.9693369758165247e+00 1.2037842322953907e-06
121 4.7070312500000000e-01 9.8586026034563001e-01 9.8585936314654554e-01 8.9719908447083441e-07 9.8585967118830298e-01 9.8585936314654554e-01 3.0804175743526230e-07 1.9717199315339329e+00 1.9717187262930911e+00 1.2052408417950744e-06
122 4.7460937500000000e-01 9.8690266973921070e-01 9.8690177159101455e-01 8.9814819614897345e-07 9.8690207995867807e-01 9.8690177159101455e-01 3.0836766351516331e-07 1.9738047496978888e+00 1.9738035431820291e+00 1.2065158596641368e-06
123 4.7851562500000000e-01 9.8779645522077497e-01 9.8779555625879212e-01 8.9896198285366324e-07 9.8779586490585214e-01 9.8779555625879212e-01 3.0864706002109443e-07 1.9755923201266272e+00 1.9755911125175842e+00 1.2076090429857800e-06
124 4.8242187500000000e-01 9.8854148218952809e-01 9.8854058254919464e-01 8.9964033345157901e-07 9.8854089142908919e-01 9.8854058254919464e-01 3.0887989455052889e-07 1.9770823736186172e+00 1.9770811650983893e+00 1.2085202278910856e-06
125 4.8632812500000000e-01 9.8913763844711167e-01 9.8913673826400317e-01 9.0018310849870886e-07 9.8913704733026886e-01 9.8913673826400317e-01 3.0906626569127127e-07 1.9782746857773805e+00 1.9782734765280063e+00 1.2092493741899801e-06
126 4.9023437500000000e-01 9.8958483421461185e-01 9.8958393362436015e-01 9.0059025170674545e-07 9.8958424283044566e-01 9.8958393362436015e-01 3.0920608551365802e-07 1.9791690770450576e+00 1.9791678672487203e+00 1.2097963373314258e-06
127 4.9414062500000000e-01 9.8988300214601033e-01 9.8988210128428900e-01 9.0086172133130304e-07 9.8988241058357263e-01 9.8988210128428900e-01 3.0929928362954939e-07 1.9797654127295830e+00 1.9797642025685780e+00 1.2101610049608524e-06
128 4.9804687500000000e-01 9.9003209733830400e-01 9.9003119634083692e-01 9.0099746707927864e-07 9.9003150568671883e-01 9.9003119634083692e-01 3.0934588191033896e-07 1.9800636030250227e+00 1.9800623926816738e+00 1.2103433488785953e-06
129 5.0195312500000000e-01 9.9003209733830411e-01 9.9003119634083692e-01 9.0099746719030094e-07 9.9003150568671916e-01 9.9003119634083692e-01 3.0934588224340587e-07 1.9800636030250232e+00 1.9800623926816738e+00 1.2103433493226845e-06
130 5.0585937500000000e-01 9.8988300214600877e-01 9.8988210128428900e-01 9.0086171977699081e-07 9.8988241058357662e-01 9.8988210128428900e-01 3.0929928762635228e-07 1.9797654127295854e+00 1.9797642025685780e+00 1.2101610074033431e-06
131 5.0976562500000000e-01 9.8958483421461496e-01 9.8958393362436015e-01 9.0059025481536992e-07 9.8958424283043744e-01 9.8958393362436015e-01 3.0920607729800764e-07 1.9791690770450523e+00 1.9791678672487203e+00 1.2097963320023553e-06
132 5.1367187500000000e-01 9.8913763844711144e-01 9.8913673826400317e-01 9.0018310827666426e-07 9.8913704733026986e-01 9.8913673826400317e-01 3.0906626669047199e-07 1.9782746857773814e+00 1.9782734765280063e+00 1.2092493750781586e-06
133 5.1757812500000000e-01 9.8854148218950710e-01 9.8854058254919464e-01 8.9964031246836385e-07 9.8854089142915158e-01 9.8854058254919464e-01 3.0887995694506287e-07 1.9770823736186587e+00 1.9770811650983893e+00 1.2085202694134267e-06
134 5.2148437500000000e-01 9.8779645522078396e-01 9.8779555625879212e-01 8.9896199184646974e-07 9.8779586490582316e-01 9.8779555625879212e-01 3.0864703104427349e-07 1.9755923201266072e+00 1.9755911125175842e+00 1.2076090230017655e-06
135 5.2539062500000000e-01 9.8690266973920915e-01 9.8690177159101466e-01 8.9814819448363892e-07 9.8690207995867807e-01 9.8690177159101466e-01 3.0836766340414101e-07 1.9738047496978872e+00 1.9738035431820293e+00 1.2065158578877799e-06
136 5.2929687500000000e-01 9.8586026034561580e-01 9.8585936314654554e-01 8.9719907025997969e-07 9.8585967118834017e-01 9.8585936314654554e-01 3.0804179462773362e-07 1.9717199315339560e+00 1.9717187262930911e+00 1.2052408648877133e-06
137 5.3320312500000000e-01 9.8466938402299653e-01 9.8466848790826234e-01 8.9611473419459742e-07 9.8466879557778397e-01 9.8466848790826234e-01 3.0766952163752137e-07 1.9693381796007805e+00 1.9693369758165247e+00 1.2037842558321188e-06
138 5.3710937500000000e-01 9.8333022011296289e-01 9.8332932521759553e-01 8.9489536736486741e-07 9.8332963246840555e-01 9.8332932521759553e-01 3.0725081001659049e-07 1.9666598525813686e+00 1.9666586504351911e+00 1.2021461774924802e-06
139 5.4101562500000000e-01 9.8184297028862311e-01 9.8184207674752044e-01 8.9354110266448572e-07 9.8184238353335873e-01 9.8184207674752044e-01 3.0678583828880335e-07 1.9636853538219818e+00 1.9636841534950409e+00 1.2003269409532891e-06
140 5.4492187500000000e-01 9.8020785852432135e-01 9.8020696647218619e-01 8.9205213515963777e-07 9.8020727274683361e-01 9.8020696647218619e-01 3.0627464742138955e-07 1.9604151312711551e+00 1.9604139329443724e+00 1.1983267826920496e-06
141 5.4882812500000000e-01 9.7842513106187878e-01 9.7842424063318578e-01 8.9042869300115512e-07 9.7842454635043752e-01 9.7842424063318578e-01 3.0571725173622610e-07 1.9568496774123163e+00 1.9568484812663716e+00 1.1961459447373812e-06
142 5.5273437500000000e-01 9.7649505637345524e-01 9.7649416770247321e-01 8.8867098202438655e-07 9.7649447281625723e-01 9.7649416770247321e-01 3.0511378401598677e-07 1.9529895291897126e+00 1.9529883354049464e+00 1.1937847661513956e-06
143 5.5664062500000000e-01 9.7441792512118064e-01 9.7441703834193250e-01 8.8677924814373199e-07 9.7441734280625003e-01 9.7441703834193250e-01 3.0446431753539116e-07 1.9488352679274308e+00 1.9488340766838650e+00 1.1912435657901455e-06
144 5.6054687500000000e-01 9.7219405011337556e-01 9.7219316535960509e-01 8.8475377046925985e-07 9.7219346912849491e-01 9.7219316535960509e-01 3.0376888981997752e-07 1.9443875192418705e+00 1.9443863307192102e+00 1.1885226602892374e-06
145 5.6445312500000000e-01 9.6982376625737943e-01 9.6982288366258196e-01 8.8259479746888303e-07 9.6982318669025847e-01 9.6982288366258196e-01 3.0302767650702833e-07 1.9396469529476379e+00 1.9396457673251639e+00 1.1856224739759114e-06
146 5.6835937500000000e-01 9.6730743050921764e-01 9.6730655020656819e-01 8.8030264944194414e-07 9.6730685244726422e-01 9.6730655020656819e-01 3.0224069602624581e-07 1.9346142829564819e+00 1.9346131004131364e+00 1.1825433454681900e-06
147 5.7226562500000000e-01 9.6464542181975210e-01 9.6464454394212640e-01 8.7787762570457062e-07 9.6464484535020978e-01 9.6464454394212640e-01 3.0140808338074976e-07 1.9292902671699619e+00 1.9292890878842528e+00 1.1792857090853204e-06
148 5.7617187500000000e-01 9.6183814107763388e-01 9.6183726575760853e-01 8.7532002535084530e-07 9.6183756628763772e-01 9.6183726575760853e-01 3.0053002919583349e-07 1.9236757073652715e+00 1.9236745315152171e+00 1.1758500544356565e-06
149 5.8007812500000000e-01 9.5888601104900872e-01 9.5888513841878309e-01 8.7263022563455195e-07 9.5888543802531967e-01 9.5888513841878309e-01 2.9960653658012149e-07 1.9177714490743285e+00 1.9177702768375662e+00 1.1722367623256957e-06
150 5.8398437500000000e-01 9.5578947631373168e-01 9.5578860650516839e-01 8.6980856328633394e-07 9.5578890514295245e-01 9.5578860650516839e-01 2.9863778405747610e-07 1.9115783814566840e+00 1.9115772130103368e+00 1.1684463472327877e-06
151 5.8789062500000000e-01 9.5254900319848912e-01 9.5254813634308078e-01 8.6685540834352537e-07 9.5254843396696920e-01 9.5254813634308078e-01 2.9762388842335952e-07 1.9050974371654583e+00 1.9050962726861616e+00 1.1644792967668849e-06
152 5.9179687500000000e-01 9.4916507970653818e-01 9.4916421593540745e-01 8.6377113073243805e-07 9.4916451250042266e-01 9.4916421593540745e-01 2.9656501521202472e-07 1.8983295922069607e+00 1.8983284318708149e+00 1.1603361458334405e-06
153 5.9570312500000000e-01 9.4563821544427495e-01 9.4563735488811440e-01 8.6055616055347173e-07 9.4563765034930725e-01 9.4563735488811440e-01 2.9546119284518113e-07 1.8912758657935822e+00 1.8912747097762288e+00 1.1560173533986529e-06
154 5.9960937500000000e-01 9.4196894154436150e-01 9.4196808433350299e-01 8.5721085851808709e-07 9.4196837864619065e-01 9.4196808433350299e-01 2.9431268766533236e-07 1.8839373201905523e+00 1.8839361686670060e+00 1.1515235462944418e-06
155 6.0351562500000000e-01 9.3815781058587966e-01 9.3815695685022193e-01 8.5373565772428606e-07 9.3815724996981265e-01 9.3815695685022193e-01 2.9311959071076643e-07 1.8763150605556924e+00 1.8763139137004439e+00 1.1468552485460748e-06
156 6.0742187500000000e-01 9.3420539651104983e-01 9.3420454638005146e-01 8.5013099837549788e-07 9.3420483826206779e-01 9.3420454638005146e-01 2.9188201633445487e-07 1.8684102347731177e+00 1.8684090927601029e+00 1.1420130148209751e-06
157 6.1132812500000000e-01 9.3011229453876587e-01 9.3011144814147062e-01 8.4639729525104457e-07 9.3011173874163910e-01 9.3011144814147062e-01 2.9060016848436732e-07 1.8602240332804050e+00 1.8602228962829412e+00 1.1369974637354119e-06
158 6.1523437500000000e-01 9.2587912107501347e-01 9.2587827854001858e-01 8.4253499488262662e-07 9.2587856781421107e-01 9.2587827854001858e-01 2.8927419248869768e-07 1.8517576888892244e+00 1.8517565570800372e+00 1.1318091872603020e-06
159 6.1914062500000000e-01 9.2150651362003044e-01 9.2150567507546621e-01 8.3854456423004819e-07 9.2150596297965470e-01 9.2150567507546621e-01 2.8790418848956278e-07 1.8430124765996851e+00 1.8430113501509324e+00 1.1264487527196110e-06
160 6.2304687500000000e-01 9.1699513067224836e-01 9.1699429624581197e-01 8.3442643639131120e-07 9.1699458273619672e-01 9.1699429624581197e-01 2.8649038474881650e-07 1.8339897134084451e+00 1.8339885924916239e+00 1.1209168211401277e-06
161 6.2695312500000000e-01 9.1234565162919490e-01 9.1234482144811302e-01 8.3018108187893347e-07 9.1234510648101985e-01 9.1234482144811302e-01 2.8503290683268290e-07 1.8246907581102147e+00 1.8246896428962260e+00 1.1152139887116164e-06
162 6.3085937500000000e-01 9.0755877668514029e-01 9.0755795087617208e-01 8.2580896820783067e-07 9.0755823440807393e-01 9.0755795087617208e-01 2.8353190184571275e-07 1.8151170110932142e+00 1.8151159017523442e+00 1.1093408700535434e-06
163 6.3476562500000000e-01 9.0263522672562713e-01 9.0263440541508955e-01 8.2131053757983352e-07 9.0263468740269026e-01 9.0263440541508955e-01 2.8198760071429518e-07 1.8052699141283175e+00 1.8052688108301791e+00 1.1032981384051510e-06
164 6.3867187500000000e-01 8.9757574321898903e-01 8.9757492653270188e-01 8.1668628715281244e-07 8.9757520693276993e-01 8.9757492653270188e-01 2.8040006805341022e-07 1.7951509501517591e+00 1.7951498530654038e+00 1.0970863553172450e-06
165 6.4257812500000000e-01 8.9238108810458050e-01 8.9238027616791848e-01 8.1193666201517800e-07 8.9238055493744317e-01 8.9238027616791848e-01 2.7876952468641747e-07 1.7847616430420237e+00 1.7847605523358370e+00 1.0907061867015955e-06
166 6.4648437500000000e-01 8.8705204367811685e-01 8.8705123661597685e-01 8.0706214000692000e-07 8.8705151371205404e-01 8.8705123661597685e-01 2.7709607719472729e-07 1.7741035573901709e+00 1.7741024732319537e+00 1.0841582172016473e-06
167 6.5039062500000000e-01 8.8158941247377864e-01 8.8158861041063163e-01 8.0206314700959069e-07 8.8158888579061179e-01 8.8158861041063163e-01 2.7537998015247922e-07 1.7631782982643904e+00 1.7631772208212633e+00 1.0774431271620699e-06
168 6.5429687500000000e-01 8.7599401714345870e-01 8.7599322020329640e-01 7.9694016230646980e-07 8.7599349382460157e-01 8.7599322020329640e-01 2.7362130516905836e-07 1.7519875109680603e+00 1.7519864404065928e+00 1.0705614674755282e-06
169 6.5820312500000000e-01 8.7026670033278020e-01 8.7026590863915476e-01 7.9169362543485278e-07 8.7026618045937432e-01 8.7026590863915476e-01 2.7182021955507452e-07 1.7405328807921545e+00 1.7405318172783095e+00 1.0635138449899273e-06
170 6.6210937500000000e-01 8.6440832455422734e-01 8.6440753823026173e-01 7.8632396560696094e-07 8.6440780820714735e-01 8.6440753823026173e-01 2.6997688562513389e-07 1.7288161327613747e+00 1.7288150764605235e+00 1.0563008512320948e-06
171 6.6601562500000000e-01 8.5841977205723852e-01 8.5841899122565202e-01 7.8083158649988604e-07 8.5841925931715435e-01 8.5841899122565202e-01 2.6809150233120249e-07 1.7168390313743929e+00 1.7168379824513040e+00 1.0489230888310885e-06
172 6.6992187500000000e-01 8.5230194469540788e-01 8.5230116947847667e-01 7.7521693120363722e-07 8.5230143564258576e-01 8.5230116947847667e-01 2.6616410908619770e-07 1.7046033803379936e+00 1.7046023389569533e+00 1.0413810402898349e-06
173 6.7382812500000000e-01 8.4605576379054748e-01 8.4605499431018838e-01 7.6948035909740753e-07 8.4605525850512620e-01 8.4605499431018838e-01 2.6419493781570935e-07 1.6921110222956737e+00 1.6921099886203768e+00 1.0336752969131169e-06
174 6.7773437500000000e-01 8.3968216999405787e-01 8.3968140637179156e-01 7.6362226630877217e-07 8.3968166855584814e-01 8.3968140637179156e-01 2.6218405657640886e-07 1.6793638385499059e+00 1.6793628127435831e+00 1.0258063227741587e-06
175 6.8164062500000000e-01 8.3318212314518003e-01 8.3318136550218624e-01 7.5764299378722200e-07 8.3318162563382370e-01 8.3318136550218624e-01 2.6013163745286505e-07 1.6663637487790037e+00 1.6663627310043725e+00 1.0177746312400870e-06
176 6.8554687500000000e-01 8.2655660212649884e-01 8.2655585058361813e-01 7.5154288070589104e-07 8.2655610862138751e-01 8.2655585058361813e-01 2.5803776937394218e-07 1.6531127107478865e+00 1.6531117011672363e+00 1.0095806501908555e-06
177 6.8945312500000000e-01 8.1980660471649769e-01 8.1980585939426354e-01 7.4532223415246790e-07 8.1980611529683511e-01 8.1980585939426354e-01 2.5590257157759311e-07 1.6396127200133328e+00 1.6396117187885271e+00 1.0012248057300610e-06
178 6.9335937500000000e-01 8.1293314743930867e-01 8.1293240845796710e-01 7.3898134156369366e-07 8.1293266218409754e-01 8.1293240845796710e-01 2.5372613043916914e-07 1.6258658096234062e+00 1.6258648169159342e+00 9.9270747200286280e-07
179 6.9726562500000000e-01 8.0593726541160859e-01 8.0593653289115730e-01 7.3252045129645893e-07 8.0593678439971261e-01 8.0593653289115730e-01 2.5150855531563820e-07 1.6118740498113211e+00 1.6118730657823146e+00 9.8402900650107483e-07
180 7.0117187500000000e-01 7.9882001218675780e-01 7.9881928624696164e-01 7.2593979616453197e-07 7.9881953549686335e-01 7.9881928624696164e-01 2.4924990171815153e-07 1.5976395476836212e+00 1.5976385724939233e+00 9.7518969788268350e-07
181 7.0507812500000000e-01 7.9158245959609286e-01 7.9158174035654549e-01 7.1923954736430318e-07 7.9158198730684759e-01 7.9158174035654549e-01 2.4695030209631597e-07 1.5831644469029404e+00 1.5831634807130910e+00 9.6618984946061914e-07
182 7.0898437500000000e-01 7.8422569758759209e-01 7.8422498516769779e-01 7.1241989429982056e-07 7.8422522977741571e-01 7.8422498516769779e-01 2.4460971792539254e-07 1.5684509273650078e+00 1.5684499703353956e+00 9.5702961222521310e-07
183 7.1289062500000000e-01 7.7675083406161871e-01 7.7675012858069026e-01 7.0548092845346133e-07 7.7675037080897458e-01 7.7675012858069026e-01 2.4222828431952337e-07 1.5535012048705932e+00 1.5535002571613805e+00 9.4770921266196240e-07
184 7.1679687500000000e-01 7.6915899470417526e-01 7.6915829628143007e-01 6.9842274519338332e-07 7.6915853608742835e-01 7.6915829628143007e-01 2.3980599828110627e-07 1.5383175307916037e+00 1.5383165925628601e+00 9.3822874358551189e-07
185 7.2070312500000000e-01 7.6145132281731720e-01 7.6145063157193638e-01 6.9124538082387943e-07 7.6145086891483937e-01 7.6145063157193638e-01 2.3734290299781691e-07 1.5229021917321566e+00 1.5229012631438728e+00 9.2858828382169634e-07
186 7.2460937500000000e-01 7.5362897914701454e-01 7.5362829519816366e-01 6.8394885088807200e-07 7.5362853003712948e-01 7.5362829519816366e-01 2.3483896582909836e-07 1.5072575091841440e+00 1.5072565903963273e+00 9.1878781671717036e-07
187 7.2851562500000000e-01 7.4569314170829537e-01 7.4569246517519672e-01 6.7653309865356448e-07 7.4569269746942579e-01 7.4569246517519672e-01 2.3229422907444786e-07 1.4913858391777213e+00 1.4913849303503934e+00 9.0882732783903464e-07
188 7.3242187500000000e-01 7.3764500560790081e-01 7.3764433660984685e-01 6.6899805395426171e-07 7.3764456631847741e-01 7.3764433660984685e-01 2.2970863056137603e-07 1.4752895719263783e+00 1.4752886732196937e+00 8.9870668462666004e-07
189 7.3632812500000000e-01 7.2948578286425469e-01 7.2948512152067269e-01 6.6134358200908849e-07 7.2948534860282044e-01 7.2948512152067269e-01 2.2708214775235547e-07 1.4589711314670750e+00 1.4589702430413454e+00 8.8842572965042166e-07
190 7.4023437500000000e-01 7.2121670222497658e-01 7.2121604865545452e-01 6.5356952205775087e-07 7.2121627307014891e-01 7.2121604865545452e-01 2.2441469438305717e-07 1.4424329752951255e+00 1.4424320973109090e+00 8.7798421644080804e-07
191 7.4414062500000000e-01 7.1283900898178632e-01 7.1283836330615014e-01 6.4567563617945467e-07 7.1283858501239916e-01 7.1283836330615014e-01 2.2170624902617675e-07 1.4256775939941855e+00 1.4256767266123003e+00 8.6738188520563142e-07
192 7.4804687500000000e-01 7.0435396478301693e-01 7.0435332712135734e-01 6.3766165958600851e-07 7.0435354607808454e-01 7.0435332712135734e-01 2.1895672719374204e-07 1.4087075108611016e+00 1.4087066542427147e+00 8.5661838689077285e-07
193 7.5195312500000000e-01 6.9576284744360772e-01 6.9576221791631487e-01 6.2952729285026265e-07 6.9576243408231186e-01 6.9576221791631487e-01 2.1616599699125771e-07 1.3915252815259196e+00 1.3915244358326297e+00 8.4569328984152037e-07
194 7.5585937500000000e-01 6.8706695075264057e-01 6.8706632948046931e-01 6.2127217126395351e-07 6.8706654281442581e-01 6.8706632948046931e-01 2.1333395650025011e-07 1.3741334935670664e+00 1.3741326589609386e+00 8.3460612776420362e-07
195 7.5976562500000000e-01 6.7826758427853029e-01 6.7826697138263226e-01 6.1289589803337208e-07 6.7826718184309653e-01 6.7826697138263226e-01 2.1046046427830589e-07 1.3565347661216269e+00 1.3565339427652645e+00 8.2335636242270027e-07
196 7.6367187500000000e-01 6.6936607317178065e-01 6.6936546877376712e-01 6.0439801352618616e-07 6.6936567631918509e-01 6.6936546877376712e-01 2.0754541796286219e-07 1.3387317494909658e+00 1.3387309375475342e+00 8.1194343160007065e-07
197 7.6757812500000000e-01 6.6036375796548064e-01 6.6036316218742441e-01 5.9577805622268443e-07 6.6036336677600382e-01 6.6036316218742441e-01 2.0458857941108022e-07 1.3207271247414845e+00 1.3207263243748488e+00 8.0036663563376464e-07
198 7.7148437500000000e-01 6.5126199437333232e-01 6.5126140733786286e-01 5.8703546945704232e-07 6.5126160892772256e-01 6.5126140733786286e-01 2.0158985969409571e-07 1.3025236033010548e+00 1.3025228146757257e+00 7.8862532904011573e-07
199 7.7539062500000000e-01 6.4206215308559378e-01 6.4206157491588389e-01 5.7816970988611160e-07 6.4206177346489457e-01 6.4206157491588389e-01 1.9854901067706265e-07 1.2841239265504885e+00 1.2841231498317678e+00 7.7671872067419656e-07
200 7.7929687500000000e-01 6.3276561956258170e-01 6.3276505038241060e-01 5.6918017110607622e-07 6.3276524584826044e-01 6.3276505038241060e-01 1.9546584983931581e-07 1.2655308654108421e+00 1.2655301007648212e+00 7.6464602094539202e-07
201 7.8320312500000000e-01 6.2337379382606528e-01 6.2337323375984266e-01 5.6006622262128047e-07 6.2337342610001112e-01 6.2337323375984266e-01 1.9234016845892654e-07 1.2467472199260765e+00 1.2467464675196853e+00 7.5240639119122932e-07
202 7.8710937500000000e-01 6.1388809024841751e-01 6.1388753942121743e-01 5.5082720007426644e-07 6.1388772859298213e-01 6.1388753942121743e-01 1.8917176469734898e-07 1.2277758188413996e+00 1.2277750788424349e+00 7.3999896477161542e-07
203 7.9101562500000000e-01 6.0430993733964677e-01 6.0430939587721111e-01 5.4146243566588481e-07 6.0430958183758288e-01 6.0430939587721111e-01 1.8596037176799030e-07 1.2086195191772298e+00 1.2086187917544222e+00 7.2742280754489741e-07
204 7.9492187500000000e-01 5.9464077753223843e-01 5.9464024556101003e-01 5.3197122840131783e-07 5.9464042826676455e-01 5.9464024556101003e-01 1.8270575452561388e-07 1.1892812057990030e+00 1.1892804911220201e+00 7.1467698292693171e-07
205 7.9882812500000000e-01 5.8488206696392997e-01 5.8488154461108643e-01 5.2235284353496780e-07 5.8488172401882554e-01 5.8488154461108643e-01 1.7940773910929408e-07 1.1697637909827554e+00 1.1697630892221729e+00 7.0176058253323959e-07
206 8.0273437500000000e-01 5.7503527525850084e-01 5.7503476265190800e-01 5.1260659283958177e-07 5.7503493871789624e-01 5.7503476265190800e-01 1.7606598823327602e-07 1.1500702139763970e+00 1.1500695253038160e+00 6.8867258096183548e-07
207 8.0664062500000000e-01 5.6510188530436012e-01 5.6510138257261811e-01 5.0273174201365123e-07 5.6510155525291494e-01 5.6510138257261811e-01 1.7268029683936703e-07 1.1302034405572750e+00 1.1302027651452362e+00 6.7541203874199596e-07
208 8.1054687500000000e-01 5.5508339303128895e-01 5.5508290030371921e-01 4.9272756974527709e-07 5.5508306955416609e-01 5.5508290030371921e-01 1.6925044687976509e-07 1.1101664625854550e+00 1.1101658006074384e+00 6.6197801662504219e-07
209 8.1445312500000000e-01 5.4498130718516880e-01 5.4498082459178976e-01 4.8259337903644450e-07 5.4498099036797010e-01 5.4498082459178976e-01 1.6577618033863928e-07 1.0899622975531389e+00 1.0899616491835795e+00 6.4836955937508378e-07
210 8.1835937500000000e-01 5.3479714910078757e-01 5.3479667677227383e-01 4.7232851374534590e-07 5.3479683902947139e-01 5.3479667677227383e-01 1.6225719756679524e-07 1.0695939881302590e+00 1.0695933535445477e+00 6.3458571131214114e-07
211 8.2226562500000000e-01 5.2453245247266356e-01 5.2453199054037281e-01 4.6193229075175424e-07 5.2453214923374047e-01 5.2453199054037281e-01 1.5869336766893838e-07 1.0490646017064040e+00 1.0490639810807456e+00 6.2062565842069262e-07
212 8.2617187500000000e-01 5.1418876312419914e-01 5.1418831172007673e-01 4.5140412241462258e-07 5.1418846680447983e-01 5.1418831172007673e-01 1.5508440309730531e-07 1.0283772299286791e+00 1.0283766234401535e+00 6.0648852562295019e-07
213 8.3007812500000000e-01 5.0376763877479092e-01 5.0376719803136893e-01 4.4074342198108241e-07 5.0376734946153823e-01 5.0376719803136893e-01 1.5143016929286546e-07 1.0075349882363291e+00 1.0075343960627379e+00 5.9217359127394786e-07
214 8.3398437500000000e-01 4.9327064880533883e-01 4.9327021885563849e-01 4.2994970034238023e-07 4.9327036658606560e-01 4.9327021885563849e-01 1.4773042711357931e-07 9.8654101539140449e-01 9.8654043771127697e-01 5.7768012751147069e-07
215 8.3789062500000000e-01 4.8269937402184115e-01 4.8269895499933924e-01 4.1902250191849788e-07 4.8269909898438795e-01 4.8269895499933924e-01 1.4398504871726558e-07 9.6539847300622905e-01 9.6539790999867847e-01 5.6300755058025231e-07
216 8.4179687500000000e-01 4.7205540641739013e-01 4.7205499845592341e-01 4.0796146671961964e-07 4.7205513864979837e-01 4.7205499845592341e-01 1.4019387495345370e-07 9.4411054506718850e-01 9.4410999691184683e-01 5.4815534167307334e-07
217 8.4570312500000000e-01 4.6134034893241060e-01 4.6133995216609486e-01 3.9676631574669941e-07 4.6134008852288660e-01 4.6133995216609486e-01 1.3635679174672788e-07 9.2268043745529726e-01 9.2267990433218972e-01 5.3312310754893844e-07
218 8.4960937500000000e-01 4.5055581521327503e-01 4.5055542977641183e-01 3.8543686320391402e-07 4.5055556225013654e-01 4.5055542977641183e-01 1.3247372471214547e-07 9.0111137746341163e-01 9.0111085955282366e-01 5.1791058797157064e-07
219 8.5351562500000000e-01 4.3970342936930801e-01 4.3970305539627752e-01 3.7397303048747332e-07 4.3970318394090591e-01 4.3970305539627752e-01 1.2854462838607361e-07 8.7940661331021386e-01 8.7940611079255504e-01 5.0251765881803578e-07
220 8.5742187500000000e-01 4.2878482572820942e-01 4.2878446335335552e-01 3.6237485390167024e-07 4.2878458792286150e-01 4.2878446335335552e-01 1.2456950598815908e-07 8.5756941365107098e-01 8.5756892670671103e-01 4.8694435994534047e-07
221 8.6132812500000000e-01 4.1780164858995139e-01 4.1780129794744575e-01 3.5064250564209587e-07 4.1780141849581892e-01 4.1780129794744575e-01 1.2054837317254652e-07 8.3560306708577037e-01 8.3560259589489150e-01 4.7119087887015354e-07
222 8.6523437500000000e-01 4.0675555197915308e-01 4.0675521320285901e-01 3.3877629407319532e-07 4.0675532968415951e-01 4.0675521320285901e-01 1.1648130049390915e-07 8.1351088166331254e-01 8.1351042640571802e-01 4.5525759451159331e-07
223 8.6914062500000000e-01 3.9564819939598883e-01 3.9564787261932721e-01 3.2677666161884389e-07 3.9564798498776715e-01 3.9564787261932721e-01 1.1236843994177903e-07 7.9129618438375604e-01 7.9129574523865442e-01 4.3914510161613407e-07
224 8.7304687500000000e-01 3.8448126356571444e-01 3.8448094892148615e-01 3.1464422828308969e-07 3.8448105713143144e-01 3.8448094892148615e-01 1.0820994528204508e-07 7.6896232069714587e-01 7.6896189784297231e-01 4.2285417356513477e-07
225 8.7695312500000000e-01 3.7325642618673804e-01 3.7325612380696921e-01 3.0237976883507045e-07 3.7325622781302731e-01 3.7325612380696921e-01 1.0400605809923746e-07 7.4651265399976530e-01 7.4651224761393842e-01 4.0638582687879676e-07
226 8.8085937500000000e-01 3.6197537767739690e-01 3.6197508769315129e-01 2.8998424561610392e-07 3.6197518745019408e-01 3.6197508769315129e-01 9.9757042792969486e-08 7.2395056512759104e-01 7.2395017538630257e-01 3.8974128846458456e-07
227 8.8476562500000000e-01 3.5063981692136437e-01 3.5063953946257581e-01 2.7745878855567341e-07 3.5063963492585870e-01 3.5063953946257581e-01 9.5463282889785006e-08 7.0127945184722307e-01 7.0127907892515162e-01 3.7292207144545841e-07
228 8.8867187500000000e-01 3.3925145101185727e-01 3.3925118620711076e-01 2.6480474651924268e-07 3.3925127733226085e-01 3.3925118620711076e-01 9.1125150092352669e-08 6.7850272834411807e-01 6.7850237241422151e-01 3.5592989655608420e-07
229 8.9257812500000000e-01 3.2781199499451175e-01 3.2781174297086696e-01 2.5202364478671413e-07 3.2781182971402190e-01 3.2781174297086696e-01 8.6743154936730349e-08 6.5562382470853364e-01 6.5562348594173392e-01 3.3876679972344448e-07
230 8.9648437500000000e-01 3.1632317160914997e-01 3.1632293249191801e-01 2.3911723195935153e-07 3.1632301480974989e-01 3.1632293249191801e-01 8.2317831884282100e-08 6.3264618641889991e-01 6.3264586498383601e-01 3.2143506389914478e-07
231 9.0039062500000000e-01 3.0478671103034044e-01 3.0478648494286298e-01 2.2608747746177826e-07 3.0478656279263233e-01 3.0478648494286298e-01 7.7849769353210974e-08 6.0957327382297277e-01 6.0957296988572596e-01 3.0393724681498924e-07
232 9.0429687500000000e-01 2.9320435060681743e-01 2.9320413767026843e-01 2.1293654900444992e-07 2.9320421100995953e-01 2.9320413767026843e-01 7.3339691097906723e-08 5.8640856161677690e-01 5.8640827534053686e-01 2.8627624004684549e-07
233 9.0820312500000000e-01 2.8157783459988495e-01 2.8157763493303029e-01 1.9966685466110690e-07 2.8157770372137902e-01 2.8157763493303029e-01 6.8788348739357019e-08 5.6315553832126397e-01 5.6315526986606057e-01 2.6845520340046392e-07
234 9.1210937500000000e-01 2.6990891392073235e-01 2.6990872763969515e-01 1.8628103720663702e-07 2.6990879183624650e-01 2.6990872763969515e-01 6.4196551352591058e-08 5.3981770575697885e-01 5.3981745527939029e-01 2.5047758855922808e-07
235 9.1601562500000000e-01 2.5819934586672882e-01 2.5819917308477980e-01 1.7278194902603516e-07 2.5819923265002509e-01 2.5819917308477980e-01 5.9565245291715030e-08 5.1639857851675397e-01 5.1639834616955960e-01 2.3234719437326135e-07
236 9.1992187500000000e-01 2.4645089385682439e-01 2.4645073468412865e-01 1.5917269574616810e-07 2.4645078957952385e-01 2.4645073468412865e-01 5.4895395201759456e-08 4.9290168343634821e-01 4.9290146936825729e-01 2.1406809092017198e-07
237 9.2382812500000000e-01 2.3466532716596175e-01 2.3466518170935155e-01 1.4545661020104461e-07 2.3466523189740668e-01 2.3466518170935155e-01 5.0188055128463915e-08 4.6933055906336840e-01 4.6933036341870310e-01 1.9564466530175295e-07
238 9.2773437500000000e-01 2.2284442065862317e-01 2.2284428902137537e-01 1.3163724779663433e-07 2.2284433446576724e-01 2.2284428902137537e-01 4.5444391860716138e-08 4.4568875512439043e-01 4.4568857804275075e-01 1.7708163968510604e-07
239 9.3164062500000000e-01 2.1098995452156905e-01 2.1098983680315833e-01 1.1771841071372968e-07 2.1098987746875600e-01 2.1098983680315833e-01 4.0665597667022269e-08 4.2197983199032507e-01 4.2197967360631666e-01 1.5838400840850753e-07
240 9.3554687500000000e-01 1.9910371399571808e-01 1.9910361029160037e-01 1.0370411770987964e-07 1.9910364614457546e-01 1.9910361029160037e-01 3.5852975088790373e-08 3.9820736014029356e-01 3.9820722058320074e-01 1.3955709282642559e-07
241 9.3945312500000000e-01 1.8718748910731289e-01 1.8718739950869309e-01 8.9598619801289914e-08 1.8718743051657116e-01 1.8718739950869309e-01 3.1007878070754558e-08 3.7437491962388403e-01 3.7437479901738618e-01 1.2060649784428890e-07
242 9.4335937500000000e-01 1.7524307439833098e-01 1.7524299899194917e-01 7.5406381805365186e-08 1.7524302512369674e-01 1.7524299899194917e-01 2.6131747571378483e-08 3.5048609952202769e-01 3.5048599798389835e-01 1.0153812934898809e-07
243 9.4726562500000000e-01 1.6327226865623568e-01 1.6327220752415147e-01 6.1132084200332670e-08 1.6327222875023742e-01 1.6327220752415147e-01 2.1226085944459072e-08 3.2654449740647307e-01 3.2654441504830295e-01 8.2358170117036167e-08
244 9.5117187500000000e-01 1.5127687464307404e-01 1.5127682786246302e-01 4.6780611023811147e-08 1.5127684415493212e-01 1.5127682786246302e-01 1.6292469096068629e-08 3.0255371879800619e-01 3.0255365572492604e-01 6.3073080147635352e-08
245 9.5507812500000000e-01 1.3925869882398145e-01 1.3925866646693838e-01 3.2357043072694935e-08 1.3925867779947576e-01 1.3925866646693838e-01 1.1332537380726038e-08 2.7851737662345721e-01 2.7851733293387676e-01 4.3689580453420973e-08
246 9.5898437500000000e-01 1.2721955109513816e-01 1.2721953322847704e-01 1.7866661122800664e-08 1.2721953957643459e-01 1.2721953322847704e-01 6.3479575485025919e-09 2.5443909067157278e-01 2.5443906645695408e-01 2.4214618699058832e-08
247 9.6289062500000000e-01 1.1516124451114708e-01 1.1516124119626210e-01 3.3148849776232225e-09 1.1516124253682140e-01 1.1516124119626210e-01 1.3405593024540252e-09 2.3032248704796848e-01 2.3032248239252420e-01 4.6554442800772478e-09
248 9.6679687500000000e-01 1.0308559501181644e-01 1.0308560630471938e-01 -1.1292902946102856e-08 1.0308560261755956e-01 1.0308560630471938e-01 -3.6871598274590411e-09 2.0617119762937600e-01 2.0617121260943877e-01 -1.4980062773561897e-08
249 9.7070312500000000e-01 9.0994421150157628e-02 9.0994447100045811e-02 -2.5949888182719150e-08 9.0994438363587268e-02 9.0994447100045811e-02 -8.7364585427129882e-09 1.8198885951374488e-01 1.8198889420009162e-01 -3.4686346739309926e-08
250 9.7460937500000000e-01 7.8889543820166219e-02 7.8889584466342866e-02 -4.0646176646674803e-08 7.8889570648848412e-02 7.8889584466342866e-02 -1.3817494454171353e-08 1.5777911446901463e-01 1.5777916893268573e-01 -5.4463671100846156e-08
251 9.7851562500000000e-01 6.6772785943116447e-02 6.6772841351397980e-02 -5.5408281532387527e-08 6.6772822520165961e-02 6.6772841351397980e-02 -1.8831232018179378e-08 1.3354560846328239e-01 1.3354568270279596e-01 -7.4239513564444692e-08
252 9.8242187500000000e-01 5.4645972240346084e-02 5.4646042492155385e-02 -7.0251809300425627e-08 5.4646018784165584e-02 5.4646042492155385e-02 -2.3707989800503260e-08 1.0929199102451168e-01 1.0929208498431077e-01 -9.3959799093989993e-08
253 9.8632812500000000e-01 4.2510929640555944e-02 4.2511014139917425e-02 -8.4499361480139257e-08 4.2510983684463578e-02 4.2511014139917425e-02 -3.0455453846334191e-08 8.5021913325019516e-02 8.5022028279834849e-02 -1.1495481533341234e-07
254 9.9023437500000000e-01 3.0369484871673340e-02 3.0369583785317782e-02 -9.8913644441811499e-08 3.0369546983242034e-02 3.0369583785317782e-02 -3.6802075747965901e-08 6.0739031854915373e-02 6.0739167570635563e-02 -1.3571572018977740e-07
255 9.9414062500000000e-01 1.8223458642618557e-02 1.8223579883108180e-02 -1.2124048962350309e-07 1.8223560413483050e-02 1.8223579883108180e-02 -1.9469625130857926e-08 3.6447019056101607e-02 3.6447159766216361e-02 -1.4071011475436102e-07
256 9.9804687500000000e-01 6.0747023936458672e-03 6.0748315767997808e-03 -1.2918315391366453e-07 6.0747864823842606e-03 6.0748315767997808e-03 -4.5094415520273434e-08 1.2149488876030127e-02 1.2149663153599562e-02 -1.7427756943480532e-07
