# P x_center tau_U tau_V tau_Psi
1 1.9531250000000000e-03 5.8548003645242375e-05 1.9515988855189903e-05 7.8063992500432278e-05
2 5.8593750000000000e-03 -6.6685075239547587e-09 -2.2599166982217866e-09 -8.9284242221765453e-09
3 9.7656250000000000e-03 -1.1113044706689834e-08 -3.7661322949134046e-09 -1.4879177001603239e-08
4 1.3671875000000000e-02 -1.5555926324850589e-08 -5.2717865628437721e-09 -2.0827712887694361e-08
5 1.7578125000000000e-02 -1.9996463151983335e-08 -6.7766450229100883e-09 -2.6773108174893423e-08
6 2.1484375000000000e-02 -2.4433944645352312e-08 -8.2804660905821947e-09 -3.2714410735934507e-08
7 2.5390625000000000e-02 -2.8867788159914198e-08 -9.7830650247487938e-09 -3.8650853184662992e-08
8 2.9296875000000000e-02 -3.3297254731223802e-08 -1.1284129186606151e-08 -4.4581383917829953e-08
9 3.3203125000000000e-02 -3.7721804346801946e-08 -1.2783573311025975e-08 -5.0505377657827921e-08
10 3.7109375000000000e-02 -4.2140641198784579e-08 -1.4281170024332823e-08 -5.6421811223117402e-08
11 4.1015625000000000e-02 -4.6552997901017079e-08 -1.5776379314047517e-08 -6.2329377215064596e-08
12 4.4921875000000000e-02 -5.0958590236405144e-08 -1.7269485397264361e-08 -6.8228075633669505e-08
13 4.8828125000000000e-02 -5.5356281336571556e-08 -1.8759806152957026e-08 -7.4116087489528582e-08
14 5.2734375000000000e-02 -5.9745673297584290e-08 -2.0247341581125511e-08 -7.9993014878709801e-08
15 5.6640625000000000e-02 -6.4126140841835877e-08 -2.1731977994932095e-08 -8.5858118836767972e-08
16 6.0546875000000000e-02 -6.8496831318043405e-08 -2.3213090116769308e-08 -9.1709921434812713e-08
17 6.4453125000000000e-02 -7.2857346822274849e-08 -2.4690791633474873e-08 -9.7548138455749722e-08
18 6.8359375000000000e-02 -7.7206891546666157e-08 -2.6165025701629929e-08 -1.0337191724829609e-07
19 7.2265625000000000e-02 -8.1544726526772138e-08 -2.7634882826532703e-08 -1.0917960935330484e-07
20 7.6171875000000000e-02 -8.5870397015241906e-08 -2.9100874598952942e-08 -1.1497127161419485e-07
21 8.0078125000000000e-02 -9.0182766143698245e-08 -3.0562205211026594e-08 -1.2074497135472484e-07
22 8.3984375000000000e-02 -9.4482174972654320e-08 -3.2019329410104547e-08 -1.2650150438275887e-07
23 8.7890625000000000e-02 -9.8766690825868864e-08 -3.3471110327809583e-08 -1.3223780115367845e-07
24 9.1796875000000000e-02 -1.0303688213753048e-07 -3.4918457458843477e-08 -1.3795533959637396e-07
25 9.5703125000000000e-02 -1.0729138466558652e-07 -3.6360347621666733e-08 -1.4365173228725325e-07
26 9.9609375000000000e-02 -1.1152974366268609e-07 -3.7796780816279352e-08 -1.4932652447896544e-07
27 1.0351562500000000e-01 -1.1575116332096513e-07 -3.9227415982168168e-08 -1.5497857930313330e-07
28 1.0742187500000000e-01 -1.1995518889307277e-07 -4.0651912058820017e-08 -1.6060710095189279e-07
29 1.1132812500000000e-01 -1.2414102457114495e-07 -4.2070496419910342e-08 -1.6621152099105529e-07
30 1.1523437500000000e-01 -1.2830821560783079e-07 -4.3482600631250534e-08 -1.7179081623908132e-07
31 1.1914062500000000e-01 -1.3245642094261711e-07 -4.4888679440191481e-08 -1.7734510038280860e-07
32 1.2304687500000000e-01 -1.3658450370712671e-07 -4.6287482291518245e-08 -1.8287198599864496e-07
33 1.2695312500000000e-01 -1.4069189546717098e-07 -4.7679350245743990e-08 -1.8837124571291497e-07
34 1.3085937500000000e-01 -1.4477836884907447e-07 -4.9064169616030995e-08 -1.9384253846510546e-07
35 1.3476562500000000e-01 -1.4884290067129768e-07 -5.0441826715541538e-08 -1.9928472738683922e-07
36 1.3867187500000000e-01 -1.5288469512597658e-07 -5.1811412049573846e-08 -2.0469610717555042e-07
37 1.4257812500000000e-01 -1.5690375221311115e-07 -5.3173835112829693e-08 -2.1007758732594084e-07
38 1.4648437500000000e-01 -1.6089916243799962e-07 -5.4527617976418696e-08 -2.1542678041441832e-07
39 1.5039062500000000e-01 -1.6487069842696656e-07 -5.5873670135042630e-08 -2.2074436856200919e-07
40 1.5429687500000000e-01 -1.6881676856428385e-07 -5.7210627346648835e-08 -2.2602739591093268e-07
41 1.5820312500000000e-01 -1.7273760022362694e-07 -5.8539399105939083e-08 -2.3127699932956602e-07
42 1.6210937500000000e-01 -1.7663251128396951e-07 -5.9859530665562488e-08 -2.3649204194953199e-07
43 1.6601562500000000e-01 -1.8050081962428521e-07 -6.1170567278168164e-08 -2.4167138690245338e-07
44 1.6992187500000000e-01 -1.8434184312354773e-07 -6.2472054196405225e-08 -2.4681389731995296e-07
45 1.7382812500000000e-01 -1.8815535440808162e-07 -6.3764446167624556e-08 -2.5191980057570618e-07
46 1.7773437500000000e-01 -1.9194021660950966e-07 -6.5047061070799828e-08 -2.5698727768030949e-07
47 1.8164062500000000e-01 -1.9569642972783186e-07 -6.6320126279606484e-08 -2.6201655600743834e-07
48 1.8554687500000000e-01 -1.9942353901569732e-07 -6.7583414420369081e-08 -2.6700695343606640e-07
49 1.8945312500000000e-01 -2.0311949811002705e-07 -6.8835788624710403e-08 -2.7195528673473746e-07
50 1.9335937500000000e-01 -2.0678612600022461e-07 -7.0078385761007667e-08 -2.7686451176123228e-07
51 1.9726562500000000e-01 -2.1042069420218468e-07 -7.1310296334559098e-08 -2.8173099053674378e-07
52 2.0117187500000000e-01 -2.1402388483693358e-07 -7.2531065598013811e-08 -2.8655495043494739e-07
53 2.0507812500000000e-01 -2.1759478840976954e-07 -7.3741375672398135e-08 -2.9133616408216767e-07
54 2.0898437500000000e-01 -2.2113317754701711e-07 -7.4940544436685741e-08 -2.9607372198370285e-07
55 2.1289062500000000e-01 -2.2463746063294820e-07 -7.6127662396174856e-08 -3.0076512302912306e-07
56 2.1679687500000000e-01 -2.2810945665696636e-07 -7.7305003287619911e-08 -3.0541445994458627e-07
57 2.2070312500000000e-01 -2.3154575501393992e-07 -7.8469156505889259e-08 -3.1001491151982918e-07
58 2.2460937500000000e-01 -2.3494749257224612e-07 -7.9621941040386446e-08 -3.1456943361263257e-07
59 2.2851562500000000e-01 -2.3831421458453406e-07 -8.0762902143760584e-08 -3.1907711672829464e-07
60 2.3242187500000000e-01 -2.4164432943507563e-07 -8.1891357694985345e-08 -3.2353568713006098e-07
61 2.3632812500000000e-01 -2.4493897399224807e-07 -8.3007989815087058e-08 -3.2794696380733512e-07
62 2.4023437500000000e-01 -2.4819632926664781e-07 -8.4111889009363949e-08 -3.3230821827601176e-07
63 2.4414062500000000e-01 -2.5141594051092397e-07 -8.5202827904140577e-08 -3.3661876841506455e-07
64 2.4804687500000000e-01 -2.5459803509875201e-07 -8.6281488620443270e-08 -3.4087952371919528e-07
65 2.5195312500000000e-01 -2.5774238565645646e-07 -8.7346961663570255e-08 -3.4508934732002672e-07
66 2.5585937500000000e-01 -2.6084671844728291e-07 -8.8399019659846090e-08 -3.4924573810712900e-07
67 2.5976562500000000e-01 -2.6391285246063489e-07 -8.9438117356621660e-08 -3.5335096981725655e-07
68 2.6367187500000000e-01 -2.6693828658608254e-07 -9.0463345259195194e-08 -3.5740163184527773e-07
69 2.6757812500000000e-01 -2.6992347557097673e-07 -9.1474930741242133e-08 -3.6139840631221887e-07
70 2.7148437500000000e-01 -2.7286910153634381e-07 -9.2473555923788808e-08 -3.6534265746013261e-07
71 2.7539062500000000e-01 -2.7577289074542932e-07 -9.3457401817431673e-08 -3.6923029256286100e-07
72 2.7929687500000000e-01 -2.7863552531925961e-07 -9.4427832664223388e-08 -3.7306335798348300e-07
73 2.8320312500000000e-01 -2.8145564101578202e-07 -9.5383484222111292e-08 -3.7683912523789331e-07
74 2.8710937500000000e-01 -2.8423323783499654e-07 -9.6324583864770830e-08 -3.8055782169976737e-07
75 2.9101562500000000e-01 -2.8696899789792951e-07 -9.7251813713228330e-08 -3.8422081161115784e-07
76 2.9492187500000000e-01 -2.8966087484150194e-07 -9.8164036899106577e-08 -3.8782491174060851e-07
77 2.9882812500000000e-01 -2.9230932341306470e-07 -9.9061480796081014e-08 -3.9137080420914572e-07
78 3.0273437500000000e-01 -2.9491434361261781e-07 -9.9944600151502527e-08 -3.9485894376412034e-07
79 3.0664062500000000e-01 -2.9747411645075772e-07 -1.0081225809699390e-07 -3.9828637454775162e-07
80 3.1054687500000000e-01 -2.9998864192748442e-07 -1.0166377251152880e-07 -4.0165241443901323e-07
81 3.1445312500000000e-01 -3.0245882953749970e-07 -1.0250050763715990e-07 -4.0495933717465959e-07
82 3.1835937500000000e-01 -3.0488399715977721e-07 -1.0332360034226440e-07 -4.0820759750204161e-07
83 3.2226562500000000e-01 -3.0726232580491342e-07 -1.0412895790068433e-07 -4.1139128370559774e-07
84 3.2617187500000000e-01 -3.0959472496761009e-07 -1.0491930879652500e-07 -4.1451403376413509e-07
85 3.3007812500000000e-01 -3.1187983040581457e-07 -1.0569328878773376e-07 -4.1757311919354834e-07
86 3.3398437500000000e-01 -3.1411764211952686e-07 -1.0645226211636327e-07 -4.2056990423589014e-07
87 3.3789062500000000e-01 -3.1630906960344873e-07 -1.0719440979300998e-07 -4.2350347939645872e-07
88 3.4179687500000000e-01 -3.1845320336287841e-07 -1.0792155080707744e-07 -4.2637475416995585e-07
89 3.4570312500000000e-01 -3.2054867915576324e-07 -1.0863141142181121e-07 -4.2918009057757445e-07
90 3.4960937500000000e-01 -3.2259640647680499e-07 -1.0932581062661484e-07 -4.3192221710341983e-07
91 3.5351562500000000e-01 -3.2459593057865277e-07 -1.1000338417943567e-07 -4.3459931475808844e-07
92 3.5742187500000000e-01 -3.2654634196660481e-07 -1.1066413208027370e-07 -4.3721047404687852e-07
93 3.6132812500000000e-01 -3.2844627639860846e-07 -1.1130805432912894e-07 -4.3975433072773740e-07
94 3.6523437500000000e-01 -3.3029800761141814e-07 -1.1193606042070314e-07 -4.4223406803212129e-07
95 3.6914062500000000e-01 -3.3209971661563031e-07 -1.1254587661824189e-07 -4.4464559323387221e-07
96 3.7304687500000000e-01 -3.3385185815859586e-07 -1.1313977665849961e-07 -4.4699163481709547e-07
97 3.7695312500000000e-01 -3.3555306799826212e-07 -1.1371639629942365e-07 -4.4926946429768577e-07
98 3.8085937500000000e-01 -3.3720380088197999e-07 -1.1427619028836489e-07 -4.5147999117034487e-07
99 3.8476562500000000e-01 -3.3880451155710034e-07 -1.1481824913062155e-07 -4.5362276068772189e-07
100 3.8867187500000000e-01 -3.4035338103421964e-07 -1.1534393706824630e-07 -4.5569731810246594e-07
101 3.9257812500000000e-01 -3.4185131880803965e-07 -1.1585098036448471e-07 -4.5770229917252436e-07
102 3.9648437500000000e-01 -3.4329650588915683e-07 -1.1634074326138943e-07 -4.5963724915054627e-07
103 4.0039062500000000e-01 -3.4469212550902739e-07 -1.1681413525366224e-07 -4.6150626076268964e-07
104 4.0429687500000000e-01 -3.4603408494149335e-07 -1.1726842785719782e-07 -4.6330251279869117e-07
105 4.0820312500000000e-01 -3.4732511267066002e-07 -1.1770544006139971e-07 -4.6503055273205973e-07
106 4.1210937500000000e-01 -3.4856338970712386e-07 -1.1812562661361881e-07 -4.6668901632074267e-07
107 4.1601562500000000e-01 -3.4974891605088487e-07 -1.1852716852445155e-07 -4.6827608457533643e-07
108 4.1992187500000000e-01 -3.5088123695459217e-07 -1.1891052054124884e-07 -4.6979175749584101e-07
109 4.2382812500000000e-01 -3.5196217140764929e-07 -1.1927750165341422e-07 -4.7123967306106351e-07
110 4.2773437500000000e-01 -3.5298899092595093e-07 -1.1962447388214059e-07 -4.7261346480809152e-07
111 4.3164062500000000e-01 -3.5396396924625151e-07 -1.1995552995358594e-07 -4.7391949919983745e-07
112 4.3554687500000000e-01 -3.5488437788444571e-07 -1.2026748663629405e-07 -4.7515186452073976e-07
113 4.3945312500000000e-01 -3.5575158108258620e-07 -1.2056170817231759e-07 -4.7631328925490379e-07
114 4.4335937500000000e-01 -3.5656466934597120e-07 -1.2083728506695479e-07 -4.7740195441292599e-07
115 4.4726562500000000e-01 -3.5732546166400425e-07 -1.2109512681490742e-07 -4.7842058847891167e-07
116 4.5117187500000000e-01 -3.5803122955258004e-07 -1.2133432392147370e-07 -4.7936555347405374e-07
117 4.5507812500000000e-01 -3.5868470149580389e-07 -1.2155578588135540e-07 -4.8024048737715930e-07
118 4.5898437500000000e-01 -3.5928269426221959e-07 -1.2175860319985077e-07 -4.8104129746207036e-07
119 4.6289062500000000e-01 -3.5982702684123069e-07 -1.2194277587695979e-07 -4.8176980271819048e-07
120 4.6679687500000000e-01 -3.6031678973813541e-07 -1.2210921340738423e-07 -4.8242600314551964e-07
121 4.7070312500000000e-01 -3.6075289244763553e-07 -1.2225655154907145e-07 -4.8300944399670698e-07
122 4.7460937500000000e-01 -3.6113351598032750e-07 -1.2238524504937232e-07 -4.8351876102969982e-07
123 4.7851562500000000e-01 -3.6146093407296576e-07 -1.2249711289769039e-07 -4.8395804697065614e-07
124 4.8242187500000000e-01 -3.6173332773614675e-07 -1.2258851711521856e-07 -4.8432184485136531e-07
125 4.8632812500000000e-01 -3.6195251595927402e-07 -1.2266355042811483e-07 -4.8461606638738886e-07
126 4.9023437500000000e-01 -3.6211577025824226e-07 -1.2271812011022121e-07 -4.8483389036846347e-07
127 4.9414062500000000e-01 -3.6222400012775324e-07 -1.2275495464564301e-07 -4.8497895477339625e-07
128 4.9804687500000000e-01 -3.6227902455721051e-07 -1.2277359928702936e-07 -4.8505262384423986e-07
129 5.0195312500000000e-01 -3.6227902455721051e-07 -1.2277359928702936e-07 -4.8505262384423986e-07
130 5.0585937500000000e-01 -3.6222400012775324e-07 -1.2275495464564301e-07 -4.8497895477339625e-07
131 5.0976562500000000e-01 -3.6211577025824226e-07 -1.2271812011022121e-07 -4.8483389036846347e-07
132 5.1367187500000000e-01 -3.6195251595927402e-07 -1.2266355042811483e-07 -4.8461606638738886e-07
133 5.1757812500000000e-01 -3.6173332773614675e-07 -1.2258851711521856e-07 -4.8432184485136531e-07
134 5.2148437500000000e-01 -3.6146093407296576e-07 -1.2249711289769039e-07 -4.8395804697065614e-07
135 5.2539062500000000e-01 -3.6113351598032750e-07 -1.2238524504937232e-07 -4.8351876102969982e-07
136 5.2929687500000000e-01 -3.6075289244763553e-07 -1.2225655154907145e-07 -4.8300944399670698e-07
137 5.3320312500000000e-01 -3.6031678973813541e-07 -1.2210921340738423e-07 -4.8242600314551964e-07
138 5.3710937500000000e-01 -3.5982702684123069e-07 -1.2194277587695979e-07 -4.8176980271819048e-07
139 5.4101562500000000e-01 -3.5928269426221959e-07 -1.2175860319985077e-07 -4.8104129746207036e-07
140 5.4492187500000000e-01 -3.5868470149580389e-07 -1.2155578588135540e-07 -4.8024048737715930e-07
141 5.4882812500000000e-01 -3.5803122955258004e-07 -1.2133432392147370e-07 -4.7936555347405374e-07
142 5.5273437500000000e-01 -3.5732546166400425e-07 -1.2109512681490742e-07 -4.7842058847891167e-07
143 5.5664062500000000e-01 -3.5656512409332208e-07 -1.2083728506695479e-07 -4.7740240916027687e-07
144 5.6054687500000000e-01 -3.5575158108258620e-07 -1.2056170817231759e-07 -4.7631328925490379e-07
145 5.6445312500000000e-01 -3.5488392313709483e-07 -1.2026748663629405e-07 -4.7515140977338888e-07
146 5.6835937500000000e-01 -3.5396396924625151e-07 -1.1995552995358594e-07 -4.7391949919983745e-07
147 5.7226562500000000e-01 -3.5298899092595093e-07 -1.1962447388214059e-07 -4.7261346480809152e-07
148 5.7617187500000000e-01 -3.5196217140764929e-07 -1.1927750165341422e-07 -4.7123967306106351e-07
149 5.8007812500000000e-01 -3.5088123695459217e-07 -1.1891052054124884e-07 -4.6979175749584101e-07
150 5.8398437500000000e-01 -3.4974891605088487e-07 -1.1852716852445155e-07 -4.6827608457533643e-07
151 5.8789062500000000e-01 -3.4856338970712386e-07 -1.1812562661361881e-07 -4.6668901632074267e-07
152 5.9179687500000000e-01 -3.4732511267066002e-07 -1.1770544006139971e-07 -4.6503055273205973e-07
153 5.9570312500000000e-01 -3.4603408494149335e-07 -1.1726842785719782e-07 -4.6330251279869117e-07
154 5.9960937500000000e-01 -3.4469212550902739e-07 -1.1681413525366224e-07 -4.6150626076268964e-07
155 6.0351562500000000e-01 -3.4329650588915683e-07 -1.1634074326138943e-07 -4.5963724915054627e-07
156 6.0742187500000000e-01 -3.4185131880803965e-07 -1.1585098036448471e-07 -4.5770229917252436e-07
157 6.1132812500000000e-01 -3.4035338103421964e-07 -1.1534393706824630e-07 -4.5569731810246594e-07
158 6.1523437500000000e-01 -3.3880405680974945e-07 -1.1481870387797244e-07 -4.5362276068772189e-07
159 6.1914062500000000e-01 -3.3720380088197999e-07 -1.1427619028836489e-07 -4.5147999117034487e-07
160 6.2304687500000000e-01 -3.3555261325091124e-07 -1.1371639629942365e-07 -4.4926900955033489e-07
161 6.2695312500000000e-01 -3.3385140341124497e-07 -1.1313932191114873e-07 -4.4699072532239370e-07
162 6.3085937500000000e-01 -3.3209971661563031e-07 -1.1254587661824189e-07 -4.4464559323387221e-07
163 6.3476562500000000e-01 -3.3029800761141814e-07 -1.1193606042070314e-07 -4.4223406803212129e-07
164 6.3867187500000000e-01 -3.2844627639860846e-07 -1.1130805432912894e-07 -4.3975433072773740e-07
165 6.4257812500000000e-01 -3.2654634196660481e-07 -1.1066413208027370e-07 -4.3721047404687852e-07
166 6.4648437500000000e-01 -3.2459593057865277e-07 -1.1000338417943567e-07 -4.3459931475808844e-07
167 6.5039062500000000e-01 -3.2259686122415587e-07 -1.0932581062661484e-07 -4.3192267185077071e-07
168 6.5429687500000000e-01 -3.2054913390311413e-07 -1.0863141142181121e-07 -4.2918054532492533e-07
169 6.5820312500000000e-01 -3.1845320336287841e-07 -1.0792155080707744e-07 -4.2637475416995585e-07
170 6.6210937500000000e-01 -3.1630861485609785e-07 -1.0719395504565910e-07 -4.2350256990175694e-07
171 6.6601562500000000e-01 -3.1411809686687775e-07 -1.0645226211636327e-07 -4.2057035898324102e-07
172 6.6992187500000000e-01 -3.1187983040581457e-07 -1.0569374353508465e-07 -4.1757357394089922e-07
173 6.7382812500000000e-01 -3.0959427022025920e-07 -1.0491976354387589e-07 -4.1451403376413509e-07
174 6.7773437500000000e-01 -3.0726232580491342e-07 -1.0412895790068433e-07 -4.1139128370559774e-07
175 6.8164062500000000e-01 -3.0488308766507544e-07 -1.0332269084756263e-07 -4.0820577851263806e-07
176 6.8554687500000000e-01 -3.0245882953749970e-07 -1.0250096238451079e-07 -4.0495979192201048e-07
177 6.8945312500000000e-01 -2.9998864192748442e-07 -1.0166377251152880e-07 -4.0165241443901323e-07
178 6.9335937500000000e-01 -2.9747411645075772e-07 -1.0081180334964301e-07 -3.9828591980040073e-07
179 6.9726562500000000e-01 -2.9491434361261781e-07 -9.9944372777827084e-08 -3.9485871639044490e-07
180 7.0117187500000000e-01 -2.9230955078674015e-07 -9.9061480796081014e-08 -3.9137103158282116e-07
181 7.0507812500000000e-01 -2.8966087484150194e-07 -9.8163809525431134e-08 -3.8782468436693307e-07
182 7.0898437500000000e-01 -2.8696899789792951e-07 -9.7251813713228330e-08 -3.8422081161115784e-07
183 7.1289062500000000e-01 -2.8423346520867199e-07 -9.6324583864770830e-08 -3.8055804907344282e-07
184 7.1679687500000000e-01 -2.8145564101578202e-07 -9.5383484222111292e-08 -3.7683912523789331e-07
185 7.2070312500000000e-01 -2.7863552531925961e-07 -9.4427832664223388e-08 -3.7306335798348300e-07
186 7.2460937500000000e-01 -2.7577266337175388e-07 -9.3457401817431673e-08 -3.6923006518918555e-07
187 7.2851562500000000e-01 -2.7286864678899292e-07 -9.2473101176437922e-08 -3.6534174796543084e-07
188 7.3242187500000000e-01 -2.6992370294465218e-07 -9.1474930741242133e-08 -3.6139863368589431e-07
189 7.3632812500000000e-01 -2.6693805921240710e-07 -9.0463345259195194e-08 -3.5740140447160229e-07
190 7.4023437500000000e-01 -2.6391262508695945e-07 -8.9438117356621660e-08 -3.5335074244358111e-07
191 7.4414062500000000e-01 -2.6084694582095835e-07 -8.8399247033521533e-08 -3.4924619285447989e-07
192 7.4804687500000000e-01 -2.5774193090910558e-07 -8.7347189037245698e-08 -3.4508911994635127e-07
193 7.5195312500000000e-01 -2.5459826247242745e-07 -8.6281488620443270e-08 -3.4087975109287072e-07
194 7.5585937500000000e-01 -2.5141594051092397e-07 -8.5202827904140577e-08 -3.3661876841506455e-07
195 7.5976562500000000e-01 -2.4819632926664781e-07 -8.4111889009363949e-08 -3.3230821827601176e-07
196 7.6367187500000000e-01 -2.4493897399224807e-07 -8.3007989815087058e-08 -3.2794696380733512e-07
197 7.6757812500000000e-01 -2.4164455680875108e-07 -8.1891357694985345e-08 -3.2353591450373642e-07
198 7.7148437500000000e-01 -2.3831398721085861e-07 -8.0762902143760584e-08 -3.1907688935461920e-07
199 7.7539062500000000e-01 -2.3494771994592156e-07 -7.9622395787737332e-08 -3.1457011573365889e-07
200 7.7929687500000000e-01 -2.3154620976129081e-07 -7.8469611253240146e-08 -3.1001582101453096e-07
201 7.8320312500000000e-01 -2.2810922928329092e-07 -7.7305003287619911e-08 -3.0541423257091083e-07
202 7.8710937500000000e-01 -2.2463791538029909e-07 -7.6128117143525742e-08 -3.0076603252382483e-07
203 7.9101562500000000e-01 -2.2113317754701711e-07 -7.4940544436685741e-08 -2.9607372198370285e-07
204 7.9492187500000000e-01 -2.1759478840976954e-07 -7.3741375672398135e-08 -2.9133616408216767e-07
205 7.9882812500000000e-01 -2.1402388483693358e-07 -7.2531065598013811e-08 -2.8655495043494739e-07
206 8.0273437500000000e-01 -2.1042069420218468e-07 -7.1310296334559098e-08 -2.8173099053674378e-07
207 8.0664062500000000e-01 -2.0678635337390006e-07 -7.0078613134683110e-08 -2.7686496650858317e-07
208 8.1054687500000000e-01 -2.0311949811002705e-07 -6.8835788624710403e-08 -2.7195528673473746e-07
209 8.1445312500000000e-01 -1.9942353901569732e-07 -6.7583414420369081e-08 -2.6700695343606640e-07
210 8.1835937500000000e-01 -1.9569642972783186e-07 -6.6320126279606484e-08 -2.6201655600743834e-07
211 8.2226562500000000e-01 -1.9194021660950966e-07 -6.5047288444475271e-08 -2.5698750505398493e-07
212 8.2617187500000000e-01 -1.8815558178175706e-07 -6.3764446167624556e-08 -2.5192002794938162e-07
213 8.3007812500000000e-01 -1.8434161574987229e-07 -6.2472054196405225e-08 -2.4681366994627751e-07
214 8.3398437500000000e-01 -1.8050104699796066e-07 -6.1170567278168164e-08 -2.4167161427612882e-07
215 8.3789062500000000e-01 -1.7663251128396951e-07 -5.9859530665562488e-08 -2.3649204194953199e-07
216 8.4179687500000000e-01 -1.7273760022362694e-07 -5.8539399105939083e-08 -2.3127699932956602e-07
217 8.4570312500000000e-01 -1.6881676856428385e-07 -5.7210627346648835e-08 -2.2602739591093268e-07
218 8.4960937500000000e-01 -1.6487047105329111e-07 -5.5873442761367187e-08 -2.2074391381465830e-07
219 8.5351562500000000e-01 -1.6089916243799962e-07 -5.4527617976418696e-08 -2.1542678041441832e-07
220 8.5742187500000000e-01 -1.5690375221311115e-07 -5.3173835112829693e-08 -2.1007758732594084e-07
221 8.6132812500000000e-01 -1.5288446775230113e-07 -5.1811412049573846e-08 -2.0469587980187498e-07
222 8.6523437500000000e-01 -1.4884278698445996e-07 -5.0442054089216981e-08 -1.9928484107367694e-07
223 8.6914062500000000e-01 -1.4477802778856130e-07 -4.9064283302868716e-08 -1.9384231109143002e-07
224 8.7304687500000000e-01 -1.4069200915400870e-07 -4.7679577619419433e-08 -1.8837158677342813e-07
225 8.7695312500000000e-01 -1.3658439002028899e-07 -4.6287482291518245e-08 -1.8287187231180724e-07
226 8.8085937500000000e-01 -1.3245653462945484e-07 -4.4888452066516038e-08 -1.7734498669597087e-07
227 8.8476562500000000e-01 -1.2830810192099307e-07 -4.3482600631250534e-08 -1.7179070255224360e-07
228 8.8867187500000000e-01 -1.2414113825798267e-07 -4.2070382733072620e-08 -1.6621152099105529e-07
229 8.9257812500000000e-01 -1.1995507520623505e-07 -4.0651912058820017e-08 -1.6060698726505507e-07
230 8.9648437500000000e-01 -1.1575127700780286e-07 -3.9227302295330446e-08 -1.5497857930313330e-07
231 9.0039062500000000e-01 -1.1152985734952381e-07 -3.7796780816279352e-08 -1.4932663816580316e-07
232 9.0429687500000000e-01 -1.0729104360507336e-07 -3.6360233934829012e-08 -1.4365127753990237e-07
233 9.0820312500000000e-01 -1.0303699582436820e-07 -3.4918457458843477e-08 -1.3795545328321168e-07
234 9.1210937500000000e-01 -9.8766804512706585e-08 -3.3471337701485027e-08 -1.3223814221419161e-07
235 9.1601562500000000e-01 -9.4482061285816599e-08 -3.2019443096942268e-08 -1.2650150438275887e-07
236 9.1992187500000000e-01 -9.0182993517373689e-08 -3.0562546271539759e-08 -1.2074553978891345e-07
237 9.2382812500000000e-01 -8.5870397015241906e-08 -2.9100874598952942e-08 -1.1497127161419485e-07
238 9.2773437500000000e-01 -8.1544726526772138e-08 -2.7634882826532703e-08 -1.0917960935330484e-07
239 9.3164062500000000e-01 -7.7206891546666157e-08 -2.6165025701629929e-08 -1.0337191724829609e-07
240 9.3554687500000000e-01 -7.2857289978855988e-08 -2.4690791633474873e-08 -9.7548081612330861e-08
241 9.3945312500000000e-01 -6.8496888161462266e-08 -2.3213033273350447e-08 -9.1709921434812713e-08
242 9.4335937500000000e-01 -6.4126140841835877e-08 -2.1731921151513234e-08 -8.5858061993349111e-08
243 9.4726562500000000e-01 -5.9745616454165429e-08 -2.0247341581125511e-08 -7.9992958035290940e-08
244 9.5117187500000000e-01 -5.5356167649733834e-08 -1.8759749309538165e-08 -7.4115916959271999e-08
245 9.5507812500000000e-01 -5.0958419706148561e-08 -1.7269485397264361e-08 -6.8227905103412922e-08
246 9.5898437500000000e-01 -4.6552997901017079e-08 -1.5776379314047517e-08 -6.2329377215064596e-08
247 9.6289062500000000e-01 -4.2140641198784579e-08 -1.4281170024332823e-08 -5.6421811223117402e-08
248 9.6679687500000000e-01 -3.7721747503383085e-08 -1.2783573311025975e-08 -5.0505320814409060e-08
249 9.7070312500000000e-01 -3.3297254731223802e-08 -1.1284157608315581e-08 -4.4581412339539384e-08
250 9.7460937500000000e-01 -2.8867816581623629e-08 -9.7830650247487938e-09 -3.8650881606372423e-08
251 9.7851562500000000e-01 -2.4433973067061743e-08 -8.2804945122916251e-09 -3.2714467579353368e-08
252 9.8242187500000000e-01 -1.9996463151983335e-08 -6.7766450229100883e-09 -2.6773108174893423e-08
253 9.8632812500000000e-01 -1.5555926324850589e-08 -5.2718007736984873e-09 -2.0827727098549076e-08
254 9.9023437500000000e-01 -1.1113073128399265e-08 -3.7661180840586894e-09 -1.4879191212457954e-08
255 9.9414062500000000e-01 -6.6684933131000435e-09 -2.2599024873670714e-09 -8.9283958004671149e-09
256 9.9804687500000000e-01 5.8548003819325345e-05 1.9515988913809679e-05 7.8063992733135024e-05
