# P x_center tau_U tau_V tau_Psi
1 9.7656250000000000e-04 1.4637624376589997e-05 4.8792073545911308e-06 1.9516831731181128e-05
2 2.9296875000000000e-03 -4.1680436879687477e-10 -1.4125589586910792e-10 -5.5806026466598269e-10
3 4.8828125000000000e-03 -6.9464078933378914e-10 -2.3540280835732119e-10 -9.3004359769111034e-10
4 6.8359375000000000e-03 -9.7247720987070352e-10 -3.2957814255496487e-10 -1.3020553524256684e-09
5 8.7890625000000000e-03 -1.2502141544246115e-09 -4.2368242247903254e-10 -1.6738965769036440e-09
6 1.0742187500000000e-02 -1.5279795206879498e-09 -5.1781512411253061e-10 -2.0457946448004805e-09
7 1.2695312500000000e-02 -1.8056880435324274e-09 -6.1191940403659828e-10 -2.4176074475690257e-09
8 1.4648437500000000e-02 -2.0832828795391833e-09 -7.0599526225123554e-10 -2.7892781417904189e-09
9 1.6601562500000000e-02 -2.3608208721270785e-09 -8.0012796388473362e-10 -3.1609488360118121e-09
10 1.8554687500000000e-02 -2.6382167561678216e-09 -8.9414697868051007e-10 -3.5323637348483317e-09
11 2.0507812500000000e-02 -2.9155557967897039e-09 -9.8810915005742572e-10 -3.9036649468471296e-09
12 2.2460937500000000e-02 -3.1928948374115862e-09 -1.0820713214343414e-09 -4.2749661588459276e-09
13 2.4414062500000000e-02 -3.4700065043580253e-09 -1.1759766493923962e-09 -4.6459831537504215e-09
14 2.6367187500000000e-02 -3.7470044844667427e-09 -1.2698251339315902e-09 -5.0168296183983330e-09
15 2.8320312500000000e-02 -4.0238887777377386e-09 -1.3637304618896451e-09 -5.3876192396273836e-09
16 3.0273437500000000e-02 -4.3004320104955696e-09 -1.4573515727533959e-09 -5.7577835832489654e-09
17 3.2226562500000000e-02 -4.5770889300911222e-09 -1.5511432138737291e-09 -6.1282321439648513e-09
18 3.4179687500000000e-02 -4.8531774154980667e-09 -1.6445937944808975e-09 -6.4977712099789642e-09
19 3.6132812500000000e-02 -5.1296638048370369e-09 -1.7383854356012307e-09 -6.8680492404382676e-09
20 3.8085937500000000e-02 -5.4054680731496774e-09 -1.8318360162083991e-09 -7.2373040893580765e-09
21 4.0039062500000000e-02 -5.6813860283000395e-09 -1.9252865968155675e-09 -7.6066726251156069e-09
22 4.1992187500000000e-02 -5.9568492360995151e-09 -2.0188508642604575e-09 -7.9757001003599726e-09
23 4.3945312500000000e-02 -6.2321987570612691e-09 -2.1119603843544610e-09 -8.3441591414157301e-09
24 4.5898437500000000e-02 -6.5070935306721367e-09 -2.2051835912861861e-09 -8.7122771219583228e-09
25 4.7851562500000000e-02 -6.7822156779584475e-09 -2.2984067982179113e-09 -9.0806224761763588e-09
26 4.9804687500000000e-02 -7.0567693910561502e-09 -2.3915163183119148e-09 -9.4482857093680650e-09
27 5.1757812500000000e-02 -7.3313231041538529e-09 -2.4843984647304751e-09 -9.8157215688843280e-09
28 5.3710937500000000e-02 -7.6050810093875043e-09 -2.5771669243113138e-09 -1.0182247933698818e-08
29 5.5664062500000000e-02 -7.8790662882965989e-09 -2.6702764444053173e-09 -1.0549342732701916e-08
30 5.7617187500000000e-02 -8.1524831330170855e-09 -2.7628175303107128e-09 -1.0915300663327798e-08
31 5.9570312500000000e-02 -8.4257862908998504e-09 -2.8554723030538298e-09 -1.1281258593953680e-08
32 6.1523437500000000e-02 -8.6982936409185641e-09 -2.9475586416083388e-09 -1.1645852282526903e-08
33 6.3476562500000000e-02 -8.9710283646127209e-09 -3.0402134143514559e-09 -1.2011241778964177e-08
34 6.5429687500000000e-02 -9.2433083409559913e-09 -3.1326408134191297e-09 -1.2375949154375121e-08
35 6.7382812500000000e-02 -9.5149061962729320e-09 -3.2243860914604738e-09 -1.2739292287733406e-08
36 6.9335937500000000e-02 -9.7868451121030375e-09 -3.3166998036904261e-09 -1.3103544915793464e-08
37 7.1289062500000000e-02 -1.0057647159555927e-08 -3.4083313948940486e-09 -1.3465978554449975e-08
38 7.3242187500000000e-02 -1.0328449207008816e-08 -3.5001903597731143e-09 -1.3828639566781931e-08
39 7.5195312500000000e-02 -1.0598796507110819e-08 -3.5915945773012936e-09 -1.4190391084412113e-08
40 7.7148437500000000e-02 -1.0868689059861936e-08 -3.6832261685049161e-09 -1.4551915228366852e-08
41 7.9101562500000000e-02 -1.1138354238937609e-08 -3.7746303860330954e-09 -1.4912984624970704e-08
42 8.1054687500000000e-02 -1.1407109923311509e-08 -3.8655798562103882e-09 -1.5272689779521897e-08
43 8.3007812500000000e-02 -1.1675865607685409e-08 -3.9565293263876811e-09 -1.5632394934073091e-08
44 8.4960937500000000e-02 -1.1944393918383867e-08 -4.0477061702404171e-09 -1.5992100088624284e-08
45 8.6914062500000000e-02 -1.2212012734380551e-08 -4.1384282667422667e-09 -1.6350441001122817e-08
46 8.8867187500000000e-02 -1.2479631550377235e-08 -4.2293777369195595e-09 -1.6709009287296794e-08
47 9.0820312500000000e-02 -1.2746340871672146e-08 -4.3194177123950794e-09 -1.7065758584067225e-08
48 9.2773437500000000e-02 -1.3012822819291614e-08 -4.4099124352214858e-09 -1.7422735254513100e-08
49 9.4726562500000000e-02 -1.3279077393235639e-08 -4.5001797843724489e-09 -1.7779257177608088e-08
50 9.6679687500000000e-02 -1.3544195098802447e-08 -4.5897650124970824e-09 -1.8133960111299530e-08
51 9.8632812500000000e-02 -1.3809540178044699e-08 -4.6802597353234887e-09 -1.8489799913368188e-08
52 1.0058593750000000e-01 -1.4073521015234292e-08 -4.7693902160972357e-09 -1.8842911231331527e-08
53 1.0253906250000000e-01 -1.4337501852423884e-08 -4.8589754442218691e-09 -1.9196477296645753e-08
54 1.0449218750000000e-01 -1.4599891073885374e-08 -4.9474238039692864e-09 -1.9547314877854660e-08
55 1.0644531250000000e-01 -1.4863189790048636e-08 -5.0370090320939198e-09 -1.9900198822142556e-08
56 1.0839843750000000e-01 -1.5125351637834683e-08 -5.1259121391922235e-09 -2.0251263777026907e-08
57 1.1035156250000000e-01 -1.5387058738269843e-08 -5.2143604989396408e-09 -2.0601419237209484e-08
58 1.1230468750000000e-01 -1.5648311091354117e-08 -5.3032636060379446e-09 -2.0951574697392061e-08
59 1.1425781250000000e-01 -1.5908881323412061e-08 -5.3910298447590321e-09 -2.1299911168171093e-08
60 1.1621093750000000e-01 -1.6168542060768232e-08 -5.4794782045064494e-09 -2.1648020265274681e-08
61 1.1816406250000000e-01 -1.6427520677098073e-08 -5.5672444432275370e-09 -2.1994765120325610e-08
62 1.2011718750000000e-01 -1.6685817172401585e-08 -5.6545559345977381e-09 -2.2340373106999323e-08
63 1.2207031250000000e-01 -1.6944795788731426e-08 -5.7427769206697121e-09 -2.2687572709401138e-08
64 1.2402343750000000e-01 -1.7201955415657721e-08 -5.8300884120399132e-09 -2.3032043827697635e-08
65 1.2597656250000000e-01 -1.7458432921557687e-08 -5.9164904087083414e-09 -2.3374923330266029e-08
66 1.2792968750000000e-01 -1.7714228306431323e-08 -6.0033471527276561e-09 -2.3717575459158979e-08
67 1.2988281250000000e-01 -1.7970251064980403e-08 -6.0899765230715275e-09 -2.4060227588051930e-08
68 1.3183593750000000e-01 -1.8224682207801379e-08 -6.1761511460645124e-09 -2.4400833353865892e-08
69 1.3378906250000000e-01 -1.8478203855920583e-08 -6.2618710217066109e-09 -2.4740074877627194e-08
70 1.3574218750000000e-01 -1.8731952877715230e-08 -6.3480456446995959e-09 -2.5079998522414826e-08
71 1.3769531250000000e-01 -1.8983882910106331e-08 -6.4333107729908079e-09 -2.5417193683097139e-08
72 1.3964843750000000e-01 -1.9236722437199205e-08 -6.5192580223083496e-09 -2.5755980459507555e-08
73 1.4160156250000000e-01 -1.9487288227537647e-08 -6.6042957769241184e-09 -2.6091584004461765e-08
74 1.4355468750000000e-01 -1.9737854017876089e-08 -6.6888787841890007e-09 -2.6426732802065089e-08
75 1.4550781250000000e-01 -1.9987510313512757e-08 -6.7739165388047695e-09 -2.6761426852317527e-08
76 1.4746093750000000e-01 -2.0237621356500313e-08 -6.8589542934205383e-09 -2.7096575649920851e-08
77 1.4941406250000000e-01 -2.0484549168031663e-08 -6.9417183112818748e-09 -2.7426267479313537e-08
78 1.5136718750000000e-01 -2.0732841221615672e-08 -7.0267560658976436e-09 -2.7759597287513316e-08
79 1.5332031250000000e-01 -2.0978859538445249e-08 -7.1090653364080936e-09 -2.8087924874853343e-08
80 1.5527343750000000e-01 -2.1224423107923940e-08 -7.1931935963220894e-09 -2.8417616704246029e-08
81 1.5722656250000000e-01 -2.1469986677402630e-08 -7.2759576141834259e-09 -2.8745944291586056e-08
82 1.5917968750000000e-01 -2.1714186004828662e-08 -7.3591763793956488e-09 -2.9073362384224311e-08
83 1.6113281250000000e-01 -2.1957475837552920e-08 -7.4414856499060988e-09 -2.9398961487459019e-08
84 1.6308593750000000e-01 -2.2200765670277178e-08 -7.5237949204165488e-09 -2.9724560590693727e-08
85 1.6503906250000000e-01 -2.2441781766247004e-08 -7.6051946962252259e-09 -3.0046976462472230e-08
86 1.6699218750000000e-01 -2.2683707356918603e-08 -7.6875039667356759e-09 -3.0371211323654279e-08
87 1.6894531250000000e-01 -2.2923813958186656e-08 -7.7689037425443530e-09 -3.0692717700731009e-08
88 1.7089843750000000e-01 -2.3163011064752936e-08 -7.8503035183530301e-09 -3.1013314583105966e-08
89 1.7285156250000000e-01 -2.3401298676617444e-08 -7.9307937994599342e-09 -3.1332092476077378e-08
90 1.7480468750000000e-01 -2.3638222046429291e-08 -8.0108293332159519e-09 -3.1649051379645243e-08
91 1.7675781250000000e-01 -2.3874690668890253e-08 -8.0908648669719696e-09 -3.1965555535862222e-08
92 1.7871093750000000e-01 -2.4109795049298555e-08 -8.1709004007279873e-09 -3.2280695450026542e-08
93 1.8066406250000000e-01 -2.4344899429706857e-08 -8.2500264397822320e-09 -3.2594925869489089e-08
94 1.8261718750000000e-01 -2.4579094315413386e-08 -8.3300619735382497e-09 -3.2909156288951635e-08
95 1.8457031250000000e-01 -2.4811015464365482e-08 -8.4078237705398351e-09 -3.3218839234905317e-08
96 1.8652343750000000e-01 -2.5044300855370238e-08 -8.4878593042958528e-09 -3.3532160159666091e-08
97 1.8847656250000000e-01 -2.5275312509620562e-08 -8.5660758486483246e-09 -3.3841388358268887e-08
98 1.9042968750000000e-01 -2.5504959921818227e-08 -8.6438376456499100e-09 -3.4148797567468137e-08
99 1.9238281250000000e-01 -2.5734152586665004e-08 -8.7206899479497224e-09 -3.4454842534614727e-08
100 1.9433593750000000e-01 -2.5961981009459123e-08 -8.7984517449513078e-09 -3.4760432754410431e-08
101 1.9628906250000000e-01 -2.6189809432253242e-08 -8.8753040472511202e-09 -3.5065113479504362e-08
102 1.9824218750000000e-01 -2.6415818865643814e-08 -8.9521563495509326e-09 -3.5367975215194747e-08
103 2.0019531250000000e-01 -2.6640918804332614e-08 -9.0285539044998586e-09 -3.5669472708832473e-08
104 2.0214843750000000e-01 -2.6864654500968754e-08 -9.1040419647470117e-09 -3.5968696465715766e-08
105 2.0410156250000000e-01 -2.7088390197604895e-08 -9.1799847723450512e-09 -3.6268374969949946e-08
106 2.0605468750000000e-01 -2.7309852157486603e-08 -9.2550180852413177e-09 -3.6564870242727920e-08
107 2.0800781250000000e-01 -2.7531314117368311e-08 -9.3300513981375843e-09 -3.6861365515505895e-08
108 2.0996093750000000e-01 -2.7751866582548246e-08 -9.4050847110338509e-09 -3.7156951293582097e-08
109 2.1191406250000000e-01 -2.7971054805675521e-08 -9.4792085292283446e-09 -3.7450263334903866e-08
110 2.1386718750000000e-01 -2.8188878786750138e-08 -9.5528776000719517e-09 -3.7741756386822090e-08
111 2.1582031250000000e-01 -2.8404883778421208e-08 -9.6260919235646725e-09 -3.8030975701985881e-08
112 2.1777343750000000e-01 -2.8621798264794052e-08 -9.6993062470573932e-09 -3.8321104511851445e-08
113 2.1972656250000000e-01 -2.8835984267061576e-08 -9.7725205705501139e-09 -3.8608504837611690e-08
114 2.2167968750000000e-01 -2.9050170269329101e-08 -9.8448253993410617e-09 -3.8894995668670163e-08
115 2.2363281250000000e-01 -2.9262082534842193e-08 -9.9166754807811230e-09 -3.9178758015623316e-08
116 2.2558593750000000e-01 -2.9474449547706172e-08 -9.9885255622211844e-09 -3.9462975109927356e-08
117 2.2753906250000000e-01 -2.9684542823815718e-08 -1.0059920896310359e-08 -3.9744463720126078e-08
118 2.2949218750000000e-01 -2.9893726605223492e-08 -1.0130406735697761e-08 -4.0024133340921253e-08
119 2.3144531250000000e-01 -3.0102455639280379e-08 -1.0201347322436050e-08 -4.0303802961716428e-08
120 2.3339843750000000e-01 -3.0309820431284606e-08 -1.0272287909174338e-08 -4.0582108340458944e-08
121 2.3535156250000000e-01 -3.0514911486534402e-08 -1.0341409506509081e-08 -4.0856320993043482e-08
122 2.3730468750000000e-01 -3.0719547794433311e-08 -1.0410531103843823e-08 -4.1130078898277134e-08
123 2.3925781250000000e-01 -3.0922819860279560e-08 -1.0479652701178566e-08 -4.1402472561458126e-08
124 2.4121093750000000e-01 -3.1126091926125810e-08 -1.0548319551162422e-08 -4.1674411477288231e-08
125 2.4316406250000000e-01 -3.1326635507866740e-08 -1.0616076906444505e-08 -4.1942712414311245e-08
126 2.4511718750000000e-01 -3.1527633836958557e-08 -1.0684743756428361e-08 -4.2212377593386918e-08
127 2.4707031250000000e-01 -3.1724994187243283e-08 -1.0750682122306898e-08 -4.2475676309550181e-08
128 2.4902343750000000e-01 -3.1923718779580668e-08 -1.0818439477588981e-08 -4.2742158257169649e-08
129 2.5097656250000000e-01 -3.2120169635163620e-08 -1.0885287338169292e-08 -4.3005456973332912e-08
130 2.5292968750000000e-01 -3.2314801501343027e-08 -1.0950770956696942e-08 -4.3265572458039969e-08
131 2.5488281250000000e-01 -3.2509888114873320e-08 -1.1017618817277253e-08 -4.3527506932150573e-08
132 2.5683593750000000e-01 -3.2702246244298294e-08 -1.1082192941103131e-08 -4.3784439185401425e-08
133 2.5878906250000000e-01 -3.2893694879021496e-08 -1.1146767064929008e-08 -4.4040461943950504e-08
134 2.6074218750000000e-01 -3.3084234019042924e-08 -1.1212250683456659e-08 -4.4296484702499583e-08
135 2.6269531250000000e-01 -3.3273408917011693e-08 -1.1275915312580764e-08 -4.4549324229592457e-08
136 2.6464843750000000e-01 -3.3461219572927803e-08 -1.1339579941704869e-08 -4.4800799514632672e-08
137 2.6660156250000000e-01 -3.3648575481493026e-08 -1.1403244570828974e-08 -4.5051820052322000e-08
138 2.6855468750000000e-01 -3.3833657653303817e-08 -1.1465544957900420e-08 -4.5299202611204237e-08
139 2.7050781250000000e-01 -3.4017375583061948e-08 -1.1528754839673638e-08 -4.5546130422735587e-08
140 2.7246093750000000e-01 -3.4200184018118307e-08 -1.1590145732043311e-08 -4.5790329750161618e-08
141 2.7441406250000000e-01 -3.4381173463771120e-08 -1.1651536624412984e-08 -4.6032710088184103e-08
142 2.7636718750000000e-01 -3.4561253414722160e-08 -1.1712927516782656e-08 -4.6274180931504816e-08
143 2.7832031250000000e-01 -3.4740878618322313e-08 -1.1772954167099670e-08 -4.6513832785421982e-08
144 2.8027343750000000e-01 -3.4917775337817147e-08 -1.1832980817416683e-08 -4.6750756155233830e-08
145 2.8222656250000000e-01 -3.5094672057311982e-08 -1.1893007467733696e-08 -4.6987679525045678e-08
146 2.8417968750000000e-01 -3.5269295040052384e-08 -1.1952124623348936e-08 -4.7221419663401321e-08
147 2.8613281250000000e-01 -3.5443463275441900e-08 -1.2011241778964177e-08 -4.7454705054406077e-08
148 2.8808593750000000e-01 -3.5614903026726097e-08 -1.2068994692526758e-08 -4.7683897719252855e-08
149 2.9003906250000000e-01 -3.5786797525361180e-08 -1.2128111848141998e-08 -4.7914909373503178e-08
150 2.9199218750000000e-01 -3.5955963539890945e-08 -1.2185410014353693e-08 -4.8141373554244637e-08
151 2.9394531250000000e-01 -3.6123765312368050e-08 -1.2242708180565387e-08 -4.8366473492933437e-08
152 2.9589843750000000e-01 -3.6292476579546928e-08 -1.2299551599426195e-08 -4.8592028178973123e-08
153 2.9785156250000000e-01 -3.6456185625866055e-08 -1.2354576028883457e-08 -4.8810761654749513e-08
154 2.9980468750000000e-01 -3.6621258914237842e-08 -1.2410509953042492e-08 -4.9031768867280334e-08
155 3.0175781250000000e-01 -3.6784513213206083e-08 -1.2465079635148868e-08 -4.9249592848354951e-08
156 3.0371093750000000e-01 -3.6945493775419891e-08 -1.2520558811957017e-08 -4.9466052587376907e-08
157 3.0566406250000000e-01 -3.7105110095581040e-08 -1.2574673746712506e-08 -4.9679783842293546e-08
158 3.0761718750000000e-01 -3.7262907426338643e-08 -1.2628788681467995e-08 -4.9891696107806638e-08
159 3.0957031250000000e-01 -3.7420250009745359e-08 -1.2681084626819938e-08 -5.0101334636565298e-08
160 3.1152343750000000e-01 -3.7575773603748530e-08 -1.2733835319522768e-08 -5.0309608923271298e-08
161 3.1347656250000000e-01 -3.7730387703049928e-08 -1.2786586012225598e-08 -5.0516973715275526e-08
162 3.1542968750000000e-01 -3.7884092307649553e-08 -1.2840246199630201e-08 -5.0724338507279754e-08
163 3.1738281250000000e-01 -3.8035977922845632e-08 -1.2891177902929485e-08 -5.0927155825775117e-08
164 3.1933593750000000e-01 -3.8186044548638165e-08 -1.2942109606228769e-08 -5.1128154154866934e-08
165 3.2128906250000000e-01 -3.8335201679728925e-08 -1.2993041309528053e-08 -5.1328242989256978e-08
166 3.2324218750000000e-01 -3.8481630326714367e-08 -1.3041244528722018e-08 -5.1522874855436385e-08
167 3.2519531250000000e-01 -3.8627149478998035e-08 -1.3092176232021302e-08 -5.1719325711019337e-08
168 3.2714843750000000e-01 -3.8770849641878158e-08 -1.3138560461811721e-08 -5.1909410103689879e-08
169 3.2910156250000000e-01 -3.8914549804758281e-08 -1.3188582670409232e-08 -5.2103132475167513e-08
170 3.3105468750000000e-01 -3.9054611988831311e-08 -1.3235876394901425e-08 -5.2290488383732736e-08
171 3.3300781250000000e-01 -3.9196493162307888e-08 -1.3283170119393617e-08 -5.2479663281701505e-08
172 3.3496093750000000e-01 -3.9334736356977373e-08 -1.3329554349184036e-08 -5.2664290706161410e-08
173 3.3691406250000000e-01 -3.9471160562243313e-08 -1.3375029084272683e-08 -5.2846189646515995e-08
174 3.3886718750000000e-01 -3.9606675272807479e-08 -1.3422322808764875e-08 -5.3028998081572354e-08
175 3.4082031250000000e-01 -3.9741280488669872e-08 -1.3468707038555294e-08 -5.3209987527225167e-08
176 3.4277343750000000e-01 -3.9871338231023401e-08 -1.3513272278942168e-08 -5.3384610509965569e-08
177 3.4472656250000000e-01 -4.0004124457482249e-08 -1.3556018529925495e-08 -5.3560142987407744e-08
178 3.4667968750000000e-01 -4.0133272705134004e-08 -1.3599674275610596e-08 -5.3732946980744600e-08
179 3.4863281250000000e-01 -4.0260601963382214e-08 -1.3644239515997469e-08 -5.3904841479379684e-08
180 3.5058593750000000e-01 -4.0387021726928651e-08 -1.3687895261682570e-08 -5.4074916988611221e-08
181 3.5253906250000000e-01 -4.0512531995773315e-08 -1.3729732017964125e-08 -5.4242264013737440e-08
182 3.5449218750000000e-01 -4.0636223275214434e-08 -1.3772478268947452e-08 -5.4408701544161886e-08
183 3.5644531250000000e-01 -4.0759005059953779e-08 -1.3813405530527234e-08 -5.4572410590481013e-08
184 3.5839843750000000e-01 -4.0877239371184260e-08 -1.3852513802703470e-08 -5.4729753173887730e-08
185 3.6035156250000000e-01 -4.0997292671818286e-08 -1.3893441064283252e-08 -5.4890733736101538e-08
186 3.6230468750000000e-01 -4.1113707993645221e-08 -1.3932549336459488e-08 -5.5046257330104709e-08
187 3.6425781250000000e-01 -4.1228304326068610e-08 -1.3971657608635724e-08 -5.5199961934704334e-08
188 3.6621093750000000e-01 -4.1343810153193772e-08 -1.4010765880811960e-08 -5.5354576034005731e-08
189 3.6816406250000000e-01 -4.1455678001511842e-08 -1.4048964658286422e-08 -5.5504642659798265e-08
190 3.7011718750000000e-01 -4.1567545849829912e-08 -1.4086253941059113e-08 -5.5653799790889025e-08
191 3.7207031250000000e-01 -4.1677594708744437e-08 -1.4124452718533576e-08 -5.5802047427278012e-08
192 3.7402343750000000e-01 -4.1785824578255415e-08 -1.4160832506604493e-08 -5.5946657084859908e-08
193 3.7597656250000000e-01 -4.1890416468959302e-08 -1.4195393305271864e-08 -5.6085809774231166e-08
194 3.7792968750000000e-01 -4.1996827349066734e-08 -1.4231773093342781e-08 -5.6228600442409515e-08
195 3.7988281250000000e-01 -4.2099600250367075e-08 -1.4266333892010152e-08 -5.6365934142377228e-08
196 3.8183593750000000e-01 -4.2200554162263870e-08 -1.4300894690677524e-08 -5.6501448852941394e-08
197 3.8378906250000000e-01 -4.2301508074160665e-08 -1.4335455489344895e-08 -5.6636963563505560e-08
198 3.8574218750000000e-01 -4.2398824007250369e-08 -1.4369106793310493e-08 -5.6767930800560862e-08
199 3.8769531250000000e-01 -4.2497049435041845e-08 -1.4401848602574319e-08 -5.6898898037616163e-08
200 3.8964843750000000e-01 -4.2591636884026229e-08 -1.4434590411838144e-08 -5.7026227295864373e-08
201 3.9160156250000000e-01 -4.2686224333010614e-08 -1.4465513231698424e-08 -5.7151737564709038e-08
202 3.9355468750000000e-01 -4.2778083297889680e-08 -1.4496436051558703e-08 -5.7274519349448383e-08
203 3.9550781250000000e-01 -4.2868123273365200e-08 -1.4528268366120756e-08 -5.7396391639485955e-08
204 3.9746093750000000e-01 -4.2955434764735401e-08 -1.4556462701875716e-08 -5.7511897466611117e-08
205 3.9941406250000000e-01 -4.3042746256105602e-08 -1.4588295016437769e-08 -5.7631041272543371e-08
206 4.0136718750000000e-01 -4.3128238758072257e-08 -1.4614670362789184e-08 -5.7742909120861441e-08
207 4.0332031250000000e-01 -4.3212821765337139e-08 -1.4645593182649463e-08 -5.7858414947986603e-08
208 4.0527343750000000e-01 -4.3293766793794930e-08 -1.4671968529000878e-08 -5.7965735322795808e-08
209 4.0722656250000000e-01 -4.3375621316954494e-08 -1.4700162864755839e-08 -5.8075784181710333e-08
210 4.0917968750000000e-01 -4.3454747356008738e-08 -1.4726538211107254e-08 -5.8181285567115992e-08
211 4.1113281250000000e-01 -4.3531144910957664e-08 -1.4752004062756896e-08 -5.8283148973714560e-08
212 4.1308593750000000e-01 -4.3607542465906590e-08 -1.4777469914406538e-08 -5.8385012380313128e-08
213 4.1503906250000000e-01 -4.3683030526153743e-08 -1.4804754755459726e-08 -5.8487785281613469e-08
214 4.1699218750000000e-01 -4.3753971112892032e-08 -1.4828401617705822e-08 -5.8582372730597854e-08
215 4.1894531250000000e-01 -4.3824002204928547e-08 -1.4852048479951918e-08 -5.8676050684880465e-08
216 4.2089843750000000e-01 -4.3893123802263290e-08 -1.4873876352794468e-08 -5.8767000155057758e-08
217 4.2285156250000000e-01 -4.3962245399598032e-08 -1.4898432709742337e-08 -5.8860678109340370e-08
218 4.2480468750000000e-01 -4.4027729018125683e-08 -1.4920260582584888e-08 -5.8947989600710571e-08
219 4.2675781250000000e-01 -4.4091393647249788e-08 -1.4942088455427438e-08 -5.9033482102677226e-08
220 4.2871093750000000e-01 -4.4155058276373893e-08 -1.4963916328269988e-08 -5.9118974604643881e-08
221 4.3066406250000000e-01 -4.4215994421392679e-08 -1.4983015717007220e-08 -5.9199010138399899e-08
222 4.3261718750000000e-01 -4.4274202082306147e-08 -1.5003934095147997e-08 -5.9278136177454144e-08
223 4.3457031250000000e-01 -4.4332409743219614e-08 -1.5023942978587002e-08 -5.9356352721806616e-08
224 4.3652343750000000e-01 -4.4387888920027763e-08 -1.5043042367324233e-08 -5.9430931287351996e-08
225 4.3847656250000000e-01 -4.4443368096835911e-08 -1.5062141756061465e-08 -5.9505509852897376e-08
226 4.4042968750000000e-01 -4.4493390305433422e-08 -1.5078512660693377e-08 -5.9571902966126800e-08
227 4.4238281250000000e-01 -4.4546140998136252e-08 -1.5095793060027063e-08 -5.9641934058163315e-08
228 4.4433593750000000e-01 -4.4595253712031990e-08 -1.5112163964658976e-08 -5.9707417676690966e-08
229 4.4628906250000000e-01 -4.4642547436524183e-08 -1.5129444363992661e-08 -5.9771991800516844e-08
230 4.4824218750000000e-01 -4.4688931666314602e-08 -1.5144905773922801e-08 -5.9833837440237403e-08
231 4.5019531250000000e-01 -4.4732587411999702e-08 -1.5160367183852941e-08 -5.9892954595852643e-08
232 4.5214843750000000e-01 -4.4776243157684803e-08 -1.5174009604379535e-08 -5.9950252762064338e-08
233 4.5410156250000000e-01 -4.4815351429861039e-08 -1.5187652024906129e-08 -6.0003003454767168e-08
234 4.5605468750000000e-01 -4.4855369196739048e-08 -1.5200384950730950e-08 -6.0055754147469997e-08
235 4.5800781250000000e-01 -4.4891748984809965e-08 -1.5213117876555771e-08 -6.0104866861365736e-08
236 4.5996093750000000e-01 -4.4928128772880882e-08 -1.5224941307678819e-08 -6.0153070080559701e-08
237 4.6191406250000000e-01 -4.4962689571548253e-08 -1.5237674233503640e-08 -6.0200363805051893e-08
238 4.6386718750000000e-01 -4.4995431380812079e-08 -1.5247678675223142e-08 -6.0243110056035221e-08
239 4.6582031250000000e-01 -4.5025444705970585e-08 -1.5259502106346190e-08 -6.0284946812316775e-08
240 4.6777343750000000e-01 -4.5055458031129092e-08 -1.5269506548065692e-08 -6.0324964579194784e-08
241 4.6972656250000000e-01 -4.5081833377480507e-08 -1.5277692000381649e-08 -6.0359525377862155e-08
242 4.7167968750000000e-01 -4.5107299229130149e-08 -1.5287696442101151e-08 -6.0394995671231300e-08
243 4.7363281250000000e-01 -4.5130946091376245e-08 -1.5294972399715334e-08 -6.0425918491091579e-08
244 4.7558593750000000e-01 -4.5151864469517022e-08 -1.5300429367925972e-08 -6.0452293837442994e-08
245 4.7753906250000000e-01 -4.5173692342359573e-08 -1.5308614820241928e-08 -6.0482307162601501e-08
246 4.7949218750000000e-01 -4.5190063246991485e-08 -1.5314071788452566e-08 -6.0504135035444051e-08
247 4.8144531250000000e-01 -4.5208253141026944e-08 -1.5320438251364976e-08 -6.0528691392391920e-08
248 4.8339843750000000e-01 -4.5223714550957084e-08 -1.5325895219575614e-08 -6.0549609770532697e-08
249 4.8535156250000000e-01 -4.5238266466185451e-08 -1.5330442693084478e-08 -6.0568709159269929e-08
250 4.8730468750000000e-01 -4.5250089897308499e-08 -1.5334080671891570e-08 -6.0584170569200069e-08
251 4.8925781250000000e-01 -4.5261003833729774e-08 -1.5338628145400435e-08 -6.0599631979130208e-08
252 4.9121093750000000e-01 -4.5267370296642184e-08 -1.5339537640102208e-08 -6.0606907936744392e-08
253 4.9316406250000000e-01 -4.5275555748958141e-08 -1.5344085113611072e-08 -6.0619640862569213e-08
254 4.9511718750000000e-01 -4.5279193727765232e-08 -1.5344085113611072e-08 -6.0623278841376305e-08
255 4.9707031250000000e-01 -4.5283741201274097e-08 -1.5346813597716391e-08 -6.0630554798990488e-08
256 4.9902343750000000e-01 -4.5286469685379416e-08 -1.5348632587119937e-08 -6.0635102272499353e-08
257 5.0097656250000000e-01 -4.5286469685379416e-08 -1.5348632587119937e-08 -6.0635102272499353e-08
258 5.0292968750000000e-01 -4.5284650695975870e-08 -1.5346813597716391e-08 -6.0631464293692261e-08
259 5.0488281250000000e-01 -4.5279193727765232e-08 -1.5344085113611072e-08 -6.0623278841376305e-08
260 5.0683593750000000e-01 -4.5275555748958141e-08 -1.5344085113611072e-08 -6.0619640862569213e-08
261 5.0878906250000000e-01 -4.5267370296642184e-08 -1.5339537640102208e-08 -6.0606907936744392e-08
262 5.1074218750000000e-01 -4.5261003833729774e-08 -1.5338628145400435e-08 -6.0599631979130208e-08
263 5.1269531250000000e-01 -4.5250089897308499e-08 -1.5334080671891570e-08 -6.0584170569200069e-08
264 5.1464843750000000e-01 -4.5238266466185451e-08 -1.5330442693084478e-08 -6.0568709159269929e-08
265 5.1660156250000000e-01 -4.5223714550957084e-08 -1.5325895219575614e-08 -6.0549609770532697e-08
266 5.1855468750000000e-01 -4.5208253141026944e-08 -1.5320438251364976e-08 -6.0528691392391920e-08
267 5.2050781250000000e-01 -4.5190063246991485e-08 -1.5314071788452566e-08 -6.0504135035444051e-08
268 5.2246093750000000e-01 -4.5173692342359573e-08 -1.5308614820241928e-08 -6.0482307162601501e-08
269 5.2441406250000000e-01 -4.5151864469517022e-08 -1.5300429367925972e-08 -6.0452293837442994e-08
270 5.2636718750000000e-01 -4.5130946091376245e-08 -1.5294972399715334e-08 -6.0425918491091579e-08
271 5.2832031250000000e-01 -4.5107299229130149e-08 -1.5287696442101151e-08 -6.0394995671231300e-08
272 5.3027343750000000e-01 -4.5081833377480507e-08 -1.5277692000381649e-08 -6.0359525377862155e-08
273 5.3222656250000000e-01 -4.5055458031129092e-08 -1.5269506548065692e-08 -6.0324964579194784e-08
274 5.3417968750000000e-01 -4.5025444705970585e-08 -1.5259502106346190e-08 -6.0284946812316775e-08
275 5.3613281250000000e-01 -4.4995431380812079e-08 -1.5247678675223142e-08 -6.0243110056035221e-08
276 5.3808593750000000e-01 -4.4962689571548253e-08 -1.5237674233503640e-08 -6.0200363805051893e-08
277 5.4003906250000000e-01 -4.4929038267582655e-08 -1.5224941307678819e-08 -6.0153979575261474e-08
278 5.4199218750000000e-01 -4.4891748984809965e-08 -1.5213117876555771e-08 -6.0104866861365736e-08
279 5.4394531250000000e-01 -4.4856278691440821e-08 -1.5200384950730950e-08 -6.0056663642171770e-08
280 5.4589843750000000e-01 -4.4815351429861039e-08 -1.5187652024906129e-08 -6.0003003454767168e-08
281 5.4785156250000000e-01 -4.4776243157684803e-08 -1.5174009604379535e-08 -5.9950252762064338e-08
282 5.4980468750000000e-01 -4.4732587411999702e-08 -1.5160367183852941e-08 -5.9892954595852643e-08
283 5.5175781250000000e-01 -4.4689841161016375e-08 -1.5144905773922801e-08 -5.9834746934939176e-08
284 5.5371093750000000e-01 -4.4643456931225955e-08 -1.5128534869290888e-08 -5.9771991800516844e-08
285 5.5566406250000000e-01 -4.4595253712031990e-08 -1.5112163964658976e-08 -5.9707417676690966e-08
286 5.5761718750000000e-01 -4.4546140998136252e-08 -1.5095793060027063e-08 -5.9641934058163315e-08
287 5.5957031250000000e-01 -4.4493390305433422e-08 -1.5078512660693377e-08 -5.9571902966126800e-08
288 5.6152343750000000e-01 -4.4443368096835911e-08 -1.5062141756061465e-08 -5.9505509852897376e-08
289 5.6347656250000000e-01 -4.4386979425325990e-08 -1.5043042367324233e-08 -5.9430021792650223e-08
290 5.6542968750000000e-01 -4.4332409743219614e-08 -1.5023942978587002e-08 -5.9356352721806616e-08
291 5.6738281250000000e-01 -4.4274202082306147e-08 -1.5003934095147997e-08 -5.9278136177454144e-08
292 5.6933593750000000e-01 -4.4215994421392679e-08 -1.4983015717007220e-08 -5.9199010138399899e-08
293 5.7128906250000000e-01 -4.4155058276373893e-08 -1.4963916328269988e-08 -5.9118974604643881e-08
294 5.7324218750000000e-01 -4.4092303141951561e-08 -1.4942088455427438e-08 -5.9034391597378999e-08
295 5.7519531250000000e-01 -4.4027729018125683e-08 -1.4920260582584888e-08 -5.8947989600710571e-08
296 5.7714843750000000e-01 -4.3962245399598032e-08 -1.4898432709742337e-08 -5.8860678109340370e-08
297 5.7910156250000000e-01 -4.3893123802263290e-08 -1.4873876352794468e-08 -5.8767000155057758e-08
298 5.8105468750000000e-01 -4.3824002204928547e-08 -1.4852048479951918e-08 -5.8676050684880465e-08
299 5.8300781250000000e-01 -4.3753971112892032e-08 -1.4828401617705822e-08 -5.8582372730597854e-08
300 5.8496093750000000e-01 -4.3683030526153743e-08 -1.4803845260757953e-08 -5.8486875786911696e-08
301 5.8691406250000000e-01 -4.3607542465906590e-08 -1.4777469914406538e-08 -5.8385012380313128e-08
302 5.8886718750000000e-01 -4.3531144910957664e-08 -1.4752004062756896e-08 -5.8283148973714560e-08
303 5.9082031250000000e-01 -4.3454747356008738e-08 -1.4726538211107254e-08 -5.8181285567115992e-08
304 5.9277343750000000e-01 -4.3376530811656266e-08 -1.4700162864755839e-08 -5.8076693676412106e-08
305 5.9472656250000000e-01 -4.3293766793794930e-08 -1.4671968529000878e-08 -5.7965735322795808e-08
306 5.9667968750000000e-01 -4.3213731260038912e-08 -1.4645593182649463e-08 -5.7859324442688376e-08
307 5.9863281250000000e-01 -4.3128238758072257e-08 -1.4614670362789184e-08 -5.7742909120861441e-08
308 6.0058593750000000e-01 -4.3043655750807375e-08 -1.4587385521735996e-08 -5.7631041272543371e-08
309 6.0253906250000000e-01 -4.2956344259437174e-08 -1.4556462701875716e-08 -5.7512806961312890e-08
310 6.0449218750000000e-01 -4.2868123273365200e-08 -1.4528268366120756e-08 -5.7396391639485955e-08
311 6.0644531250000000e-01 -4.2778083297889680e-08 -1.4496436051558703e-08 -5.7274519349448383e-08
312 6.0839843750000000e-01 -4.2686224333010614e-08 -1.4465513231698424e-08 -5.7151737564709038e-08
313 6.1035156250000000e-01 -4.2591636884026229e-08 -1.4434590411838144e-08 -5.7026227295864373e-08
314 6.1230468750000000e-01 -4.2496139940340072e-08 -1.4401848602574319e-08 -5.6897988542914391e-08
315 6.1425781250000000e-01 -4.2398824007250369e-08 -1.4369106793310493e-08 -5.6767930800560862e-08
316 6.1621093750000000e-01 -4.2301508074160665e-08 -1.4335455489344895e-08 -5.6636963563505560e-08
317 6.1816406250000000e-01 -4.2200554162263870e-08 -1.4300894690677524e-08 -5.6501448852941394e-08
318 6.2011718750000000e-01 -4.2099600250367075e-08 -1.4266333892010152e-08 -5.6365934142377228e-08
319 6.2207031250000000e-01 -4.1996827349066734e-08 -1.4231773093342781e-08 -5.6228600442409515e-08
320 6.2402343750000000e-01 -4.1891325963661075e-08 -1.4195393305271864e-08 -5.6086719268932939e-08
321 6.2597656250000000e-01 -4.1785824578255415e-08 -1.4160832506604493e-08 -5.5946657084859908e-08
322 6.2792968750000000e-01 -4.1678504203446209e-08 -1.4124452718533576e-08 -5.5802956921979785e-08
323 6.2988281250000000e-01 -4.1567545849829912e-08 -1.4087163435760885e-08 -5.5654709285590798e-08
324 6.3183593750000000e-01 -4.1457496990915388e-08 -1.4048964658286422e-08 -5.5506461649201810e-08
325 6.3378906250000000e-01 -4.1343810153193772e-08 -1.4010765880811960e-08 -5.5354576034005731e-08
326 6.3574218750000000e-01 -4.1230123315472156e-08 -1.3971657608635724e-08 -5.5201780924107879e-08
327 6.3769531250000000e-01 -4.1114617488346994e-08 -1.3932549336459488e-08 -5.5047166824806482e-08
328 6.3964843750000000e-01 -4.0998202166520059e-08 -1.3893441064283252e-08 -5.4891643230803311e-08
329 6.4160156250000000e-01 -4.0877239371184260e-08 -1.3852513802703470e-08 -5.4729753173887730e-08
330 6.4355468750000000e-01 -4.0759005059953779e-08 -1.3813405530527234e-08 -5.4572410590481013e-08
331 6.4550781250000000e-01 -4.0636223275214434e-08 -1.3772478268947452e-08 -5.4408701544161886e-08
332 6.4746093750000000e-01 -4.0513441490475088e-08 -1.3729732017964125e-08 -5.4243173508439213e-08
333 6.4941406250000000e-01 -4.0387021726928651e-08 -1.3687895261682570e-08 -5.4074916988611221e-08
334 6.5136718750000000e-01 -4.0260601963382214e-08 -1.3643330021295696e-08 -5.3903931984677911e-08
335 6.5332031250000000e-01 -4.0132363210432231e-08 -1.3600583770312369e-08 -5.3732946980744600e-08
336 6.5527343750000000e-01 -4.0004124457482249e-08 -1.3556928024627268e-08 -5.3561052482109517e-08
337 6.5722656250000000e-01 -3.9872247725725174e-08 -1.3512362784240395e-08 -5.3384610509965569e-08
338 6.5917968750000000e-01 -3.9741280488669872e-08 -1.3468707038555294e-08 -5.3209987527225167e-08
339 6.6113281250000000e-01 -3.9604856283403933e-08 -1.3422322808764875e-08 -5.3027179092168808e-08
340 6.6308593750000000e-01 -3.9471160562243313e-08 -1.3375938578974456e-08 -5.2847099141217768e-08
341 6.6503906250000000e-01 -3.9333826862275600e-08 -1.3330463843885809e-08 -5.2664290706161410e-08
342 6.6699218750000000e-01 -3.9196493162307888e-08 -1.3283170119393617e-08 -5.2479663281701505e-08
343 6.6894531250000000e-01 -3.9055521483533084e-08 -1.3235876394901425e-08 -5.2291397878434509e-08
344 6.7089843750000000e-01 -3.8914549804758281e-08 -1.3188582670409232e-08 -5.2103132475167513e-08
345 6.7285156250000000e-01 -3.8770849641878158e-08 -1.3138560461811721e-08 -5.1909410103689879e-08
346 6.7480468750000000e-01 -3.8628058973699808e-08 -1.3091266737319529e-08 -5.1719325711019337e-08
347 6.7675781250000000e-01 -3.8481630326714367e-08 -1.3041244528722018e-08 -5.1522874855436385e-08
348 6.7871093750000000e-01 -3.8335201679728925e-08 -1.2992131814826280e-08 -5.1327333494555205e-08
349 6.8066406250000000e-01 -3.8186044548638165e-08 -1.2942109606228769e-08 -5.1128154154866934e-08
350 6.8261718750000000e-01 -3.8035068428143859e-08 -1.2891177902929485e-08 -5.0926246331073344e-08
351 6.8457031250000000e-01 -3.7884092307649553e-08 -1.2839336704928428e-08 -5.0723429012577981e-08
352 6.8652343750000000e-01 -3.7729478208348155e-08 -1.2786586012225598e-08 -5.0516064220573753e-08
353 6.8847656250000000e-01 -3.7576683098450303e-08 -1.2733835319522768e-08 -5.0310518417973071e-08
354 6.9042968750000000e-01 -3.7420704757096246e-08 -1.2681084626819938e-08 -5.0101789383916184e-08
355 6.9238281250000000e-01 -3.7263362173689529e-08 -1.2629243428818882e-08 -4.9892605602508411e-08
356 6.9433593750000000e-01 -3.7105110095581040e-08 -1.2573764252010733e-08 -4.9678874347591773e-08
357 6.9628906250000000e-01 -3.6945039028069004e-08 -1.2520104064606130e-08 -4.9465143092675135e-08
358 6.9824218750000000e-01 -3.6784058465855196e-08 -1.2465534382499754e-08 -4.9249592848354951e-08
359 7.0019531250000000e-01 -3.6620804166886955e-08 -1.2410964700393379e-08 -4.9031768867280334e-08
360 7.0214843750000000e-01 -3.6456640373216942e-08 -1.2354576028883457e-08 -4.8811216402100399e-08
361 7.0410156250000000e-01 -3.6291112337494269e-08 -1.2299096852075309e-08 -4.8590209189569578e-08
362 7.0605468750000000e-01 -3.6123765312368050e-08 -1.2242708180565387e-08 -4.8366473492933437e-08
363 7.0800781250000000e-01 -3.5955963539890945e-08 -1.2185410014353693e-08 -4.8141373554244637e-08
364 7.0996093750000000e-01 -3.5786797525361180e-08 -1.2128566595492885e-08 -4.7915364120854065e-08
365 7.1191406250000000e-01 -3.5614448279375210e-08 -1.2068994692526758e-08 -4.7683442971901968e-08
366 7.1386718750000000e-01 -3.5443918022792786e-08 -1.2011241778964177e-08 -4.7455159801756963e-08
367 7.1582031250000000e-01 -3.5268385545350611e-08 -1.1952124623348936e-08 -4.7220510168699548e-08
368 7.1777343750000000e-01 -3.5094672057311982e-08 -1.1893007467733696e-08 -4.6987679525045678e-08
369 7.1972656250000000e-01 -3.4918230085168034e-08 -1.1833435564767569e-08 -4.6751665649935603e-08
370 7.2167968750000000e-01 -3.4740423870971426e-08 -1.1773408914450556e-08 -4.6513832785421982e-08
371 7.2363281250000000e-01 -3.4562162909423932e-08 -1.1713837011484429e-08 -4.6275999920908362e-08
372 7.2558593750000000e-01 -3.4381173463771120e-08 -1.1651536624412984e-08 -4.6032710088184103e-08
373 7.2753906250000000e-01 -3.4200184018118307e-08 -1.1590145732043311e-08 -4.5790329750161618e-08
374 7.2949218750000000e-01 -3.4017830330412835e-08 -1.1528754839673638e-08 -4.5546585170086473e-08
375 7.3144531250000000e-01 -3.3833657653303817e-08 -1.1465544957900420e-08 -4.5299202611204237e-08
376 7.3339843750000000e-01 -3.3648120734142140e-08 -1.1402789823478088e-08 -4.5050910557620227e-08
377 7.3535156250000000e-01 -3.3461674320278689e-08 -1.1339579941704869e-08 -4.4801254261983559e-08
378 7.3730468750000000e-01 -3.3273863664362580e-08 -1.1275915312580764e-08 -4.4549778976943344e-08
379 7.3925781250000000e-01 -3.3083779271692038e-08 -1.1212250683456659e-08 -4.4296029955148697e-08
380 7.4121093750000000e-01 -3.2893694879021496e-08 -1.1146767064929008e-08 -4.4040461943950504e-08
381 7.4316406250000000e-01 -3.2702246244298294e-08 -1.1082192941103131e-08 -4.3784439185401425e-08
382 7.4511718750000000e-01 -3.2509888114873320e-08 -1.1017618817277253e-08 -4.3527506932150573e-08
383 7.4707031250000000e-01 -3.2314801501343027e-08 -1.0950770956696942e-08 -4.3265572458039969e-08
384 7.4902343750000000e-01 -3.2121079129865393e-08 -1.0886196832871065e-08 -4.3007275962736458e-08
385 7.5097656250000000e-01 -3.1923264032229781e-08 -1.0818439477588981e-08 -4.2741703509818763e-08
386 7.5292968750000000e-01 -3.1725903681945056e-08 -1.0751591617008671e-08 -4.2477495298953727e-08
387 7.5488281250000000e-01 -3.1527179089607671e-08 -1.0684743756428361e-08 -4.2211922846036032e-08
388 7.5683593750000000e-01 -3.1327090255217627e-08 -1.0615622159093618e-08 -4.1942712414311245e-08
389 7.5878906250000000e-01 -3.1125637178774923e-08 -1.0548774298513308e-08 -4.1674411477288231e-08
390 7.6074218750000000e-01 -3.0923274607630447e-08 -1.0479197953827679e-08 -4.1402472561458126e-08
391 7.6269531250000000e-01 -3.0720002541784197e-08 -1.0410531103843823e-08 -4.1130533645628020e-08
392 7.6464843750000000e-01 -3.0514911486534402e-08 -1.0341409506509081e-08 -4.0856320993043482e-08
393 7.6660156250000000e-01 -3.0309820431284606e-08 -1.0272287909174338e-08 -4.0582108340458944e-08
394 7.6855468750000000e-01 -3.0102455639280379e-08 -1.0200892575085163e-08 -4.0303348214365542e-08
395 7.7050781250000000e-01 -2.9893726605223492e-08 -1.0130406735697761e-08 -4.0024133340921253e-08
396 7.7246093750000000e-01 -2.9684542823815718e-08 -1.0059466148959473e-08 -3.9744008972775191e-08
397 7.7441406250000000e-01 -2.9473994800355285e-08 -9.9880708148702979e-09 -3.9462065615225583e-08
398 7.7636718750000000e-01 -2.9262082534842193e-08 -9.9166754807811230e-09 -3.9178758015623316e-08
399 7.7832031250000000e-01 -2.9050170269329101e-08 -9.8448253993410617e-09 -3.8894995668670163e-08
400 7.8027343750000000e-01 -2.8836439014412463e-08 -9.7729753179010004e-09 -3.8609414332313463e-08
401 7.8222656250000000e-01 -2.8621798264794052e-08 -9.6993062470573932e-09 -3.8321104511851445e-08
402 7.8417968750000000e-01 -2.8404883778421208e-08 -9.6260919235646725e-09 -3.8030975701985881e-08
403 7.8613281250000000e-01 -2.8188878786750138e-08 -9.5533323474228382e-09 -3.7742211134172976e-08
404 7.8808593750000000e-01 -2.7971054805675521e-08 -9.4792085292283446e-09 -3.7450263334903866e-08
405 7.9003906250000000e-01 -2.7751411835197359e-08 -9.4050847110338509e-09 -3.7156496546231210e-08
406 7.9199218750000000e-01 -2.7531314117368311e-08 -9.3300513981375843e-09 -3.6861365515505895e-08
407 7.9394531250000000e-01 -2.7310306904837489e-08 -9.2550180852413177e-09 -3.6565324990078807e-08
408 7.9589843750000000e-01 -2.7087935450254008e-08 -9.1799847723450512e-09 -3.6267920222599059e-08
409 7.9785156250000000e-01 -2.6864199753617868e-08 -9.1035872173961252e-09 -3.5967786971013993e-08
410 7.9980468750000000e-01 -2.6640464056981727e-08 -9.0280991571489722e-09 -3.5668563214130700e-08
411 8.0175781250000000e-01 -2.6415364118292928e-08 -8.9526110969018191e-09 -3.5367975215194747e-08
412 8.0371093750000000e-01 -2.6189354684902355e-08 -8.8753040472511202e-09 -3.5064658732153475e-08
413 8.0566406250000000e-01 -2.5961981009459123e-08 -8.7984517449513078e-09 -3.4760432754410431e-08
414 8.0761718750000000e-01 -2.5733243091963232e-08 -8.7206899479497224e-09 -3.4453933039912954e-08
415 8.0957031250000000e-01 -2.5504959921818227e-08 -8.6438376456499100e-09 -3.4148797567468137e-08
416 8.1152343750000000e-01 -2.5274857762269676e-08 -8.5656211012974381e-09 -3.3840478863567114e-08
417 8.1347656250000000e-01 -2.5044755602721125e-08 -8.4878593042958528e-09 -3.3532614907016978e-08
418 8.1542968750000000e-01 -2.4811015464365482e-08 -8.4082785178907216e-09 -3.3219293982256204e-08
419 8.1738281250000000e-01 -2.4579549062764272e-08 -8.3300619735382497e-09 -3.2909611036302522e-08
420 8.1933593750000000e-01 -2.4345354177057743e-08 -8.2500264397822320e-09 -3.2595380616839975e-08
421 8.2128906250000000e-01 -2.4110249796649441e-08 -8.1704456533771008e-09 -3.2280695450026542e-08
422 8.2324218750000000e-01 -2.3874690668890253e-08 -8.0908648669719696e-09 -3.1965555535862222e-08
423 8.2519531250000000e-01 -2.3637767299078405e-08 -8.0108293332159519e-09 -3.1648596632294357e-08
424 8.2714843750000000e-01 -2.3401298676617444e-08 -7.9307937994599342e-09 -3.1332092476077378e-08
425 8.2910156250000000e-01 -2.3163011064752936e-08 -7.8503035183530301e-09 -3.1013314583105966e-08
426 8.3105468750000000e-01 -2.2923813958186656e-08 -7.7689037425443530e-09 -3.0692717700731009e-08
427 8.3300781250000000e-01 -2.2683252609567717e-08 -7.6875039667356759e-09 -3.0370756576303393e-08
428 8.3496093750000000e-01 -2.2442236513597891e-08 -7.6051946962252259e-09 -3.0047431209823117e-08
429 8.3691406250000000e-01 -2.2201220417628065e-08 -7.5237949204165488e-09 -2.9725015338044614e-08
430 8.3886718750000000e-01 -2.1957475837552920e-08 -7.4410309025552124e-09 -2.9398506740108132e-08
431 8.4082031250000000e-01 -2.1714186004828662e-08 -7.3591763793956488e-09 -2.9073362384224311e-08
432 8.4277343750000000e-01 -2.1469986677402630e-08 -7.2759576141834259e-09 -2.8745944291586056e-08
433 8.4472656250000000e-01 -2.1224877855274826e-08 -7.1927388489712030e-09 -2.8417616704246029e-08
434 8.4667968750000000e-01 -2.0978859538445249e-08 -7.1090653364080936e-09 -2.8087924874853343e-08
435 8.4863281250000000e-01 -2.0732841221615672e-08 -7.0267560658976436e-09 -2.7759597287513316e-08
436 8.5058593750000000e-01 -2.0484549168031663e-08 -6.9417183112818748e-09 -2.7426267479313537e-08
437 8.5253906250000000e-01 -2.0237621356500313e-08 -6.8589542934205383e-09 -2.7096575649920851e-08
438 8.5449218750000000e-01 -1.9987510313512757e-08 -6.7739165388047695e-09 -2.6761426852317527e-08
439 8.5644531250000000e-01 -1.9738308765226975e-08 -6.6893335315398872e-09 -2.6427642296766862e-08
440 8.5839843750000000e-01 -1.9487288227537647e-08 -6.6042957769241184e-09 -2.6091584004461765e-08
441 8.6035156250000000e-01 -1.9236722437199205e-08 -6.5192580223083496e-09 -2.5755980459507555e-08
442 8.6230468750000000e-01 -1.8984337657457218e-08 -6.4337655203416944e-09 -2.5418103177798912e-08
443 8.6425781250000000e-01 -1.8731952877715230e-08 -6.3482730183750391e-09 -2.5080225896090269e-08
444 8.6621093750000000e-01 -1.8479113350622356e-08 -6.2620983953820542e-09 -2.4741211746004410e-08
445 8.6816406250000000e-01 -1.8224454834125936e-08 -6.1761511460645124e-09 -2.4400605980190448e-08
446 8.7011718750000000e-01 -1.7970023691304959e-08 -6.0899765230715275e-09 -2.4060000214376487e-08
447 8.7207031250000000e-01 -1.7714455680106767e-08 -6.0033471527276561e-09 -2.3717802832834423e-08
448 8.7402343750000000e-01 -1.7458660295233130e-08 -5.9164904087083414e-09 -2.3375150703941472e-08
449 8.7597656250000000e-01 -1.7201728041982278e-08 -5.8300884120399132e-09 -2.3031816454022191e-08
450 8.7792968750000000e-01 -1.6944795788731426e-08 -5.7427769206697121e-09 -2.2687572709401138e-08
451 8.7988281250000000e-01 -1.6685817172401585e-08 -5.6545559345977381e-09 -2.2340373106999323e-08
452 8.8183593750000000e-01 -1.6427520677098073e-08 -5.5672444432275370e-09 -2.1994765120325610e-08
453 8.8378906250000000e-01 -1.6168314687092789e-08 -5.4790234571555629e-09 -2.1647338144248351e-08
454 8.8574218750000000e-01 -1.5908426576061174e-08 -5.3912572184344754e-09 -2.1299683794495650e-08
455 8.8769531250000000e-01 -1.5648538465029560e-08 -5.3030362323625013e-09 -2.0951574697392061e-08
456 8.8964843750000000e-01 -1.5386831364594400e-08 -5.2143604989396408e-09 -2.0601191863534041e-08
457 8.9160156250000000e-01 -1.5125806385185570e-08 -5.1261395128676668e-09 -2.0251945898053236e-08
458 8.9355468750000000e-01 -1.4862962416373193e-08 -5.0370090320939198e-09 -1.9899971448467113e-08
459 8.9550781250000000e-01 -1.4600800568587147e-08 -4.9481059249956161e-09 -1.9548906493582763e-08
460 8.9746093750000000e-01 -1.4337274478748441e-08 -4.8589754442218691e-09 -1.9196249922970310e-08
461 8.9941406250000000e-01 -1.4073975762585178e-08 -4.7698449634481221e-09 -1.8843820726033300e-08
462 9.0136718750000000e-01 -1.3809312804369256e-08 -4.6800323616480455e-09 -1.8489345166017301e-08
463 9.0332031250000000e-01 -1.3544195098802447e-08 -4.5897650124970824e-09 -1.8133960111299530e-08
464 9.0527343750000000e-01 -1.3278850019560196e-08 -4.5001797843724489e-09 -1.7779029803932644e-08
465 9.0722656250000000e-01 -1.3012822819291614e-08 -4.4096850615460426e-09 -1.7422507880837657e-08
466 9.0917968750000000e-01 -1.2746340871672146e-08 -4.3196450860705227e-09 -1.7065985957742669e-08
467 9.1113281250000000e-01 -1.2479631550377235e-08 -4.2291503632441163e-09 -1.6708781913621351e-08
468 9.1308593750000000e-01 -1.2212467481731437e-08 -4.1388830140931532e-09 -1.6351350495824590e-08
469 9.1503906250000000e-01 -1.1944166544708423e-08 -4.0474787965649739e-09 -1.5991645341273397e-08
470 9.1699218750000000e-01 -1.1676320355036296e-08 -3.9569840737385675e-09 -1.5633304428774863e-08
471 9.1894531250000000e-01 -1.1407337296986952e-08 -3.8658072298858315e-09 -1.5273144526872784e-08
472 9.2089843750000000e-01 -1.1138354238937609e-08 -3.7746303860330954e-09 -1.4912984624970704e-08
473 9.2285156250000000e-01 -1.0868689059861936e-08 -3.6829987948294729e-09 -1.4551687854691409e-08
474 9.2480468750000000e-01 -1.0599023880786262e-08 -3.5915945773012936e-09 -1.4190618458087556e-08
475 9.2675781250000000e-01 -1.0328449207008816e-08 -3.5001903597731143e-09 -1.3828639566781931e-08
476 9.2871093750000000e-01 -1.0058101906906813e-08 -3.4085587685694918e-09 -1.3466660675476305e-08
477 9.3066406250000000e-01 -9.7868451121030375e-09 -3.3166998036904261e-09 -1.3103544915793464e-08
478 9.3261718750000000e-01 -9.5149061962729320e-09 -3.2243860914604738e-09 -1.2739292287733406e-08
479 9.3457031250000000e-01 -9.2435357146314345e-09 -3.1328681870945729e-09 -1.2376403901726007e-08
480 9.3652343750000000e-01 -8.9708009909372777e-09 -3.0400997275137343e-09 -1.2010900718451012e-08
481 9.3847656250000000e-01 -8.6987483882694505e-09 -2.9478997021215037e-09 -1.1646648090390954e-08
482 9.4042968750000000e-01 -8.4255589172244072e-09 -2.8553586162161082e-09 -1.1280917533440515e-08
483 9.4238281250000000e-01 -8.1528241935302503e-09 -2.7630449039861560e-09 -1.0915869097516406e-08
484 9.4433593750000000e-01 -7.8788389146211557e-09 -2.6700490707298741e-09 -1.0548887985351030e-08
485 9.4628906250000000e-01 -7.6053083830629475e-09 -2.5773942979867570e-09 -1.0182702681049705e-08
486 9.4824218750000000e-01 -7.3313231041538529e-09 -2.4845121515681967e-09 -9.8158352557220496e-09
487 9.5019531250000000e-01 -7.0567693910561502e-09 -2.3915163183119148e-09 -9.4482857093680650e-09
488 9.5214843750000000e-01 -6.7825567384716123e-09 -2.2985204850556329e-09 -9.0810772235272452e-09
489 9.5410156250000000e-01 -6.5070935306721367e-09 -2.2051835912861861e-09 -8.7122771219583228e-09
490 9.5605468750000000e-01 -6.2326535044121556e-09 -2.1123014448676258e-09 -8.3449549492797814e-09
491 9.5800781250000000e-01 -5.9565081755863503e-09 -2.0186234905850142e-09 -7.9751316661713645e-09
492 9.5996093750000000e-01 -5.6814997151377611e-09 -1.9255139704910107e-09 -7.6070136856287718e-09
493 9.6191406250000000e-01 -5.4052406994742341e-09 -1.8317223293706775e-09 -7.2369630288449116e-09
494 9.6386718750000000e-01 -5.1296638048370369e-09 -1.7383854356012307e-09 -6.8680492404382676e-09
495 9.6582031250000000e-01 -4.8531774154980667e-09 -1.6447074813186191e-09 -6.4978848968166858e-09
496 9.6777343750000000e-01 -4.5770320866722614e-09 -1.5511432138737291e-09 -6.1281753005459905e-09
497 9.6972656250000000e-01 -4.3007162275898736e-09 -1.4574652595911175e-09 -5.7581814871809911e-09
498 9.7167968750000000e-01 -4.0236045606434345e-09 -1.3636167750519235e-09 -5.3872213356953580e-09
499 9.7363281250000000e-01 -3.7471181713044643e-09 -1.2698251339315902e-09 -5.0169433052360546e-09
500 9.7558593750000000e-01 -3.4697791306825820e-09 -1.1759198059735354e-09 -4.6456989366561174e-09
501 9.7753906250000000e-01 -3.1930085242493078e-09 -1.0820713214343414e-09 -4.2750798456836492e-09
502 9.7949218750000000e-01 -2.9153852665331215e-09 -9.8799546321970411e-10 -3.9033807297528256e-09
503 9.8144531250000000e-01 -2.6384441298432648e-09 -8.9409013526164927e-10 -3.5325342651049141e-09
504 9.8339843750000000e-01 -2.3606503418704960e-09 -8.0007112046587281e-10 -3.1607214623363689e-09
505 9.8535156250000000e-01 -2.0834249880863354e-09 -7.0605210567009635e-10 -2.7894770937564317e-09
506 9.8730468750000000e-01 -1.8054890915664146e-09 -6.1186256061773747e-10 -2.4173516521841520e-09
507 9.8925781250000000e-01 -1.5279510989785194e-09 -5.1781512411253061e-10 -2.0457662230910501e-09
508 9.9121093750000000e-01 -1.2504131063906243e-09 -4.2376768760732375e-10 -1.6741807939979481e-09
509 9.9316406250000000e-01 -9.7230667961412109e-10 -3.2952129913610406e-10 -1.3018279787502252e-09
510 9.9511718750000000e-01 -6.9481131959037157e-10 -2.3544544092146680e-10 -9.3025676051183837e-10
511 9.9707031250000000e-01 -4.1662673311293474e-10 -1.4119194702288951e-10 -5.5781868013582425e-10
512 9.9902343750000000e-01 1.4637624277114014e-05 4.8792073190639940e-06 1.9516831596178008e-05
