# P x_center tau_U tau_V tau_Psi
1 0.0009765625 0.0009282558585255174 0.002784768015771988 0.003713023874297505
2 0.0029296875 -2.687011146917939e-08 -7.929338607937098e-08 -1.061634975485504e-07
3 0.0048828125 -4.478715709410608e-08 -1.321550371358171e-07 -1.769421942299232e-07
4 0.0068359375 -6.270056474022567e-08 -1.850094122346491e-07 -2.477099769748747e-07
5 0.0087890625 -8.061033440753818e-08 -2.378583303652704e-07 -3.184686647728086e-07
6 0.0107421875 -9.852010407485068e-08 -2.906999725382775e-07 -3.892200766131282e-07
7 0.0126953125 -1.16422597784549e-07 -3.435197868384421e-07 -4.599423846229911e-07
8 0.0146484375 -1.343287294730544e-07 -3.963432391174138e-07 -5.306719685904682e-07
9 0.0166015625 -1.522203092463315e-07 -4.491375875659287e-07 -6.013578968122602e-07
10 0.0185546875 -1.700900611467659e-07 -5.019101081416011e-07 -6.72000169288367e-07
11 0.0205078125 -1.879743649624288e-07 -5.546826287172735e-07 -7.426569936797023e-07
12 0.0224609375 -2.058804966509342e-07 -6.074405973777175e-07 -8.133210940286517e-07
13 0.0244140625 -2.237065928056836e-07 -6.601476343348622e-07 -8.838542271405458e-07
14 0.0263671875 -2.415763447061181e-07 -7.12854671292007e-07 -9.544310159981251e-07
15 0.0283203125 -2.594315446913242e-07 -7.655180525034666e-07 -1.024949597194791e-06
16 0.0302734375 -2.77272192761302e-07 -8.181668817996979e-07 -1.095439074561e-06
17 0.0322265625 -2.950982889160514e-07 -8.70772055350244e-07 -1.165870344266295e-06
18 0.0341796875 -3.12895281240344e-07 -9.233190212398767e-07 -1.236214302480221e-06
19 0.0361328125 -3.307213773950934e-07 -9.758805390447378e-07 -1.306601916439831e-06
20 0.0380859375 -3.485183697193861e-07 -1.028398401103914e-06 -1.3769167708233e-06
21 0.0400390625 -3.663008101284504e-07 -1.080843503586948e-06 -1.447144313715398e-06
22 0.0419921875 -3.840686986222863e-07 -1.133274054154754e-06 -1.51734275277704e-06
23 0.0439453125 -4.018365871161222e-07 -1.185675500892103e-06 -1.587512088008225e-06
24 0.0458984375 -4.195608198642731e-07 -1.237989636138082e-06 -1.657550456002355e-06
25 0.0478515625 -4.372850526124239e-07 -1.290289219468832e-06 -1.727574272081256e-06
26 0.0498046875 -4.549510776996613e-07 -1.342501491308212e-06 -1.797452569007874e-06
27 0.0517578125 -4.727044142782688e-07 -1.394742866978049e-06 -1.867447281256318e-06
28 0.0537109375 -4.903413355350494e-07 -1.446838723495603e-06 -1.937180059030652e-06
29 0.0556640625 -5.080073606222868e-07 -1.498963683843613e-06 -2.006971044465899e-06
30 0.0576171875 -5.256151780486107e-07 -1.550972228869796e-06 -2.076587406918406e-06
31 0.0595703125 -5.432229954749346e-07 -1.602951670065522e-06 -2.146174665540457e-06
32 0.0615234375 -5.608308129012585e-07 -1.654872903600335e-06 -2.215703716501594e-06
33 0.0634765625 -5.784095264971256e-07 -1.706735929474235e-06 -2.28514545597136e-06
34 0.0654296875 -5.95959136262536e-07 -1.758511643856764e-06 -2.3544707801193e-06
35 0.0673828125 -6.13450538367033e-07 -1.810200046747923e-06 -2.423650585114956e-06
36 0.0693359375 -6.309710443019867e-07 -1.861859345808625e-06 -2.492830390110612e-06
37 0.0712890625 -6.484624464064837e-07 -1.913431333377957e-06 -2.561893779784441e-06
38 0.0732421875 -6.659247446805239e-07 -1.964945113286376e-06 -2.6308698579669e-06
39 0.0751953125 -6.833288352936506e-07 -2.016371581703424e-06 -2.699700416997075e-06
40 0.0771484375 -7.007329259067774e-07 -2.067739842459559e-06 -2.768472768366337e-06
41 0.0791015625 -7.181079126894474e-07 -2.119020791724324e-06 -2.837128704413772e-06
42 0.0810546875 -7.354537956416607e-07 -2.170185325667262e-06 -2.905639121308923e-06
43 0.0830078125 -7.527705747634172e-07 -2.221378963440657e-06 -2.974149538204074e-06
44 0.0849609375 -7.701164577156305e-07 -2.272397978231311e-06 -3.042514435946941e-06
45 0.0869140625 -7.873750291764736e-07 -2.323329681530595e-06 -3.110704710707068e-06
46 0.0888671875 -8.0460449680686e-07 -2.374174073338509e-06 -3.178778570145369e-06
47 0.0908203125 -8.217757567763329e-07 -2.424931153655052e-06 -3.246706910431385e-06
48 0.0927734375 -8.390052244067192e-07 -2.475630026310682e-06 -3.314635250717402e-06
49 0.0947265625 -8.561764843761921e-07 -2.526270691305399e-06 -3.382447175681591e-06
50 0.0966796875 -8.73231329023838e-07 -2.576794940978289e-06 -3.450026270002127e-06
51 0.0986328125 -8.903443813323975e-07 -2.627086360007524e-06 -3.517430741339922e-06
52 0.1005859375 -9.073992259800434e-07 -2.67737777903676e-06 -3.584777005016804e-06
53 0.1025390625 -9.243958629667759e-07 -2.727610990405083e-06 -3.652006853371859e-06
54 0.1044921875 -9.413342922925949e-07 -2.777669578790665e-06 -3.71900387108326e-06
55 0.1064453125 -9.583309292793274e-07 -2.827728167176247e-06 -3.786059096455574e-06
56 0.1083984375 -9.752111509442329e-07 -2.877553924918175e-06 -3.852765075862408e-06
57 0.1103515625 -9.920913726091385e-07 -2.927321474999189e-06 -3.919412847608328e-06
58 0.1123046875 -1.008913386613131e-06 -2.977030817419291e-06 -3.985944204032421e-06
59 0.1142578125 -1.025677192956209e-06 -3.026565536856651e-06 -4.05224272981286e-06
60 0.1162109375 -1.042440999299288e-06 -3.075983840972185e-06 -4.118424840271473e-06
61 0.1181640625 -1.059146597981453e-06 -3.125343937426805e-06 -4.184490535408258e-06
62 0.1201171875 -1.075852196663618e-06 -3.174529410898685e-06 -4.250381607562304e-06
63 0.1220703125 -1.092441380023956e-06 -3.223540261387825e-06 -4.315981641411781e-06
64 0.1240234375 -1.109146978706121e-06 -3.272609319537878e-06 -4.381756298243999e-06
65 0.1259765625 -1.125561539083719e-06 -3.321387339383364e-06 -4.446948878467083e-06
66 0.1279296875 -1.142034307122231e-06 -3.370107151567936e-06 -4.512141458690166e-06
67 0.1298828125 -1.158623490482569e-06 -3.418652340769768e-06 -4.577275831252337e-06
68 0.1318359375 -1.175038050860167e-06 -3.467255737632513e-06 -4.64229378849268e-06
69 0.1337890625 -1.191394403576851e-06 -3.515509888529778e-06 -4.706904292106628e-06
70 0.1357421875 -1.207750756293535e-06 -3.563705831766129e-06 -4.771456588059664e-06
71 0.1376953125 -1.223990693688393e-06 -3.611668944358826e-06 -4.835659638047218e-06
72 0.1396484375 -1.24023063108325e-06 -3.659632056951523e-06 -4.899862688034773e-06
73 0.1416015625 -1.256470568478107e-06 -3.707536961883307e-06 -4.964007530361414e-06
74 0.1435546875 -1.272652298212051e-06 -3.755092620849609e-06 -5.027744919061661e-06
75 0.1455078125 -1.288659404963255e-06 -3.802590072154999e-06 -5.091249477118254e-06
76 0.1474609375 -1.304724719375372e-06 -3.849971108138561e-06 -5.154695827513933e-06
77 0.1494140625 -1.320673618465662e-06 -3.897061105817556e-06 -5.217734724283218e-06
78 0.1513671875 -1.336738932877779e-06 -3.944325726479292e-06 -5.281064659357071e-06
79 0.1533203125 -1.352629624307156e-06 -3.991182893514633e-06 -5.343812517821789e-06
80 0.1552734375 -1.368403900414705e-06 -4.037923645228148e-06 -5.406327545642853e-06
81 0.1572265625 -1.384236384183168e-06 -4.084606189280748e-06 -5.468842573463917e-06
82 0.1591796875 -1.400068867951632e-06 -4.131055902689695e-06 -5.531124770641327e-06
83 0.1611328125 -1.415552105754614e-06 -4.177272785454988e-06 -5.592824891209602e-06
84 0.1630859375 -1.431326381862164e-06 -4.223547875881195e-06 -5.654874257743359e-06
85 0.1650390625 -1.446867827326059e-06 -4.269531928002834e-06 -5.716399755328894e-06
86 0.1669921875 -1.462525688111782e-06 -4.315399564802647e-06 -5.777925252914429e-06
87 0.1689453125 -1.477950718253851e-06 -4.361034370958805e-06 -5.838985089212656e-06
88 0.1708984375 -1.493433956056833e-06 -4.40661096945405e-06 -5.900044925510883e-06
89 0.1728515625 -1.508684363216162e-06 -4.451838321983814e-06 -5.960522685199976e-06
90 0.1748046875 -1.524109393358231e-06 -4.497065674513578e-06 -6.021175067871809e-06
91 0.1767578125 -1.539243385195732e-06 -4.541943781077862e-06 -6.081187166273594e-06
92 0.1787109375 -1.554493792355061e-06 -4.586880095303059e-06 -6.141373887658119e-06
93 0.1806640625 -1.569569576531649e-06 -4.631525371223688e-06 -6.201094947755337e-06
94 0.1826171875 -1.58470356836915e-06 -4.676054231822491e-06 -6.260757800191641e-06
95 0.1845703125 -1.599721144884825e-06 -4.720408469438553e-06 -6.320129614323378e-06
96 0.1865234375 -1.614680513739586e-06 -4.764529876410961e-06 -6.379210390150547e-06
97 0.1884765625 -1.629465259611607e-06 -4.808418452739716e-06 -6.437883712351322e-06
98 0.1904296875 -1.644482836127281e-06 -4.85230702906847e-06 -6.496789865195751e-06
99 0.1923828125 -1.659151166677475e-06 -4.895846359431744e-06 -6.554997526109219e-06
100 0.1943359375 -1.673935912549496e-06 -4.93926927447319e-06 -6.613205187022686e-06
101 0.1962890625 -1.688604243099689e-06 -4.982459358870983e-06 -6.671063601970673e-06
102 0.1982421875 -1.703156158328056e-06 -5.025533027946949e-06 -6.728689186275005e-06
103 0.2001953125 -1.717591658234596e-06 -5.068257451057434e-06 -6.78584910929203e-06
104 0.2021484375 -1.732143573462963e-06 -5.110865458846092e-06 -6.843009032309055e-06
105 0.2041015625 -1.746579073369503e-06 -5.15347346663475e-06 -6.900052540004253e-06
106 0.2060546875 -1.760898157954216e-06 -5.195732228457928e-06 -6.956630386412144e-06
107 0.2080078125 -1.774984411895275e-06 -5.237641744315624e-06 -7.012626156210899e-06
108 0.2099609375 -1.789419911801815e-06 -5.279667675495148e-06 -7.069087587296963e-06
109 0.2119140625 -1.803389750421047e-06 -5.32134436070919e-06 -7.124734111130238e-06
110 0.2138671875 -1.817476004362106e-06 -5.362788215279579e-06 -7.180264219641685e-06
111 0.2158203125 -1.831445842981339e-06 -5.404115654528141e-06 -7.23556149750948e-06
112 0.2177734375 -1.845299266278744e-06 -5.445210263133049e-06 -7.290509529411793e-06
113 0.2197265625 -1.859269104897976e-06 -5.48618845641613e-06 -7.345457561314106e-06
114 0.2216796875 -1.873006112873554e-06 -5.526700988411903e-06 -7.399707101285458e-06
115 0.2236328125 -1.886626705527306e-06 -5.56709710508585e-06 -7.453723810613155e-06
116 0.2255859375 -1.900363713502884e-06 -5.607493221759796e-06 -7.50785693526268e-06
117 0.2275390625 -1.913751475512981e-06 -5.647423677146435e-06 -7.561175152659416e-06
118 0.2294921875 -1.92748848348856e-06 -5.687237717211246e-06 -7.614726200699806e-06
119 0.2314453125 -1.94075983017683e-06 -5.726818926632404e-06 -7.667578756809235e-06
120 0.2333984375 -1.954147592186928e-06 -5.766167305409908e-06 -7.720314897596836e-06
121 0.2353515625 -1.967418938875198e-06 -5.805399268865585e-06 -7.772818207740784e-06
122 0.2373046875 -1.980573870241642e-06 -5.844281986355782e-06 -7.824855856597424e-06
123 0.2392578125 -1.993612386286259e-06 -5.882931873202324e-06 -7.876544259488583e-06
124 0.2412109375 -2.006883732974529e-06 -5.921698175370693e-06 -7.928581908345222e-06
125 0.2431640625 -2.019689418375492e-06 -5.959882400929928e-06 -7.97957181930542e-06
126 0.2451171875 -2.032611519098282e-06 -5.997833795845509e-06 -8.03044531494379e-06
127 0.2470703125 -2.045417204499245e-06 -6.035785190761089e-06 -8.081202395260334e-06
128 0.2490234375 -2.058222889900208e-06 -6.073270924389362e-06 -8.13149381428957e-06
129 0.2509765625 -2.070912159979343e-06 -6.110756658017635e-06 -8.181668817996979e-06
130 0.2529296875 -2.083368599414825e-06 -6.147893145680428e-06 -8.231261745095253e-06
131 0.2548828125 -2.096057869493961e-06 -6.184796802699566e-06 -8.280854672193527e-06
132 0.2568359375 -2.108397893607616e-06 -6.22146762907505e-06 -8.329865522682667e-06
133 0.2587890625 -2.120854333043098e-06 -6.258022040128708e-06 -8.378876373171806e-06
134 0.2607421875 -2.133077941834927e-06 -6.294110789895058e-06 -8.427188731729984e-06
135 0.2626953125 -2.145185135304928e-06 -6.329966709017754e-06 -8.475151844322681e-06
136 0.2646484375 -2.157175913453102e-06 -6.365589797496796e-06 -8.522765710949898e-06
137 0.2666015625 -2.169515937566757e-06 -6.401329301297665e-06 -8.570845238864422e-06
138 0.2685546875 -2.181390300393105e-06 -6.436603143811226e-06 -8.61799344420433e-06
139 0.2705078125 -2.193148247897625e-06 -6.471527740359306e-06 -8.664675988256931e-06
140 0.2724609375 -2.204906195402145e-06 -6.506452336907387e-06 -8.711358532309532e-06
141 0.2744140625 -2.216664142906666e-06 -6.540911272168159e-06 -8.757575415074825e-06
142 0.2763671875 -2.228422090411186e-06 -6.575370207428932e-06 -8.803792297840118e-06
143 0.2783203125 -2.239830791950226e-06 -6.609363481402397e-06 -8.849194273352623e-06
144 0.2802734375 -2.251123078167439e-06 -6.642891094088554e-06 -8.894014172255993e-06
145 0.2822265625 -2.262648195028305e-06 -6.676535122096539e-06 -8.939183317124844e-06
146 0.2841796875 -2.273824065923691e-06 -6.709829904139042e-06 -8.983653970062733e-06
147 0.2861328125 -2.285116352140903e-06 -6.742775440216064e-06 -9.027891792356968e-06
148 0.2880859375 -2.296292223036289e-06 -6.775720976293087e-06 -9.072013199329376e-06
149 0.2900390625 -2.307468093931675e-06 -6.808200851082802e-06 -9.115668945014477e-06
150 0.2919921875 -2.31829471886158e-06 -6.84056431055069e-06 -9.15885902941227e-06
151 0.2939453125 -2.329121343791485e-06 -6.87246210873127e-06 -9.201583452522755e-06
152 0.2958984375 -2.339831553399563e-06 -6.904243491590023e-06 -9.244075044989586e-06
153 0.2978515625 -2.350658178329468e-06 -6.935908459126949e-06 -9.286566637456417e-06
154 0.2998046875 -2.361019141972065e-06 -6.966874934732914e-06 -9.327894076704979e-06
155 0.3017578125 -2.371496520936489e-06 -6.997841410338879e-06 -9.369337931275368e-06
156 0.3037109375 -2.381857484579086e-06 -7.028575055301189e-06 -9.410432539880276e-06
157 0.3056640625 -2.392218448221684e-06 -7.059192284941673e-06 -9.451410733163357e-06
158 0.3076171875 -2.402579411864281e-06 -7.089227437973022e-06 -9.491806849837303e-06
159 0.3095703125 -2.412591129541397e-06 -7.119146175682545e-06 -9.531737305223942e-06
160 0.3115234375 -2.42271926254034e-06 -7.148832082748413e-06 -9.571551345288754e-06
161 0.3134765625 -2.43261456489563e-06 -7.178052328526974e-06 -9.610666893422604e-06
162 0.3154296875 -2.442393451929092e-06 -7.207272574305534e-06 -9.649666026234627e-06
163 0.3173828125 -2.452288754284382e-06 -7.236027158796787e-06 -9.688315913081169e-06
164 0.3193359375 -2.461951225996017e-06 -7.264548912644386e-06 -9.726500138640404e-06
165 0.3212890625 -2.471613697707653e-06 -7.293187081813812e-06 -9.764800779521465e-06
166 0.3232421875 -2.481043338775635e-06 -7.320893928408623e-06 -9.801937267184258e-06
167 0.3251953125 -2.49035656452179e-06 -7.348600775003433e-06 -9.838957339525223e-06
168 0.3271484375 -2.499786205589771e-06 -7.376191206276417e-06 -9.875977411866188e-06
169 0.3291015625 -2.508866600692272e-06 -7.403315976262093e-06 -9.912182576954365e-06
170 0.3310546875 -2.5180634111166e-06 -7.430207915604115e-06 -9.948271326720715e-06
171 0.3330078125 -2.527143806219101e-06 -7.456867024302483e-06 -9.984010830521584e-06
172 0.3349609375 -2.535758540034294e-06 -7.482944056391716e-06 -1.001870259642601e-05
173 0.3369140625 -2.544838935136795e-06 -7.509253919124603e-06 -1.00540928542614e-05
174 0.3388671875 -2.553686499595642e-06 -7.534981705248356e-06 -1.0088668204844e-05
175 0.3408203125 -2.561951987445354e-06 -7.560243830084801e-06 -1.012219581753016e-05
176 0.3427734375 -2.570566721260548e-06 -7.585505954921246e-06 -1.015607267618179e-05
177 0.3447265625 -2.579414285719395e-06 -7.610651664435863e-06 -1.019006595015526e-05
178 0.3466796875 -2.587446942925453e-06 -7.635215297341347e-06 -1.02226622402668e-05
179 0.3486328125 -2.595712430775166e-06 -7.659429684281349e-06 -1.025514211505651e-05
180 0.3505859375 -2.603861503303051e-06 -7.683644071221352e-06 -1.02875055745244e-05
181 0.3525390625 -2.612010575830936e-06 -7.707392796874046e-06 -1.031940337270498e-05
182 0.3544921875 -2.620043233036995e-06 -7.730908691883087e-06 -1.035095192492008e-05
183 0.3564453125 -2.6278430595994e-06 -7.754075340926647e-06 -1.038191840052605e-05
184 0.3583984375 -2.635759301483631e-06 -7.77712557464838e-06 -1.041288487613201e-05
185 0.3603515625 -2.643326297402382e-06 -7.799710147082806e-06 -1.044303644448519e-05
186 0.3623046875 -2.650660462677479e-06 -7.821712642908096e-06 -1.047237310558558e-05
187 0.3642578125 -2.65822745859623e-06 -7.843947969377041e-06 -1.050217542797327e-05
188 0.3662109375 -2.665678039193153e-06 -7.865717634558678e-06 -1.053139567375183e-05
189 0.3681640625 -2.672662958502769e-06 -7.88690522313118e-06 -1.055956818163395e-05
190 0.3701171875 -2.680113539099693e-06 -7.908209227025509e-06 -1.05883227661252e-05
191 0.3720703125 -2.687098458409309e-06 -7.928931154310703e-06 -1.061602961272001e-05
192 0.3740234375 -2.694083377718925e-06 -7.949420250952244e-06 -1.064350362867117e-05
193 0.3759765625 -2.700719051063061e-06 -7.969560101628304e-06 -1.067027915269136e-05
194 0.3779296875 -2.70758755505085e-06 -7.989583536982536e-06 -1.069717109203339e-05
195 0.3798828125 -2.714339643716812e-06 -8.009257726371288e-06 -1.07235973700881e-05
196 0.3818359375 -2.720742486417294e-06 -8.028582669794559e-06 -1.074932515621185e-05
197 0.3837890625 -2.727378159761429e-06 -8.04755836725235e-06 -1.077493652701378e-05
198 0.3857421875 -2.733664587140083e-06 -8.066301234066486e-06 -1.079996582120657e-05
199 0.3876953125 -2.740067429840565e-06 -8.084811270236969e-06 -1.082487870007753e-05
200 0.3896484375 -2.746004611253738e-06 -8.102855645120144e-06 -1.084886025637388e-05
201 0.3916015625 -2.752058207988739e-06 -8.120783604681492e-06 -1.087284181267023e-05
202 0.3935546875 -2.757878974080086e-06 -8.138129487633705e-06 -1.089600846171379e-05
203 0.3955078125 -2.763816155493259e-06 -8.155475370585918e-06 -1.091929152607918e-05
204 0.3974609375 -2.769520506262779e-06 -8.17212276160717e-06 -1.094164326786995e-05
205 0.3994140625 -2.775224857032299e-06 -8.189002983272076e-06 -1.096422784030437e-05
206 0.4013671875 -2.780696377158165e-06 -8.205068297684193e-06 -1.098576467484236e-05
207 0.4033203125 -2.786051481962204e-06 -8.22113361209631e-06 -1.100718509405851e-05
208 0.4052734375 -2.791290171444416e-06 -8.236733265221119e-06 -1.102802343666553e-05
209 0.4072265625 -2.796528860926628e-06 -8.251983672380447e-06 -1.104851253330708e-05
210 0.4091796875 -2.801651135087013e-06 -8.267117664217949e-06 -1.106876879930496e-05
211 0.4111328125 -2.806656993925571e-06 -8.281785994768143e-06 -1.108844298869371e-05
212 0.4130859375 -2.811779268085957e-06 -8.29633790999651e-06 -1.110811717808247e-05
213 0.4150390625 -2.816319465637207e-06 -8.310307748615742e-06 -1.112662721425295e-05
214 0.4169921875 -2.820859663188457e-06 -8.32404475659132e-06 -1.114490441977978e-05
215 0.4189453125 -2.825399860739708e-06 -8.337548933923244e-06 -1.116294879466295e-05
216 0.4208984375 -2.829940058290958e-06 -8.350820280611515e-06 -1.118076033890247e-05
217 0.4228515625 -2.834363840520382e-06 -8.363625966012478e-06 -1.119798980653286e-05
218 0.4248046875 -2.838671207427979e-06 -8.37608240544796e-06 -1.121475361287594e-05
219 0.4267578125 -2.842629328370094e-06 -8.388422429561615e-06 -1.123105175793171e-05
220 0.4287109375 -2.846820279955864e-06 -8.400296792387962e-06 -1.124711707234383e-05
221 0.4306640625 -2.850661985576153e-06 -8.411705493927002e-06 -1.126236747950315e-05
222 0.4326171875 -2.854736521840096e-06 -8.423230610787868e-06 -1.127796713262796e-05
223 0.4345703125 -2.85834539681673e-06 -8.4341736510396e-06 -1.129251904785633e-05
224 0.4365234375 -2.861837856471539e-06 -8.444767445325851e-06 -1.130660530179739e-05
225 0.4384765625 -2.865330316126347e-06 -8.455011993646622e-06 -1.132034230977297e-05
226 0.4404296875 -2.868822775781155e-06 -8.465023711323738e-06 -1.133384648710489e-05
227 0.4423828125 -2.872082404792309e-06 -8.474686183035374e-06 -1.134676858782768e-05
228 0.4443359375 -2.875225618481636e-06 -8.483999408781528e-06 -1.135922502726316e-05
229 0.4462890625 -2.878252416849136e-06 -8.492963388562202e-06 -1.137121580541134e-05
230 0.4482421875 -2.881279215216637e-06 -8.501694537699223e-06 -1.138297375291586e-05
231 0.4501953125 -2.883956767618656e-06 -8.510076440870762e-06 -1.139403320848942e-05
232 0.4521484375 -2.886983565986156e-06 -8.518458344042301e-06 -1.140544191002846e-05
233 0.4541015625 -2.889311872422695e-06 -8.526025339961052e-06 -1.141533721238375e-05
234 0.4560546875 -2.891989424824715e-06 -8.533475920557976e-06 -1.142546534538269e-05
235 0.4580078125 -2.89443414658308e-06 -8.540460839867592e-06 -1.143489498645067e-05
236 0.4599609375 -2.896762453019619e-06 -8.547445759177208e-06 -1.144420821219683e-05
237 0.4619140625 -2.898857928812504e-06 -8.553848601877689e-06 -1.145270653069019e-05
238 0.4638671875 -2.900836989283562e-06 -8.55990219861269e-06 -1.146073918789625e-05
239 0.4658203125 -2.90281604975462e-06 -8.565722964704037e-06 -1.146853901445866e-05
240 0.4677734375 -2.904795110225677e-06 -8.57131090015173e-06 -1.147610601037741e-05
241 0.4697265625 -2.906541340053082e-06 -8.576549589633942e-06 -1.148309092968702e-05
242 0.4716796875 -2.908171154558659e-06 -8.581439033150673e-06 -1.148961018770933e-05
243 0.4736328125 -2.909684553742409e-06 -8.585979230701923e-06 -1.149566378444433e-05
244 0.4755859375 -2.911314368247986e-06 -8.590170182287693e-06 -1.150148455053568e-05
245 0.4775390625 -2.912362106144428e-06 -8.594011887907982e-06 -1.150637399405241e-05
246 0.4794921875 -2.913759090006351e-06 -8.597620762884617e-06 -1.151137985289097e-05
247 0.4814453125 -2.914690412580967e-06 -8.600763976573944e-06 -1.151545438915491e-05
248 0.4833984375 -2.915854565799236e-06 -8.603790774941444e-06 -1.151964534074068e-05
249 0.4853515625 -2.916553057730198e-06 -8.60623549669981e-06 -1.152278855443001e-05
250 0.4873046875 -2.917367964982986e-06 -8.608563803136349e-06 -1.152593176811934e-05
251 0.4892578125 -2.918066456913948e-06 -8.610659278929234e-06 -1.152872573584318e-05
252 0.4912109375 -2.918648533523083e-06 -8.612289093434811e-06 -1.153093762695789e-05
253 0.4931640625 -2.918997779488564e-06 -8.61345324665308e-06 -1.153245102614164e-05
254 0.4951171875 -2.919463440775871e-06 -8.614500984549522e-06 -1.153396442532539e-05
255 0.4970703125 -2.919696271419525e-06 -8.615199476480484e-06 -1.153489574790001e-05
256 0.4990234375 -2.919696271419525e-06 -8.615432307124138e-06 -1.153512857854366e-05
257 0.5009765625 -2.919579856097698e-06 -8.615432307124138e-06 -1.153501216322184e-05
258 0.5029296875 -2.919696271419525e-06 -8.615315891802311e-06 -1.153501216322184e-05
259 0.5048828125 -2.919463440775871e-06 -8.614500984549522e-06 -1.153396442532539e-05
260 0.5068359375 -2.918881364166737e-06 -8.613336831331253e-06 -1.153221819549799e-05
261 0.5087890625 -2.918648533523083e-06 -8.612289093434811e-06 -1.153093762695789e-05
262 0.5107421875 -2.918066456913948e-06 -8.610659278929234e-06 -1.152872573584318e-05
263 0.5126953125 -2.917367964982986e-06 -8.608563803136349e-06 -1.152593176811934e-05
264 0.5146484375 -2.916553057730198e-06 -8.60623549669981e-06 -1.152278855443001e-05
265 0.5166015625 -2.915738150477409e-06 -8.603790774941444e-06 -1.151952892541885e-05
266 0.5185546875 -2.914690412580967e-06 -8.600763976573944e-06 -1.151545438915491e-05
267 0.5205078125 -2.913759090006351e-06 -8.597620762884617e-06 -1.151137985289097e-05
268 0.5224609375 -2.912478521466255e-06 -8.594011887907982e-06 -1.150649040937424e-05
269 0.5244140625 -2.911197952926159e-06 -8.590170182287693e-06 -1.150136813521385e-05
270 0.5263671875 -2.909568138420582e-06 -8.585979230701923e-06 -1.149554736912251e-05
271 0.5283203125 -2.908171154558659e-06 -8.581439033150673e-06 -1.148961018770933e-05
272 0.5302734375 -2.906541340053082e-06 -8.576549589633942e-06 -1.148309092968702e-05
273 0.5322265625 -2.904795110225677e-06 -8.57131090015173e-06 -1.147610601037741e-05
274 0.5341796875 -2.90281604975462e-06 -8.565722964704037e-06 -1.146853901445866e-05
275 0.5361328125 -2.900953404605389e-06 -8.55990219861269e-06 -1.146085560321808e-05
276 0.5380859375 -2.898857928812504e-06 -8.553848601877689e-06 -1.145270653069019e-05
277 0.5400390625 -2.896762453019619e-06 -8.547445759177208e-06 -1.144420821219683e-05
278 0.5419921875 -2.894317731261253e-06 -8.540460839867592e-06 -1.143477857112885e-05
279 0.5439453125 -2.891989424824715e-06 -8.533475920557976e-06 -1.142546534538269e-05
280 0.5458984375 -2.889311872422695e-06 -8.526025339961052e-06 -1.141533721238375e-05
281 0.5478515625 -2.886983565986156e-06 -8.518458344042301e-06 -1.140544191002846e-05
282 0.5498046875 -2.884073182940483e-06 -8.510076440870762e-06 -1.139414962381124e-05
283 0.5517578125 -2.881395630538464e-06 -8.502043783664703e-06 -1.138343941420317e-05
284 0.5537109375 -2.878252416849136e-06 -8.492963388562202e-06 -1.137121580541134e-05
285 0.5556640625 -2.875225618481636e-06 -8.483999408781528e-06 -1.135922502726316e-05
286 0.5576171875 -2.871965989470482e-06 -8.474686183035374e-06 -1.134665217250586e-05
287 0.5595703125 -2.868822775781155e-06 -8.465023711323738e-06 -1.133384648710489e-05
288 0.5615234375 -2.865446731448174e-06 -8.455011993646622e-06 -1.13204587250948e-05
289 0.5634765625 -2.861721441149712e-06 -8.444651030004025e-06 -1.130637247115374e-05
290 0.5654296875 -2.85834539681673e-06 -8.4341736510396e-06 -1.129251904785633e-05
291 0.5673828125 -2.854736521840096e-06 -8.423230610787868e-06 -1.127796713262796e-05
292 0.5693359375 -2.850661985576153e-06 -8.411705493927002e-06 -1.126236747950315e-05
293 0.5712890625 -2.846820279955864e-06 -8.400296792387962e-06 -1.124711707234383e-05
294 0.5732421875 -2.842745743691921e-06 -8.388422429561615e-06 -1.123116817325354e-05
295 0.5751953125 -2.838671207427979e-06 -8.37608240544796e-06 -1.121475361287594e-05
296 0.5771484375 -2.834363840520382e-06 -8.363625966012478e-06 -1.119798980653286e-05
297 0.5791015625 -2.829940058290958e-06 -8.350820280611515e-06 -1.118076033890247e-05
298 0.5810546875 -2.825399860739708e-06 -8.337548933923244e-06 -1.116294879466295e-05
299 0.5830078125 -2.820976078510284e-06 -8.32404475659132e-06 -1.11450208351016e-05
300 0.5849609375 -2.81620305031538e-06 -8.310307748615742e-06 -1.112651079893112e-05
301 0.5869140625 -2.81166285276413e-06 -8.29633790999651e-06 -1.110800076276064e-05
302 0.5888671875 -2.806656993925571e-06 -8.281785994768143e-06 -1.108844298869371e-05
303 0.5908203125 -2.801651135087013e-06 -8.267117664217949e-06 -1.106876879930496e-05
304 0.5927734375 -2.796528860926628e-06 -8.252100087702274e-06 -1.10486289486289e-05
305 0.5947265625 -2.79152300208807e-06 -8.236849680542946e-06 -1.102837268263102e-05
306 0.5966796875 -2.786051481962204e-06 -8.22113361209631e-06 -1.100718509405851e-05
307 0.5986328125 -2.780696377158165e-06 -8.205068297684193e-06 -1.098576467484236e-05
308 0.6005859375 -2.775341272354126e-06 -8.188886567950249e-06 -1.096422784030437e-05
309 0.6025390625 -2.769404090940952e-06 -8.17212276160717e-06 -1.094152685254812e-05
310 0.6044921875 -2.763816155493259e-06 -8.155475370585918e-06 -1.091929152607918e-05
311 0.6064453125 -2.757995389401913e-06 -8.138129487633705e-06 -1.089612487703562e-05
312 0.6083984375 -2.752174623310566e-06 -8.120667189359665e-06 -1.087284181267023e-05
313 0.6103515625 -2.745888195931911e-06 -8.102855645120144e-06 -1.084874384105206e-05
314 0.6123046875 -2.739951014518738e-06 -8.084811270236969e-06 -1.082476228475571e-05
315 0.6142578125 -2.73378100246191e-06 -8.066301234066486e-06 -1.08000822365284e-05
316 0.6162109375 -2.727261744439602e-06 -8.047441951930523e-06 -1.077470369637012e-05
317 0.6181640625 -2.720742486417294e-06 -8.028582669794559e-06 -1.074932515621185e-05
318 0.6201171875 -2.714339643716812e-06 -8.009257726371288e-06 -1.07235973700881e-05
319 0.6220703125 -2.707703970372677e-06 -7.989583536982536e-06 -1.069728750735521e-05
320 0.6240234375 -2.700951881706715e-06 -7.969792932271957e-06 -1.067074481397867e-05
321 0.6259765625 -2.694083377718925e-06 -7.949536666274071e-06 -1.0643620043993e-05
322 0.6279296875 -2.687098458409309e-06 -7.928814738988876e-06 -1.061591319739819e-05
323 0.6298828125 -2.680113539099693e-06 -7.908209227025509e-06 -1.05883227661252e-05
324 0.6318359375 -2.672662958502769e-06 -7.88690522313118e-06 -1.055956818163395e-05
325 0.6337890625 -2.6654452085495e-06 -7.865601219236851e-06 -1.053104642778635e-05
326 0.6357421875 -2.65822745859623e-06 -7.843947969377041e-06 -1.050217542797327e-05
327 0.6376953125 -2.650776877999306e-06 -7.821712642908096e-06 -1.04724895209074e-05
328 0.6396484375 -2.643326297402382e-06 -7.799710147082806e-06 -1.044303644448519e-05
329 0.6416015625 -2.635759301483631e-06 -7.77712557464838e-06 -1.041288487613201e-05
330 0.6435546875 -2.6278430595994e-06 -7.754075340926647e-06 -1.038191840052605e-05
331 0.6455078125 -2.619926817715168e-06 -7.730908691883087e-06 -1.035083550959826e-05
332 0.6474609375 -2.611894160509109e-06 -7.707276381552219e-06 -1.031917054206133e-05
333 0.6494140625 -2.603977918624878e-06 -7.683644071221352e-06 -1.028762198984623e-05
334 0.6513671875 -2.595712430775166e-06 -7.659429684281349e-06 -1.025514211505651e-05
335 0.6533203125 -2.587446942925453e-06 -7.635215297341347e-06 -1.02226622402668e-05
336 0.6552734375 -2.579297870397568e-06 -7.610651664435863e-06 -1.018994953483343e-05
337 0.6572265625 -2.570799551904202e-06 -7.585738785564899e-06 -1.01565383374691e-05
338 0.6591796875 -2.562068402767181e-06 -7.560360245406628e-06 -1.012242864817381e-05
339 0.6611328125 -2.553453668951988e-06 -7.534981705248356e-06 -1.008843537420034e-05
340 0.6630859375 -2.544838935136795e-06 -7.509137503802776e-06 -1.005397643893957e-05
341 0.6650390625 -2.535991370677948e-06 -7.48317688703537e-06 -1.001916825771332e-05
342 0.6669921875 -2.527027390897274e-06 -7.456750608980656e-06 -9.98377799987793e-06
343 0.6689453125 -2.5180634111166e-06 -7.430207915604115e-06 -9.948271326720715e-06
344 0.6708984375 -2.508866600692272e-06 -7.40343239158392e-06 -9.912298992276192e-06
345 0.6728515625 -2.499786205589771e-06 -7.376191206276417e-06 -9.875977411866188e-06
346 0.6748046875 -2.490472979843616e-06 -7.348600775003433e-06 -9.83907375484705e-06
347 0.6767578125 -2.481043338775635e-06 -7.320893928408623e-06 -9.801937267184258e-06
348 0.6787109375 -2.471497282385826e-06 -7.293070666491985e-06 -9.764567948877811e-06
349 0.6806640625 -2.461951225996017e-06 -7.264665327966213e-06 -9.726616553962231e-06
350 0.6826171875 -2.452288754284382e-06 -7.236143574118614e-06 -9.688432328402996e-06
351 0.6845703125 -2.442393451929092e-06 -7.207272574305534e-06 -9.649666026234627e-06
352 0.6865234375 -2.432498149573803e-06 -7.178052328526974e-06 -9.610550478100777e-06
353 0.6884765625 -2.42271926254034e-06 -7.148832082748413e-06 -9.571551345288754e-06
354 0.6904296875 -2.412707544863224e-06 -7.119262591004372e-06 -9.531970135867596e-06
355 0.6923828125 -2.402579411864281e-06 -7.089227437973022e-06 -9.491806849837303e-06
356 0.6943359375 -2.392102032899857e-06 -7.058959454298019e-06 -9.451061487197876e-06
357 0.6962890625 -2.381857484579086e-06 -7.028575055301189e-06 -9.410432539880276e-06
358 0.6982421875 -2.371612936258316e-06 -6.997841410338879e-06 -9.369454346597195e-06
359 0.7001953125 -2.361135557293892e-06 -6.966991350054741e-06 -9.328126907348633e-06
360 0.7021484375 -2.350541763007641e-06 -6.935792043805122e-06 -9.286333806812763e-06
361 0.7041015625 -2.339831553399563e-06 -6.904243491590023e-06 -9.244075044989586e-06
362 0.7060546875 -2.329237759113312e-06 -6.87246210873127e-06 -9.201699867844582e-06
363 0.7080078125 -2.31829471886158e-06 -6.840331479907036e-06 -9.158626198768616e-06
364 0.7099609375 -2.307351678609848e-06 -6.808317266404629e-06 -9.115668945014477e-06
365 0.7119140625 -2.296059392392635e-06 -6.775488145649433e-06 -9.071547538042068e-06
366 0.7138671875 -2.285116352140903e-06 -6.742775440216064e-06 -9.027891792356968e-06
367 0.7158203125 -2.273824065923691e-06 -6.709829904139042e-06 -8.983653970062733e-06
368 0.7177734375 -2.262764610350132e-06 -6.676651537418365e-06 -8.939416147768497e-06
369 0.7197265625 -2.251123078167439e-06 -6.642891094088554e-06 -8.894014172255993e-06
370 0.7216796875 -2.239714376628399e-06 -6.609014235436916e-06 -8.848728612065315e-06
371 0.7236328125 -2.228538505733013e-06 -6.575370207428932e-06 -8.803908713161945e-06
372 0.7255859375 -2.216664142906666e-06 -6.540911272168159e-06 -8.757575415074825e-06
373 0.7275390625 -2.205022610723972e-06 -6.506452336907387e-06 -8.711474947631359e-06
374 0.7294921875 -2.193031832575798e-06 -6.471527740359306e-06 -8.664559572935104e-06
375 0.7314453125 -2.181506715714931e-06 -6.436603143811226e-06 -8.618109859526157e-06
376 0.7333984375 -2.169515937566757e-06 -6.401329301297665e-06 -8.570845238864422e-06
377 0.7353515625 -2.157408744096756e-06 -6.365939043462276e-06 -8.523347787559032e-06
378 0.7373046875 -2.145417965948582e-06 -6.330199539661407e-06 -8.475617505609989e-06
379 0.7392578125 -2.133077941834927e-06 -6.294110789895058e-06 -8.427188731729984e-06
380 0.7412109375 -2.120854333043098e-06 -6.258022040128708e-06 -8.378876373171806e-06
381 0.7431640625 -2.108165062963963e-06 -6.221234798431396e-06 -8.329399861395359e-06
382 0.7451171875 -2.096057869493961e-06 -6.184796802699566e-06 -8.280854672193527e-06
383 0.7470703125 -2.083368599414825e-06 -6.147893145680428e-06 -8.231261745095253e-06
384 0.7490234375 -2.07102857530117e-06 -6.110756658017635e-06 -8.181785233318806e-06
385 0.7509765625 -2.058339305222034e-06 -6.073270924389362e-06 -8.131610229611397e-06
386 0.7529296875 -2.045417204499245e-06 -6.035785190761089e-06 -8.081202395260334e-06
387 0.7548828125 -2.032611519098282e-06 -5.997950211167336e-06 -8.030561730265617e-06
388 0.7568359375 -2.019805833697319e-06 -5.959765985608101e-06 -7.97957181930542e-06
389 0.7587890625 -2.006650902330875e-06 -5.921348929405212e-06 -7.927999831736088e-06
390 0.7607421875 -1.993612386286259e-06 -5.882931873202324e-06 -7.876544259488583e-06
391 0.7626953125 -1.980457454919815e-06 -5.844281986355782e-06 -7.824739441275597e-06
392 0.7646484375 -1.967302523553371e-06 -5.805282853543758e-06 -7.77258537709713e-06
393 0.7666015625 -1.954147592186928e-06 -5.766283720731735e-06 -7.720431312918663e-06
394 0.7685546875 -1.940643414855003e-06 -5.726818926632404e-06 -7.667462341487408e-06
395 0.7705078125 -1.927372068166733e-06 -5.687237717211246e-06 -7.614609785377979e-06
396 0.7724609375 -1.913751475512981e-06 -5.647423677146435e-06 -7.561175152659416e-06
397 0.7744140625 -1.900247298181057e-06 -5.607376806437969e-06 -7.507624104619026e-06
398 0.7763671875 -1.886743120849133e-06 -5.566980689764023e-06 -7.453723810613155e-06
399 0.7783203125 -1.872889697551727e-06 -5.526700988411903e-06 -7.399590685963631e-06
400 0.7802734375 -1.859152689576149e-06 -5.485955625772476e-06 -7.345108315348625e-06
401 0.7822265625 -1.845415681600571e-06 -5.445210263133049e-06 -7.29062594473362e-06
402 0.7841796875 -1.831445842981339e-06 -5.404115654528141e-06 -7.23556149750948e-06
403 0.7861328125 -1.817359589040279e-06 -5.362671799957752e-06 -7.180031388998032e-06
404 0.7880859375 -1.803389750421047e-06 -5.32134436070919e-06 -7.124734111130238e-06
405 0.7900390625 -1.789303496479988e-06 -5.279667675495148e-06 -7.068971171975136e-06
406 0.7919921875 -1.774984411895275e-06 -5.237758159637451e-06 -7.012742571532726e-06
407 0.7939453125 -1.760898157954216e-06 -5.195732228457928e-06 -6.956630386412144e-06
408 0.7958984375 -1.746462658047676e-06 -5.153357051312923e-06 -6.8998197093606e-06
409 0.7978515625 -1.732143573462963e-06 -5.110865458846092e-06 -6.843009032309055e-06
410 0.7998046875 -1.71782448887825e-06 -5.068373866379261e-06 -6.786198355257511e-06
411 0.8017578125 -1.703039743006229e-06 -5.025533027946949e-06 -6.728572770953178e-06
412 0.8037109375 -1.688487827777863e-06 -4.982459358870983e-06 -6.670947186648846e-06
413 0.8056640625 -1.673819497227669e-06 -4.939152859151363e-06 -6.612972356379032e-06
414 0.8076171875 -1.659151166677475e-06 -4.895846359431744e-06 -6.554997526109219e-06
415 0.8095703125 -1.644482836127281e-06 -4.85230702906847e-06 -6.496789865195751e-06
416 0.8115234375 -1.629581674933434e-06 -4.808418452739716e-06 -6.438000127673149e-06
417 0.8134765625 -1.614680513739586e-06 -4.764588084071875e-06 -6.37926859781146e-06
418 0.8154296875 -1.599662937223911e-06 -4.720292054116726e-06 -6.319954991340637e-06
419 0.8173828125 -1.58470356836915e-06 -4.676112439483404e-06 -6.260816007852554e-06
420 0.8193359375 -1.569569576531649e-06 -4.631525371223688e-06 -6.201094947755337e-06
421 0.8212890625 -1.554435584694147e-06 -4.586821887642145e-06 -6.141257472336292e-06
422 0.8232421875 -1.539243385195732e-06 -4.542001988738775e-06 -6.081245373934507e-06
423 0.8251953125 -1.524051185697317e-06 -4.497007466852665e-06 -6.021058652549982e-06
424 0.8271484375 -1.508742570877075e-06 -4.451896529644728e-06 -5.960639100521803e-06
425 0.8291015625 -1.49337574839592e-06 -4.406494554132223e-06 -5.899870302528143e-06
426 0.8310546875 -1.477892510592937e-06 -4.361034370958805e-06 -5.838926881551743e-06
427 0.8330078125 -1.462409272789955e-06 -4.315399564802647e-06 -5.777808837592602e-06
428 0.8349609375 -1.446926034986973e-06 -4.269531928002834e-06 -5.716457962989807e-06
429 0.8369140625 -1.431384589523077e-06 -4.223547875881195e-06 -5.654932465404272e-06
430 0.8388671875 -1.415726728737354e-06 -4.177447408437729e-06 -5.593174137175083e-06
431 0.8408203125 -1.400010660290718e-06 -4.131055902689695e-06 -5.531066562980413e-06
432 0.8427734375 -1.384236384183168e-06 -4.084664396941662e-06 -5.46890078112483e-06
433 0.8447265625 -1.368345692753792e-06 -4.037923645228148e-06 -5.406269337981939e-06
434 0.8466796875 -1.352571416646242e-06 -3.991066478192806e-06 -5.343637894839048e-06
435 0.8486328125 -1.336738932877779e-06 -3.944383934140205e-06 -5.281122867017984e-06
436 0.8505859375 -1.320731826126575e-06 -3.89711931347847e-06 -5.217851139605045e-06
437 0.8525390625 -1.304724719375372e-06 -3.849971108138561e-06 -5.154695827513933e-06
438 0.8544921875 -1.288659404963255e-06 -3.802648279815912e-06 -5.091307684779167e-06
439 0.8564453125 -1.272594090551138e-06 -3.755092620849609e-06 -5.027686711400747e-06
440 0.8583984375 -1.256412360817194e-06 -3.70742054656148e-06 -4.963832907378674e-06
441 0.8603515625 -1.240288838744164e-06 -3.65974847227335e-06 -4.900037311017513e-06
442 0.8623046875 -1.223990693688393e-06 -3.611668944358826e-06 -4.835659638047218e-06
443 0.8642578125 -1.207692548632622e-06 -3.563647624105215e-06 -4.771340172737837e-06
444 0.8662109375 -1.191336195915937e-06 -3.515393473207951e-06 -4.706729669123888e-06
445 0.8681640625 -1.17492163553834e-06 -3.467081114649773e-06 -4.642002750188112e-06
446 0.8701171875 -1.158623490482569e-06 -3.418710548430681e-06 -4.57733403891325e-06
447 0.8720703125 -1.142092514783144e-06 -3.370048943907022e-06 -4.512141458690166e-06
448 0.8740234375 -1.125561539083719e-06 -3.321387339383364e-06 -4.446948878467083e-06
449 0.8759765625 -1.109030563384295e-06 -3.272551111876965e-06 -4.381581675261259e-06
450 0.8779296875 -1.092441380023956e-06 -3.223598469048738e-06 -4.316039849072695e-06
451 0.8798828125 -1.075852196663618e-06 -3.174471203237772e-06 -4.25032339990139e-06
452 0.8818359375 -1.059146597981453e-06 -3.125402145087719e-06 -4.184548743069172e-06
453 0.8837890625 -1.042440999299288e-06 -3.075925633311272e-06 -4.118366632610559e-06
454 0.8857421875 -1.025677192956209e-06 -3.026565536856651e-06 -4.05224272981286e-06
455 0.8876953125 -1.008971594274044e-06 -2.977089025080204e-06 -3.986060619354248e-06
456 0.8896484375 -9.920913726091385e-07 -2.927321474999189e-06 -3.919412847608328e-06
457 0.8916015625 -9.751529432833195e-07 -2.877553924918175e-06 -3.852706868201494e-06
458 0.8935546875 -9.582727216184139e-07 -2.82761175185442e-06 -3.785884473472834e-06
459 0.8955078125 -9.413342922925949e-07 -2.777727786451578e-06 -3.719062078744173e-06
460 0.8974609375 -9.243958629667759e-07 -2.727552782744169e-06 -3.651948645710945e-06
461 0.8994140625 -9.072828106582165e-07 -2.67737777903676e-06 -3.584660589694977e-06
462 0.9013671875 -8.903443813323975e-07 -2.627144567668438e-06 -3.517488949000835e-06
463 0.9033203125 -8.73231329023838e-07 -2.576736733317375e-06 -3.449968062341213e-06
464 0.9052734375 -8.561182767152786e-07 -2.526154275983572e-06 -3.382272552698851e-06
465 0.9072265625 -8.390052244067192e-07 -2.475630026310682e-06 -3.314635250717402e-06
466 0.9091796875 -8.217757567763329e-07 -2.424989361315966e-06 -3.246765118092299e-06
467 0.9111328125 -8.0460449680686e-07 -2.374144969508052e-06 -3.178749466314912e-06
468 0.9130859375 -7.873750291764736e-07 -2.323358785361052e-06 -3.110733814537525e-06
469 0.9150390625 -7.701164577156305e-07 -2.272339770570397e-06 -3.042456228286028e-06
470 0.9169921875 -7.52799678593874e-07 -2.221408067271113e-06 -2.974207745864987e-06
471 0.9189453125 -7.354828994721174e-07 -2.170185325667262e-06 -2.90566822513938e-06
472 0.9208984375 -7.181079126894474e-07 -2.119020791724324e-06 -2.837128704413772e-06
473 0.9228515625 -7.007329259067774e-07 -2.067710738629103e-06 -2.76844366453588e-06
474 0.9248046875 -6.833870429545641e-07 -2.016400685533881e-06 -2.699787728488445e-06
475 0.9267578125 -6.658956408500671e-07 -1.964916009455919e-06 -2.630811650305986e-06
476 0.9287109375 -6.484624464064837e-07 -1.913431333377957e-06 -2.561893779784441e-06
477 0.9306640625 -6.309710443019867e-07 -1.861888449639082e-06 -2.492859493941069e-06
478 0.9326171875 -6.134214345365763e-07 -1.810170942917466e-06 -2.423592377454042e-06
479 0.9345703125 -5.95959136262536e-07 -1.758540747687221e-06 -2.354499883949757e-06
480 0.9365234375 -5.783804226666689e-07 -1.706677721813321e-06 -2.28505814447999e-06
481 0.9384765625 -5.608308129012585e-07 -1.654902007430792e-06 -2.21573282033205e-06
482 0.9404296875 -5.432229954749346e-07 -1.602893462404609e-06 -2.146116457879543e-06
483 0.9423828125 -5.256151780486107e-07 -1.551030436530709e-06 -2.07664561457932e-06
484 0.9443359375 -5.079782567918301e-07 -1.498905476182699e-06 -2.006883732974529e-06
485 0.9462890625 -4.903413355350494e-07 -1.446867827326059e-06 -1.937209162861109e-06
486 0.9482421875 -4.726753104478121e-07 -1.394742866978049e-06 -1.867418177425861e-06
487 0.9501953125 -4.54980181530118e-07 -1.342501491308212e-06 -1.79748167283833e-06
488 0.9521484375 -4.372850526124239e-07 -1.290318323299289e-06 -1.727603375911713e-06
489 0.9541015625 -4.195317160338163e-07 -1.237960532307625e-06 -1.657492248341441e-06
490 0.9560546875 -4.018220352008939e-07 -1.185690052807331e-06 -1.587512088008225e-06
491 0.9580078125 -3.840395947918296e-07 -1.133244950324297e-06 -1.517284545116127e-06
492 0.9599609375 -3.663153620436788e-07 -1.080901711247861e-06 -1.44721707329154e-06
493 0.9619140625 -3.485038178041577e-07 -1.028340193443e-06 -1.376844011247158e-06
494 0.9638671875 -3.307213773950934e-07 -9.759241947904229e-07 -1.306645572185516e-06
495 0.9658203125 -3.12895281240344e-07 -9.2328991740942e-07 -1.236185198649764e-06
496 0.9677734375 -2.950982889160514e-07 -8.70772055350244e-07 -1.165870344266295e-06
497 0.9697265625 -2.77272192761302e-07 -8.181814337149262e-07 -1.095453626476228e-06
498 0.9716796875 -2.594315446913242e-07 -7.654889486730099e-07 -1.024920493364334e-06
499 0.9736328125 -2.416054485365748e-07 -7.128837751224637e-07 -9.544892236590385e-07
500 0.9755859375 -2.237065928056836e-07 -6.601185305044055e-07 -8.838251233100891e-07
501 0.9775390625 -2.058804966509342e-07 -6.074697012081742e-07 -8.133501978591084e-07
502 0.9794921875 -1.879743649624288e-07 -5.546608008444309e-07 -7.426351658068597e-07
503 0.9814453125 -1.701118890196085e-07 -5.019537638872862e-07 -6.720656529068947e-07
504 0.9833984375 -1.522057573311031e-07 -4.49108483735472e-07 -6.013142410665751e-07
505 0.9853515625 -1.343360054306686e-07 -3.963723429478705e-07 -5.307083483785391e-07
506 0.9873046875 -1.164153218269348e-07 -3.434979589655995e-07 -4.599132807925344e-07
507 0.9892578125 -9.852010407485068e-08 -2.906999725382775e-07 -3.892200766131282e-07
508 0.9912109375 -8.062124834395945e-08 -2.378874341957271e-07 -3.185086825396866e-07
509 0.9931640625 -6.26896508038044e-08 -1.849803084041923e-07 -2.476699592079967e-07
510 0.9951171875 -4.479625204112381e-08 -1.321859599556774e-07 -1.769822119968012e-07
511 0.9970703125 -2.686283551156521e-08 -7.92624632595107e-08 -1.061252987710759e-07
512 0.9990234375 0.0009282558517043071 0.002784767996217852 0.003713023847922159
