# P x u_num u_exact u_err v_num v_exact v_err psi_num psi_exact psi_err
1 0.0078125 0.009027844445811572 0.009028213434669634 -3.689888580619971e-07 0.00902691452892364 0.009028213434669634 -1.298905745994103e-06 0.01805475897473521 0.01805642686933927 -1.667894604054365e-06
2 0.0234375 0.0270672186937399 0.02706289054706668 4.328146673220068e-06 0.02707529963142608 0.02706289054706668 1.240908435939242e-05 0.05414251832516598 0.05412578109413337 1.673723103261249e-05
3 0.0390625 0.04504138146507815 0.04503237078570659 9.010679371562746e-06 0.04505844543811964 0.04503237078570659 2.607465241304813e-05 0.09009982690319779 0.09006474157141318 3.508533178460393e-05
4 0.0546875 0.06290703124573326 0.0628933640987539 1.366714697935423e-05 0.06293302843046121 0.0628933640987539 3.966433170730921e-05 0.1258400596761945 0.1257867281975078 5.333147868666344e-05
5 0.0703125 0.0806211279431665 0.08060284178887925 1.828615428725588e-05 0.0806559866415562 0.08060284178887925 5.314485267694791e-05 0.1612771145847227 0.1612056835777585 7.143100696421767e-05
6 0.0859375 0.09814099657391995 0.09811814017316003 2.285640075991302e-05 0.0981846233907938 0.09811814017316003 6.64832176337643e-05 0.1963256199647138 0.1962362803463201 8.93396183936912e-05
7 0.1015625 0.1154244300715582 0.1153970633636297 2.736670792857776e-05 0.1154767101545418 0.1153970633636297 7.964679091217175e-05 0.2309011402261001 0.2307941267272593 0.0001070134988407634
8 0.1171875 0.1324297909673521 0.1323979849208672 3.18060464848946e-05 0.1324905882897778 0.1323979849208672 9.260336891056542e-05 0.26492037925713 0.2647959698417345 0.0001244094153954878
9 0.1328125 0.1491161116987487 0.1490799481357367 3.616356301208712e-05 0.1491852693943166 0.1490799481357367 0.0001053212585799268 0.2983013810930654 0.2981598962714733 0.0001414848215920417
10 0.1484375 0.1654431933039712 0.1654027646976858 4.042860628536427e-05 0.1655205340638149 0.1654027646976858 0.0001177693661290613 0.330963727367786 0.3308055293953716 0.0001581979724143978
11 0.1640625 0.1813717022649905 0.1813271115119071 4.45907530834122e-05 0.1814570287708331 0.1813271115119071 0.0001299172589259989 0.3628287310358236 0.3626542230238142 0.0001745080120094111
12 0.1796875 0.1968632652655592 0.196814625432117 4.863983344213785e-05 0.1969563606675673 0.196814625432117 0.0001417352354502743 0.3938196259331265 0.3936292508642341 0.0001903750688924122
13 0.1953125 0.2118805616360315 0.2118279956807358 5.256595529565256e-05 0.2119811900993902 0.2118279956807358 0.0001531944186543288 0.4238617517354217 0.4236559913614717 0.0002057603739499814
14 0.2109375 0.2263874132622592 0.2263310537338186 5.635952844063041e-05 0.2264953205390841 0.2263310537338186 0.0001642668052654617 0.4528827338013433 0.4526621074676372 0.0002206263337060643
15 0.2265625 0.2403488717419667 0.2402888604541976 6.001128776902953e-05 0.2404637857912132 0.2402888604541976 0.0001749253370155468 0.4808126575331799 0.4805777209083953 0.0002349366247845763
16 0.2421875 0.253731302578635 0.2536677902629241 6.351231571088967e-05 0.2538529342482286 0.2536677902629241 0.0001851439853045589 0.5075842368268636 0.5073355805258482 0.0002486563010154486
17 0.2578125 0.2665024662100686 0.2664356121462329 6.685406383571957e-05 0.2666305099372932 0.2664356121462329 0.0001948977910603 0.5331329761473618 0.5328712242924658 0.0002617518548959641
18 0.2734375 0.2786315956764365 0.278561567302878 7.002837355857272e-05 0.2787657302245478 0.278561567302878 0.0002041629216698038 0.5573973259009843 0.5571231346057559 0.000274191295228432
19 0.2890625 0.290089470740677 0.2900164432447788 7.302749589821467e-05 0.2902293600047625 0.2900164432447788 0.000212916759983639 0.5803188307454394 0.5800328864895576 0.0002859442558817982
20 0.3046875 0.3008484882827082 0.3007726441724627 7.584411024552651e-05 0.3009937821009601 0.3007726441724627 0.000221137928497428 0.6018422703836683 0.6015452883449254 0.0002969820387429545
21 0.3203125 0.3108827287978564 0.3108042574557629 7.847134209348905e-05 0.3110330638027712 0.3108042574557629 0.0002288063470083368 0.6219157926006276 0.6216085149115258 0.0003072776891017703
22 0.3359375 0.3201680188392977 0.3200871160596144 8.090277968325621e-05 0.3203230193660543 0.3200871160596144 0.0002359033064399108 0.640491038205352 0.6401742321192289 0.000316806086123167
23 0.3515625 0.3286819892540919 0.3285988567645582 8.313248953367713e-05 0.3288412682469464 0.3285988567645582 0.0002424114823881274 0.6575232575010383 0.6571977135291165 0.00032554397192186
24 0.3671875 0.3364041290725037 0.3363189740416957 8.515503080802622e-05 0.3365672890168065 0.3363189740416957 0.0002483149751107971 0.6729714180893103 0.6726379480833914 0.0003334700059188789
25 0.3828125 0.3433158349207944 0.3432288694523036 8.696546849074061e-05 0.3434824688379054 0.3432288694523036 0.000253599385601766 0.6867983037586998 0.6864577389046073 0.0003405648540925066
26 0.3984375 0.349400455838438 0.3493118964531027 8.855938533530727e-05 0.3495701482662395 0.3493118964531027 0.0002582518131367673 0.6989706041046775 0.6986237929062055 0.000346811198472019
27 0.4140625 0.3546433333917986 0.3545534004992377 8.993289256092885e-05 0.3548156613936058 0.3545534004992377 0.0002622608943680937 0.7094589947854044 0.7091068009984753 0.0003521937869290781
28 0.4296875 0.3590318369876286 0.3589407543483599 9.108263926871363e-05 0.359206371207528 0.3589407543483599 0.0002656168591680941 0.7182382081951566 0.7178815086967197 0.0003566994984368632
29 0.4453125 0.3625553943013162 0.3624633884807599 9.200582055629569e-05 0.3627316999988915 0.3624633884807599 0.0002683115181316142 0.7252870943002077 0.7249267769615197 0.0003603173386879099
30 0.4609375 0.3652055167465751 0.3651128165622666 9.270018430856952e-05 0.3653831548428864 0.3651128165622666 0.0002703382806198418 0.7305886715894616 0.7302256331245331 0.0003630384649284668
31 0.4765625 0.3669758199252193 0.3668826558885691 9.316403665027284e-05 0.3671543481009058 0.3668826558885691 0.0002716922123367493 0.7341301680261252 0.7337653117771381 0.0003648562489870777
32 0.4921875 0.3678620390077583 0.3677686427617107 9.339624604759456e-05 0.3680410127681119 0.3677686427617107 0.0002723700064011791 0.7359030517758701 0.7355372855234213 0.0003657662524487737
33 0.5078125 0.3678620390077586 0.3677686427617107 9.339624604792762e-05 0.3680410127613019 0.3677686427617107 0.0002723699995911821 0.7359030517690605 0.7355372855234213 0.0003657662456391098
34 0.5234375 0.3669758199252197 0.3668826558885691 9.316403665066142e-05 0.3671543480955238 0.3668826558885691 0.0002716922069547767 0.7341301680207435 0.7337653117771381 0.0003648562436053826
35 0.5390625 0.3652055167465751 0.3651128165622666 9.270018430851401e-05 0.3653831548450181 0.3651128165622666 0.0002703382827515255 0.7305886715915932 0.7302256331245331 0.000363038467060095
36 0.5546875 0.3625553943013155 0.3624633884807599 9.200582055562956e-05 0.3627316999967445 0.3624633884807599 0.000268311515984665 0.72528709429806 0.7249267769615197 0.0003603173365402945
37 0.5703125 0.3590318369876279 0.3589407543483599 9.108263926799198e-05 0.3592063712128059 0.3589407543483599 0.0002656168644460388 0.7182382082004337 0.7178815086967197 0.0003566995037139753
38 0.5859375 0.3546433333917982 0.3545534004992377 8.993289256054027e-05 0.354815661400136 0.3545534004992377 0.0002622609008983701 0.7094589947919343 0.7091068009984753 0.0003521937934589658
39 0.6015625 0.349400455838438 0.3493118964531027 8.855938533525176e-05 0.3495701482598056 0.3493118964531027 0.0002582518067029138 0.6989706040982436 0.6986237929062055 0.0003468111920381656
40 0.6171875 0.3433158349207947 0.3432288694523036 8.696546849107367e-05 0.3434824688328363 0.3432288694523036 0.0002535993805327097 0.686798303753631 0.6864577389046073 0.0003405648490237834
41 0.6328125 0.3364041290725042 0.3363189740416957 8.515503080852582e-05 0.3365672890188573 0.3363189740416957 0.0002483149771616011 0.6729714180913615 0.6726379480833914 0.0003334700079701269
42 0.6484375 0.328681989254092 0.3285988567645582 8.313248953378816e-05 0.3288412682449624 0.3285988567645582 0.0002424114804041588 0.6575232574990544 0.6571977135291165 0.0003255439699378915
43 0.6640625 0.3201680188392979 0.3200871160596145 8.090277968342274e-05 0.3203230193707216 0.3200871160596145 0.0002359033111071218 0.6404910382100195 0.640174232119229 0.0003168060907905446
44 0.6796875 0.3108827287978567 0.310804257455763 7.847134209365558e-05 0.3110330638084763 0.310804257455763 0.0002288063527132733 0.621915792606333 0.621608514911526 0.0003072776948069844
45 0.6953125 0.3008484882827092 0.3007726441724627 7.584411024652571e-05 0.3009937820954197 0.3007726441724627 0.0002211379229570265 0.601842270378129 0.6015452883449254 0.0002969820332036077
46 0.7109375 0.290089470740678 0.2900164432447788 7.302749589915836e-05 0.2902293600004583 0.2900164432447788 0.0002129167556795264 0.5803188307411363 0.5800328864895576 0.0002859442515786847
47 0.7265625 0.2786315956764373 0.2785615673028781 7.002837355923885e-05 0.2787657302262415 0.2785615673028781 0.000204162923363449 0.5573973259026788 0.5571231346057561 0.0002741912969226323
48 0.7421875 0.2665024662100688 0.2664356121462329 6.685406383594161e-05 0.2666305099356908 0.2664356121462329 0.0001948977894578596 0.5331329761457596 0.5328712242924658 0.0002617518532938012
49 0.7578125 0.2537313025786349 0.2536677902629242 6.351231571066762e-05 0.2538529342519498 0.2536677902629242 0.0001851439890255824 0.5075842368305846 0.5073355805258484 0.00024865630473625
50 0.7734375 0.2403488717419663 0.2402888604541976 6.001128776869646e-05 0.2404637857956427 0.2402888604541976 0.0001749253414450591 0.480812657537609 0.4805777209083952 0.0002349366292137556
51 0.7890625 0.2263874132622594 0.2263310537338186 5.635952844071368e-05 0.2264953205349486 0.2263310537338186 0.0001642668011299642 0.452882733797208 0.4526621074676373 0.0002206263295707056
52 0.8046875 0.2118805616360317 0.2118279956807359 5.256595529581909e-05 0.2119811900962853 0.2118279956807359 0.0001531944155493958 0.423861751732317 0.4236559913614718 0.0002057603708452427
53 0.8203125 0.1968632652655593 0.196814625432117 4.863983344227663e-05 0.1969563606687652 0.196814625432117 0.000141735236648205 0.3938196259343245 0.3936292508642341 0.0001903750700904538
54 0.8359375 0.1813717022649901 0.1813271115119071 4.45907530829126e-05 0.1814570287697601 0.1813271115119071 0.0001299172578529406 0.3628287310347501 0.3626542230238143 0.0001745080109358255
55 0.8515625 0.1654431933039706 0.1654027646976859 4.042860628469813e-05 0.1655205340662414 0.1654027646976859 0.0001177693685554815 0.330963727370212 0.3308055293953718 0.0001581979748401796
56 0.8671875 0.1491161116987481 0.1490799481357367 3.616356301139323e-05 0.1491852693970304 0.1490799481357367 0.0001053212612936727 0.2983013810957784 0.2981598962714734 0.0001414848243050382
57 0.8828125 0.1324297909673521 0.1323979849208673 3.180604648472807e-05 0.1324905882873493 0.1323979849208673 9.260336648195255e-05 0.2649203792547014 0.2647959698417346 0.0001244094129667084
58 0.8984375 0.1154244300715581 0.1153970633636296 2.736670792852225e-05 0.115476710152851 0.1153970633636296 7.964678922134372e-05 0.2309011402244091 0.2307941267272592 0.000107013497149866
59 0.9140625 0.09814099657391991 0.09811814017316008 2.285640075982975e-05 0.0981846233913813 0.09811814017316008 6.648321822122494e-05 0.1963256199653012 0.1962362803463202 8.933961898105469e-05
60 0.9296875 0.08062112794316624 0.08060284178887933 1.828615428690894e-05 0.08065598664112023 0.08060284178887933 5.314485224089394e-05 0.1612771145842865 0.1612056835777587 7.1431006527789e-05
61 0.9453125 0.06290703124573299 0.0628933640987539 1.366714697909055e-05 0.06293302843014195 0.0628933640987539 3.96643313880507e-05 0.1258400596758749 0.1257867281975078 5.333147836714125e-05
62 0.9609375 0.04504138146507795 0.04503237078570665 9.010679371306007e-06 0.04505844543868044 0.04503237078570665 2.607465297379402e-05 0.0900998269037584 0.0900647415714133 3.508533234510003e-05
63 0.9765625 0.02706721869373973 0.02706289054706679 4.328146672939043e-06 0.02707529963182716 0.02706289054706679 1.240908476037028e-05 0.05414251832556689 0.05412578109413359 1.673723143330585e-05
64 0.9921875 0.009027844445811516 0.009028213434669648 -3.68988858131386e-07 0.009026914528892285 0.009028213434669648 -1.298905777363107e-06 0.0180547589747038 0.0180564268693393 -1.667894635494493e-06
