# P x u_num u_exact u_err v_num v_exact v_err psi_num psi_exact psi_err
1 0.015625 0.01804778176618431 0.01805098861115287 -3.206844968562522e-06 0.01803983307277042 0.01805098861115287 -1.115553838244507e-05 0.03608761483895473 0.03610197722230574 -1.436238335100759e-05
2 0.046875 0.05401288988096668 0.05397912494545908 3.376493550760057e-05 0.05407582952428549 0.05397912494545908 9.670457882641342e-05 0.1080887194052522 0.1079582498909182 0.000130469514334014
3 0.078125 0.08945768217560157 0.08938741279854924 7.026937705233161e-05 0.08959061968451275 0.08938741279854924 0.0002032068859635083 0.1790483018601143 0.1787748255970985 0.0002734762630158538
4 0.109375 0.1240407948678053 0.1239348510022591 0.0001059438655462014 0.1242421435400137 0.1239348510022591 0.0003072925377546887 0.248282938407819 0.2478697020045181 0.0004132364033009039
5 0.140625 0.1574291632193565 0.157288728841136 0.0001404343782204776 0.157696656600952 0.157288728841136 0.000407927759816018 0.3151258198203085 0.314577457682272 0.0005483621380364956
6 0.171875 0.1893012291724092 0.1891278302385073 0.0001733989339018638 0.1896319441610972 0.1891278302385073 0.0005041139225898938 0.3789331733335065 0.3782556604770147 0.0006775128564917576
7 0.203125 0.219350038167688 0.2191455272428932 0.0002045109247947874 0.2197404245197159 0.2191455272428932 0.000594897276822659 0.4390904626874039 0.4382910544857865 0.0007994082016174464
8 0.234375 0.2472861953203644 0.247052733022799 0.0002334622975654621 0.2477321112710612 0.247052733022799 0.0006793782482622246 0.4950183065914256 0.494105466045598 0.0009128405458276867
9 0.265625 0.2728406524838826 0.2725806859309337 0.0002599665529489092 0.2733374061221088 0.2725806859309337 0.0007567201911751753 0.5461780586059914 0.5451613718618673 0.00101668674412414
10 0.296875 0.2957672993606628 0.2954835378257933 0.000283761534869531 0.2963096953714139 0.2954835378257933 0.0008261575456206538 0.5920769947320768 0.5909670756515866 0.001109919080490185
11 0.328125 0.3158453337057511 0.3155407217236581 0.0003046119820930282 0.3164277250070385 0.3155407217236581 0.0008870032833804276 0.6322730587127896 0.6310814434473162 0.0011916152654734
12 0.359375 0.3328813877969528 0.3325590759792195 0.0003223118177332895 0.3334977315784771 0.3325590759792195 0.0009386555992575429 0.6663791193754298 0.665118151958439 0.001260967416990777
13 0.390625 0.3467113906922866 0.3463747045378178 0.0003366861544688571 0.3473553083048633 0.3463747045378178 0.000980603767045507 0.6940666989971499 0.6927494090756355 0.001317289921514364
14 0.421875 0.3572021483401262 0.3568545553440427 0.0003475929960835011 0.3578669884608924 0.3568545553440427 0.001012433116849676 0.7150691368010186 0.7137091106880854 0.001360026112933177
15 0.453125 0.364252626324633 0.3638977017057613 0.0003549246188717103 0.3649315307616177 0.3638977017057613 0.001033829055856361 0.7291841570862507 0.7277954034115226 0.001388753674728127
16 0.484375 0.3677949228928847 0.3674363142733346 0.0003586086195500604 0.3684808944185441 0.3674363142733346 0.001044580145209528 0.7362758173114288 0.7348726285466692 0.001403188764759533
17 0.515625 0.3677949228928847 0.3674363142733346 0.0003586086195500604 0.3684808944192263 0.3674363142733346 0.001044580145891705 0.736275817312111 0.7348726285466692 0.001403188765441765
18 0.546875 0.3642526263246326 0.3638977017057613 0.0003549246188713218 0.3649315307630918 0.3638977017057613 0.00103382905733046 0.7291841570877244 0.7277954034115226 0.001388753676201837
19 0.578125 0.357202148340126 0.3568545553440427 0.0003475929960833346 0.3578669884599466 0.3568545553440427 0.001012433115903877 0.7150691368000726 0.7137091106880854 0.001360026111987156
20 0.609375 0.3467113906922856 0.3463747045378178 0.0003366861544678579 0.3473553083058061 0.3463747045378178 0.0009806037679883084 0.6940666989980917 0.6927494090756355 0.001317289922456166
21 0.640625 0.3328813877969518 0.3325590759792196 0.0003223118177322348 0.3334977315771147 0.3325590759792196 0.0009386555978951328 0.6663791193740665 0.6651181519584392 0.001260967415627312
22 0.671875 0.3158453337057501 0.3155407217236581 0.000304611982092029 0.3164277250064541 0.3155407217236581 0.0008870032827960062 0.6322730587122043 0.6310814434473162 0.001191615264888091
23 0.703125 0.2957672993606621 0.2954835378257933 0.0002837615348687539 0.2963096953719355 0.2954835378257933 0.0008261575461421811 0.5920769947325977 0.5909670756515867 0.00110991908101099
24 0.734375 0.2728406524838822 0.2725806859309337 0.0002599665529485207 0.2733374061231951 0.2725806859309337 0.000756720192261473 0.5461780586070772 0.5451613718618673 0.001016686745209938
25 0.765625 0.247286195320364 0.2470527330227991 0.0002334622975649625 0.2477321112704051 0.2470527330227991 0.000679378247606055 0.4950183065907692 0.4941054660455981 0.0009128405451710453
26 0.796875 0.2193500381676873 0.2191455272428933 0.0002045109247939825 0.2197404245203139 0.2191455272428933 0.0005948972774205696 0.4390904626880011 0.4382910544857866 0.0007994082022145244
27 0.828125 0.1893012291724085 0.1891278302385074 0.0001733989339010866 0.1896319441603264 0.1891278302385074 0.000504113921818955 0.3789331733327349 0.3782556604770148 0.0006775128557200416
28 0.859375 0.157429163219356 0.157288728841136 0.0001404343782200057 0.1576966566006477 0.157288728841136 0.0004079277595117059 0.3151258198200036 0.3145774576822719 0.0005483621377317394
29 0.890625 0.1240407948678049 0.1239348510022591 0.0001059438655457851 0.1242421435399843 0.1239348510022591 0.0003072925377251567 0.2482829384077893 0.2478697020045183 0.0004132364032709557
30 0.921875 0.08945768217560134 0.08938741279854931 7.026937705202629e-05 0.08959061968446475 0.08938741279854931 0.0002032068859154357 0.1790483018600661 0.1787748255970986 0.0002734762629674758
31 0.953125 0.05401288988096647 0.0539791249454591 3.376493550737159e-05 0.05407582952423529 0.0539791249454591 9.670457877619665e-05 0.1080887194052018 0.1079582498909182 0.0001304695142835682
32 0.984375 0.01804778176618425 0.01805098861115285 -3.206844968597217e-06 0.01803983307267966 0.01805098861115285 -1.115553847319192e-05 0.03608761483886391 0.0361019772223057 -1.436238344178914e-05
