# P x u_num u_exact u_err v_num v_exact v_err psi_num psi_exact psi_err
1 1.5625000000000000e-02 1.9816817877698172e+46 2.1405814362673303e-04 1.9816817877698172e+46 1.9816817877697982e+46 2.1405814362673303e-04 1.9816817877697982e+46 3.9633635755396156e+46 4.2811628725346605e-04 3.9633635755396156e+46
2 4.6875000000000000e-02 5.0619555127187550e+45 1.8061459238890556e-03 5.0619555127187550e+45 5.0619555127160479e+45 1.8061459238890556e-03 5.0619555127160479e+45 1.0123911025434802e+46 3.6122918477781113e-03 1.0123911025434802e+46
3 7.8125000000000000e-02 1.2930125195131947e+45 4.6934769335138429e-03 1.2930125195131947e+45 1.2930125195079161e+45 4.6934769335138429e-03 1.2930125195079161e+45 2.5860250390211110e+45 9.3869538670276857e-03 2.5860250390211110e+45
4 1.0937500000000000e-01 3.3028369597530469e+44 8.5861099832500697e-03 3.3028369597530469e+44 3.3028369597671392e+44 8.5861099832500697e-03 3.3028369597671392e+44 6.6056739195201861e+44 1.7172219966500139e-02 6.6056739195201861e+44
5 1.4062500000000000e-01 8.4366793190704867e+43 1.3214813968793213e-02 8.4366793190704867e+43 8.4366793195943779e+43 1.3214813968793213e-02 8.4366793195943779e+43 1.6873358638664864e+44 2.6429627937586426e-02 1.6873358638664864e+44
6 1.7187500000000000e-01 2.1550430372474094e+43 1.8331067870785252e-02 2.1550430372474094e+43 2.1550430374475133e+43 1.8331067870785252e-02 2.1550430374475133e+43 4.3100860746949225e+43 3.6662135741570505e-02 4.3100860746949225e+43
7 2.0312500000000000e-01 5.5047849002769230e+42 2.3707060754814664e-02 5.5047849002769230e+42 5.5047849008491855e+42 2.3707060754814664e-02 5.5047849008491855e+42 1.1009569801126108e+43 4.7414121509629328e-02 1.1009569801126108e+43
8 2.3437500000000000e-01 1.4061276863984170e+42 2.9135691771416439e-02 1.4061276863984170e+42 1.4061276865493130e+42 2.9135691771416439e-02 1.4061276865493130e+42 2.8122553729477297e+42 5.8271383542832879e-02 2.8122553729477297e+42
9 2.6562500000000000e-01 3.5917753527090564e+41 3.4430570156072059e-02 3.5917753527090564e+41 3.5917753530977827e+41 3.4430570156072059e-02 3.5917753530977827e+41 7.1835507058068384e+41 6.8861140312144117e-02 7.1835507058068384e+41
10 2.9687500000000000e-01 9.1747360721937407e+40 3.9426015229209500e-02 9.1747360721937407e+40 9.1747360731888356e+40 3.9426015229209500e-02 9.1747360731888356e+40 1.8349472145382576e+41 7.8852030458419001e-02 1.8349472145382576e+41
11 3.2812500000000000e-01 2.3435709627298755e+40 4.3977056396203265e-02 2.3435709627298755e+40 2.3435709629841943e+40 4.3977056396203265e-02 2.3435709629841943e+40 4.6871419257140703e+40 8.7954112792406530e-02 4.6871419257140703e+40
12 3.5937500000000000e-01 5.9863815507037928e+39 4.7959433147374331e-02 5.9863815507037928e+39 5.9863815513534925e+39 4.7959433147374331e-02 5.9863815513534925e+39 1.1972763102057284e+40 9.5918866294748661e-02 1.1972763102057284e+40
13 3.9062500000000000e-01 1.5292468825167522e+39 5.1269595057990197e-02 1.5292468825167522e+39 1.5292468826827262e+39 5.1269595057990197e-02 1.5292468826827262e+39 3.0584937651994784e+39 1.0253919011598039e-01 3.0584937651994784e+39
14 4.2187500000000000e-01 3.9102383040047728e+38 5.3824701788264852e-02 3.9102383040047728e+38 3.9102383044291624e+38 5.3824701788264852e-02 3.9102383044291624e+38 7.8204766084339360e+38 1.0764940357652970e-01 7.8204766084339360e+38
15 4.5312500000000000e-01 1.0143650068686850e+38 5.5562623083358791e-02 1.0143650068686850e+38 1.0143650069787766e+38 5.5562623083358791e-02 1.0143650069787766e+38 2.0287300138474616e+38 1.1112524616671758e-01 2.0287300138474616e+38
16 4.8437500000000000e-01 3.1995953204499209e+37 5.6441938773379011e-02 3.1995953204499209e+37 3.1995953207971829e+37 5.6441938773379011e-02 3.1995953207971829e+37 6.3991906412471038e+37 1.1288387754675802e-01 6.3991906412471038e+37
17 5.1562500000000000e-01 3.1995953204498732e+37 5.6441938773379011e-02 3.1995953204498732e+37 3.1995953207971366e+37 5.6441938773379011e-02 3.1995953207971366e+37 6.3991906412470093e+37 1.1288387754675802e-01 6.3991906412470093e+37
18 5.4687500000000000e-01 1.0143650068686597e+38 5.5562623083358791e-02 1.0143650068686597e+38 1.0143650069787528e+38 5.5562623083358791e-02 1.0143650069787528e+38 2.0287300138474125e+38 1.1112524616671758e-01 2.0287300138474125e+38
19 5.7812500000000000e-01 3.9102383040046761e+38 5.3824701788264852e-02 3.9102383040046761e+38 3.9102383044290710e+38 5.3824701788264852e-02 3.9102383044290710e+38 7.8204766084337471e+38 1.0764940357652970e-01 7.8204766084337471e+38
20 6.0937500000000000e-01 1.5292468825167141e+39 5.1269595057990197e-02 1.5292468825167141e+39 1.5292468826826869e+39 5.1269595057990197e-02 1.5292468826826869e+39 3.0584937651994010e+39 1.0253919011598039e-01 3.0584937651994010e+39
21 6.4062500000000000e-01 5.9863815507036392e+39 4.7959433147374331e-02 5.9863815507036392e+39 5.9863815513533377e+39 4.7959433147374331e-02 5.9863815513533377e+39 1.1972763102056977e+40 9.5918866294748661e-02 1.1972763102056977e+40
22 6.7187500000000000e-01 2.3435709627298150e+40 4.3977056396203265e-02 2.3435709627298150e+40 2.3435709629841315e+40 4.3977056396203265e-02 2.3435709629841315e+40 4.6871419257139465e+40 8.7954112792406530e-02 4.6871419257139465e+40
23 7.0312500000000000e-01 9.1747360721935086e+40 3.9426015229209500e-02 9.1747360721935086e+40 9.1747360731885996e+40 3.9426015229209500e-02 9.1747360731885996e+40 1.8349472145382108e+41 7.8852030458419001e-02 1.8349472145382108e+41
24 7.3437500000000000e-01 3.5917753527089636e+41 3.4430570156072059e-02 3.5917753527089636e+41 3.5917753530976945e+41 3.4430570156072059e-02 3.5917753530976945e+41 7.1835507058066589e+41 6.8861140312144117e-02 7.1835507058066589e+41
25 7.6562500000000000e-01 1.4061276863983824e+42 2.9135691771416439e-02 1.4061276863983824e+42 1.4061276865492783e+42 2.9135691771416439e-02 1.4061276865492783e+42 2.8122553729476604e+42 5.8271383542832879e-02 2.8122553729476604e+42
26 7.9687500000000000e-01 5.5047849002767831e+42 2.3707060754814664e-02 5.5047849002767831e+42 5.5047849008490450e+42 2.3707060754814664e-02 5.5047849008490450e+42 1.1009569801125827e+43 4.7414121509629328e-02 1.1009569801125827e+43
27 8.2812500000000000e-01 2.1550430372473537e+43 1.8331067870785252e-02 2.1550430372473537e+43 2.1550430374474598e+43 1.8331067870785252e-02 2.1550430374474598e+43 4.3100860746948136e+43 3.6662135741570505e-02 4.3100860746948136e+43
28 8.5937500000000000e-01 8.4366793190702757e+43 1.3214813968793213e-02 8.4366793190702757e+43 8.4366793195941650e+43 1.3214813968793213e-02 8.4366793195941650e+43 1.6873358638664440e+44 2.6429627937586426e-02 1.6873358638664440e+44
29 8.9062500000000000e-01 3.3028369597529637e+44 8.5861099832500697e-03 3.3028369597529637e+44 3.3028369597670576e+44 8.5861099832500697e-03 3.3028369597670576e+44 6.6056739195200213e+44 1.7172219966500139e-02 6.6056739195200213e+44
30 9.2187500000000000e-01 1.2930125195131631e+45 4.6934769335138429e-03 1.2930125195131631e+45 1.2930125195078830e+45 4.6934769335138429e-03 1.2930125195078830e+45 2.5860250390210460e+45 9.3869538670276857e-03 2.5860250390210460e+45
31 9.5312500000000000e-01 5.0619555127186276e+45 1.8061459238890556e-03 5.0619555127186276e+45 5.0619555127159180e+45 1.8061459238890556e-03 5.0619555127159180e+45 1.0123911025434546e+46 3.6122918477781113e-03 1.0123911025434546e+46
32 9.8437500000000000e-01 1.9816817877697662e+46 2.1405814362673303e-04 1.9816817877697662e+46 1.9816817877697482e+46 2.1405814362673303e-04 1.9816817877697482e+46 3.9633635755395142e+46 4.2811628725346605e-04 3.9633635755395142e+46
