# P x_center tau_phi
1 7.8125000000000000e-03 1.7368923555768561e+00
2 2.3437500000000000e-02 1.8932678605779074e-02
3 3.9062500000000000e-02 1.8770831016022435e-02
4 5.4687500000000000e-02 1.8627214705352058e-02
5 7.0312500000000000e-02 1.8499985962746143e-02
6 8.5937500000000000e-02 1.8388512436990259e-02
7 1.0156250000000000e-01 1.8292182676160965e-02
8 1.1718750000000000e-01 1.8210406862416498e-02
9 1.3281250000000000e-01 1.8142617323096508e-02
10 1.4843750000000000e-01 1.8088269207383004e-02
11 1.6406250000000000e-01 1.8046841109071204e-02
12 1.7968750000000000e-01 1.8017835672181987e-02
13 1.9531250000000000e-01 1.8000780183058909e-02
14 2.1093750000000000e-01 1.7995227239968013e-02
15 2.2656250000000000e-01 1.8000755279733313e-02
16 2.4218750000000000e-01 1.8016969230222543e-02
17 2.5781250000000000e-01 1.8043501058115044e-02
18 2.7343750000000000e-01 1.8080010339158417e-02
19 2.8906250000000000e-01 1.8126184812441576e-02
20 3.0468750000000000e-01 1.8181740911855239e-02
21 3.2031250000000000e-01 1.8246424269049225e-02
22 3.3593750000000000e-01 1.8320010243327689e-02
23 3.5156250000000000e-01 1.8402304339453446e-02
24 3.6718750000000000e-01 1.8493142728712941e-02
25 3.8281250000000000e-01 1.8592392607574823e-02
26 3.9843750000000000e-01 1.8699952653585171e-02
27 4.1406250000000000e-01 1.8815753381175956e-02
28 4.2968750000000000e-01 1.8939757494770414e-02
29 4.4531250000000000e-01 1.9071960220622915e-02
30 4.6093750000000000e-01 1.9212389603827304e-02
31 4.7656250000000000e-01 1.9361106767824633e-02
32 4.9218750000000000e-01 1.9518206190098530e-02
33 5.0781250000000000e-01 1.9683815869900548e-02
34 5.2343750000000000e-01 1.9858097535740200e-02
35 5.3906250000000000e-01 2.0041246857514385e-02
36 5.5468750000000000e-01 2.0233493438922806e-02
37 5.7031250000000000e-01 2.0435101090631819e-02
38 5.8593750000000000e-01 2.0646367768193806e-02
39 6.0156250000000000e-01 2.0867625688734952e-02
40 6.1718750000000000e-01 2.1099241321387963e-02
41 6.3281250000000000e-01 2.1341615431184104e-02
42 6.4843750000000000e-01 2.1595182955475620e-02
43 6.6406250000000000e-01 2.1860413076770335e-02
44 6.7968750000000000e-01 2.2137809022332283e-02
45 6.9531250000000000e-01 2.2427908089103443e-02
46 7.1093750000000000e-01 2.2731281371662707e-02
47 7.2656250000000000e-01 2.3048533842459418e-02
48 7.4218750000000000e-01 2.3380303948929773e-02
49 7.5781250000000000e-01 2.3727263668499435e-02
50 7.7343750000000000e-01 2.4090118168678495e-02
51 7.8906250000000000e-01 2.4469605711699066e-02
52 8.0468750000000000e-01 2.4866497397933826e-02
53 8.2031250000000000e-01 2.5281596960171626e-02
54 8.3593750000000000e-01 2.5715740576048349e-02
55 8.5156250000000000e-01 2.6169796619008825e-02
56 8.6718750000000000e-01 2.6644665433664436e-02
57 8.8281250000000000e-01 2.7141279129102261e-02
58 8.9843750000000000e-01 2.7660601381478592e-02
59 9.1406250000000000e-01 2.8203627147743132e-02
60 9.2968750000000000e-01 2.8771382554011876e-02
61 9.4531250000000000e-01 2.9364924631584965e-02
62 9.6093750000000000e-01 2.9985341189128739e-02
63 9.7656250000000000e-01 3.0633934191428125e-02
64 9.9218750000000000e-01 3.1316813197918236e-02
