# P x_center tau_phi
1 1.9531250000000000e-03 1.7225429546087980e+00
2 5.8593750000000000e-03 4.7840613406151533e-03
3 9.7656250000000000e-03 4.7722816211304316e-03
4 1.3671875000000000e-02 4.7608617682768327e-03
5 1.7578125000000000e-02 4.7497248994882758e-03
6 2.1484375000000000e-02 4.7388690685416582e-03
7 2.5390625000000000e-02 4.7282912403079462e-03
8 2.9296875000000000e-02 4.7179891508950869e-03
9 3.3203125000000000e-02 4.7079594425074589e-03
10 3.7109375000000000e-02 4.6981999019527279e-03
11 4.1015625000000000e-02 4.6887084977348219e-03
12 4.4921875000000000e-02 4.6794812530015564e-03
13 4.8828125000000000e-02 4.6705166668621900e-03
14 5.2734375000000000e-02 4.6618120448485602e-03
15 5.6640625000000000e-02 4.6533646315169708e-03
16 6.0546875000000000e-02 4.6451721609824734e-03
17 6.4453125000000000e-02 4.6372316030249688e-03
18 6.8359375000000000e-02 4.6295412852492904e-03
19 7.2265625000000000e-02 4.6220981258116300e-03
20 7.6171875000000000e-02 4.6149001921571876e-03
21 8.0078125000000000e-02 4.6079445158439571e-03
22 8.3984375000000000e-02 4.6012287781867327e-03
23 8.7890625000000000e-02 4.5947511041632520e-03
24 9.1796875000000000e-02 4.5885089832168220e-03
25 9.5703125000000000e-02 4.5824995579506408e-03
26 9.9609375000000000e-02 4.5767210187796364e-03
27 1.0351562500000000e-01 4.5711712337307593e-03
28 1.0742187500000000e-01 4.5658474842012950e-03
29 1.1132812500000000e-01 4.5607478596484050e-03
30 1.1523437500000000e-01 4.5558695381819614e-03
31 1.1914062500000000e-01 4.5512116364721973e-03
32 1.2304687500000000e-01 4.5467705799865678e-03
33 1.2695312500000000e-01 4.5425445536358480e-03
34 1.3085937500000000e-01 4.5385323644989463e-03
35 1.3476562500000000e-01 4.5347304419172153e-03
36 1.3867187500000000e-01 4.5311377538454801e-03
37 1.4257812500000000e-01 4.5277519629652423e-03
38 1.4648437500000000e-01 4.5245710252295804e-03
39 1.5039062500000000e-01 4.5215928675709609e-03
40 1.5429687500000000e-01 4.5188154148709629e-03
41 1.5820312500000000e-01 4.5162372572305695e-03
42 1.6210937500000000e-01 4.5138552613547302e-03
43 1.6601562500000000e-01 4.5116688758347658e-03
44 1.6992187500000000e-01 4.5096753269489170e-03
45 1.7382812500000000e-01 4.5078728762412285e-03
46 1.7773437500000000e-01 4.5062596543358688e-03
47 1.8164062500000000e-01 4.5048349394910397e-03
48 1.8554687500000000e-01 4.5035944116781721e-03
49 1.8945312500000000e-01 4.5025394929334075e-03
50 1.9335937500000000e-01 4.5016655583468828e-03
51 1.9726562500000000e-01 4.5009727316433802e-03
52 2.0117187500000000e-01 4.5004583162651032e-03
53 2.0507812500000000e-01 4.5001214791865404e-03
54 2.0898437500000000e-01 4.4999599020918296e-03
55 2.1289062500000000e-01 4.4999719622998442e-03
56 2.1679687500000000e-01 4.5001563816762045e-03
57 2.2070312500000000e-01 4.5005117009427973e-03
58 2.2460937500000000e-01 4.5010358704232652e-03
59 2.2851562500000000e-01 4.5017278780775782e-03
60 2.3242187500000000e-01 4.5025859433057841e-03
61 2.3632812500000000e-01 4.5036086211562281e-03
62 2.4023437500000000e-01 4.5047942767408901e-03
63 2.4414062500000000e-01 4.5061424514216252e-03
64 2.4804687500000000e-01 4.5076501067442994e-03
65 2.5195312500000000e-01 4.5093174726594104e-03
66 2.5585937500000000e-01 4.5111420214023618e-03
67 2.5976562500000000e-01 4.5131241993440901e-03
68 2.6367187500000000e-01 4.5152597128950422e-03
69 2.6757812500000000e-01 4.5175507028183334e-03
70 2.7148437500000000e-01 4.5199936063981937e-03
71 2.7539062500000000e-01 4.5225883236359437e-03
72 2.7929687500000000e-01 4.5253331808006204e-03
73 2.8320312500000000e-01 4.5282271117536299e-03
74 2.8710937500000000e-01 4.5312695691989407e-03
75 2.9101562500000000e-01 4.5344583986896055e-03
76 2.9492187500000000e-01 4.5377936789442793e-03
77 2.9882812500000000e-01 4.5412737332582147e-03
78 3.0273437500000000e-01 4.5448973109513905e-03
79 3.0664062500000000e-01 4.5486642263389675e-03
80 3.1054687500000000e-01 4.5525733783824268e-03
81 3.1445312500000000e-01 4.5566231568804957e-03
82 3.1835937500000000e-01 4.5608134202927472e-03
83 3.2226562500000000e-01 4.5651429333917106e-03
84 3.2617187500000000e-01 4.5696110541003573e-03
85 3.3007812500000000e-01 4.5742172957764608e-03
86 3.3398437500000000e-01 4.5789598126816360e-03
87 3.3789062500000000e-01 4.5838395025165086e-03
88 3.4179687500000000e-01 4.5888538062267073e-03
89 3.4570312500000000e-01 4.5940038955978989e-03
90 3.4960937500000000e-01 4.5992879201433336e-03
91 3.5351562500000000e-01 4.6047053425780343e-03
92 3.5742187500000000e-01 4.6102562975655799e-03
93 3.6132812500000000e-01 4.6159392915741792e-03
94 3.6523437500000000e-01 4.6217548399419637e-03
95 3.6914062500000000e-01 4.6277012459360022e-03
96 3.7304687500000000e-01 4.6337790527809179e-03
97 3.7695312500000000e-01 4.6399874630584856e-03
98 3.8085937500000000e-01 4.6463263169672156e-03
99 3.8476562500000000e-01 4.6527947236699348e-03
100 3.8867187500000000e-01 4.6593928940913201e-03
101 3.9257812500000000e-01 4.6661200447270564e-03
102 3.9648437500000000e-01 4.6729766379526305e-03
103 4.0039062500000000e-01 4.6799611217370335e-03
104 4.0429687500000000e-01 4.6870750512888696e-03
105 4.0820312500000000e-01 4.6943167147184706e-03
106 4.1210937500000000e-01 4.7016867786114427e-03
107 4.1601562500000000e-01 4.7091846786133842e-03
108 4.1992187500000000e-01 4.7168109472256105e-03
109 4.2382812500000000e-01 4.7245647103945979e-03
110 4.2773437500000000e-01 4.7324468884818414e-03
111 4.3164062500000000e-01 4.7404564414480679e-03
112 4.3554687500000000e-01 4.7485943847899829e-03
113 4.3945312500000000e-01 4.7568600638880840e-03
114 4.4335937500000000e-01 4.7652540931616728e-03
115 4.4726562500000000e-01 4.7737767259525277e-03
116 4.5117187500000000e-01 4.7824269811383782e-03
117 4.5507812500000000e-01 4.7912066883239283e-03
118 4.5898437500000000e-01 4.8001149870057543e-03
119 4.6289062500000000e-01 4.8091527210699613e-03
120 4.6679687500000000e-01 4.8183195573625569e-03
121 4.7070312500000000e-01 4.8276166049142834e-03
122 4.7460937500000000e-01 4.8370434462605191e-03
123 4.7851562500000000e-01 4.8466013096998533e-03
124 4.8242187500000000e-01 4.8562898387406843e-03
125 4.8632812500000000e-01 4.8661102935248605e-03
126 4.9023437500000000e-01 4.8760623494393321e-03
127 4.9414062500000000e-01 4.8861471239781979e-03
128 4.9804687500000000e-01 4.8963649067383045e-03
129 5.0195312500000000e-01 4.9067168184627301e-03
130 5.0585937500000000e-01 4.9172021045403996e-03
131 5.0976562500000000e-01 4.9278234320899051e-03
132 5.1367187500000000e-01 4.9385796724269442e-03
133 5.1757812500000000e-01 4.9494729444395334e-03
134 5.2148437500000000e-01 4.9605028232047356e-03
135 5.2539062500000000e-01 4.9716712297419915e-03
136 5.2929687500000000e-01 4.9829778620523076e-03
137 5.3320312500000000e-01 4.9944248229986769e-03
138 5.3710937500000000e-01 5.0060120514068326e-03
139 5.4101562500000000e-01 5.0177406985424822e-03
140 5.4492187500000000e-01 5.0296119644217454e-03
141 5.4882812500000000e-01 5.0416266326441840e-03
142 5.5273437500000000e-01 5.0537856529944847e-03
143 5.5664062500000000e-01 5.0660904330364648e-03
144 5.6054687500000000e-01 5.0785414999232163e-03
145 5.6445312500000000e-01 5.0911412658779416e-03
146 5.6835937500000000e-01 5.1038889647749275e-03
147 5.7226562500000000e-01 5.1167874922177347e-03
148 5.7617187500000000e-01 5.1298370034049395e-03
149 5.8007812500000000e-01 5.1430395413780711e-03
150 5.8398437500000000e-01 5.1563950796699280e-03
151 5.8789062500000000e-01 5.1699077222199848e-03
152 5.9179687500000000e-01 5.1835749648907591e-03
153 5.9570312500000000e-01 5.1974019863085426e-03
154 5.9960937500000000e-01 5.2113875042918527e-03
155 6.0351562500000000e-01 5.2255341086313630e-03
156 6.0742187500000000e-01 5.2398434599079651e-03
157 6.1132812500000000e-01 5.2543163486803626e-03
158 6.1523437500000000e-01 5.2689548210744855e-03
159 6.1914062500000000e-01 5.2837606955275854e-03
160 6.2304687500000000e-01 5.2987355056496894e-03
161 6.2695312500000000e-01 5.3138803266992406e-03
162 6.3085937500000000e-01 5.3291972610065384e-03
163 6.3476562500000000e-01 5.3446884496009175e-03
164 6.3867187500000000e-01 5.3603547346211741e-03
165 6.4257812500000000e-01 5.3761990365757059e-03
166 6.4648437500000000e-01 5.3922224556740214e-03
167 6.5039062500000000e-01 5.4084267469260323e-03
168 6.5429687500000000e-01 5.4248144378599081e-03
169 6.5820312500000000e-01 5.4413867343774298e-03
170 6.6210937500000000e-01 5.4581466362235917e-03
171 6.6601562500000000e-01 5.4750944272810437e-03
172 6.6992187500000000e-01 5.4922342835560904e-03
173 6.7382812500000000e-01 5.5095667076273079e-03
174 6.7773437500000000e-01 5.5270942635729202e-03
175 6.8164062500000000e-01 5.5448188427111751e-03
176 6.8554687500000000e-01 5.5627433531508855e-03
177 6.8945312500000000e-01 5.5808690437949074e-03
178 6.9335937500000000e-01 5.5991987364486934e-03
179 6.9726562500000000e-01 5.6177348774743355e-03
180 7.0117187500000000e-01 5.6364790155594771e-03
181 7.0507812500000000e-01 5.6554345391421935e-03
182 7.0898437500000000e-01 5.6746023125281084e-03
183 7.1289062500000000e-01 5.6939864401672272e-03
184 7.1679687500000000e-01 5.7135881274905584e-03
185 7.2070312500000000e-01 5.7334101064635996e-03
186 7.2460937500000000e-01 5.7534552112960408e-03
187 7.2851562500000000e-01 5.7737254780464604e-03
188 7.3242187500000000e-01 5.7942245038818223e-03
189 7.3632812500000000e-01 5.8149535199352731e-03
190 7.4023437500000000e-01 5.8359157878849141e-03
191 7.4414062500000000e-01 5.8571141571577001e-03
192 7.4804687500000000e-01 5.8785509795687002e-03
193 7.5195312500000000e-01 5.9002290135155080e-03
194 7.5585937500000000e-01 5.9221513968748321e-03
195 7.5976562500000000e-01 5.9443200774205243e-03
196 7.6367187500000000e-01 5.9667391909171870e-03
197 7.6757812500000000e-01 5.9894099700232052e-03
198 7.7148437500000000e-01 6.0123369455039669e-03
199 7.7539062500000000e-01 6.0355218074446201e-03
200 7.7929687500000000e-01 6.0589680640075437e-03
201 7.8320312500000000e-01 6.0826784533592991e-03
202 7.8710937500000000e-01 6.1066560809109466e-03
203 7.9101562500000000e-01 6.1309043924281069e-03
204 7.9492187500000000e-01 6.1554256628683114e-03
205 7.9882812500000000e-01 6.1802236179847002e-03
206 8.0273437500000000e-01 6.2053015157544911e-03
207 8.0664062500000000e-01 6.2306613919825699e-03
208 8.1054687500000000e-01 6.2563082535781744e-03
209 8.1445312500000000e-01 6.2822437944741079e-03
210 8.1835937500000000e-01 6.3084722187607793e-03
211 8.2226562500000000e-01 6.3349958775007036e-03
212 8.2617187500000000e-01 6.3618196949207298e-03
213 8.3007812500000000e-01 6.3889448262075335e-03
214 8.3398437500000000e-01 6.4163769254465819e-03
215 8.3789062500000000e-01 6.4441177079824358e-03
216 8.4179687500000000e-01 6.4721714721679667e-03
217 8.4570312500000000e-01 6.5005416676232296e-03
218 8.4960937500000000e-01 6.5292316544653672e-03
219 8.5351562500000000e-01 6.5582447058581683e-03
220 8.5742187500000000e-01 6.5875850583184993e-03
221 8.6132812500000000e-01 6.6172552367511663e-03
222 8.6523437500000000e-01 6.6472608882905508e-03
223 8.6914062500000000e-01 6.6776030433056653e-03
224 8.7304687500000000e-01 6.7082878387215855e-03
225 8.7695312500000000e-01 6.7393172656610503e-03
226 8.8085937500000000e-01 6.7706963316639737e-03
227 8.8476562500000000e-01 6.8024277664848441e-03
228 8.8867187500000000e-01 6.8345158665097001e-03
229 8.9257812500000000e-01 6.8669648094622365e-03
230 8.9648437500000000e-01 6.8997781332794522e-03
231 9.0039062500000000e-01 6.9329597284027884e-03
232 9.0429687500000000e-01 6.9665132002706964e-03
233 9.0820312500000000e-01 7.0004442004176319e-03
234 9.1210937500000000e-01 7.0347542010622821e-03
235 9.1601562500000000e-01 7.0694496365335396e-03
236 9.1992187500000000e-01 7.1045323600521654e-03
237 9.2382812500000000e-01 7.1400084941480105e-03
238 9.2773437500000000e-01 7.1758805754929753e-03
239 9.3164062500000000e-01 7.2121541352479293e-03
240 9.3554687500000000e-01 7.2488326378914239e-03
241 9.3945312500000000e-01 7.2859199870578262e-03
242 9.4335937500000000e-01 7.3234211687437448e-03
243 9.4726562500000000e-01 7.3613396931061503e-03
244 9.5117187500000000e-01 7.3996809152470436e-03
245 9.5507812500000000e-01 7.4384476725994561e-03
246 9.5898437500000000e-01 7.4776456430051264e-03
247 9.6289062500000000e-01 7.5172793313707520e-03
248 9.6679687500000000e-01 7.5573511995497139e-03
249 9.7070312500000000e-01 7.5978691781384694e-03
250 9.7460937500000000e-01 7.6388336309798147e-03
251 9.7851562500000000e-01 7.6802525503927854e-03
252 9.8242187500000000e-01 7.7221285799051395e-03
253 9.8632812500000000e-01 7.7644669917544470e-03
254 9.9023437500000000e-01 7.8072721974899797e-03
255 9.9414062500000000e-01 7.8505579149350524e-03
256 9.9804687500000000e-01 7.8946016728878021e-03
