# P x_center tau_phi
1 9.7656250000000000e-04 1.7201447263360023e+00
2 2.9296875000000000e-03 2.3965132422745228e-03
3 4.8828125000000000e-03 2.3934957111755827e-03
4 6.8359375000000000e-03 2.3905337216319558e-03
5 8.7890625000000000e-03 2.3876031518132342e-03
6 1.0742187500000000e-02 2.3847191642814274e-03
7 1.2695312500000000e-02 2.3818592055624074e-03
8 1.4648437500000000e-02 2.3790417028641264e-03
9 1.6601562500000000e-02 2.3762585431506417e-03
10 1.8554687500000000e-02 2.3735076693929807e-03
11 2.0507812500000000e-02 2.3707970386508872e-03
12 2.2460937500000000e-02 2.3681148197112825e-03
13 2.4414062500000000e-02 2.3654736308714435e-03
14 2.6367187500000000e-02 2.3628616454648161e-03
15 2.8320312500000000e-02 2.3602851998297814e-03
16 3.0273437500000000e-02 2.3577457430370413e-03
17 3.2226562500000000e-02 2.3552393711894076e-03
18 3.4179687500000000e-02 2.3527631138103976e-03
19 3.6132812500000000e-02 2.3503261096763494e-03
20 3.8085937500000000e-02 2.3479198044553395e-03
21 4.0039062500000000e-02 2.3455470544990059e-03
22 4.1992187500000000e-02 2.3432067599814879e-03
23 4.3945312500000000e-02 2.3409013154415143e-03
24 4.5898437500000000e-02 2.3386235712279050e-03
25 4.7851562500000000e-02 2.3363850059690879e-03
26 4.9804687500000000e-02 2.3341770766479360e-03
27 5.1757812500000000e-02 2.3320003223939612e-03
28 5.3710937500000000e-02 2.3298566810339358e-03
29 5.5664062500000000e-02 2.3277459965941067e-03
30 5.7617187500000000e-02 2.3256646222783207e-03
31 5.9570312500000000e-02 2.3236158978090227e-03
32 6.1523437500000000e-02 2.3216015346555589e-03
33 6.3476562500000000e-02 2.3196171922141417e-03
34 6.5429687500000000e-02 2.3176603940120166e-03
35 6.7382812500000000e-02 2.3157403065568252e-03
36 6.9335937500000000e-02 2.3138502652830899e-03
37 7.1289062500000000e-02 2.3119870994581428e-03
38 7.3242187500000000e-02 2.3101578842333968e-03
39 7.5195312500000000e-02 2.3083580545264840e-03
40 7.7148437500000000e-02 2.3065930582339012e-03
41 7.9101562500000000e-02 2.3048469240569379e-03
42 8.1054687500000000e-02 2.3031462898916149e-03
43 8.3007812500000000e-02 2.3014616825987877e-03
44 8.4960937500000000e-02 2.2998155513859145e-03
45 8.6914062500000000e-02 2.2981956547707925e-03
46 8.8867187500000000e-02 2.2966039549800130e-03
47 9.0820312500000000e-02 2.2950435793963036e-03
48 9.2773437500000000e-02 2.2935139310784666e-03
49 9.4726562500000000e-02 2.2920092917410751e-03
50 9.6679687500000000e-02 2.2905397764760808e-03
51 9.8632812500000000e-02 2.2890940808135505e-03
52 1.0058593750000000e-01 2.2876781305723910e-03
53 1.0253906250000000e-01 2.2862931957437892e-03
54 1.0449218750000000e-01 2.2849305353504455e-03
55 1.0644531250000000e-01 2.2836002684105509e-03
56 1.0839843750000000e-01 2.2822985447812812e-03
57 1.1035156250000000e-01 2.2810229119456255e-03
58 1.1230468750000000e-01 2.2797772044203697e-03
59 1.1425781250000000e-01 2.2785571082207714e-03
60 1.1621093750000000e-01 2.2773662261396065e-03
61 1.1816406250000000e-01 2.2762002452282170e-03
62 1.2011718750000000e-01 2.2750637005677261e-03
63 1.2207031250000000e-01 2.2739527457664097e-03
64 1.2402343750000000e-01 2.2728702869166378e-03
65 1.2597656250000000e-01 2.2718131768747086e-03
66 1.2792968750000000e-01 2.2707857194035064e-03
67 1.2988281250000000e-01 2.2697810426864518e-03
68 1.3183593750000000e-01 2.2688043823574557e-03
69 1.3378906250000000e-01 2.2678544550150861e-03
70 1.3574218750000000e-01 2.2669299774463990e-03
71 1.3769531250000000e-01 2.2660333918831550e-03
72 1.3964843750000000e-01 2.2651578274518139e-03
73 1.4160156250000000e-01 2.2643150398169304e-03
74 1.4355468750000000e-01 2.2634918718170728e-03
75 1.4550781250000000e-01 2.2626970523905998e-03
76 1.4746093750000000e-01 2.2619297644053057e-03
77 1.4941406250000000e-01 2.2611843012379264e-03
78 1.5136718750000000e-01 2.2604645022408568e-03
79 1.5332031250000000e-01 2.2597716455155618e-03
80 1.5527343750000000e-01 2.2591009554199723e-03
81 1.5722656250000000e-01 2.2584585991726348e-03
82 1.5917968750000000e-01 2.2578374724330705e-03
83 1.6113281250000000e-01 2.2572411808254901e-03
84 1.6308593750000000e-01 2.2566707685596869e-03
85 1.6503906250000000e-01 2.2561247183987155e-03
86 1.6699218750000000e-01 2.2556008142718773e-03
87 1.6894531250000000e-01 2.2551045231458573e-03
88 1.7089843750000000e-01 2.2546306013719857e-03
89 1.7285156250000000e-01 2.2541782286463023e-03
90 1.7480468750000000e-01 2.2537533362843951e-03
91 1.7675781250000000e-01 2.2533504463996927e-03
92 1.7871093750000000e-01 2.2529694356784903e-03
93 1.8066406250000000e-01 2.2526118100584420e-03
94 1.8261718750000000e-01 2.2522818688507336e-03
95 1.8457031250000000e-01 2.2519704065641199e-03
96 1.8652343750000000e-01 2.2516828853820364e-03
97 1.8847656250000000e-01 2.2514217400030744e-03
98 1.9042968750000000e-01 2.2511779957073378e-03
99 1.9238281250000000e-01 2.2509631661243026e-03
100 1.9433593750000000e-01 2.2507631527351902e-03
101 1.9628906250000000e-01 2.2505915630603767e-03
102 1.9824218750000000e-01 2.2504401177023880e-03
103 2.0019531250000000e-01 2.2503119450982450e-03
104 2.0214843750000000e-01 2.2502055161754920e-03
105 2.0410156250000000e-01 2.2501230262259430e-03
106 2.0605468750000000e-01 2.2500613144813362e-03
107 2.0800781250000000e-01 2.2500190818341894e-03
108 2.0996093750000000e-01 2.2500041085588103e-03
109 2.1191406250000000e-01 2.2500050817746350e-03
110 2.1386718750000000e-01 2.2500283826592969e-03
111 2.1582031250000000e-01 2.2500773644928921e-03
112 2.1777343750000000e-01 2.2501437378958438e-03
113 2.1972656250000000e-01 2.2502320180183642e-03
114 2.2167968750000000e-01 2.2503411308916190e-03
115 2.2363281250000000e-01 2.2504746579482416e-03
116 2.2558593750000000e-01 2.2506264004947783e-03
117 2.2753906250000000e-01 2.2507964449986172e-03
118 2.2949218750000000e-01 2.2509948883509753e-03
119 2.3144531250000000e-01 2.2512066804125557e-03
120 2.3339843750000000e-01 2.2514440108813982e-03
121 2.3535156250000000e-01 2.2516983461534721e-03
122 2.3730468750000000e-01 2.2519760523845179e-03
123 2.3925781250000000e-01 2.2522702229557058e-03
124 2.4121093750000000e-01 2.2525895494471459e-03
125 2.4316406250000000e-01 2.2529229313539368e-03
126 2.4511718750000000e-01 2.2532844123744440e-03
127 2.4707031250000000e-01 2.2536582323526228e-03
128 2.4902343750000000e-01 2.2540570349133416e-03
129 2.5097656250000000e-01 2.2544734386630745e-03
130 2.5292968750000000e-01 2.2549091409951247e-03
131 2.5488281250000000e-01 2.2553672346533205e-03
132 2.5683593750000000e-01 2.2558405661749405e-03
133 2.5878906250000000e-01 2.2563387442206895e-03
134 2.6074218750000000e-01 2.2568515851391045e-03
135 2.6269531250000000e-01 2.2573865986758607e-03
136 2.6464843750000000e-01 2.2579410482723604e-03
137 2.6660156250000000e-01 2.2585138254045999e-03
138 2.6855468750000000e-01 2.2591028884222895e-03
139 2.7050781250000000e-01 2.2597164383961511e-03
140 2.7246093750000000e-01 2.2603473077236992e-03
141 2.7441406250000000e-01 2.2609922850494240e-03
142 2.7636718750000000e-01 2.2616621269594466e-03
143 2.7832031250000000e-01 2.2623482631765985e-03
144 2.8027343750000000e-01 2.2630546943359512e-03
145 2.8222656250000000e-01 2.2637772700350558e-03
146 2.8417968750000000e-01 2.2645188228034930e-03
147 2.8613281250000000e-01 2.2652807861776141e-03
148 2.8808593750000000e-01 2.2660587708964097e-03
149 2.9003906250000000e-01 2.2668565347184243e-03
150 2.9199218750000000e-01 2.2676715469003433e-03
151 2.9394531250000000e-01 2.2685052327239812e-03
152 2.9589843750000000e-01 2.2693585496929534e-03
153 2.9785156250000000e-01 2.2702266324069317e-03
154 2.9980468750000000e-01 2.2711176518230595e-03
155 3.0175781250000000e-01 2.2720211502678805e-03
156 3.0371093750000000e-01 2.2729457599812907e-03
157 3.0566406250000000e-01 2.2738884694514325e-03
158 3.0761718750000000e-01 2.2748471962495253e-03
159 3.0957031250000000e-01 2.2758242794697972e-03
160 3.1152343750000000e-01 2.2768201932825650e-03
161 3.1347656250000000e-01 2.2778309857778367e-03
162 3.1542968750000000e-01 2.2788652755831766e-03
163 3.1738281250000000e-01 2.2799076974337161e-03
164 3.1933593750000000e-01 2.2809775754756567e-03
165 3.2128906250000000e-01 2.2820551159337199e-03
166 3.2324218750000000e-01 2.2831556800681557e-03
167 3.2519531250000000e-01 2.2842762331086201e-03
168 3.2714843750000000e-01 2.2854076842603790e-03
169 3.2910156250000000e-01 2.2865600323961621e-03
170 3.3105468750000000e-01 2.2877281399340489e-03
171 3.3300781250000000e-01 2.2889145502232953e-03
172 3.3496093750000000e-01 2.2901169146725148e-03
173 3.3691406250000000e-01 2.2913380044505150e-03
174 3.3886718750000000e-01 2.2925747674294016e-03
175 3.4082031250000000e-01 2.2938285727164840e-03
176 3.4277343750000000e-01 2.2950989242106843e-03
177 3.4472656250000000e-01 2.2963876515381260e-03
178 3.4667968750000000e-01 2.2976907609638126e-03
179 3.4863281250000000e-01 2.2990114738921132e-03
180 3.5058593750000000e-01 2.3003511464563019e-03
181 3.5253906250000000e-01 2.3017034487373203e-03
182 3.5449218750000000e-01 2.3030755523374240e-03
183 3.5644531250000000e-01 2.3044629846559767e-03
184 3.5839843750000000e-01 2.3058670911732084e-03
185 3.6035156250000000e-01 2.3072899131617941e-03
186 3.6230468750000000e-01 2.3087253401083419e-03
187 3.6425781250000000e-01 2.3101802972881249e-03
188 3.6621093750000000e-01 2.3116519283483787e-03
189 3.6816406250000000e-01 2.3131352787061511e-03
190 3.7011718750000000e-01 2.3146430861398382e-03
191 3.7207031250000000e-01 2.3161587489861964e-03
192 3.7402343750000000e-01 2.3176970949256121e-03
193 3.7597656250000000e-01 2.3192473374618839e-03
194 3.7792968750000000e-01 2.3208166152403073e-03
195 3.7988281250000000e-01 2.3223999568825499e-03
196 3.8183593750000000e-01 2.3240037968698469e-03
197 3.8378906250000000e-01 2.3256180358541077e-03
198 3.8574218750000000e-01 2.3272523622269534e-03
199 3.8769531250000000e-01 2.3289008618507020e-03
200 3.8964843750000000e-01 2.3305680950795014e-03
201 3.9160156250000000e-01 2.3322507031277671e-03
202 3.9355468750000000e-01 2.3339481182692917e-03
203 3.9550781250000000e-01 2.3356611668431159e-03
204 3.9746093750000000e-01 2.3373925349047722e-03
205 3.9941406250000000e-01 2.3391362908375020e-03
206 4.0136718750000000e-01 2.3409004699151076e-03
207 4.0332031250000000e-01 2.3426793674460010e-03
208 4.0527343750000000e-01 2.3444716995542720e-03
209 4.0722656250000000e-01 2.3462861911062380e-03
210 4.0917968750000000e-01 2.3481085137503780e-03
211 4.1113281250000000e-01 2.3499553026182134e-03
212 4.1308593750000000e-01 2.3518105935503774e-03
213 4.1503906250000000e-01 2.3536856605640621e-03
214 4.1699218750000000e-01 2.3555782704826212e-03
215 4.1894531250000000e-01 2.3574824618150898e-03
216 4.2089843750000000e-01 2.3594053085552414e-03
217 4.2285156250000000e-01 2.3613445684327397e-03
218 4.2480468750000000e-01 2.3632986946239953e-03
219 4.2675781250000000e-01 2.3652703282052321e-03
220 4.2871093750000000e-01 2.3672572177510284e-03
221 4.3066406250000000e-01 2.3692587385862130e-03
222 4.3261718750000000e-01 2.3712782210864227e-03
223 4.3457031250000000e-01 2.3733103778176799e-03
224 4.3652343750000000e-01 2.3753634224421248e-03
225 4.3847656250000000e-01 2.3774271719146436e-03
226 4.4042968750000000e-01 2.3795112307034884e-03
227 4.4238281250000000e-01 2.3816089020357797e-03
228 4.4433593750000000e-01 2.3837237305864133e-03
229 4.4628906250000000e-01 2.3858541356513328e-03
230 4.4824218750000000e-01 2.3880017930466915e-03
231 4.5019531250000000e-01 2.3901634860325508e-03
232 4.5214843750000000e-01 2.3923418155189589e-03
233 4.5410156250000000e-01 2.3945393792965510e-03
234 4.5605468750000000e-01 2.3967482946545340e-03
235 4.5800781250000000e-01 2.3989755769180041e-03
236 4.5996093750000000e-01 2.4012196235503706e-03
237 4.6191406250000000e-01 2.4034774319009414e-03
238 4.6386718750000000e-01 2.4057553094124330e-03
239 4.6582031250000000e-01 2.4080453577240753e-03
240 4.6777343750000000e-01 2.4103534123472272e-03
241 4.6972656250000000e-01 2.4126778550753918e-03
242 4.7167968750000000e-01 2.4150198585313962e-03
243 4.7363281250000000e-01 2.4173747714326364e-03
244 4.7558593750000000e-01 2.4197502793806194e-03
245 4.7753906250000000e-01 2.4221349727236137e-03
246 4.7949218750000000e-01 2.4245458440077640e-03
247 4.8144531250000000e-01 2.4269654237033290e-03
248 4.8339843750000000e-01 2.4294039459868211e-03
249 4.8535156250000000e-01 2.4318588362095264e-03
250 4.8730468750000000e-01 2.4343324060271693e-03
251 4.8925781250000000e-01 2.4368188148848691e-03
252 4.9121093750000000e-01 2.4393252576069497e-03
253 4.9316406250000000e-01 2.4418440247211690e-03
254 4.9511718750000000e-01 2.4443830032747586e-03
255 4.9707031250000000e-01 2.4469384356510665e-03
256 4.9902343750000000e-01 2.4495077252571487e-03
257 5.0097656250000000e-01 2.4520959557842526e-03
258 5.0292968750000000e-01 2.4547040168476286e-03
259 5.0488281250000000e-01 2.4573218519008079e-03
260 5.0683593750000000e-01 2.4599608216982170e-03
261 5.0878906250000000e-01 2.4626171498875237e-03
262 5.1074218750000000e-01 2.4652889196502591e-03
263 5.1269531250000000e-01 2.4679772378589197e-03
264 5.1464843750000000e-01 2.4706848380972183e-03
265 5.1660156250000000e-01 2.4734097942370695e-03
266 5.1855468750000000e-01 2.4761452876125353e-03
267 5.2050781250000000e-01 2.4789073138712829e-03
268 5.2246093750000000e-01 2.4816785707945203e-03
269 5.2441406250000000e-01 2.4844696927616133e-03
270 5.2636718750000000e-01 2.4872796695462268e-03
271 5.2832031250000000e-01 2.4901088848381658e-03
272 5.3027343750000000e-01 2.4929500358543142e-03
273 5.3222656250000000e-01 2.4958156073608831e-03
274 5.3417968750000000e-01 2.4986915383818338e-03
275 5.3613281250000000e-01 2.5015912389149738e-03
276 5.3808593750000000e-01 2.5045036687054226e-03
277 5.4003906250000000e-01 2.5074357124300166e-03
278 5.4199218750000000e-01 2.5103868011646154e-03
279 5.4394531250000000e-01 2.5133540346659929e-03
280 5.4589843750000000e-01 2.5163421930974881e-03
281 5.4785156250000000e-01 2.5193434807711957e-03
282 5.4980468750000000e-01 2.5223643016804463e-03
283 5.5175781250000000e-01 2.5254073315489154e-03
284 5.5371093750000000e-01 2.5284608076299349e-03
285 5.5566406250000000e-01 2.5315399725702511e-03
286 5.5761718750000000e-01 2.5346335233713451e-03
287 5.5957031250000000e-01 2.5377466850681823e-03
288 5.6152343750000000e-01 2.5408786261666410e-03
289 5.6347656250000000e-01 2.5440280465890783e-03
290 5.6542968750000000e-01 2.5471952731604824e-03
291 5.6738281250000000e-01 2.5503855192480782e-03
292 5.6933593750000000e-01 2.5535858345384259e-03
293 5.7128906250000000e-01 2.5568123696691749e-03
294 5.7324218750000000e-01 2.5600565923616656e-03
295 5.7519531250000000e-01 2.5633183493838875e-03
296 5.7714843750000000e-01 2.5665995801348682e-03
297 5.7910156250000000e-01 2.5699012898583477e-03
298 5.8105468750000000e-01 2.5732198243647170e-03
299 5.8300781250000000e-01 2.5765589772369863e-03
300 5.8496093750000000e-01 2.5799181154806984e-03
301 5.8691406250000000e-01 2.5832952063352416e-03
302 5.8886718750000000e-01 2.5866949663595996e-03
303 5.9082031250000000e-01 2.5901090708410658e-03
304 5.9277343750000000e-01 2.5935487500990317e-03
305 5.9472656250000000e-01 2.5970024143217455e-03
306 5.9667968750000000e-01 2.6004812883866236e-03
307 5.9863281250000000e-01 2.6039779680200334e-03
308 6.0058593750000000e-01 2.6074910998601496e-03
309 6.0253906250000000e-01 2.6110319007298264e-03
310 6.0449218750000000e-01 2.6145850421035247e-03
311 6.0644531250000000e-01 2.6181647623077578e-03
312 6.0839843750000000e-01 2.6217601513353712e-03
313 6.1035156250000000e-01 2.6253817169900580e-03
314 6.1230468750000000e-01 2.6290166814187709e-03
315 6.1425781250000000e-01 2.6326788068857365e-03
316 6.1621093750000000e-01 2.6363588028617936e-03
317 6.1816406250000000e-01 2.6400599491296127e-03
318 6.2011718750000000e-01 2.6437822633168370e-03
319 6.2207031250000000e-01 2.6475257605422658e-03
320 6.2402343750000000e-01 2.6512934802316330e-03
321 6.2597656250000000e-01 2.6550737910062969e-03
322 6.2792968750000000e-01 2.6588867239991940e-03
323 6.2988281250000000e-01 2.6627134251878959e-03
324 6.3183593750000000e-01 2.6665655389447292e-03
325 6.3378906250000000e-01 2.6704377106040083e-03
326 6.3574218750000000e-01 2.6743343620048328e-03
327 6.3769531250000000e-01 2.6782464084457143e-03
328 6.3964843750000000e-01 2.6821878131148575e-03
329 6.4160156250000000e-01 2.6861476239970102e-03
330 6.4355468750000000e-01 2.6901293222719221e-03
331 6.4550781250000000e-01 2.6941396464633567e-03
332 6.4746093750000000e-01 2.6981634467496945e-03
333 6.4941406250000000e-01 2.7022197971694143e-03
334 6.5136718750000000e-01 2.7062891196501897e-03
335 6.5332031250000000e-01 2.7103876898356902e-03
336 6.5527343750000000e-01 2.7145084981230680e-03
337 6.5722656250000000e-01 2.7186501206840699e-03
338 6.5917968750000000e-01 2.7228167194864698e-03
339 6.6113281250000000e-01 2.7270103589045313e-03
340 6.6308593750000000e-01 2.7312175015635817e-03
341 6.6503906250000000e-01 2.7354583684586105e-03
342 6.6699218750000000e-01 2.7397184867673802e-03
343 6.6894531250000000e-01 2.7440017752597377e-03
344 6.7089843750000000e-01 2.7483147118366746e-03
345 6.7285156250000000e-01 2.7526425848276425e-03
346 6.7480468750000000e-01 2.7570028112312156e-03
347 6.7675781250000000e-01 2.7613825381260088e-03
348 6.7871093750000000e-01 2.7657921937424019e-03
349 6.8066406250000000e-01 2.7702203183415305e-03
350 6.8261718750000000e-01 2.7746766379084849e-03
351 6.8457031250000000e-01 2.7791594678864898e-03
352 6.8652343750000000e-01 2.7836636294433156e-03
353 6.8847656250000000e-01 2.7881946521652913e-03
354 6.9042968750000000e-01 2.7927550370742821e-03
355 6.9238281250000000e-01 2.7973344777658150e-03
356 6.9433593750000000e-01 2.8019436208777844e-03
357 6.9628906250000000e-01 2.8065763475518014e-03
358 6.9824218750000000e-01 2.8112370146442626e-03
359 7.0019531250000000e-01 2.8159229924541226e-03
360 7.0214843750000000e-01 2.8206349092974210e-03
361 7.0410156250000000e-01 2.8253726934127765e-03
362 7.0605468750000000e-01 2.8301399967702694e-03
363 7.0800781250000000e-01 2.8349295267677196e-03
364 7.0996093750000000e-01 2.8397516844269367e-03
365 7.1191406250000000e-01 2.8445966130260462e-03
366 7.1386718750000000e-01 2.8494674929090240e-03
367 7.1582031250000000e-01 2.8543684343198851e-03
368 7.1777343750000000e-01 2.8592995879870610e-03
369 7.1972656250000000e-01 2.8642515572160250e-03
370 7.2167968750000000e-01 2.8692347345786861e-03
371 7.2363281250000000e-01 2.8742506637727261e-03
372 7.2558593750000000e-01 2.8792834249164387e-03
373 7.2753906250000000e-01 2.8843562124240742e-03
374 7.2949218750000000e-01 2.8894505428015711e-03
375 7.3144531250000000e-01 2.8945733099012150e-03
376 7.3339843750000000e-01 2.8997311735803472e-03
377 7.3535156250000000e-01 2.9049086736505410e-03
378 7.3730468750000000e-01 2.9101238764313378e-03
379 7.3925781250000000e-01 2.9153613195549606e-03
380 7.4121093750000000e-01 2.9206325479639462e-03
381 7.4316406250000000e-01 2.9259323417806203e-03
382 7.4511718750000000e-01 2.9312606024182800e-03
383 7.4707031250000000e-01 2.9366188601524009e-03
384 7.4902343750000000e-01 2.9420102741517223e-03
385 7.5097656250000000e-01 2.9474303192837219e-03
386 7.5292968750000000e-01 2.9528758665412075e-03
387 7.5488281250000000e-01 2.9583612483883373e-03
388 7.5683593750000000e-01 2.9638682002040770e-03
389 7.5878906250000000e-01 2.9694126827089513e-03
390 7.6074218750000000e-01 2.9749843460298974e-03
391 7.6269531250000000e-01 2.9805907675549605e-03
392 7.6464843750000000e-01 2.9862257869983297e-03
393 7.6660156250000000e-01 2.9918906940217017e-03
394 7.6855468750000000e-01 2.9975960909123731e-03
395 7.7050781250000000e-01 3.0033220785763062e-03
396 7.7246093750000000e-01 3.0090888042565173e-03
397 7.7441406250000000e-01 3.0148838184057298e-03
398 7.7636718750000000e-01 3.0207149272761923e-03
399 7.7832031250000000e-01 3.0265736385424891e-03
400 7.8027343750000000e-01 3.0324712500853761e-03
401 7.8222656250000000e-01 3.0383943793730710e-03
402 7.8417968750000000e-01 3.0443592130356238e-03
403 7.8613281250000000e-01 3.0503516694241079e-03
404 7.8808593750000000e-01 3.0563797855402072e-03
405 7.9003906250000000e-01 3.0624425177649042e-03
406 7.9199218750000000e-01 3.0685383566274368e-03
407 7.9394531250000000e-01 3.0746662581631421e-03
408 7.9589843750000000e-01 3.0808344915134196e-03
409 7.9785156250000000e-01 3.0870294396550934e-03
410 7.9980468750000000e-01 3.0932700818068655e-03
411 8.0175781250000000e-01 3.0995325563367565e-03
412 8.0371093750000000e-01 3.1058414304105785e-03
413 8.0566406250000000e-01 3.1121821557062428e-03
414 8.0761718750000000e-01 3.1185555508208788e-03
415 8.0957031250000000e-01 3.1249675567591850e-03
416 8.1152343750000000e-01 3.1314171297767805e-03
417 8.1347656250000000e-01 3.1378981040623682e-03
418 8.1542968750000000e-01 3.1444201465328069e-03
419 8.1738281250000000e-01 3.1509775575642267e-03
420 8.1933593750000000e-01 3.1575697601261207e-03
421 8.2128906250000000e-01 3.1642008341577557e-03
422 8.2324218750000000e-01 3.1708697377189274e-03
423 8.2519531250000000e-01 3.1775777576085462e-03
424 8.2714843750000000e-01 3.1843168678705961e-03
425 8.2910156250000000e-01 3.1911004634773855e-03
426 8.3105468750000000e-01 3.1979186568844385e-03
427 8.3300781250000000e-01 3.2047755309720719e-03
428 8.3496093750000000e-01 3.2116733066004186e-03
429 8.3691406250000000e-01 3.2186081516967398e-03
430 8.3886718750000000e-01 3.2255804258428528e-03
431 8.4082031250000000e-01 3.2325979399433578e-03
432 8.4277343750000000e-01 3.2396498792329372e-03
433 8.4472656250000000e-01 3.2467403309285811e-03
434 8.4667968750000000e-01 3.2538771083983776e-03
435 8.4863281250000000e-01 3.2610433458628296e-03
436 8.5058593750000000e-01 3.2682594313860405e-03
437 8.5253906250000000e-01 3.2755094324324746e-03
438 8.5449218750000000e-01 3.2828081511325821e-03
439 8.5644531250000000e-01 3.2901382600494626e-03
440 8.5839843750000000e-01 3.2975196857512375e-03
441 8.6035156250000000e-01 3.3049332404006468e-03
442 8.6230468750000000e-01 3.3123918679728616e-03
443 8.6425781250000000e-01 3.3198950094903423e-03
444 8.6621093750000000e-01 3.3274369849671265e-03
445 8.6816406250000000e-01 3.3350242229177752e-03
446 8.7011718750000000e-01 3.3426496490279612e-03
447 8.7207031250000000e-01 3.3503252824861607e-03
448 8.7402343750000000e-01 3.3580342729127351e-03
449 8.7597656250000000e-01 3.3657951616594441e-03
450 8.7792968750000000e-01 3.3735952922872917e-03
451 8.7988281250000000e-01 3.3814397050438219e-03
452 8.8183593750000000e-01 3.3893297164861239e-03
453 8.8378906250000000e-01 3.3972591942329055e-03
454 8.8574218750000000e-01 3.4052397027165057e-03
455 8.8769531250000000e-01 3.4132571967258052e-03
456 8.8964843750000000e-01 3.4213283664647435e-03
457 8.9160156250000000e-01 3.4294396359665705e-03
458 8.9355468750000000e-01 3.4375955919107425e-03
459 8.9550781250000000e-01 3.4458022198597098e-03
460 8.9746093750000000e-01 3.4540478121894112e-03
461 8.9941406250000000e-01 3.4623472059549590e-03
462 9.0136718750000000e-01 3.4706831096119328e-03
463 9.0332031250000000e-01 3.4790764179144108e-03
464 9.0527343750000000e-01 3.4875103091688946e-03
465 9.0722656250000000e-01 3.4959903155842471e-03
466 9.0917968750000000e-01 3.5045247655416199e-03
467 9.1113281250000000e-01 3.5130945156548622e-03
468 9.1308593750000000e-01 3.5217283879433649e-03
469 9.1503906250000000e-01 3.5303956021189506e-03
470 9.1699218750000000e-01 3.5391245192586754e-03
471 9.1894531250000000e-01 3.5478876235113671e-03
472 9.2089843750000000e-01 3.5567104868836283e-03
473 9.2285156250000000e-01 3.5655791026883675e-03
474 9.2480468750000000e-01 3.5744994902345700e-03
475 9.2675781250000000e-01 3.5834641672595619e-03
476 9.2871093750000000e-01 3.5924852119255980e-03
477 9.3066406250000000e-01 3.6015518876879107e-03
478 9.3261718750000000e-01 3.6106697588882200e-03
479 9.3457031250000000e-01 3.6198402017035072e-03
480 9.3652343750000000e-01 3.6290594728690291e-03
481 9.3847656250000000e-01 3.6383336108851590e-03
482 9.4042968750000000e-01 3.6476560843213476e-03
483 9.4238281250000000e-01 3.6570287466199253e-03
484 9.4433593750000000e-01 3.6664609048194866e-03
485 9.4628906250000000e-01 3.6759362576495661e-03
486 9.4824218750000000e-01 3.6854720345602630e-03
487 9.5019531250000000e-01 3.6950552001721697e-03
488 9.5214843750000000e-01 3.7046922800804474e-03
489 9.5410156250000000e-01 3.7143884061433576e-03
490 9.5605468750000000e-01 3.7241263617708818e-03
491 9.5800781250000000e-01 3.7339350341805931e-03
492 9.5996093750000000e-01 3.7437795183805807e-03
493 9.6191406250000000e-01 3.7536928993605820e-03
494 9.6386718750000000e-01 3.7636523862364622e-03
495 9.6582031250000000e-01 3.7736752385224281e-03
496 9.6777343750000000e-01 3.7837451916946964e-03
497 9.6972656250000000e-01 3.7938743901899108e-03
498 9.7167968750000000e-01 3.8040624092590923e-03
499 9.7363281250000000e-01 3.8143009116278874e-03
500 9.7558593750000000e-01 3.8246001902373511e-03
501 9.7753906250000000e-01 3.8349533123723835e-03
502 9.7949218750000000e-01 3.8453677846768258e-03
503 9.8144531250000000e-01 3.8558320255884480e-03
504 9.8339843750000000e-01 3.8663633284993504e-03
505 9.8535156250000000e-01 3.8769454631912524e-03
506 9.8730468750000000e-01 3.8875882805282022e-03
507 9.8925781250000000e-01 3.8982918565854570e-03
508 9.9121093750000000e-01 3.9090483553426841e-03
509 9.9316406250000000e-01 3.9198732280383633e-03
510 9.9511718750000000e-01 3.9307456085732120e-03
511 9.9707031250000000e-01 3.9416868239641190e-03
512 9.9902343750000000e-01 3.9527565240859985e-03
