# P x phi_num phi_exact phi_err
1 7.8125000000000000e-03 1.2231912051067528e+00 1.2232041726554261e+00 -1.2967548673303853e-05
2 2.3437500000000000e-02 1.2118057655860173e+00 1.2117991707160827e+00 6.5948699345952377e-06
3 3.9062500000000000e-02 1.2015476807230052e+00 1.2015278985581324e+00 1.9782164872861330e-05
4 5.4687500000000000e-02 1.1923751175878672e+00 1.1923472819406207e+00 2.7835647246510220e-05
5 7.0312500000000000e-02 1.1842473629217281e+00 1.1842155112919859e+00 3.1851629742174481e-05
6 8.5937500000000000e-02 1.1771248727725414e+00 1.1770920799996967e+00 3.2792772844736362e-05
7 1.0156250000000000e-01 1.1709693186028882e+00 1.1709378233012082e+00 3.1495301680006804e-05
8 1.1718750000000000e-01 1.1657436316602992e+00 1.1657149576252337e+00 2.8674035065456849e-05
9 1.3281250000000000e-01 1.1614120470165898e+00 1.1613871202348192e+00 2.4926781770684414e-05
10 1.4843750000000000e-01 1.1579401482915257e+00 1.1579194090265450e+00 2.0739264980695893e-05
11 1.6406250000000000e-01 1.1552949136885773e+00 1.1552784223432864e+00 1.6491345290914339e-05
12 1.7968750000000000e-01 1.1534447636029406e+00 1.1534322986613827e+00 1.2464941557821518e-05
13 1.9531250000000000e-01 1.1523596097325961e+00 1.1523507560167818e+00 8.8537158142720784e-06
14 2.1093750000000000e-01 1.1520109053490581e+00 1.1520051310387178e+00 5.7743103403229412e-06
15 2.2656250000000000e-01 1.1523716961786863e+00 1.1523684174637592e+00 3.2787149271129579e-06
16 2.4218750000000000e-01 1.1534166712154941e+00 1.1534153040076212e+00 1.3672078729154435e-06
17 2.5781250000000000e-01 1.1551222127332448e+00 1.1551222114769488e+00 1.2562959561535081e-09
18 2.7343750000000000e-01 1.1574664447827052e+00 1.1574673290083617e+00 -8.8422565647228168e-07
19 2.8906250000000000e-01 1.1604292795381093e+00 1.1604306493273682e+00 -1.3697892589092930e-06
20 3.0468750000000000e-01 1.1639924609799022e+00 1.1639940029253291e+00 -1.5419454268972288e-06
21 3.2031250000000000e-01 1.1681396055510922e+00 1.1681410910584367e+00 -1.4855073444675071e-06
22 3.3593750000000000e-01 1.1728562395842212e+00 1.1728575174786962e+00 -1.2778944749047838e-06
23 3.5156250000000000e-01 1.1781298334486927e+00 1.1781308188131023e+00 -9.8536440962249117e-07
24 3.6718750000000000e-01 1.1839498325006206e+00 1.1839504935136282e+00 -6.6101300766341353e-07
25 3.8281250000000000e-01 1.1903076850201106e+00 1.1903080293072283e+00 -3.4428711770395637e-07
26 3.9843750000000000e-01 1.1971968673889313e+00 1.1971969290818325e+00 -6.1692901232035524e-08
27 4.1406250000000000e-01 1.2046129067942317e+00 1.2046127351512170e+00 1.7164301469030363e-07
28 4.2968750000000000e-01 1.2125534017443114e+00 1.2125530518487120e+00 3.4989559938303216e-07
29 4.4531250000000000e-01 1.2210180406563289e+00 1.2210175664068912e+00 4.7424943772078620e-07
30 4.6093750000000000e-01 1.2300086187308623e+00 1.2300080680876986e+00 5.5064316373254485e-07
31 4.7656250000000000e-01 1.2395290532726180e+00 1.2395284655348744e+00 5.8773774358478192e-07
32 4.9218750000000000e-01 1.2495853975582476e+00 1.2495848023280325e+00 5.9523021511687091e-07
33 5.0781250000000000e-01 1.2601858532978687e+00 1.2601852707253041e+00 5.8257256463356555e-07
34 5.2343750000000000e-01 1.2713407816915647e+00 1.2713402235890852e+00 5.5810247956422643e-07
35 5.3906250000000000e-01 1.2830627130489787e+00 1.2830621844970773e+00 5.2855190135758789e-07
36 5.5468750000000000e-01 1.2953663549203680e+00 1.2953658560484931e+00 4.9887187492103635e-07
37 5.7031250000000000e-01 1.3082685986807345e+00 1.3082681263830040e+00 4.7229773048051982e-07
38 5.8593750000000000e-01 1.3217885245132286e+00 1.3217880739376724e+00 4.5057555619898437e-07
39 6.0156250000000000e-01 1.3359474047514373e+00 1.3359469704747970e+00 4.3427664020434520e-07
40 6.1718750000000000e-01 1.3507687055595734e+00 1.3507682824212213e+00 4.2313835213469986e-07
41 6.3281250000000000e-01 1.3662780869521656e+00 1.3662776705672321e+00 4.1638493342155414e-07
42 6.4843750000000000e-01 1.3825034011781512e+00 1.3825029881806921e+00 4.1299745912048991e-07
43 6.6406250000000000e-01 1.3994746895163628e+00 1.3994742775994891e+00 4.1191687372155172e-07
44 6.7968750000000000e-01 1.4172241775490100e+00 1.4172237653727067e+00 4.1217630331047417e-07
45 6.9531250000000000e-01 1.4357862689961851e+00 1.4357858560281682e+00 4.1296801689405527e-07
46 7.1093750000000000e-01 1.4551975382075615e+00 1.4551971245511006e+00 4.1365646086255481e-07
47 7.2656250000000000e-01 1.4754967214175503e+00 1.4754963076656460e+00 4.1375190429349118e-07
48 7.4218750000000000e-01 1.4967247068777756e+00 1.4967242940177496e+00 4.1286002594453919e-07
49 7.5781250000000000e-01 1.5189245239864555e+00 1.5189241133646483e+00 4.1062180722306607e-07
50 7.7343750000000000e-01 1.5421413315388190e+00 1.5421409248826259e+00 4.0665619316371249e-07
51 7.8906250000000000e-01 1.5664224052265467e+00 1.5664220047110446e+00 4.0051550209696529e-07
52 8.0468750000000000e-01 1.5918171245178652e+00 1.5918167328567308e+00 3.9166113441346795e-07
53 8.2031250000000000e-01 1.6183769590536157e+00 1.6183765795887162e+00 3.7946489950257956e-07
54 8.3593750000000000e-01 1.6461554546984567e+00 1.6461550914590020e+00 3.6323945473704100e-07
55 8.5156250000000000e-01 1.6752082193903712e+00 1.6752078770904688e+00 3.4229990242273800e-07
56 8.6718750000000000e-01 1.7055929089357578e+00 1.7055925928782765e+00 3.1605748129770461e-07
57 8.8281250000000000e-01 1.7373692129014702e+00 1.7373689287560763e+00 2.8414539388066373e-07
58 8.9843750000000000e-01 1.7705988407591224e+00 1.7705985941830735e+00 2.4657604891231699e-07
59 9.1406250000000000e-01 1.8053455084406687e+00 1.8053453045124561e+00 2.0392821253878424e-07
60 9.2968750000000000e-01 1.8416749254676326e+00 1.8416747679059089e+00 1.5756172366820920e-07
61 9.4531250000000000e-01 1.8796547828193693e+00 1.8796546729628620e+00 1.0985650722439289e-07
62 9.6093750000000000e-01 1.9193547417083541e+00 1.9193546772367993e+00 6.4471554761524885e-08
63 9.7656250000000000e-01 1.9608464234327179e+00 1.9608463968143326e+00 2.6618385273735612e-08
64 9.9218750000000000e-01 2.0042034004780835e+00 2.0042033971358584e+00 3.3422251632941880e-09
