# P x_center tau_phi
1 1.5625000000000000e-02 1.7559181516317039e+00
2 4.6875000000000000e-02 3.7379973275960765e-02
3 7.8125000000000000e-02 3.6863843275008468e-02
4 1.0937500000000000e-01 3.6476194808919976e-02
5 1.4062500000000000e-01 3.6202758625135889e-02
6 1.7187500000000000e-01 3.6034844874357264e-02
7 2.0312500000000000e-01 3.5964522159250487e-02
8 2.3437500000000000e-01 3.5984656619992075e-02
9 2.6562500000000000e-01 3.6088950107213857e-02
10 2.9687500000000000e-01 3.6271976985746579e-02
11 3.2812500000000000e-01 3.6529219112572758e-02
12 3.5937500000000000e-01 3.6857098581045328e-02
13 3.9062500000000000e-01 3.7253007873667643e-02
14 4.2187500000000000e-01 3.7715337132225260e-02
15 4.5312500000000000e-01 3.8243498258380818e-02
16 4.8437500000000000e-01 3.8837945690437498e-02
17 5.1562500000000000e-01 3.9500193666079347e-02
18 5.4687500000000000e-01 4.0232829933081346e-02
19 5.7812500000000000e-01 4.1039525863233825e-02
20 6.0937500000000000e-01 4.1925043000693246e-02
21 6.4062500000000000e-01 4.2895236182134588e-02
22 6.7187500000000000e-01 4.3957053343272712e-02
23 7.0312500000000000e-01 4.5118532267705513e-02
24 7.3437500000000000e-01 4.6388794548488349e-02
25 7.6562500000000000e-01 4.7778037087445879e-02
26 7.9687500000000000e-01 4.9297521540823314e-02
27 8.2812500000000000e-01 5.0959562157645549e-02
28 8.5937500000000000e-01 5.2777512465648824e-02
29 8.9062500000000000e-01 5.4765751417842262e-02
30 9.2187500000000000e-01 5.6939669491458289e-02
31 9.5312500000000000e-01 5.9316535606285470e-02
32 9.8437500000000000e-01 6.1936393725773087e-02
