# P x phi_num phi_exact phi_err
1 3.9062500000000000e-03 1.2262361709619656e+00 1.2262377335498942e+00 -1.5625879286051969e-06
2 1.1718750000000000e-02 1.2202455431463297e+00 1.2202442328959000e+00 1.3102504297091144e-06
3 1.9531250000000000e-02 1.2145461163142608e+00 1.2145424241978484e+00 3.6921164123793204e-06
4 2.7343750000000000e-02 1.2091323997613626e+00 1.2091267693543701e+00 5.6304069924184574e-06
5 3.5156250000000000e-02 1.2039989760961294e+00 1.2039918063745958e+00 7.1697215335841946e-06
6 4.2968750000000000e-02 1.1991405025788493e+00 1.1991321505382861e+00 8.3520405631531958e-06
7 5.0781250000000000e-02 1.1945517124373835e+00 1.1945424955695609e+00 9.2168678225146294e-06
8 5.8593750000000000e-02 1.1902274161646262e+00 1.1902176148230155e+00 9.8013416107711748e-06
9 6.6406250000000000e-02 1.1861625028020435e+00 1.1861523624810211e+00 1.0140321022422683e-05
10 7.4218750000000000e-02 1.1823519412132664e+00 1.1823416747610087e+00 1.0266452257656766e-05
11 8.2031250000000000e-02 1.1787907813513110e+00 1.1787805711315500e+00 1.0210219760997674e-05
12 8.9843750000000000e-02 1.1754741555225798e+00 1.1754641555360510e+00 9.9999865288413758e-06
13 9.7656250000000000e-02 1.1723972796503774e+00 1.1723876176228945e+00 9.6620274829817276e-06
14 1.0546875000000000e-01 1.1695554545402567e+00 1.1695462339808615e+00 9.2205593951177889e-06
15 1.1328125000000000e-01 1.1669440671490743e+00 1.1669353693786912e+00 8.6977703830370956e-06
16 1.2109375000000000e-01 1.1645585918592078e+00 1.1645504780076323e+00 8.1138515755085905e-06
17 1.2890625000000000e-01 1.1623945917589544e+00 1.1623871047258656e+00 7.4870330888376913e-06
18 1.3671875000000000e-01 1.1604477199297034e+00 1.1604408863036777e+00 6.8336260257151338e-06
19 1.4453125000000000e-01 1.1587137207400700e+00 1.1587075526682920e+00 6.1680717780010497e-06
20 1.5234375000000000e-01 1.1571884311467706e+00 1.1571829281472610e+00 5.5029995096322892e-06
21 1.6015625000000000e-01 1.1558677820016481e+00 1.1558629327093504e+00 4.8492922977150243e-06
22 1.6796875000000000e-01 1.1547477993639004e+00 1.1547435832018618e+00 4.2161620386060861e-06
23 1.7578125000000000e-01 1.1538246058162485e+00 1.1538209945833380e+00 3.6112329104831531e-06
24 1.8359375000000000e-01 1.1530944217834984e+00 1.1530913811506376e+00 3.0406328608290067e-06
25 1.9140625000000000e-01 1.1525535668516953e+00 1.1525510577593558e+00 2.5090923394532894e-06
26 1.9921875000000000e-01 1.1521984610858769e+00 1.1521964410366095e+00 2.0200492674149473e-06
27 2.0703125000000000e-01 1.1520256263442581e+00 1.1520240505851955e+00 1.5757590625664619e-06
28 2.1484375000000000e-01 1.1520316875865746e+00 1.1520305101781811e+00 1.1774083934490420e-06
29 2.2265625000000000e-01 1.1522133741742329e+00 1.1522125489429706e+00 8.2523126221367704e-07
30 2.3046875000000000e-01 1.1525675211598858e+00 1.1525670025339392e+00 5.1862594663276695e-07
31 2.3828125000000000e-01 1.1530910705640718e+00 1.1530908142927252e+00 2.5627134658812167e-07
32 2.4609375000000000e-01 1.1537810726365985e+00 1.1537810363953065e+00 3.6241291967442635e-08
33 2.5390625000000000e-01 1.1546346871004483e+00 1.1546348309849932e+00 -1.4388454494529412e-07
34 2.6171875000000000e-01 1.1556491843760959e+00 1.1556494712905045e+00 -2.8691440867589790e-07
35 2.6953125000000000e-01 1.1568219467842777e+00 1.1568223427283069e+00 -3.9594402911902193e-07
36 2.7734375000000000e-01 1.1581504697254217e+00 1.1581509439884194e+00 -4.7426299776276437e-07
37 2.8515625000000000e-01 1.1596323628341303e+00 1.1596328881029128e+00 -5.2526878246972331e-07
38 2.9296875000000000e-01 1.1612653511073108e+00 1.1612659034963513e+00 -5.5238904050902704e-07
39 3.0078125000000000e-01 1.1630472760047501e+00 1.1630478350174525e+00 -5.5901270235025891e-07
40 3.0859375000000000e-01 1.1649760965211340e+00 1.1649766449512546e+00 -5.4843012065042274e-07
41 3.1640625000000000e-01 1.1670498902287210e+00 1.1670504140111204e+00 -5.2378239945305438e-07
42 3.2421875000000000e-01 1.1692668542900737e+00 1.1692673423099171e+00 -4.8801984342539129e-07
43 3.3203125000000000e-01 1.1716253064404394e+00 1.1716257503097427e+00 -4.4386930331263841e-07
44 3.3984375000000000e-01 1.1741236859395283e+00 1.1741240797495982e+00 -3.9381006988747913e-07
45 3.4765625000000000e-01 1.1767605544926176e+00 1.1767608945504169e+00 -3.4005779925294632e-07
46 3.5546875000000000e-01 1.1795345971410169e+00 1.1795348816969105e+00 -2.8455589351494837e-07
47 3.6328125000000000e-01 1.1824446231220676e+00 1.1824448520956927e+00 -2.2897362517149134e-07
48 3.7109375000000000e-01 1.1854895666989245e+00 1.1854897414091876e+00 -1.7471026314552773e-07
49 3.7890625000000000e-01 1.1886684879604534e+00 1.1886686108648448e+00 -1.2290439133089137e-07
50 3.8671875000000000e-01 1.1919805735916191e+00 1.1919806480392188e+00 -7.4447599640592443e-08
51 3.9453125000000000e-01 1.1954251376147778e+00 1.1954251676164913e+00 -3.0001713557936682e-08
52 4.0234375000000000e-01 1.1990016221022961e+00 1.1990016121210434e+00 9.9812527132314699e-09
53 4.1015625000000000e-01 1.2027095978609212e+00 1.2027095526237195e+00 4.5237201762304835e-08
54 4.1796875000000000e-01 1.2065487650883027e+00 1.2065486894214434e+00 7.5666859222778271e-08
55 4.2578125000000000e-01 1.2105189540020411e+00 1.2105188526898820e+00 1.0131215910647029e-07
56 4.3359375000000000e-01 1.2146201254415963e+00 1.2146200031088799e+00 1.2233271640127441e-07
57 4.4140625000000000e-01 1.2188523714433475e+00 1.2188522324604116e+00 1.3898293582670362e-07
58 4.4921875000000000e-01 1.2232159157890381e+00 1.2232157641988377e+00 1.5159020039234861e-07
59 4.5703125000000000e-01 1.2277111145277981e+00 1.2277109539932682e+00 1.6053452989162054e-07
60 4.6484375000000000e-01 1.2323384564718667e+00 1.2323382902418740e+00 1.6622999265969440e-07
61 4.7265625000000000e-01 1.2370985636661065e+00 1.2370983945580176e+00 1.6910808886549944e-07
62 4.8046875000000000e-01 1.2419921918313404e+00 1.2419920222280956e+00 1.6960324478176858e-07
63 4.8828125000000000e-01 1.2470202307815064e+00 1.2470200626410217e+00 1.6814048464652842e-07
64 4.9609375000000000e-01 1.2521837048145923e+00 1.2521835396893111e+00 1.6512528122625270e-07
65 5.0390625000000000e-01 1.2574837730772850e+00 1.2574836121417490e+00 1.6093553600882160e-07
66 5.1171875000000000e-01 1.2629217299032491e+00 1.2629215739876625e+00 1.5591558666372407e-07
67 5.1953125000000000e-01 1.2684990051249438e+00 1.2684988547528424e+00 1.5037210143731272e-07
68 5.2734375000000000e-01 1.2742171643588802e+00 1.2742170197871916e+00 1.4457168862058722e-07
69 5.3515625000000000e-01 1.2800779092642365e+00 1.2800777705242092e+00 1.3874002724456602e-07
70 5.4296875000000000e-01 1.2860830777747603e+00 1.2860829447124447e+00 1.3306231561038828e-07
71 5.5078125000000000e-01 1.2922346443039090e+00 1.2922345166190916e+00 1.2768481738589799e-07
72 5.5859375000000000e-01 1.2985347199232122e+00 1.2985345972059177e+00 1.2271729454838010e-07
73 5.6640625000000000e-01 1.3049855525138743e+00 1.3049854342777585e+00 1.1823611578698490e-07
74 5.7421875000000000e-01 1.3115895268916786e+00 1.3115894126038308e+00 1.1428784785216806e-07
75 5.8203125000000000e-01 1.3183491649052954e+00 1.3183490540121559e+00 1.1089313955991997e-07
76 5.8984375000000000e-01 1.3252671255081494e+00 1.3252670174574053e+00 1.0805074412978399e-07
77 5.9765625000000000e-01 1.3323462048040458e+00 1.3323460990625193e+00 1.0574152642384149e-07
78 6.0546875000000000e-01 1.3395893360668125e+00 1.3395892321344745e+00 1.0393233806915703e-07
79 6.1328125000000000e-01 1.3469995897342621e+00 1.3469994871545996e+00 1.0257966254201278e-07
80 6.2109375000000000e-01 1.3545801733768323e+00 1.3545800717438847e+00 1.0163294761333930e-07
81 6.2890625000000000e-01 1.3623344316413115e+00 1.3623343306037383e+00 1.0103757319690487e-07
82 6.3671875000000000e-01 1.3702658461701049e+00 1.3702657454326921e+00 1.0073741285587801e-07
83 6.4453125000000000e-01 1.3783780354965463e+00 1.3783779348195693e+00 1.0067697697735412e-07
84 6.5234375000000000e-01 1.3866747549167973e+00 1.3866746541136736e+00 1.0080312362603649e-07
85 6.6015625000000000e-01 1.3951598963389367e+00 1.3951597952725703e+00 1.0106636638695932e-07
86 6.6796875000000000e-01 1.4038374881098517e+00 1.4038373866880705e+00 1.0142178119565415e-07
87 6.7578125000000000e-01 1.4127116948206140e+00 1.4127115929910554e+00 1.0182955856308240e-07
88 6.8359375000000000e-01 1.4217868170910304e+00 1.4217867148357939e+00 1.0225523650042589e-07
89 6.9140625000000000e-01 1.4310672913341047e+00 1.4310671886644555e+00 1.0266964922678312e-07
90 6.9921875000000000e-01 1.4405576895011716e+00 1.4405575864525264e+00 1.0304864517252099e-07
91 7.0703125000000000e-01 1.4502627188084971e+00 1.4502626154358744e+00 1.0337262268400593e-07
92 7.1484375000000000e-01 1.4601872214461553e+00 1.4601871178202348e+00 1.0362592051116337e-07
93 7.2265625000000000e-01 1.4703361742700254e+00 1.4703360704739112e+00 1.0379611414812473e-07
94 7.3046875000000000e-01 1.4807146884777744e+00 1.4807145846045173e+00 1.0387325710681239e-07
95 7.3828125000000000e-01 1.4913280092697054e+00 1.4913279054206008e+00 1.0384910464900088e-07
96 7.4609375000000000e-01 1.5021815154953833e+00 1.5021814117790293e+00 1.0371635394967882e-07
97 7.5390625000000000e-01 1.5132807192869622e+00 1.5132806158190308e+00 1.0346793133386711e-07
98 7.6171875000000000e-01 1.5246312656801637e+00 1.5246311625838138e+00 1.0309634990157690e-07
99 7.6953125000000000e-01 1.5362389322238699e+00 1.5362388296307123e+00 1.0259315752492171e-07
100 7.7734375000000000e-01 1.5481096285793217e+00 1.5481095266308247e+00 1.0194849697775510e-07
101 7.8515625000000000e-01 1.5602493961099249e+00 1.5602492949591422e+00 1.0115078263872590e-07
102 7.9296875000000000e-01 1.5726644074626894e+00 1.5726643072761777e+00 1.0018651175336402e-07
103 8.0078125000000000e-01 1.5853609661423518e+00 1.5853608671021413e+00 9.9040210477241430e-08
104 8.0859375000000000e-01 1.5983455060792355e+00 1.5983454083847137e+00 9.7694521805635759e-08
105 8.1640625000000000e-01 1.6116245911919440e+00 1.6116244950615062e+00 9.6130437832186999e-08
106 8.2421875000000000e-01 1.6252049149459784e+00 1.6252048206183085e+00 9.4327669897253941e-08
107 8.3203125000000000e-01 1.6390932999094114e+00 1.6390932076442448e+00 9.2265166617977457e-08
108 8.3984375000000000e-01 1.6532966973067562e+00 1.6532966073849862e+00 8.9921770030088055e-08
109 8.4765625000000000e-01 1.6678221865721821e+00 1.6678220992951807e+00 8.7277001403762711e-08
110 8.5546875000000000e-01 1.6826769749032711e+00 1.6826768905912823e+00 8.4311988723939635e-08
111 8.6328125000000000e-01 1.6978683968164965e+00 1.6978683158059846e+00 8.1010511854273659e-08
112 8.7109375000000000e-01 1.7134039137056529e+00 1.7134038363454724e+00 7.7360180483765362e-08
113 8.7890625000000000e-01 1.7292911134044602e+00 1.7292910400507349e+00 7.3353725316138707e-08
114 8.8671875000000000e-01 1.7455377097545968e+00 1.7455376407641883e+00 6.8990408497171529e-08
115 8.9453125000000000e-01 1.7621515421804221e+00 1.7621514779028877e+00 6.4277534406187442e-08
116 9.0234375000000000e-01 1.7791405752716734e+00 1.7791405160396054e+00 5.9232067917136533e-08
117 9.1015625000000000e-01 1.7965128983754326e+00 1.7965128444930856e+00 5.3882347028633149e-08
118 9.1796875000000000e-01 1.8142767251986800e+00 1.8142766769287928e+00 4.8269887198415518e-08
119 9.2578125000000000e-01 1.8324403934227509e+00 1.8324403509714835e+00 4.2451267390219982e-08
120 9.3359375000000000e-01 1.8510123643310434e+00 1.8510123278309503e+00 3.6500093170133141e-08
121 9.4140625000000000e-01 1.8700012224513209e+00 1.8700011919422994e+00 3.0509021531344160e-08
122 9.4921875000000000e-01 1.8894156752139781e+00 1.8894156506221313e+00 2.4591846781163440e-08
123 9.5703125000000000e-01 1.9092645526276411e+00 1.9092645337420135e+00 1.8885627506293190e-08
124 9.6484375000000000e-01 1.9295568069734923e+00 1.9295567934206430e+00 1.3552849287279400e-08
125 9.7265625000000000e-01 1.9503015125197118e+00 1.9503015037361018e+00 8.7836100615135138e-09
126 9.8046875000000000e-01 1.9715078652574423e+00 1.9715078604596354e+00 4.7978068185017264e-09
127 9.8828125000000000e-01 1.9931851826596891e+00 1.9931851808123735e+00 1.8473156337961427e-09
128 9.9609375000000000e-01 2.0153429034645778e+00 2.0153429032464376e+00 2.1814017259202956e-10
