# P x_center tau_phi
1 3.9062500000000000e-03 1.7273336800280958e+00
2 1.1718750000000000e-02 9.5331090342369862e-03
3 1.9531250000000000e-02 9.4882585444420117e-03
4 2.7343750000000000e-02 9.4459383507442679e-03
5 3.5156250000000000e-02 9.4058109091628150e-03
6 4.2968750000000000e-02 9.3678343399623415e-03
7 5.0781250000000000e-02 9.3319670921652928e-03
8 5.8593750000000000e-02 9.2981683351608113e-03
9 6.6406250000000000e-02 9.2663979585090941e-03
10 7.4218750000000000e-02 9.2366163000706242e-03
11 8.2031250000000000e-02 9.2087846066186835e-03
12 8.9843750000000000e-02 9.1828644880572532e-03
13 9.7656250000000000e-02 9.1588184644336712e-03
14 1.0546875000000000e-01 9.1366095576394871e-03
15 1.1328125000000000e-01 9.1162016486383349e-03
16 1.2109375000000000e-01 9.0975591742078893e-03
17 1.2890625000000000e-01 9.0806474147346813e-03
18 1.3671875000000000e-01 9.0654321835162491e-03
19 1.4453125000000000e-01 9.0518801436427904e-03
20 1.5234375000000000e-01 9.0399588757775484e-03
21 1.6015625000000000e-01 9.0296361402973299e-03
22 1.6796875000000000e-01 9.0208811969533578e-03
23 1.7578125000000000e-01 9.0136634491124745e-03
24 1.8359375000000000e-01 9.0079535276465575e-03
25 1.9140625000000000e-01 9.0037223943944811e-03
26 1.9921875000000000e-01 9.0009423469880750e-03
27 2.0703125000000000e-01 8.9995859851778395e-03
28 2.1484375000000000e-01 8.9996270932074657e-03
29 2.2265625000000000e-01 9.0010399494803682e-03
30 2.3046875000000000e-01 9.0038000467249635e-03
31 2.3828125000000000e-01 9.0078832868724194e-03
32 2.4609375000000000e-01 9.0132668666821000e-03
33 2.5390625000000000e-01 9.0199284563028878e-03
34 2.6171875000000000e-01 9.0278468576992510e-03
35 2.6953125000000000e-01 9.0370015709492317e-03
36 2.7734375000000000e-01 9.0473731383921112e-03
37 2.8515625000000000e-01 9.0589428551457289e-03
38 2.9296875000000000e-01 9.0716929810968211e-03
39 3.0078125000000000e-01 9.0856067595634707e-03
40 3.0859375000000000e-01 9.1006682244908731e-03
41 3.1640625000000000e-01 9.1168623128236419e-03
42 3.2421875000000000e-01 9.1341751875154559e-03
43 3.3203125000000000e-01 9.1525933742393102e-03
44 3.3984375000000000e-01 9.1721051097159480e-03
45 3.4765625000000000e-01 9.1926988631035704e-03
46 3.5546875000000000e-01 9.2143645602192209e-03
47 3.6328125000000000e-01 9.2370928030876091e-03
48 3.7109375000000000e-01 9.2608753663134084e-03
49 3.7890625000000000e-01 9.2857048639247465e-03
50 3.8671875000000000e-01 9.3115749546035104e-03
51 3.9453125000000000e-01 9.3384803613787253e-03
52 4.0234375000000000e-01 9.3664166148656781e-03
53 4.1015625000000000e-01 9.3953804514041381e-03
54 4.1796875000000000e-01 9.4253695382617887e-03
55 4.2578125000000000e-01 9.4563824427008475e-03
56 4.3359375000000000e-01 9.4884190122799424e-03
57 4.4140625000000000e-01 9.5214798203623364e-03
58 4.4921875000000000e-01 9.5555666595508182e-03
59 4.5703125000000000e-01 9.5906824496161530e-03
60 4.6484375000000000e-01 9.6268307964058365e-03
61 4.7265625000000000e-01 9.6640166569406417e-03
62 4.8046875000000000e-01 9.7022459424777018e-03
63 4.8828125000000000e-01 9.7415255911415879e-03
64 4.9609375000000000e-01 9.7818635862648266e-03
65 5.0390625000000000e-01 9.8232689786540983e-03
66 5.1171875000000000e-01 9.8657518691330076e-03
67 5.1953125000000000e-01 9.9093234932475169e-03
68 5.2734375000000000e-01 9.9539959934071102e-03
69 5.3515625000000000e-01 9.9997827370261506e-03
70 5.4296875000000000e-01 1.0046698020148823e-02
71 5.5078125000000000e-01 1.0094757287966855e-02
72 5.5859375000000000e-01 1.0143977002748113e-02
73 5.6640625000000000e-01 1.0194374799454117e-02
74 5.7421875000000000e-01 1.0245969194166326e-02
75 5.8203125000000000e-01 1.0298779998550396e-02
76 5.8984375000000000e-01 1.0352827970602850e-02
77 5.9765625000000000e-01 1.0408134793060110e-02
78 6.0546875000000000e-01 1.0464723605008865e-02
79 6.1328125000000000e-01 1.0522618260414836e-02
80 6.2109375000000000e-01 1.0581843852860179e-02
81 6.2890625000000000e-01 1.0642426476476036e-02
82 6.3671875000000000e-01 1.0704393401752763e-02
83 6.4453125000000000e-01 1.0767772793088319e-02
84 6.5234375000000000e-01 1.0832594055804355e-02
85 6.6015625000000000e-01 1.0898887608430829e-02
86 6.6796875000000000e-01 1.0966684796911735e-02
87 6.7578125000000000e-01 1.1036018336325934e-02
88 6.8359375000000000e-01 1.1106921697569820e-02
89 6.9140625000000000e-01 1.1179429530804981e-02
90 6.9921875000000000e-01 1.1253577608597388e-02
91 7.0703125000000000e-01 1.1329402630680815e-02
92 7.1484375000000000e-01 1.1406942530589201e-02
93 7.2265625000000000e-01 1.1486236043566862e-02
94 7.3046875000000000e-01 1.1567323245564191e-02
95 7.3828125000000000e-01 1.1650244949609520e-02
96 7.4609375000000000e-01 1.1735043331474723e-02
97 7.5390625000000000e-01 1.1821761328952032e-02
98 7.6171875000000000e-01 1.1910443055689536e-02
99 7.6953125000000000e-01 1.2001133752517074e-02
100 7.7734375000000000e-01 1.2093879352609520e-02
101 7.8515625000000000e-01 1.2188727352096390e-02
102 7.9296875000000000e-01 1.2285725657314367e-02
103 8.0078125000000000e-01 1.2384923741481556e-02
104 8.0859375000000000e-01 1.2486371759716147e-02
105 8.1640625000000000e-01 1.2590120972921608e-02
106 8.2421875000000000e-01 1.2696223752441685e-02
107 8.3203125000000000e-01 1.2804733274566479e-02
108 8.3984375000000000e-01 1.2915703916188612e-02
109 8.4765625000000000e-01 1.3029190969117817e-02
110 8.5546875000000000e-01 1.3145250735282901e-02
111 8.6328125000000000e-01 1.3263940471614645e-02
112 8.7109375000000000e-01 1.3385318446481907e-02
113 8.7890625000000000e-01 1.3509444063962019e-02
114 8.8671875000000000e-01 1.3636377379217635e-02
115 8.9453125000000000e-01 1.3766179794801589e-02
116 9.0234375000000000e-01 1.3898913442171069e-02
117 9.1015625000000000e-01 1.4034641554824263e-02
118 9.1796875000000000e-01 1.4173428203179322e-02
119 9.2578125000000000e-01 1.4315338657145543e-02
120 9.3359375000000000e-01 1.4460438899300848e-02
121 9.4140625000000000e-01 1.4608796027562529e-02
122 9.4921875000000000e-01 1.4760478092091814e-02
123 9.5703125000000000e-01 1.4915553890234523e-02
124 9.6484375000000000e-01 1.5074093716235318e-02
125 9.7265625000000000e-01 1.5236168009756232e-02
126 9.8046875000000000e-01 1.5401848930817766e-02
127 9.8828125000000000e-01 1.5571250172797590e-02
128 9.9609375000000000e-01 1.5745590208098292e-02
