# P x_center tau_U tau_V tau_Psi
1 3.1250000000000000e-02 9.8474558901529008e-03 -1.2131849214114254e-06 9.8462427052314894e-03
2 9.3750000000000000e-02 -2.8800720112798217e-04 -3.5929327566464053e-06 -2.9160013388462858e-04
3 1.5625000000000000e-01 -4.6769831628523661e-04 -5.8346061990732778e-06 -4.7353292248430989e-04
4 2.1875000000000000e-01 -6.2941604743116386e-04 -7.8520589852359990e-06 -6.3726810641639986e-04
5 2.8125000000000000e-01 -7.6694567285073845e-04 -9.5677615377098846e-06 -7.7651343438844833e-04
6 3.4375000000000000e-01 -8.7500200615409085e-04 -1.0915780421782983e-05 -8.8591778657587383e-04
7 4.0625000000000000e-01 -9.4943250309142968e-04 -1.1844311956110687e-05 -9.6127681504754037e-04
8 4.6875000000000000e-01 -9.8737684137972792e-04 -1.2317673224515602e-05 -9.9969451460424352e-04
9 5.3125000000000000e-01 -9.8737684135130621e-04 -1.2317673224515602e-05 -9.9969451457582181e-04
10 5.9375000000000000e-01 -9.4943250309142968e-04 -1.1844311956110687e-05 -9.6127681504754037e-04
11 6.5625000000000000e-01 -8.7500200615409085e-04 -1.0915780421782983e-05 -8.8591778657587383e-04
12 7.1875000000000000e-01 -7.6694567283652759e-04 -9.5677615377098846e-06 -7.7651343437423748e-04
13 7.8125000000000000e-01 -6.2941604743116386e-04 -7.8520589852359990e-06 -6.3726810641639986e-04
14 8.4375000000000000e-01 -4.6769831628523661e-04 -5.8346061706515684e-06 -4.7353292245588818e-04
15 9.0625000000000000e-01 -2.8800720112798217e-04 -3.5929327566464053e-06 -2.9160013388462858e-04
16 9.6875000000000000e-01 9.8474558901600062e-03 -1.2131849214114254e-06 9.8462427052385948e-03
