# P x_center tau_U tau_V tau_Psi
1 1.5625000000000000e-02 2.4890906907835131e-03 -7.5907911067929490e-08 2.4890147828724452e-03
2 4.6875000000000000e-02 -1.8214714579301017e-05 -2.2699270374459957e-07 -1.8441707283045616e-05
3 7.8125000000000000e-02 -3.0162886375251219e-05 -3.7589141754779121e-07 -3.0538777792799010e-05
4 1.0937500000000000e-01 -4.1820573031259300e-05 -5.2117009374796908e-07 -4.2341743125007270e-05
5 1.4062500000000000e-01 -5.3075504752086999e-05 -6.6142965238213947e-07 -5.3736934404469139e-05
6 1.7187500000000000e-01 -6.3819290403444029e-05 -7.9531923802278470e-07 -6.4614609641466814e-05
7 2.0312500000000000e-01 -7.3948461249528918e-05 -9.2154945718903036e-07 -7.4870010706717949e-05
8 2.3437500000000000e-01 -8.3365468100282669e-05 -1.0389046565251192e-06 -8.4404372756807788e-05
9 2.6562500000000000e-01 -9.1979619867288420e-05 -1.1462546751772607e-06 -9.3125874542465681e-05
10 2.9687500000000000e-01 -9.9707957701866690e-05 -1.2425656166215049e-06 -1.0095052331848819e-04
11 3.2812500000000000e-01 -1.0647605324720644e-04 -1.3269099667923001e-06 -1.0780296321399874e-04
12 3.5937500000000000e-01 -1.1221872637179331e-04 -1.3984754900775442e-06 -1.1361720186187085e-04
13 3.9062500000000000e-01 -1.1688067172599403e-04 -1.4565728747584217e-06 -1.1833724460075246e-04
14 4.2187500000000000e-01 -1.2041699227438585e-04 -1.5006426679065044e-06 -1.2191763494229235e-04
15 4.5312500000000000e-01 -1.2279363141942667e-04 -1.5302604765565775e-06 -1.2432389189598325e-04
16 4.8437500000000000e-01 -1.2398770076060828e-04 -1.5451410035893787e-06 -1.2553284176419766e-04
17 5.1562500000000000e-01 -1.2398770076060828e-04 -1.5451410035893787e-06 -1.2553284176419766e-04
18 5.4687500000000000e-01 -1.2279363141942667e-04 -1.5302604765565775e-06 -1.2432389189598325e-04
19 5.7812500000000000e-01 -1.2041699227438585e-04 -1.5006426679065044e-06 -1.2191763494229235e-04
20 6.0937500000000000e-01 -1.1688067172599403e-04 -1.4565728747584217e-06 -1.1833724460075246e-04
21 6.4062500000000000e-01 -1.1221872637179331e-04 -1.3984754332341254e-06 -1.1361720180502743e-04
22 6.7187500000000000e-01 -1.0647605324720644e-04 -1.3269099667923001e-06 -1.0780296321399874e-04
23 7.0312500000000000e-01 -9.9707957673444980e-05 -1.2425656450432143e-06 -1.0095052331848819e-04
24 7.3437500000000000e-01 -9.1979619867288420e-05 -1.1462546751772607e-06 -9.3125874542465681e-05
25 7.6562500000000000e-01 -8.3365468100282669e-05 -1.0389046565251192e-06 -8.4404372756807788e-05
26 7.9687500000000000e-01 -7.3948461249528918e-05 -9.2154945718903036e-07 -7.4870010706717949e-05
27 8.2812500000000000e-01 -6.3819290375022319e-05 -7.9531920960107527e-07 -6.4614609584623395e-05
28 8.5937500000000000e-01 -5.3075504723665290e-05 -6.6142962396043004e-07 -5.3736934347625720e-05
29 8.9062500000000000e-01 -4.1820573045470155e-05 -5.2117012216967851e-07 -4.2341743167639834e-05
30 9.2187500000000000e-01 -3.0162886361040364e-05 -3.7589141754779121e-07 -3.0538777778588155e-05
31 9.5312500000000000e-01 -1.8214714593511871e-05 -2.2699269663917221e-07 -1.8441707290151044e-05
32 9.8437500000000000e-01 2.4890906907852894e-03 -7.5907911067929490e-08 2.4890147828742215e-03
