# P x u_num u_exact u_err v_num v_exact v_err psi_num psi_exact psi_err
1 3.1250000000000000e-02 9.6457574302139706e-02 9.7041853487850355e-02 -5.8427918571064830e-04 9.7038000062748431e-02 9.7041853487850355e-02 -3.8534251019239907e-06 1.9349557436488812e-01 1.9408370697570071e-01 -5.8813261081258617e-04
2 9.3750000000000000e-02 2.8727033786659306e-01 2.8739629645571135e-01 -1.2595858911829128e-04 2.8739632220210420e-01 2.8739629645571135e-01 2.5746392851022648e-08 5.7466666006869727e-01 5.7479259291142271e-01 -1.2593284272544025e-04
3 1.5625000000000000e-01 4.6674433933350989e-01 4.6670626092447931e-01 3.8078409030584126e-05 4.6670746005746594e-01 4.6670626092447931e-01 1.1991329866289924e-06 9.3345179939097589e-01 9.3341252184895862e-01 3.9277542017268630e-05
4 2.1875000000000000e-01 6.2817441269602137e-01 6.2808096551780601e-01 9.3447178215355642e-05 6.2808272906556639e-01 6.2808096551780601e-01 1.7635477603805683e-06 1.2562571417615878e+00 1.2561619310356120e+00 9.5210725975736210e-05
5 2.8125000000000000e-01 7.6543913522706730e-01 7.6531887083814687e-01 1.2026438892043245e-04 7.6532103788958028e-01 7.6531887083814687e-01 2.1670514334104496e-06 1.5307601731166476e+00 1.5306377416762937e+00 1.2243144035384290e-04
6 3.4375000000000000e-01 8.7328404874407384e-01 8.7314600114794494e-01 1.3804759612889850e-04 8.7314847551683061e-01 8.7314600114794494e-01 2.4743688856743162e-06 1.7464325242609045e+00 1.7462920022958899e+00 1.4052196501457281e-04
7 4.0625000000000000e-01 9.4756850736267917e-01 9.4741862029954660e-01 1.4988706313256994e-04 9.4742130534591806e-01 9.4741862029954660e-01 2.6850463714644945e-06 1.8949898127085971e+00 1.8948372405990932e+00 1.5257210950392341e-04
8 4.6875000000000000e-01 9.8543836041735666e-01 9.8528247319151974e-01 1.5588722583692594e-04 9.8528526556468299e-01 9.8528247319151974e-01 2.7923731632517601e-06 1.9707236259820395e+00 1.9705649463830395e+00 1.5867959900006667e-04
9 5.3125000000000000e-01 9.8543836041735666e-01 9.8528247319151985e-01 1.5588722583681491e-04 9.8528526556468299e-01 9.8528247319151985e-01 2.7923731631407378e-06 1.9707236259820395e+00 1.9705649463830397e+00 1.5867959899984463e-04
10 5.9375000000000000e-01 9.4756850736267895e-01 9.4741862029954660e-01 1.4988706313234790e-04 9.4742130534591806e-01 9.4741862029954660e-01 2.6850463714644945e-06 1.8949898127085971e+00 1.8948372405990932e+00 1.5257210950392341e-04
11 6.5625000000000000e-01 8.7328404874407373e-01 8.7314600114794505e-01 1.3804759612867645e-04 8.7314847551683061e-01 8.7314600114794505e-01 2.4743688855632939e-06 1.7464325242609045e+00 1.7462920022958901e+00 1.4052196501435077e-04
12 7.1875000000000000e-01 7.6543913522706775e-01 7.6531887083814698e-01 1.2026438892076552e-04 7.6532103788958028e-01 7.6531887083814698e-01 2.1670514332994273e-06 1.5307601731166480e+00 1.5306377416762940e+00 1.2243144035406495e-04
13 7.8125000000000000e-01 6.2817441269602148e-01 6.2808096551780601e-01 9.3447178215466664e-05 6.2808272906556639e-01 6.2808096551780601e-01 1.7635477603805683e-06 1.2562571417615880e+00 1.2561619310356120e+00 9.5210725975958255e-05
14 8.4375000000000000e-01 4.6674433933351045e-01 4.6670626092447953e-01 3.8078409030917193e-05 4.6670746005746594e-01 4.6670626092447953e-01 1.1991329864069478e-06 9.3345179939097633e-01 9.3341252184895906e-01 3.9277542017268630e-05
15 9.0625000000000000e-01 2.8727033786659317e-01 2.8739629645571141e-01 -1.2595858911823576e-04 2.8739632220210420e-01 2.8739629645571141e-01 2.5746392795511497e-08 5.7466666006869738e-01 5.7479259291142282e-01 -1.2593284272544025e-04
16 9.6875000000000000e-01 9.6457574302139693e-02 9.7041853487850577e-02 -5.8427918571088422e-04 9.7038000062748611e-02 9.7041853487850577e-02 -3.8534251019656240e-06 1.9349557436488829e-01 1.9408370697570115e-01 -5.8813261081286372e-04
