# P x u_num u_exact u_err v_num v_exact v_err psi_num psi_exact psi_err
1 1.5625000000000000e-02 4.8485317187432410e-02 4.8579442810318528e-02 -9.4125622886118143e-05 4.8578671992178558e-02 4.8579442810318528e-02 -7.7081813996959792e-07 9.7063989179610968e-02 9.7158885620637056e-02 -9.4896441026087741e-05
2 4.6875000000000000e-02 1.4521730512984052e-01 1.4527048184046745e-01 -5.3176710626934298e-05 1.4527022353732139e-01 1.4527048184046745e-01 -2.5830314606678506e-07 2.9048752866716188e-01 2.9054096368093490e-01 -5.3435013773028839e-05
3 7.8125000000000000e-02 2.4054063456391001e-01 2.4056248671756936e-01 -2.1852153659351892e-05 2.4056251021232286e-01 2.4056248671756936e-01 2.3494753503827681e-08 4.8110314477623284e-01 4.8112497343513871e-01 -2.1828658905875820e-05
4 1.0937500000000000e-01 3.3353638257870144e-01 3.3353774334274910e-01 -1.3607640476642757e-06 3.3353792460843845e-01 3.3353774334274910e-01 1.8126568934739851e-07 6.6707430718713989e-01 6.6707548668549821e-01 -1.1794983583168772e-06
5 1.4062500000000000e-01 4.2331166328117548e-01 4.2330084916926081e-01 1.0814111914669855e-05 4.2330112908525797e-01 4.2330084916926081e-01 2.7991599715893045e-07 8.4661279236643350e-01 8.4660169833852161e-01 1.1094027911884297e-05
6 1.7187500000000000e-01 5.0900533736932885e-01 5.0898733641849025e-01 1.8000950838592544e-05 5.0898768887707346e-01 5.0898733641849025e-01 3.5245858320820389e-07 1.0179930262464023e+00 1.0179746728369805e+00 1.8353409421800748e-05
7 2.0312500000000000e-01 5.8979465653248075e-01 5.8977199737722874e-01 2.2659155252013896e-05 5.8977241048779439e-01 5.8977199737722874e-01 4.1311056564463655e-07 1.1795670670202751e+00 1.1795439947544575e+00 2.3072265817658533e-05
8 2.3437500000000000e-01 6.6490296329274190e-01 6.6487683159905564e-01 2.6131693686259894e-05 6.6487729861340439e-01 6.6487683159905564e-01 4.6701434874840686e-07 1.3297802619061463e+00 1.3297536631981113e+00 2.6598708035008300e-05
9 2.6562500000000000e-01 7.3360754424375418e-01 7.3357853847393628e-01 2.9005769817902483e-05 7.3357905407578416e-01 7.3357853847393628e-01 5.1560184788357333e-07 1.4671865983195382e+00 1.4671570769478726e+00 2.9521371665675034e-05
10 2.9687500000000000e-01 7.9524697304205272e-01 7.9521548300849210e-01 3.1490033560621633e-05 7.9521604201104379e-01 7.9521548300849210e-01 5.5900255169216706e-07 1.5904630150530965e+00 1.5904309660169842e+00 3.2049036112313800e-05
11 3.2812500000000000e-01 8.4922770705151818e-01 8.4919406773267447e-01 3.3639318843703414e-05 8.4919466469733662e-01 8.4919406773267447e-01 5.9696466214731458e-07 1.6984223717488547e+00 1.6983881354653489e+00 3.4236283505739706e-05
12 3.5937500000000000e-01 8.9502990571062924e-01 8.9499444936789307e-01 3.5456342736162050e-05 8.9499507853285099e-01 8.9499444936789307e-01 6.2916495791043303e-07 1.7900249842434803e+00 1.7899888987357861e+00 3.6085507694183505e-05
13 3.9062500000000000e-01 9.3221247510835714e-01 9.3217554520196566e-01 3.6929906391480749e-05 9.3217620050527661e-01 9.3217554520196566e-01 6.5530331094798555e-07 1.8643886756136339e+00 1.8643510904039313e+00 3.7585209702539757e-05
14 4.2187500000000000e-01 9.6041732832642013e-01 9.6037928095675551e-01 3.8047369664617747e-05 9.6037995608693760e-01 9.6037928095675551e-01 6.7513018209286457e-07 1.9207972844133576e+00 1.9207585619135110e+00 3.8722499846599590e-05
15 4.5312500000000000e-01 9.7937283756255233e-01 9.7933403923921380e-01 3.8798323338529173e-05 9.7933472769428953e-01 9.7933403923921380e-01 6.8845507572579123e-07 1.9587075652568418e+00 1.9586680784784276e+00 3.9486778414143942e-05
16 4.8437500000000000e-01 9.8889645097513468e-01 9.8885727536535550e-01 3.9175609779174003e-05 9.8885797051510738e-01 9.8885727536535550e-01 6.9514975187257022e-07 1.9777544214902421e+00 1.9777145507307110e+00 3.9870759531046573e-05
17 5.1562500000000000e-01 9.8889645097513423e-01 9.8885727536535550e-01 3.9175609778729914e-05 9.8885797051510738e-01 9.8885727536535550e-01 6.9514975187257022e-07 1.9777544214902416e+00 1.9777145507307110e+00 3.9870759530602484e-05
18 5.4687500000000000e-01 9.7937283756255222e-01 9.7933403923921380e-01 3.8798323338418150e-05 9.7933472769428953e-01 9.7933403923921380e-01 6.8845507572579123e-07 1.9587075652568418e+00 1.9586680784784276e+00 3.9486778414143942e-05
19 5.7812500000000000e-01 9.6041732832642168e-01 9.6037928095675551e-01 3.8047369666172060e-05 9.6037995608693760e-01 9.6037928095675551e-01 6.7513018209286457e-07 1.9207972844133594e+00 1.9207585619135110e+00 3.8722499848375946e-05
20 6.0937500000000000e-01 9.3221247510835792e-01 9.3217554520196566e-01 3.6929906392257905e-05 9.3217620050527661e-01 9.3217554520196566e-01 6.5530331094798555e-07 1.8643886756136345e+00 1.8643510904039313e+00 3.7585209703205891e-05
21 6.4062500000000000e-01 8.9502990571063057e-01 8.9499444936789319e-01 3.5456342737383295e-05 8.9499507853285099e-01 8.9499444936789319e-01 6.2916495779941073e-07 1.7900249842434817e+00 1.7899888987357864e+00 3.6085507695293728e-05
22 6.7187500000000000e-01 8.4922770705151873e-01 8.4919406773267447e-01 3.3639318844258526e-05 8.4919466469733662e-01 8.4919406773267447e-01 5.9696466214731458e-07 1.6984223717488554e+00 1.6983881354653489e+00 3.4236283506405840e-05
23 7.0312500000000000e-01 7.9524697304205305e-01 7.9521548300849221e-01 3.1490033560843678e-05 7.9521604201104379e-01 7.9521548300849221e-01 5.5900255158114476e-07 1.5904630150530967e+00 1.5904309660169844e+00 3.2049036112313800e-05
24 7.3437500000000000e-01 7.3360754424375507e-01 7.3357853847393617e-01 2.9005769818901683e-05 7.3357905407578416e-01 7.3357853847393617e-01 5.1560184799459563e-07 1.4671865983195391e+00 1.4671570769478723e+00 2.9521371666785257e-05
25 7.6562500000000000e-01 6.6490296329274046e-01 6.6487683159905586e-01 2.6131693684594559e-05 6.6487729861340572e-01 6.6487683159905586e-01 4.6701434985862988e-07 1.3297802619061461e+00 1.3297536631981117e+00 2.6598708034342167e-05
26 7.9687500000000000e-01 5.8979465653248031e-01 5.8977199737722885e-01 2.2659155251458785e-05 5.8977241048779439e-01 5.8977199737722885e-01 4.1311056553361425e-07 1.1795670670202747e+00 1.1795439947544577e+00 2.3072265816992399e-05
27 8.2812500000000000e-01 5.0900533736932840e-01 5.0898733641849037e-01 1.8000950838037433e-05 5.0898768887707346e-01 5.0898733641849037e-01 3.5245858309718159e-07 1.0179930262464019e+00 1.0179746728369807e+00 1.8353409421134614e-05
28 8.5937500000000000e-01 4.2331166328117414e-01 4.2330084916926075e-01 1.0814111913393099e-05 4.2330112908525797e-01 4.2330084916926075e-01 2.7991599721444160e-07 8.4661279236643217e-01 8.4660169833852150e-01 1.1094027910663051e-05
29 8.9062500000000000e-01 3.3353638257870155e-01 3.3353774334274933e-01 -1.3607640477752980e-06 3.3353792460843845e-01 3.3353774334274933e-01 1.8126568912535390e-07 6.6707430718714000e-01 6.6707548668549865e-01 -1.1794983586499441e-06
30 9.2187500000000000e-01 2.4054063456391014e-01 2.4056248671756955e-01 -2.1852153659407403e-05 2.4056251021232297e-01 2.4056248671756955e-01 2.3494753420560954e-08 4.8110314477623312e-01 4.8112497343513910e-01 -2.1828658905986842e-05
31 9.5312500000000000e-01 1.4521730512984085e-01 1.4527048184046751e-01 -5.3176710626656742e-05 1.4527022353732139e-01 1.4527048184046751e-01 -2.5830314612229621e-07 2.9048752866716221e-01 2.9054096368093502e-01 -5.3435013772806794e-05
32 9.8437500000000000e-01 4.8485317187432500e-02 4.8579442810318479e-02 -9.4125622885979365e-05 4.8578671992178558e-02 4.8579442810318479e-02 -7.7081813992102566e-07 9.7063989179611065e-02 9.7158885620636959e-02 -9.4896441025893452e-05
