# P x_center tau_U tau_V tau_Psi
1 9.7656250000000000e-04 9.7584158673669208e-06 -1.1564083024495631e-12 9.7584147109586183e-06
2 2.9296875000000000e-03 -2.7903013233299134e-10 -3.4745539778668899e-12 -2.8250468631085823e-10
3 4.8828125000000000e-03 -4.6502179884555517e-10 -5.7838178690872155e-12 -4.7080561671464238e-10
4 6.8359375000000000e-03 -6.5102767621283419e-10 -8.1001871876651421e-12 -6.5912786340049934e-10
5 8.7890625000000000e-03 -8.3696249930653721e-10 -1.0430767360958271e-11 -8.4739326666749548e-10
6 1.0742187500000000e-02 -1.0229257441096706e-09 -1.2732925824820995e-11 -1.0356586699344916e-09
7 1.2695312500000000e-02 -1.2088321454939432e-09 -1.5035084288683720e-11 -1.2238672297826270e-09
8 1.4648437500000000e-02 -1.3946532817499246e-09 -1.7365664461976849e-11 -1.4120189462119015e-09
9 1.6601562500000000e-02 -1.5803607311681844e-09 -1.9610979506978765e-11 -1.5999717106751632e-09
10 1.8554687500000000e-02 -1.7662387108430266e-09 -2.1998403099132702e-11 -1.7882371139421593e-09
11 2.0507812500000000e-02 -1.9518324734235648e-09 -2.4272139853565022e-11 -1.9761046132771298e-09
12 2.2460937500000000e-02 -2.1374830794229638e-09 -2.6602720026858151e-11 -2.1640857994498219e-09
13 2.4414062500000000e-02 -2.3230199985846411e-09 -2.8990143619012088e-11 -2.3520101422036532e-09
14 2.6367187500000000e-02 -2.5084432309085969e-09 -3.1207036954583600e-11 -2.5396502678631805e-09
15 2.8320312500000000e-02 -2.6936959329759702e-09 -3.3537617127876729e-11 -2.7272335501038469e-09
16 3.0273437500000000e-02 -2.8790623218810651e-09 -3.5811353882309049e-11 -2.9148736757633742e-09
17 3.2226562500000000e-02 -3.0639171200164128e-09 -3.8085090636741370e-11 -3.1020022106531542e-09
18 3.4179687500000000e-02 -3.2489424484083429e-09 -4.0472514228895307e-11 -3.2894149626372382e-09
19 3.6132812500000000e-02 -3.4340246202191338e-09 -4.2746250983327627e-11 -3.4767708712024614e-09
20 3.8085937500000000e-02 -3.6185383578413166e-09 -4.5019987737759948e-11 -3.6635583455790766e-09
21 4.0039062500000000e-02 -3.8033931559766643e-09 -4.7293724492192268e-11 -3.8506868804688565e-09
22 4.1992187500000000e-02 -3.9876795199234039e-09 -4.9567461246624589e-11 -4.0372469811700284e-09
23 4.3945312500000000e-02 -4.1721932575455867e-09 -5.2068571676500142e-11 -4.2242618292220868e-09
24 4.5898437500000000e-02 -4.3560248741414398e-09 -5.4114934755489230e-11 -4.4101398088969290e-09
25 4.7851562500000000e-02 -4.5404249249259010e-09 -5.6502358347643167e-11 -4.5969272832735442e-09
26 4.9804687500000000e-02 -4.7242565415217541e-09 -5.8776095102075487e-11 -4.7830326366238296e-09
27 5.1757812500000000e-02 -4.9079744712798856e-09 -6.1049831856507808e-11 -4.9690243031363934e-09
28 5.3710937500000000e-02 -5.0913513405248523e-09 -6.3323568610940129e-11 -5.1546749091357924e-09
29 5.5664062500000000e-02 -5.2746145229320973e-09 -6.5597305365372449e-11 -5.3402118282974698e-09
30 5.7617187500000000e-02 -5.4578777053393424e-09 -6.7984728957526386e-11 -5.5258624342968687e-09
31 5.9570312500000000e-02 -5.6405724535579793e-09 -7.0258465711958706e-11 -5.7108309192699380e-09
32 6.1523437500000000e-02 -5.8231535149388947e-09 -7.2304828790947795e-11 -5.8954583437298425e-09
33 6.3476562500000000e-02 -6.0055072026443668e-09 -7.4692252383101732e-11 -6.0801994550274685e-09
34 6.5429687500000000e-02 -6.1879745771875605e-09 -7.7193362812977284e-11 -6.2651679400005378e-09
35 6.7382812500000000e-02 -6.3696461438667029e-09 -7.9353412729687989e-11 -6.4489995565963909e-09
36 6.9335937500000000e-02 -6.5517724578967318e-09 -8.1627149484120309e-11 -6.6333996073808521e-09
37 7.1289062500000000e-02 -6.7329892772249877e-09 -8.3673512563109398e-11 -6.8166627897880971e-09
38 7.3242187500000000e-02 -6.9144334702286869e-09 -8.5947249317541718e-11 -7.0003807195462286e-09
39 7.5195312500000000e-02 -7.0949681685306132e-09 -8.8448359747417271e-11 -7.1834165282780305e-09
40 7.7148437500000000e-02 -7.2761849878588691e-09 -9.0494722826406360e-11 -7.3666797106852755e-09
41 7.9101562500000000e-02 -7.4562649388099089e-09 -9.2768459580838680e-11 -7.5490333983907476e-09
42 8.1054687500000000e-02 -7.6370270107872784e-09 -9.5042196335271001e-11 -7.7320692071225494e-09
43 8.3007812500000000e-02 -7.8164248407119885e-09 -9.7088559414260089e-11 -7.9135134001262486e-09
44 8.4960937500000000e-02 -7.9960500443121418e-09 -9.9362296168692410e-11 -8.0954123404808342e-09
45 8.6914062500000000e-02 -8.1752205005614087e-09 -1.0163603292312473e-10 -8.2768565334845334e-09
46 8.8867187500000000e-02 -8.3543909568106756e-09 -1.0413714335300028e-10 -8.4585281001636758e-09
47 9.0820312500000000e-02 -8.5328792920336127e-09 -1.0618350643198937e-10 -8.6390627984656021e-09
48 9.2773437500000000e-02 -8.7113676272565499e-09 -1.0822986951097846e-10 -8.8195974967675284e-09
49 9.4726562500000000e-02 -8.8896285888040438e-09 -1.1050360626541078e-10 -9.0001321950694546e-09
50 9.6679687500000000e-02 -9.0669800556497648e-09 -1.1277734301984310e-10 -9.1797573986696079e-09
51 9.8632812500000000e-02 -9.2445588961709291e-09 -1.1527845344971865e-10 -9.3598373496206477e-09
52 1.0058593750000000e-01 -9.4214556156657636e-09 -1.1732481652870774e-10 -9.5387804321944714e-09
53 1.0253906250000000e-01 -9.5978975878097117e-09 -1.1937117960769683e-10 -9.7172687674174085e-09
54 1.0449218750000000e-01 -9.7741121862782165e-09 -1.2164491636212915e-10 -9.8957571026403457e-09
55 1.0644531250000000e-01 -9.9498720373958349e-09 -1.2369127944111824e-10 -1.0073563316836953e-08
56 1.0839843750000000e-01 -1.0125404514838010e-08 -1.2596501619555056e-10 -1.0251369531033561e-08
57 1.1035156250000000e-01 -1.0300936992280185e-08 -1.2823875294998288e-10 -1.0429175745230168e-08
58 1.1230468750000000e-01 -1.0475332601345144e-08 -1.3028511602897197e-10 -1.0605617717374116e-08
59 1.1425781250000000e-01 -1.0649955584085546e-08 -1.3255885278340429e-10 -1.0782514436868951e-08
60 1.1621093750000000e-01 -1.0824123819475062e-08 -1.3483258953783661e-10 -1.0958956409012899e-08
61 1.1816406250000000e-01 -1.0997155186487362e-08 -1.3687895261682570e-10 -1.1134034139104187e-08
62 1.2011718750000000e-01 -1.1170186553499661e-08 -1.3892531569581479e-10 -1.1309111869195476e-08
63 1.2207031250000000e-01 -1.1343445294187404e-08 -1.4119905245024711e-10 -1.1484644346637651e-08
64 1.2402343750000000e-01 -1.1515567166497931e-08 -1.4324541552923620e-10 -1.1658812582027167e-08
65 1.2597656250000000e-01 -1.1687689038808458e-08 -1.4551915228366852e-10 -1.1833208191092126e-08
66 1.2792968750000000e-01 -1.1859128790092655e-08 -1.4756551536265761e-10 -1.2006694305455312e-08
67 1.2988281250000000e-01 -1.2030341167701408e-08 -1.4983925211708993e-10 -1.2180180419818498e-08
68 1.3183593750000000e-01 -1.2200416676932946e-08 -1.5188561519607902e-10 -1.2352302292129025e-08
69 1.3378906250000000e-01 -1.2370264812489040e-08 -1.5393197827506810e-10 -1.2524196790764108e-08
70 1.3574218750000000e-01 -1.2539658200694248e-08 -1.5597834135405719e-10 -1.2695636542048305e-08
71 1.3769531250000000e-01 -1.2709733709925786e-08 -1.5825207810848951e-10 -1.2867985788034275e-08
72 1.3964843750000000e-01 -1.2877990229753777e-08 -1.6052581486292183e-10 -1.3038516044616699e-08
73 1.4160156250000000e-01 -1.3046246749581769e-08 -1.6234480426646769e-10 -1.3208591553848237e-08
74 1.4355468750000000e-01 -1.3213593774707988e-08 -1.6461854102090001e-10 -1.3378212315728888e-08
75 1.4550781250000000e-01 -1.3380940799834207e-08 -1.6643753042444587e-10 -1.3547378330258653e-08
76 1.4746093750000000e-01 -1.3547378330258653e-08 -1.6871126717887819e-10 -1.3716089597437531e-08
77 1.4941406250000000e-01 -1.3713815860683098e-08 -1.7053025658242404e-10 -1.3884346117265522e-08
78 1.5136718750000000e-01 -1.3879343896405771e-08 -1.7280399333685637e-10 -1.4052147889742628e-08
79 1.5332031250000000e-01 -1.4044417184777558e-08 -1.7507773009128869e-10 -1.4219494914868847e-08
80 1.5527343750000000e-01 -1.4209490473149344e-08 -1.7735146684572101e-10 -1.4386841939995065e-08
81 1.5722656250000000e-01 -1.4372744772117585e-08 -1.7871570889838040e-10 -1.4551460481015965e-08
82 1.5917968750000000e-01 -1.4536908565787598e-08 -1.8098944565281272e-10 -1.4717898011440411e-08
83 1.6113281250000000e-01 -1.4699253370054066e-08 -1.8280843505635858e-10 -1.4882061805110425e-08
84 1.6308593750000000e-01 -1.4862052921671420e-08 -1.8553691916167736e-10 -1.5047589840833098e-08
85 1.6503906250000000e-01 -1.5023942978587002e-08 -1.8690116121433675e-10 -1.5210844139801338e-08
86 1.6699218750000000e-01 -1.5185378288151696e-08 -1.8917489796876907e-10 -1.5374553186120465e-08
87 1.6894531250000000e-01 -1.5345904103014618e-08 -1.9099388737231493e-10 -1.5536897990386933e-08
88 1.7089843750000000e-01 -1.5506429917877540e-08 -1.9326762412674725e-10 -1.5699697542004287e-08
89 1.7285156250000000e-01 -1.5666046238038689e-08 -1.9554136088117957e-10 -1.5861587598919868e-08
90 1.7480468750000000e-01 -1.5824753063498065e-08 -1.9690560293383896e-10 -1.6021658666431904e-08
91 1.7675781250000000e-01 -1.5982550394255668e-08 -1.9917933968827128e-10 -1.6181729733943939e-08
92 1.7871093750000000e-01 -1.6139892977662385e-08 -2.0099832909181714e-10 -1.6340891306754202e-08
93 1.8066406250000000e-01 -1.6296780813718215e-08 -2.0236257114447653e-10 -1.6499143384862691e-08
94 1.8261718750000000e-01 -1.6453668649774045e-08 -2.0463630789890885e-10 -1.6658304957672954e-08
95 1.8457031250000000e-01 -1.6609646991128102e-08 -2.0645529730245471e-10 -1.6816102288430557e-08
96 1.8652343750000000e-01 -1.6765170585131273e-08 -2.0872903405688703e-10 -1.6973899619188160e-08
97 1.8847656250000000e-01 -1.6920694179134443e-08 -2.1054802346043289e-10 -1.7131242202594876e-08
98 1.9042968750000000e-01 -1.7073489289032295e-08 -2.1236701286397874e-10 -1.7285856301896274e-08
99 1.9238281250000000e-01 -1.7227648640982807e-08 -2.1418600226752460e-10 -1.7441834643250331e-08
100 1.9433593750000000e-01 -1.7379989003529772e-08 -2.1600499167107046e-10 -1.7595993995200843e-08
101 1.9628906250000000e-01 -1.7532329366076738e-08 -2.1827872842550278e-10 -1.7750608094502240e-08
102 1.9824218750000000e-01 -1.7684669728623703e-08 -2.2055246517993510e-10 -1.7905222193803638e-08
103 2.0019531250000000e-01 -1.7834281607065350e-08 -2.2191670723259449e-10 -1.8056198314297944e-08
104 2.0214843750000000e-01 -1.7984348232857883e-08 -2.2328094928525388e-10 -1.8207629182143137e-08
105 2.0410156250000000e-01 -1.8134414858650416e-08 -2.2555468603968620e-10 -1.8359969544690102e-08
106 2.0605468750000000e-01 -1.8282207747688517e-08 -2.2782842279411852e-10 -1.8510036170482635e-08
107 2.0800781250000000e-01 -1.8431364878779277e-08 -2.2919266484677792e-10 -1.8660557543626055e-08
108 2.0996093750000000e-01 -1.8578703020466492e-08 -2.3101165425032377e-10 -1.8809714674716815e-08
109 2.1191406250000000e-01 -1.8725131667451933e-08 -2.3283064365386963e-10 -1.8957962311105803e-08
110 2.1386718750000000e-01 -1.8871560314437374e-08 -2.3510438040830195e-10 -1.9106664694845676e-08
111 2.1582031250000000e-01 -1.9015715224668384e-08 -2.3646862246096134e-10 -1.9252183847129345e-08
112 2.1777343750000000e-01 -1.9160779629601166e-08 -2.3828761186450720e-10 -1.9399067241465673e-08
113 2.1972656250000000e-01 -1.9304934539832175e-08 -2.4056134861893952e-10 -1.9545495888451114e-08
114 2.2167968750000000e-01 -1.9447270460659638e-08 -2.4147084332071245e-10 -1.9688741303980350e-08
115 2.2363281250000000e-01 -1.9590515876188874e-08 -2.4374458007514477e-10 -1.9834260456264019e-08
116 2.2558593750000000e-01 -1.9731032807612792e-08 -2.4556356947869062e-10 -1.9976596377091482e-08
117 2.2753906250000000e-01 -1.9872459233738482e-08 -2.4738255888223648e-10 -2.0119841792620718e-08
118 2.2949218750000000e-01 -2.0012976165162399e-08 -2.4920154828578234e-10 -2.0262177713448182e-08
119 2.3144531250000000e-01 -2.0151674107182771e-08 -2.5102053768932819e-10 -2.0402694644872099e-08
120 2.3339843750000000e-01 -2.0290372049203143e-08 -2.5283952709287405e-10 -2.0543211576296017e-08
121 2.3535156250000000e-01 -2.0428160496521741e-08 -2.5420376914553344e-10 -2.0682364265667275e-08
122 2.3730468750000000e-01 -2.0565039449138567e-08 -2.5556801119819283e-10 -2.0820607460336760e-08
123 2.3925781250000000e-01 -2.0701008907053620e-08 -2.5738700060173869e-10 -2.0958395907655358e-08
124 2.4121093750000000e-01 -2.0837887859670445e-08 -2.5966073735617101e-10 -2.1097548597026616e-08
125 2.4316406250000000e-01 -2.0971583580831066e-08 -2.6057023205794394e-10 -2.1232153812889010e-08
126 2.4511718750000000e-01 -2.1105279301991686e-08 -2.6329871616326272e-10 -2.1368578018154949e-08
127 2.4707031250000000e-01 -2.1238975023152307e-08 -2.6466295821592212e-10 -2.1503637981368229e-08
128 2.4902343750000000e-01 -2.1371306502260268e-08 -2.6648194761946797e-10 -2.1637788449879736e-08
129 2.5097656250000000e-01 -2.1503183234017342e-08 -2.6739144232124090e-10 -2.1770574676338583e-08
130 2.5292968750000000e-01 -2.1634150471072644e-08 -2.6966517907567322e-10 -2.1903815650148317e-08
131 2.5488281250000000e-01 -2.1763753466075286e-08 -2.7102942112833261e-10 -2.2034782887203619e-08
132 2.5683593750000000e-01 -2.1892446966376156e-08 -2.7239366318099201e-10 -2.2164840629557148e-08
133 2.5878906250000000e-01 -2.2020230971975252e-08 -2.7421265258453786e-10 -2.2294443624559790e-08
134 2.6074218750000000e-01 -2.2147560230223462e-08 -2.7557689463719726e-10 -2.2423137124860659e-08
135 2.6269531250000000e-01 -2.2273979993769899e-08 -2.7694113668985665e-10 -2.2550921130459756e-08
136 2.6464843750000000e-01 -2.2399945009965450e-08 -2.7876012609340250e-10 -2.2678705136058852e-08
137 2.6660156250000000e-01 -2.2525000531459227e-08 -2.8057911549694836e-10 -2.2805579646956176e-08
138 2.6855468750000000e-01 -2.2649146558251232e-08 -2.8194335754960775e-10 -2.2931089915800840e-08
139 2.7050781250000000e-01 -2.2772383090341464e-08 -2.8330759960226715e-10 -2.3055690689943731e-08
140 2.7246093750000000e-01 -2.2894710127729923e-08 -2.8512658900581300e-10 -2.3179836716735736e-08
141 2.7441406250000000e-01 -2.3016582417767495e-08 -2.8649083105847239e-10 -2.3303073248825967e-08
142 2.7636718750000000e-01 -2.3137090465752408e-08 -2.8830982046201825e-10 -2.3425400286214426e-08
143 2.7832031250000000e-01 -2.3256689019035548e-08 -2.8967406251467764e-10 -2.3546363081550226e-08
144 2.8027343750000000e-01 -2.3375378077616915e-08 -2.9058355721645057e-10 -2.3665961634833366e-08
145 2.8222656250000000e-01 -2.3494067136198282e-08 -2.9240254661999643e-10 -2.3786469682818279e-08
146 2.8417968750000000e-01 -2.3610937205376104e-08 -2.9376678867265582e-10 -2.3904703994048759e-08
147 2.8613281250000000e-01 -2.3728262021904811e-08 -2.9604052542708814e-10 -2.4024302547331899e-08
148 2.8808593750000000e-01 -2.3842403606977314e-08 -2.9649527277797461e-10 -2.4138898879755288e-08
149 2.9003906250000000e-01 -2.3957454686751589e-08 -2.9831426218152046e-10 -2.4255768948933110e-08
150 2.9199218750000000e-01 -2.4071141524473205e-08 -2.9967850423417985e-10 -2.4370820028707385e-08
151 2.9394531250000000e-01 -2.4183009372791275e-08 -3.0149749363772571e-10 -2.4484506866429001e-08
152 2.9589843750000000e-01 -2.4295786715811118e-08 -3.0286173569038510e-10 -2.4598648451501504e-08
153 2.9785156250000000e-01 -2.4406290322076529e-08 -3.0377123039215803e-10 -2.4710061552468687e-08
154 2.9980468750000000e-01 -2.4514974938938394e-08 -3.0513547244481742e-10 -2.4820110411383212e-08
155 3.0175781250000000e-01 -2.4625478545203805e-08 -3.0649971449747682e-10 -2.4931978259701282e-08
156 3.0371093750000000e-01 -2.4731434677960351e-08 -3.0740920919924974e-10 -2.5038843887159601e-08
157 3.0566406250000000e-01 -2.4838755052769557e-08 -3.0922819860279560e-10 -2.5147983251372352e-08
158 3.0761718750000000e-01 -2.4945165932876989e-08 -3.1059244065545499e-10 -2.5255758373532444e-08
159 3.0957031250000000e-01 -2.5051576812984422e-08 -3.1195668270811439e-10 -2.5363533495692536e-08
160 3.1152343750000000e-01 -2.5153894966933876e-08 -3.1195668270811439e-10 -2.5465851649641991e-08
161 3.1347656250000000e-01 -2.5259396352339536e-08 -3.1377567211166024e-10 -2.5573172024451196e-08
162 3.1542968750000000e-01 -2.5360350264236331e-08 -3.1559466151520610e-10 -2.5675944925751537e-08
163 3.1738281250000000e-01 -2.5463123165536672e-08 -3.1741365091875196e-10 -2.5780536816455424e-08
164 3.1933593750000000e-01 -2.5563167582731694e-08 -3.1832314562052488e-10 -2.5881490728352219e-08
165 3.2128906250000000e-01 -2.5662302505224943e-08 -3.2014213502407074e-10 -2.5982444640249014e-08
166 3.2324218750000000e-01 -2.5761437427718192e-08 -3.2105162972584367e-10 -2.6082489057444036e-08
167 3.2519531250000000e-01 -2.5858753360807896e-08 -3.2196112442761660e-10 -2.6180714485235512e-08
168 3.2714843750000000e-01 -2.5954250304494053e-08 -3.2287061912938952e-10 -2.6277120923623443e-08
169 3.2910156250000000e-01 -2.6050656742881984e-08 -3.2468960853293538e-10 -2.6375346351414919e-08
170 3.3105468750000000e-01 -2.6145244191866368e-08 -3.2468960853293538e-10 -2.6469933800399303e-08
171 3.3300781250000000e-01 -2.6239831640850753e-08 -3.2650859793648124e-10 -2.6566340238787234e-08
172 3.3496093750000000e-01 -2.6331690605729818e-08 -3.2741809263825417e-10 -2.6659108698368073e-08
173 3.3691406250000000e-01 -2.6423549570608884e-08 -3.2832758734002709e-10 -2.6751877157948911e-08
174 3.3886718750000000e-01 -2.6512680051382631e-08 -3.2923708204180002e-10 -2.6841917133424431e-08
175 3.4082031250000000e-01 -2.6603629521559924e-08 -3.3105607144534588e-10 -2.6934685593005270e-08
176 3.4277343750000000e-01 -2.6693669497035444e-08 -3.3196556614711881e-10 -2.7025635063182563e-08
177 3.4472656250000000e-01 -2.6779161999002099e-08 -3.3287506084889174e-10 -2.7112037059850991e-08
178 3.4667968750000000e-01 -2.6868292479775846e-08 -3.3469405025243759e-10 -2.7202986530028284e-08
179 3.4863281250000000e-01 -2.6953784981742501e-08 -3.3560354495421052e-10 -2.7289388526696712e-08
180 3.5058593750000000e-01 -2.7036548999603838e-08 -3.3560354495421052e-10 -2.7372152544558048e-08
181 3.5253906250000000e-01 -2.7122041501570493e-08 -3.3742253435775638e-10 -2.7459464035928249e-08
182 3.5449218750000000e-01 -2.7202077035326511e-08 -3.3924152376130223e-10 -2.7541318559087813e-08
183 3.5644531250000000e-01 -2.7287569537293166e-08 -3.4015101846307516e-10 -2.7627720555756241e-08
184 3.5839843750000000e-01 -2.7364876586943865e-08 -3.4015101846307516e-10 -2.7705027605406940e-08
185 3.6035156250000000e-01 -2.7446731110103428e-08 -3.4197000786662102e-10 -2.7788701117970049e-08
186 3.6230468750000000e-01 -2.7524038159754127e-08 -3.4287950256839395e-10 -2.7866917662322521e-08
187 3.6425781250000000e-01 -2.7601345209404826e-08 -3.4378899727016687e-10 -2.7945134206674993e-08
188 3.6621093750000000e-01 -2.7679561753757298e-08 -3.4469849197193980e-10 -2.8024260245729238e-08
189 3.6816406250000000e-01 -2.7753230824600905e-08 -3.4560798667371273e-10 -2.8098838811274618e-08
190 3.7011718750000000e-01 -2.7828718884848058e-08 -3.4651748137548566e-10 -2.8175236366223544e-08
191 3.7207031250000000e-01 -2.7899659471586347e-08 -3.4742697607725859e-10 -2.8247086447663605e-08
192 3.7402343750000000e-01 -2.7973328542429954e-08 -3.4833647077903152e-10 -2.8321665013208985e-08
193 3.7597656250000000e-01 -2.8044269129168242e-08 -3.4924596548080444e-10 -2.8393515094649047e-08
194 3.7792968750000000e-01 -2.8115209715906531e-08 -3.5015546018257737e-10 -2.8465365176089108e-08
195 3.7988281250000000e-01 -2.8184331313241273e-08 -3.5106495488435030e-10 -2.8535396268125623e-08
196 3.8183593750000000e-01 -2.8250724426470697e-08 -3.5197444958612323e-10 -2.8602698876056820e-08
197 3.8378906250000000e-01 -2.8318027034401894e-08 -3.5288394428789616e-10 -2.8670910978689790e-08
198 3.8574218750000000e-01 -2.8382601158227772e-08 -3.5379343898966908e-10 -2.8736394597217441e-08
199 3.8769531250000000e-01 -2.8449903766158968e-08 -3.5379343898966908e-10 -2.8803697205148637e-08
200 3.8964843750000000e-01 -2.8512658900581300e-08 -3.5470293369144201e-10 -2.8867361834272742e-08
201 3.9160156250000000e-01 -2.8575414035003632e-08 -3.5561242839321494e-10 -2.8931026463396847e-08
202 3.9355468750000000e-01 -2.8635440685320646e-08 -3.5652192309498787e-10 -2.8991962608415633e-08
203 3.9550781250000000e-01 -2.8697286325041205e-08 -3.5743141779676080e-10 -2.9054717742837965e-08
204 3.9746093750000000e-01 -2.8757312975358218e-08 -3.5834091249853373e-10 -2.9115653887856752e-08
205 3.9941406250000000e-01 -2.8815520636271685e-08 -3.5925040720030665e-10 -2.9174771043471992e-08
206 4.0136718750000000e-01 -2.8872818802483380e-08 -3.5925040720030665e-10 -2.9232069209683686e-08
207 4.0332031250000000e-01 -2.8928297979291528e-08 -3.6015990190207958e-10 -2.9288457881193608e-08
208 4.0527343750000000e-01 -2.8982867661397904e-08 -3.6106939660385251e-10 -2.9343937058001757e-08
209 4.0722656250000000e-01 -2.9037437343504280e-08 -3.6197889130562544e-10 -2.9399416234809905e-08
210 4.0917968750000000e-01 -2.9090188036207110e-08 -3.6197889130562544e-10 -2.9452166927512735e-08
211 4.1113281250000000e-01 -2.9141119739506394e-08 -3.6288838600739837e-10 -2.9504008125513792e-08
212 4.1308593750000000e-01 -2.9192960937507451e-08 -3.6288838600739837e-10 -2.9555849323514849e-08
213 4.1503906250000000e-01 -2.9242073651403189e-08 -3.6470737541094422e-10 -2.9606781026814133e-08
214 4.1699218750000000e-01 -2.9292095860000700e-08 -3.6470737541094422e-10 -2.9656803235411644e-08
215 4.1894531250000000e-01 -2.9337570595089346e-08 -3.6470737541094422e-10 -2.9702277970500290e-08
216 4.2089843750000000e-01 -2.9385773814283311e-08 -3.6561687011271715e-10 -2.9751390684396029e-08
217 4.2285156250000000e-01 -2.9430339054670185e-08 -3.6652636481449008e-10 -2.9796865419484675e-08
218 4.2480468750000000e-01 -2.9474904295057058e-08 -3.6743585951626301e-10 -2.9842340154573321e-08
219 4.2675781250000000e-01 -2.9518560040742159e-08 -3.6743585951626301e-10 -2.9885995900258422e-08
220 4.2871093750000000e-01 -2.9559487302321941e-08 -3.6743585951626301e-10 -2.9926923161838204e-08
221 4.3066406250000000e-01 -2.9599505069199950e-08 -3.6834535421803594e-10 -2.9967850423417985e-08
222 4.3261718750000000e-01 -2.9640432330779731e-08 -3.6925484891980886e-10 -3.0009687179699540e-08
223 4.3457031250000000e-01 -2.9676812118850648e-08 -3.6925484891980886e-10 -3.0046066967770457e-08
224 4.3652343750000000e-01 -2.9715920391026884e-08 -3.7016434362158179e-10 -3.0086084734648466e-08
225 4.3847656250000000e-01 -2.9751390684396029e-08 -3.7016434362158179e-10 -3.0121555028017610e-08
226 4.4042968750000000e-01 -2.9787770472466946e-08 -3.7107383832335472e-10 -3.0158844310790300e-08
227 4.4238281250000000e-01 -2.9822331271134317e-08 -3.7107383832335472e-10 -3.0193405109457672e-08
228 4.4433593750000000e-01 -2.9854163585696369e-08 -3.7198333302512765e-10 -3.0226146918721497e-08
229 4.4628906250000000e-01 -2.9885995900258422e-08 -3.7198333302512765e-10 -3.0257979233283550e-08
230 4.4824218750000000e-01 -2.9916918720118701e-08 -3.7198333302512765e-10 -3.0288902053143829e-08
231 4.5019531250000000e-01 -2.9946022550575435e-08 -3.7289282772690058e-10 -3.0318915378302336e-08
232 4.5214843750000000e-01 -2.9974216886330396e-08 -3.7289282772690058e-10 -3.0347109714057297e-08
233 4.5410156250000000e-01 -3.0002411222085357e-08 -3.7380232242867351e-10 -3.0376213544514030e-08
234 4.5605468750000000e-01 -3.0026967579033226e-08 -3.7471181713044643e-10 -3.0401679396163672e-08
235 4.5800781250000000e-01 -3.0052433430682868e-08 -3.7380232242867351e-10 -3.0426235753111541e-08
236 4.5996093750000000e-01 -3.0076080292928964e-08 -3.7380232242867351e-10 -3.0449882615357637e-08
237 4.6191406250000000e-01 -3.0098817660473287e-08 -3.7471181713044643e-10 -3.0473529477603734e-08
238 4.6386718750000000e-01 -3.0121555028017610e-08 -3.7471181713044643e-10 -3.0496266845148057e-08
239 4.6582031250000000e-01 -3.0142473406158388e-08 -3.7562131183221936e-10 -3.0518094717990607e-08
240 4.6777343750000000e-01 -3.0160663300193846e-08 -3.7562131183221936e-10 -3.0536284612026066e-08
241 4.6972656250000000e-01 -3.0180672183632851e-08 -3.7562131183221936e-10 -3.0556293495465070e-08
242 4.7167968750000000e-01 -3.0197043088264763e-08 -3.7562131183221936e-10 -3.0572664400096983e-08
243 4.7363281250000000e-01 -3.0214323487598449e-08 -3.7562131183221936e-10 -3.0589944799430668e-08
244 4.7558593750000000e-01 -3.0228875402826816e-08 -3.7653080653399229e-10 -3.0605406209360808e-08
245 4.7753906250000000e-01 -3.0241608328651637e-08 -3.7653080653399229e-10 -3.0618139135185629e-08
246 4.7949218750000000e-01 -3.0255250749178231e-08 -3.7653080653399229e-10 -3.0631781555712223e-08
247 4.8144531250000000e-01 -3.0264345696195960e-08 -3.7653080653399229e-10 -3.0640876502729952e-08
248 4.8339843750000000e-01 -3.0277078622020781e-08 -3.7744030123576522e-10 -3.0654518923256546e-08
249 4.8535156250000000e-01 -3.0282535590231419e-08 -3.7653080653399229e-10 -3.0659066396765411e-08
250 4.8730468750000000e-01 -3.0291630537249148e-08 -3.7653080653399229e-10 -3.0668161343783140e-08
251 4.8925781250000000e-01 -3.0299815989565104e-08 -3.7744030123576522e-10 -3.0677256290800869e-08
252 4.9121093750000000e-01 -3.0304363463073969e-08 -3.7653080653399229e-10 -3.0680894269607961e-08
253 4.9316406250000000e-01 -3.0310729925986379e-08 -3.7744030123576522e-10 -3.0688170227222145e-08
254 4.9511718750000000e-01 -3.0313458410091698e-08 -3.7653080653399229e-10 -3.0689989216625690e-08
255 4.9707031250000000e-01 -3.0315277399495244e-08 -3.7744030123576522e-10 -3.0692717700731009e-08
256 4.9902343750000000e-01 -3.0316186894197017e-08 -3.7744030123576522e-10 -3.0693627195432782e-08
257 5.0097656250000000e-01 -3.0316186894197017e-08 -3.7744030123576522e-10 -3.0693627195432782e-08
258 5.0292968750000000e-01 -3.0315277399495244e-08 -3.7744030123576522e-10 -3.0692717700731009e-08
259 5.0488281250000000e-01 -3.0313458410091698e-08 -3.7653080653399229e-10 -3.0689989216625690e-08
260 5.0683593750000000e-01 -3.0310729925986379e-08 -3.7744030123576522e-10 -3.0688170227222145e-08
261 5.0878906250000000e-01 -3.0304363463073969e-08 -3.7653080653399229e-10 -3.0680894269607961e-08
262 5.1074218750000000e-01 -3.0299815989565104e-08 -3.7744030123576522e-10 -3.0677256290800869e-08
263 5.1269531250000000e-01 -3.0291630537249148e-08 -3.7653080653399229e-10 -3.0668161343783140e-08
264 5.1464843750000000e-01 -3.0282535590231419e-08 -3.7653080653399229e-10 -3.0659066396765411e-08
265 5.1660156250000000e-01 -3.0277078622020781e-08 -3.7744030123576522e-10 -3.0654518923256546e-08
266 5.1855468750000000e-01 -3.0264345696195960e-08 -3.7653080653399229e-10 -3.0640876502729952e-08
267 5.2050781250000000e-01 -3.0255250749178231e-08 -3.7653080653399229e-10 -3.0631781555712223e-08
268 5.2246093750000000e-01 -3.0241608328651637e-08 -3.7653080653399229e-10 -3.0618139135185629e-08
269 5.2441406250000000e-01 -3.0228875402826816e-08 -3.7653080653399229e-10 -3.0605406209360808e-08
270 5.2636718750000000e-01 -3.0214323487598449e-08 -3.7562131183221936e-10 -3.0589944799430668e-08
271 5.2832031250000000e-01 -3.0197043088264763e-08 -3.7562131183221936e-10 -3.0572664400096983e-08
272 5.3027343750000000e-01 -3.0180672183632851e-08 -3.7562131183221936e-10 -3.0556293495465070e-08
273 5.3222656250000000e-01 -3.0160663300193846e-08 -3.7562131183221936e-10 -3.0536284612026066e-08
274 5.3417968750000000e-01 -3.0142473406158388e-08 -3.7562131183221936e-10 -3.0518094717990607e-08
275 5.3613281250000000e-01 -3.0121555028017610e-08 -3.7471181713044643e-10 -3.0496266845148057e-08
276 5.3808593750000000e-01 -3.0098817660473287e-08 -3.7471181713044643e-10 -3.0473529477603734e-08
277 5.4003906250000000e-01 -3.0076080292928964e-08 -3.7380232242867351e-10 -3.0449882615357637e-08
278 5.4199218750000000e-01 -3.0052433430682868e-08 -3.7380232242867351e-10 -3.0426235753111541e-08
279 5.4394531250000000e-01 -3.0026967579033226e-08 -3.7471181713044643e-10 -3.0401679396163672e-08
280 5.4589843750000000e-01 -3.0002411222085357e-08 -3.7471181713044643e-10 -3.0377123039215803e-08
281 5.4785156250000000e-01 -2.9974216886330396e-08 -3.7289282772690058e-10 -3.0347109714057297e-08
282 5.4980468750000000e-01 -2.9946022550575435e-08 -3.7289282772690058e-10 -3.0318915378302336e-08
283 5.5175781250000000e-01 -2.9916918720118701e-08 -3.7289282772690058e-10 -3.0289811547845602e-08
284 5.5371093750000000e-01 -2.9886905394960195e-08 -3.7198333302512765e-10 -3.0258888727985322e-08
285 5.5566406250000000e-01 -2.9854163585696369e-08 -3.7198333302512765e-10 -3.0226146918721497e-08
286 5.5761718750000000e-01 -2.9822331271134317e-08 -3.7107383832335472e-10 -3.0193405109457672e-08
287 5.5957031250000000e-01 -2.9787770472466946e-08 -3.7107383832335472e-10 -3.0158844310790300e-08
288 5.6152343750000000e-01 -2.9751390684396029e-08 -3.7016434362158179e-10 -3.0121555028017610e-08
289 5.6347656250000000e-01 -2.9715920391026884e-08 -3.6925484891980886e-10 -3.0085175239946693e-08
290 5.6542968750000000e-01 -2.9676812118850648e-08 -3.6925484891980886e-10 -3.0046066967770457e-08
291 5.6738281250000000e-01 -2.9640432330779731e-08 -3.6925484891980886e-10 -3.0009687179699540e-08
292 5.6933593750000000e-01 -2.9599505069199950e-08 -3.6834535421803594e-10 -2.9967850423417985e-08
293 5.7128906250000000e-01 -2.9559487302321941e-08 -3.6743585951626301e-10 -2.9926923161838204e-08
294 5.7324218750000000e-01 -2.9518560040742159e-08 -3.6743585951626301e-10 -2.9885995900258422e-08
295 5.7519531250000000e-01 -2.9474904295057058e-08 -3.6743585951626301e-10 -2.9842340154573321e-08
296 5.7714843750000000e-01 -2.9430339054670185e-08 -3.6652636481449008e-10 -2.9796865419484675e-08
297 5.7910156250000000e-01 -2.9385773814283311e-08 -3.6561687011271715e-10 -2.9751390684396029e-08
298 5.8105468750000000e-01 -2.9337570595089346e-08 -3.6470737541094422e-10 -2.9702277970500290e-08
299 5.8300781250000000e-01 -2.9292095860000700e-08 -3.6470737541094422e-10 -2.9656803235411644e-08
300 5.8496093750000000e-01 -2.9242983146104962e-08 -3.6470737541094422e-10 -2.9607690521515906e-08
301 5.8691406250000000e-01 -2.9192960937507451e-08 -3.6288838600739837e-10 -2.9555849323514849e-08
302 5.8886718750000000e-01 -2.9141119739506394e-08 -3.6288838600739837e-10 -2.9504008125513792e-08
303 5.9082031250000000e-01 -2.9090188036207110e-08 -3.6197889130562544e-10 -2.9452166927512735e-08
304 5.9277343750000000e-01 -2.9037437343504280e-08 -3.6197889130562544e-10 -2.9399416234809905e-08
305 5.9472656250000000e-01 -2.8983777156099677e-08 -3.6106939660385251e-10 -2.9344846552703530e-08
306 5.9667968750000000e-01 -2.8928297979291528e-08 -3.6015990190207958e-10 -2.9288457881193608e-08
307 5.9863281250000000e-01 -2.8872818802483380e-08 -3.5925040720030665e-10 -2.9232069209683686e-08
308 6.0058593750000000e-01 -2.8814611141569912e-08 -3.5834091249853373e-10 -2.9172952054068446e-08
309 6.0253906250000000e-01 -2.8756403480656445e-08 -3.5834091249853373e-10 -2.9114744393154979e-08
310 6.0449218750000000e-01 -2.8697286325041205e-08 -3.5743141779676080e-10 -2.9054717742837965e-08
311 6.0644531250000000e-01 -2.8635440685320646e-08 -3.5652192309498787e-10 -2.8991962608415633e-08
312 6.0839843750000000e-01 -2.8575414035003632e-08 -3.5561242839321494e-10 -2.8931026463396847e-08
313 6.1035156250000000e-01 -2.8512658900581300e-08 -3.5470293369144201e-10 -2.8867361834272742e-08
314 6.1230468750000000e-01 -2.8448994271457195e-08 -3.5379343898966908e-10 -2.8802787710446864e-08
315 6.1425781250000000e-01 -2.8382601158227772e-08 -3.5379343898966908e-10 -2.8736394597217441e-08
316 6.1621093750000000e-01 -2.8318936529103667e-08 -3.5197444958612323e-10 -2.8670910978689790e-08
317 6.1816406250000000e-01 -2.8250724426470697e-08 -3.5197444958612323e-10 -2.8602698876056820e-08
318 6.2011718750000000e-01 -2.8184331313241273e-08 -3.5106495488435030e-10 -2.8535396268125623e-08
319 6.2207031250000000e-01 -2.8115209715906531e-08 -3.5015546018257737e-10 -2.8465365176089108e-08
320 6.2402343750000000e-01 -2.8043359634466469e-08 -3.4833647077903152e-10 -2.8391696105245501e-08
321 6.2597656250000000e-01 -2.7973328542429954e-08 -3.4833647077903152e-10 -2.8321665013208985e-08
322 6.2792968750000000e-01 -2.7900568966288120e-08 -3.4833647077903152e-10 -2.8248905437067151e-08
323 6.2988281250000000e-01 -2.7827809390146285e-08 -3.4560798667371273e-10 -2.8173417376819998e-08
324 6.3183593750000000e-01 -2.7753230824600905e-08 -3.4560798667371273e-10 -2.8098838811274618e-08
325 6.3378906250000000e-01 -2.7678652259055525e-08 -3.4469849197193980e-10 -2.8023350751027465e-08
326 6.3574218750000000e-01 -2.7601345209404826e-08 -3.4378899727016687e-10 -2.7945134206674993e-08
327 6.3769531250000000e-01 -2.7524038159754127e-08 -3.4287950256839395e-10 -2.7866917662322521e-08
328 6.3964843750000000e-01 -2.7446731110103428e-08 -3.4197000786662102e-10 -2.7788701117970049e-08
329 6.4160156250000000e-01 -2.7364876586943865e-08 -3.4015101846307516e-10 -2.7705027605406940e-08
330 6.4355468750000000e-01 -2.7287569537293166e-08 -3.4015101846307516e-10 -2.7627720555756241e-08
331 6.4550781250000000e-01 -2.7202077035326511e-08 -3.3924152376130223e-10 -2.7541318559087813e-08
332 6.4746093750000000e-01 -2.7122950996272266e-08 -3.3833202905952930e-10 -2.7461283025331795e-08
333 6.4941406250000000e-01 -2.7036548999603838e-08 -3.3560354495421052e-10 -2.7372152544558048e-08
334 6.5136718750000000e-01 -2.6952875487040728e-08 -3.3560354495421052e-10 -2.7288479031994939e-08
335 6.5332031250000000e-01 -2.6868292479775846e-08 -3.3469405025243759e-10 -2.7202986530028284e-08
336 6.5527343750000000e-01 -2.6780071493703872e-08 -3.3287506084889174e-10 -2.7112946554552764e-08
337 6.5722656250000000e-01 -2.6693669497035444e-08 -3.3287506084889174e-10 -2.7026544557884336e-08
338 6.5917968750000000e-01 -2.6603629521559924e-08 -3.3105607144534588e-10 -2.6934685593005270e-08
339 6.6113281250000000e-01 -2.6512680051382631e-08 -3.2923708204180002e-10 -2.6841917133424431e-08
340 6.6308593750000000e-01 -2.6422640075907111e-08 -3.2832758734002709e-10 -2.6750967663247138e-08
341 6.6503906250000000e-01 -2.6331690605729818e-08 -3.2741809263825417e-10 -2.6659108698368073e-08
342 6.6699218750000000e-01 -2.6239831640850753e-08 -3.2650859793648124e-10 -2.6566340238787234e-08
343 6.6894531250000000e-01 -2.6145244191866368e-08 -3.2559910323470831e-10 -2.6470843295101076e-08
344 6.7089843750000000e-01 -2.6050656742881984e-08 -3.2468960853293538e-10 -2.6375346351414919e-08
345 6.7285156250000000e-01 -2.5954250304494053e-08 -3.2287061912938952e-10 -2.6277120923623443e-08
346 6.7480468750000000e-01 -2.5857843866106123e-08 -3.2196112442761660e-10 -2.6179804990533739e-08
347 6.7675781250000000e-01 -2.5760527933016419e-08 -3.2014213502407074e-10 -2.6080670068040490e-08
348 6.7871093750000000e-01 -2.5662302505224943e-08 -3.1923264032229781e-10 -2.5981535145547241e-08
349 6.8066406250000000e-01 -2.5562258088029921e-08 -3.1832314562052488e-10 -2.5880581233650446e-08
350 6.8261718750000000e-01 -2.5462213670834899e-08 -3.1650415621697903e-10 -2.5778717827051878e-08
351 6.8457031250000000e-01 -2.5360350264236331e-08 -3.1559466151520610e-10 -2.5675944925751537e-08
352 6.8652343750000000e-01 -2.5259396352339536e-08 -3.1468516681343317e-10 -2.5574081519152969e-08
353 6.8847656250000000e-01 -2.5153894966933876e-08 -3.1195668270811439e-10 -2.5465851649641991e-08
354 6.9042968750000000e-01 -2.5051122065633535e-08 -3.1195668270811439e-10 -2.5363078748341650e-08
355 6.9238281250000000e-01 -2.4945165932876989e-08 -3.1059244065545499e-10 -2.5255758373532444e-08
356 6.9433593750000000e-01 -2.4840119294822216e-08 -3.0877345125190914e-10 -2.5148892746074125e-08
357 6.9628906250000000e-01 -2.4731434677960351e-08 -3.0740920919924974e-10 -2.5038843887159601e-08
358 6.9824218750000000e-01 -2.4625023797852919e-08 -3.0649971449747682e-10 -2.4931523512350395e-08
359 7.0019531250000000e-01 -2.4515884433640167e-08 -3.0513547244481742e-10 -2.4821019906084985e-08
360 7.0214843750000000e-01 -2.4405835574725643e-08 -3.0331648304127157e-10 -2.4709152057766914e-08
361 7.0410156250000000e-01 -2.4295331968460232e-08 -3.0286173569038510e-10 -2.4598193704150617e-08
362 7.0605468750000000e-01 -2.4183009372791275e-08 -3.0149749363772571e-10 -2.4484506866429001e-08
363 7.0800781250000000e-01 -2.4070686777122319e-08 -2.9967850423417985e-10 -2.4370365281356499e-08
364 7.0996093750000000e-01 -2.3957454686751589e-08 -2.9831426218152046e-10 -2.4255768948933110e-08
365 7.1191406250000000e-01 -2.3842403606977314e-08 -2.9649527277797461e-10 -2.4138898879755288e-08
366 7.1386718750000000e-01 -2.3728262021904811e-08 -2.9604052542708814e-10 -2.4024302547331899e-08
367 7.1582031250000000e-01 -2.3611391952726990e-08 -2.9331204132176936e-10 -2.3904703994048759e-08
368 7.1777343750000000e-01 -2.3494067136198282e-08 -2.9285729397088289e-10 -2.3786924430169165e-08
369 7.1972656250000000e-01 -2.3375378077616915e-08 -2.9058355721645057e-10 -2.3665961634833366e-08
370 7.2167968750000000e-01 -2.3256689019035548e-08 -2.8921931516379118e-10 -2.3545908334199339e-08
371 7.2363281250000000e-01 -2.3137090465752408e-08 -2.8830982046201825e-10 -2.3425400286214426e-08
372 7.2558593750000000e-01 -2.3016582417767495e-08 -2.8649083105847239e-10 -2.3303073248825967e-08
373 7.2753906250000000e-01 -2.2894710127729923e-08 -2.8512658900581300e-10 -2.3179836716735736e-08
374 7.2949218750000000e-01 -2.2772383090341464e-08 -2.8376234695315361e-10 -2.3056145437294617e-08
375 7.3144531250000000e-01 -2.2649146558251232e-08 -2.8194335754960775e-10 -2.2931089915800840e-08
376 7.3339843750000000e-01 -2.2524545784108341e-08 -2.8012436814606190e-10 -2.2804670152254403e-08
377 7.3535156250000000e-01 -2.2399490262614563e-08 -2.7876012609340250e-10 -2.2678250388707966e-08
378 7.3730468750000000e-01 -2.2274434741120785e-08 -2.7694113668985665e-10 -2.2551375877810642e-08
379 7.3925781250000000e-01 -2.2147560230223462e-08 -2.7557689463719726e-10 -2.2423137124860659e-08
380 7.4121093750000000e-01 -2.2020230971975252e-08 -2.7421265258453786e-10 -2.2294443624559790e-08
381 7.4316406250000000e-01 -2.1892901713727042e-08 -2.7284841053187847e-10 -2.2165750124258921e-08
382 7.4511718750000000e-01 -2.1763753466075286e-08 -2.7102942112833261e-10 -2.2034782887203619e-08
383 7.4707031250000000e-01 -2.1633695723721758e-08 -2.6921043172478676e-10 -2.1902906155446544e-08
384 7.4902343750000000e-01 -2.1503183234017342e-08 -2.6739144232124090e-10 -2.1770574676338583e-08
385 7.5097656250000000e-01 -2.1371306502260268e-08 -2.6602720026858151e-10 -2.1637333702528849e-08
386 7.5292968750000000e-01 -2.1239429770503193e-08 -2.6466295821592212e-10 -2.1504092728719115e-08
387 7.5488281250000000e-01 -2.1105734049342573e-08 -2.6284396881237626e-10 -2.1368578018154949e-08
388 7.5683593750000000e-01 -2.0971583580831066e-08 -2.6102497940883040e-10 -2.1232608560239896e-08
389 7.5878906250000000e-01 -2.0837433112319559e-08 -2.5966073735617101e-10 -2.1097093849675730e-08
390 7.6074218750000000e-01 -2.0701008907053620e-08 -2.5738700060173869e-10 -2.0958395907655358e-08
391 7.6269531250000000e-01 -2.0565039449138567e-08 -2.5602275854907930e-10 -2.0821062207687646e-08
392 7.6464843750000000e-01 -2.0428160496521741e-08 -2.5465851649641991e-10 -2.0682819013018161e-08
393 7.6660156250000000e-01 -2.0290372049203143e-08 -2.5283952709287405e-10 -2.0543211576296017e-08
394 7.6855468750000000e-01 -2.0151219359831885e-08 -2.5102053768932819e-10 -2.0402239897521213e-08
395 7.7050781250000000e-01 -2.0012976165162399e-08 -2.4920154828578234e-10 -2.0262177713448182e-08
396 7.7246093750000000e-01 -1.9872459233738482e-08 -2.4783730623312294e-10 -2.0120296539971605e-08
397 7.7441406250000000e-01 -1.9731942302314565e-08 -2.4556356947869062e-10 -1.9977505871793255e-08
398 7.7636718750000000e-01 -1.9589606381487101e-08 -2.4374458007514477e-10 -1.9833350961562246e-08
399 7.7832031250000000e-01 -1.9448179955361411e-08 -2.4147084332071245e-10 -1.9689650798682123e-08
400 7.8027343750000000e-01 -1.9304934539832175e-08 -2.4101609596982598e-10 -1.9545950635802001e-08
401 7.8222656250000000e-01 -1.9160779629601166e-08 -2.3828761186450720e-10 -1.9399067241465673e-08
402 7.8417968750000000e-01 -1.9015715224668384e-08 -2.3646862246096134e-10 -1.9252183847129345e-08
403 7.8613281250000000e-01 -1.8871105567086488e-08 -2.3510438040830195e-10 -1.9106209947494790e-08
404 7.8808593750000000e-01 -1.8725131667451933e-08 -2.3283064365386963e-10 -1.8957962311105803e-08
405 7.9003906250000000e-01 -1.8578248273115605e-08 -2.3101165425032377e-10 -1.8809259927365929e-08
406 7.9199218750000000e-01 -1.8431364878779277e-08 -2.2919266484677792e-10 -1.8660557543626055e-08
407 7.9394531250000000e-01 -1.8282207747688517e-08 -2.2737367544323206e-10 -1.8509581423131749e-08
408 7.9589843750000000e-01 -1.8134414858650416e-08 -2.2555468603968620e-10 -1.8359969544690102e-08
409 7.9785156250000000e-01 -1.7983438738156110e-08 -2.2328094928525388e-10 -1.8206719687441364e-08
410 7.9980468750000000e-01 -1.7834281607065350e-08 -2.2191670723259449e-10 -1.8056198314297944e-08
411 8.0175781250000000e-01 -1.7684214981272817e-08 -2.2009771782904863e-10 -1.7904312699101865e-08
412 8.0371093750000000e-01 -1.7531874618725851e-08 -2.1827872842550278e-10 -1.7750153347151354e-08
413 8.0566406250000000e-01 -1.7380443750880659e-08 -2.1600499167107046e-10 -1.7596448742551729e-08
414 8.0761718750000000e-01 -1.7227193893631920e-08 -2.1418600226752460e-10 -1.7441379895899445e-08
415 8.0957031250000000e-01 -1.7073489289032295e-08 -2.1236701286397874e-10 -1.7285856301896274e-08
416 8.1152343750000000e-01 -1.6920694179134443e-08 -2.1100277081131935e-10 -1.7131696949945763e-08
417 8.1347656250000000e-01 -1.6765170585131273e-08 -2.0872903405688703e-10 -1.6973899619188160e-08
418 8.1542968750000000e-01 -1.6609646991128102e-08 -2.0600054995156825e-10 -1.6815647541079670e-08
419 8.1738281250000000e-01 -1.6453668649774045e-08 -2.0463630789890885e-10 -1.6658304957672954e-08
420 8.1933593750000000e-01 -1.6297235561069101e-08 -2.0236257114447653e-10 -1.6499598132213578e-08
421 8.2128906250000000e-01 -1.6141257219715044e-08 -2.0099832909181714e-10 -1.6342255548806861e-08
422 8.2324218750000000e-01 -1.5982550394255668e-08 -1.9917933968827128e-10 -1.6181729733943939e-08
423 8.2519531250000000e-01 -1.5824753063498065e-08 -1.9736035028472543e-10 -1.6022113413782790e-08
424 8.2714843750000000e-01 -1.5666046238038689e-08 -1.9508661353029311e-10 -1.5861132851568982e-08
425 8.2910156250000000e-01 -1.5505975170526654e-08 -1.9326762412674725e-10 -1.5699242794653401e-08
426 8.3105468750000000e-01 -1.5345904103014618e-08 -1.9099388737231493e-10 -1.5536897990386933e-08
427 8.3300781250000000e-01 -1.5184923540800810e-08 -1.8917489796876907e-10 -1.5374098438769579e-08
428 8.3496093750000000e-01 -1.5023942978587002e-08 -1.8690116121433675e-10 -1.5210844139801338e-08
429 8.3691406250000000e-01 -1.4862507669022307e-08 -1.8508217181079090e-10 -1.5047589840833098e-08
430 8.3886718750000000e-01 -1.4699253370054066e-08 -1.8326318240724504e-10 -1.4882516552461311e-08
431 8.4082031250000000e-01 -1.4536908565787598e-08 -1.8098944565281272e-10 -1.4717898011440411e-08
432 8.4277343750000000e-01 -1.4372744772117585e-08 -1.7871570889838040e-10 -1.4551460481015965e-08
433 8.4472656250000000e-01 -1.4209035725798458e-08 -1.7689671949483454e-10 -1.4385932445293292e-08
434 8.4667968750000000e-01 -1.4044417184777558e-08 -1.7462298274040222e-10 -1.4219040167517960e-08
435 8.4863281250000000e-01 -1.3879343896405771e-08 -1.7280399333685637e-10 -1.4052147889742628e-08
436 8.5058593750000000e-01 -1.3713815860683098e-08 -1.7053025658242404e-10 -1.3884346117265522e-08
437 8.5253906250000000e-01 -1.3547378330258653e-08 -1.6871126717887819e-10 -1.3716089597437531e-08
438 8.5449218750000000e-01 -1.3380940799834207e-08 -1.6689227777533233e-10 -1.3547833077609539e-08
439 8.5644531250000000e-01 -1.3213139027357101e-08 -1.6416379367001355e-10 -1.3377302821027115e-08
440 8.5839843750000000e-01 -1.3046246749581769e-08 -1.6234480426646769e-10 -1.3208591553848237e-08
441 8.6035156250000000e-01 -1.2877990229753777e-08 -1.6052581486292183e-10 -1.3038516044616699e-08
442 8.6230468750000000e-01 -1.2709733709925786e-08 -1.5825207810848951e-10 -1.2867985788034275e-08
443 8.6425781250000000e-01 -1.2539885574369691e-08 -1.5620571502950042e-10 -1.2696091289399192e-08
444 8.6621093750000000e-01 -1.2370719559839927e-08 -1.5393197827506810e-10 -1.2524651538114995e-08
445 8.6816406250000000e-01 -1.2200189303257503e-08 -1.5165824152063578e-10 -1.2351847544778138e-08
446 8.7011718750000000e-01 -1.2030568541376851e-08 -1.4983925211708993e-10 -1.2180407793493941e-08
447 8.7207031250000000e-01 -1.1859128790092655e-08 -1.4756551536265761e-10 -1.2006694305455312e-08
448 8.7402343750000000e-01 -1.1687689038808458e-08 -1.4551915228366852e-10 -1.1833208191092126e-08
449 8.7597656250000000e-01 -1.1515339792822488e-08 -1.4324541552923620e-10 -1.1658585208351724e-08
450 8.7792968750000000e-01 -1.1343900041538291e-08 -1.4142642612569034e-10 -1.1485326467663981e-08
451 8.7988281250000000e-01 -1.1170413927175105e-08 -1.3869794202037156e-10 -1.1309111869195476e-08
452 8.8183593750000000e-01 -1.0997382560162805e-08 -1.3687895261682570e-10 -1.1134261512779631e-08
453 8.8378906250000000e-01 -1.0823669072124176e-08 -1.3460521586239338e-10 -1.0958274287986569e-08
454 8.8574218750000000e-01 -1.0650182957760990e-08 -1.3255885278340429e-10 -1.0782741810544394e-08
455 8.8769531250000000e-01 -1.0475332601345144e-08 -1.3028511602897197e-10 -1.0605617717374116e-08
456 8.8964843750000000e-01 -1.0300936992280185e-08 -1.2823875294998288e-10 -1.0429175745230168e-08
457 8.9160156250000000e-01 -1.0125404514838010e-08 -1.2596501619555056e-10 -1.0251369531033561e-08
458 8.9355468750000000e-01 -9.9496446637203917e-09 -1.2369127944111824e-10 -1.0073335943161510e-08
459 8.9550781250000000e-01 -9.7741121862782165e-09 -1.2164491636212915e-10 -9.8957571026403457e-09
460 8.9746093750000000e-01 -9.5978975878097117e-09 -1.1937117960769683e-10 -9.7172687674174085e-09
461 8.9941406250000000e-01 -9.4214556156657636e-09 -1.1732481652870774e-10 -9.5387804321944714e-09
462 9.0136718750000000e-01 -9.2443315224954858e-09 -1.1527845344971865e-10 -9.3596099759452045e-09
463 9.0332031250000000e-01 -9.0669800556497648e-09 -1.1277734301984310e-10 -9.1797573986696079e-09
464 9.0527343750000000e-01 -8.8894012151286006e-09 -1.1073097994085401e-10 -9.0001321950694546e-09
465 9.0722656250000000e-01 -8.7115950009319931e-09 -1.0822986951097846e-10 -8.8198248704429716e-09
466 9.0917968750000000e-01 -8.5331066657090560e-09 -1.0618350643198937e-10 -8.6392901721410453e-09
467 9.1113281250000000e-01 -8.3541635831352323e-09 -1.0413714335300028e-10 -8.4583007264882326e-09
468 9.1308593750000000e-01 -8.1752205005614087e-09 -1.0163603292312473e-10 -8.2768565334845334e-09
469 9.1503906250000000e-01 -7.9960500443121418e-09 -9.9362296168692410e-11 -8.0954123404808342e-09
470 9.1699218750000000e-01 -7.8161974670365453e-09 -9.7088559414260089e-11 -7.9132860264508054e-09
471 9.1894531250000000e-01 -7.6365722634363919e-09 -9.5269570010714233e-11 -7.7318418334471062e-09
472 9.2089843750000000e-01 -7.4564923124853522e-09 -9.2768459580838680e-11 -7.5492607720661908e-09
473 9.2285156250000000e-01 -7.2757302405079827e-09 -9.0494722826406360e-11 -7.3662249633343890e-09
474 9.2480468750000000e-01 -7.0951955422060564e-09 -8.8448359747417271e-11 -7.1836439019534737e-09
475 9.2675781250000000e-01 -6.9142060965532437e-09 -8.5947249317541718e-11 -7.0001533458707854e-09
476 9.2871093750000000e-01 -6.7332166509004310e-09 -8.3900886238552630e-11 -6.8171175371389836e-09
477 9.3066406250000000e-01 -6.5515450842212886e-09 -8.1627149484120309e-11 -6.6331722337054089e-09
478 9.3261718750000000e-01 -6.3694187701912597e-09 -7.9126039054244757e-11 -6.4485448092455044e-09
479 9.3457031250000000e-01 -6.1878608903498389e-09 -7.7193362812977284e-11 -6.2650542531628162e-09
480 9.3652343750000000e-01 -6.0056208894820884e-09 -7.4692252383101732e-11 -6.0803131418651901e-09
481 9.3847656250000000e-01 -5.8231535149388947e-09 -7.2304828790947795e-11 -5.8954583437298425e-09
482 9.4042968750000000e-01 -5.6404587667202577e-09 -7.0258465711958706e-11 -5.7107172324322164e-09
483 9.4238281250000000e-01 -5.4577640185016207e-09 -6.8098415795248002e-11 -5.5258624342968687e-09
484 9.4433593750000000e-01 -5.2745008360943757e-09 -6.5710992203094065e-11 -5.3402118282974698e-09
485 9.4628906250000000e-01 -5.0911239668494090e-09 -6.3323568610940129e-11 -5.1544475354603492e-09
486 9.4824218750000000e-01 -4.9080881581176072e-09 -6.1163518694229424e-11 -4.9692516768118367e-09
487 9.5019531250000000e-01 -4.7240291678463109e-09 -5.8776095102075487e-11 -4.7828052629483864e-09
488 9.5214843750000000e-01 -4.5405386117636226e-09 -5.6616045185364783e-11 -4.5971546569489874e-09
489 9.5410156250000000e-01 -4.3559111873037182e-09 -5.4114934755489230e-11 -4.4100261220592074e-09
490 9.5605468750000000e-01 -4.1721932575455867e-09 -5.2068571676500142e-11 -4.2242618292220868e-09
491 9.5800781250000000e-01 -3.9875658330856822e-09 -4.9567461246624589e-11 -4.0371332943323068e-09
492 9.5996093750000000e-01 -3.8032794691389427e-09 -4.7293724492192268e-11 -3.8505731936311349e-09
493 9.6191406250000000e-01 -3.6187657315167598e-09 -4.5019987737759948e-11 -3.6637857192545198e-09
494 9.6386718750000000e-01 -3.4341383070568554e-09 -4.2746250983327627e-11 -3.4768845580401830e-09
495 9.6582031250000000e-01 -3.2490561352460645e-09 -4.0472514228895307e-11 -3.2895286494749598e-09
496 9.6777343750000000e-01 -3.0641444936918560e-09 -3.8141934055602178e-11 -3.1022864277474582e-09
497 9.6972656250000000e-01 -2.8789486350433435e-09 -3.5754510463448241e-11 -2.9147031455067918e-09
498 9.7167968750000000e-01 -2.6935822461382486e-09 -3.3480773709015921e-11 -2.7270630198472645e-09
499 9.7363281250000000e-01 -2.5084432309085969e-09 -3.1207036954583600e-11 -2.5396502678631805e-09
500 9.7558593750000000e-01 -2.3229063117469195e-09 -2.8933300200151280e-11 -2.3518396119470708e-09
501 9.7753906250000000e-01 -2.1374830794229638e-09 -2.6602720026858151e-11 -2.1640857994498219e-09
502 9.7949218750000000e-01 -1.9517187865858432e-09 -2.4215296434704214e-11 -1.9759340830205474e-09
503 9.8144531250000000e-01 -1.7662387108430266e-09 -2.1941559680271894e-11 -1.7881802705232985e-09
504 9.8339843750000000e-01 -1.5803038877493236e-09 -1.9667822925839573e-11 -1.5999717106751632e-09
505 9.8535156250000000e-01 -1.3947669685876463e-09 -1.7337242752546445e-11 -1.4121042113401927e-09
506 9.8730468750000000e-01 -1.2087184586562216e-09 -1.5006662579253316e-11 -1.2237251212354749e-09
507 9.8925781250000000e-01 -1.0229541658191010e-09 -1.2761347534251399e-11 -1.0357155133533524e-09
508 9.9121093750000000e-01 -8.3710460785368923e-10 -1.0430767360958271e-11 -8.4753537521464750e-10
509 9.9316406250000000e-01 -6.5091398937511258e-10 -8.1143980423803441e-12 -6.5902838741749292e-10
510 9.9511718750000000e-01 -4.6513548568327678e-10 -5.7838178690872155e-12 -4.7091930355236400e-10
511 9.9707031250000000e-01 -2.7890934006791213e-10 -3.4674485505092889e-12 -2.8237678861842141e-10
512 9.9902343750000000e-01 9.7584157980890041e-06 -1.1564083024495631e-12 9.7584146416807016e-06
