# P x_center tau_U tau_V tau_Psi
1 1.9531250000000000e-03 3.9031996248439782e-05 -1.8541612689659814e-11 3.9031977706827092e-05
2 5.8593750000000000e-03 -4.4641979002335574e-09 -5.5621285355300643e-11 -4.5198191855888581e-09
3 9.7656250000000000e-03 -7.4395813953742618e-09 -9.2683194452547468e-11 -7.5322645898268092e-09
4 1.3671875000000000e-02 -1.0413856443847180e-08 -1.2973089269507909e-10 -1.0543587336542259e-08
5 1.7578125000000000e-02 -1.3386568298301427e-08 -1.6677859093761072e-10 -1.3553346889239037e-08
6 2.1484375000000000e-02 -1.6357205367967254e-08 -2.0378365661599673e-10 -1.6560989024583250e-08
7 2.5390625000000000e-02 -1.9325426592331496e-08 -2.4076030058495235e-10 -1.9566186892916448e-08
8 2.9296875000000000e-02 -2.2290720380624407e-08 -2.7765167942561675e-10 -2.2568372060050024e-08
9 3.3203125000000000e-02 -2.5252802515751682e-08 -3.1457147997571155e-10 -2.5567373995727394e-08
10 3.7109375000000000e-02 -2.8210877189849271e-08 -3.5146285881637596e-10 -2.8562340048665646e-08
11 4.1015625000000000e-02 -3.1164802294370020e-08 -3.8818370740045793e-10 -3.1552986001770478e-08
12 4.4921875000000000e-02 -3.4113952551706461e-08 -4.2501824282226153e-10 -3.4538970794528723e-08
13 4.8828125000000000e-02 -3.7058043744764291e-08 -4.6168224798748270e-10 -3.7519725992751773e-08
14 5.2734375000000000e-02 -3.9996450595936039e-08 -4.9828940973384306e-10 -4.0494740005669883e-08
15 5.6640625000000000e-02 -4.2928888888127403e-08 -5.3483972806134261e-10 -4.3463728616188746e-08
16 6.0546875000000000e-02 -4.5854960717406357e-08 -5.7121951613225974e-10 -4.6426180233538616e-08
17 6.4453125000000000e-02 -4.8773927119327709e-08 -6.0759930420317687e-10 -4.9381526423530886e-08
18 6.8359375000000000e-02 -5.1685901780729182e-08 -6.4392224885523319e-10 -5.2329824029584415e-08
19 7.2265625000000000e-02 -5.4589804676652420e-08 -6.8018835008842871e-10 -5.5269993026740849e-08
20 7.6171875000000000e-02 -5.7485635807097424e-08 -7.1622707764618099e-10 -5.8201862884743605e-08
21 8.0078125000000000e-02 -6.0372599364200141e-08 -7.5203843152849004e-10 -6.1124637795728631e-08
22 8.3984375000000000e-02 -6.3250581661122851e-08 -7.8796347224852070e-10 -6.4038545133371372e-08
23 8.7890625000000000e-02 -6.6119014263676945e-08 -8.2354745245538652e-10 -6.6942561716132332e-08
24 9.1796875000000000e-02 -6.8977556111349259e-08 -8.5935880633769557e-10 -6.9836914917686954e-08
25 9.5703125000000000e-02 -7.1825525083113462e-08 -8.9471541286911815e-10 -7.2720240495982580e-08
26 9.9609375000000000e-02 -7.4663148552644998e-08 -9.3029939307598397e-10 -7.5593447945720982e-08
27 1.0351562500000000e-01 -7.7489403338404372e-08 -9.6542862593196332e-10 -7.8454831964336336e-08
28 1.0742187500000000e-01 -8.0303493632527534e-08 -1.0003304851124994e-09 -8.1303824117640033e-08
29 1.1132812500000000e-01 -8.3105987869203091e-08 -1.0354597179684788e-09 -8.4141447587171569e-08
30 1.1523437500000000e-01 -8.5895635493216105e-08 -1.0699068297981285e-09 -8.6965542323014233e-08
31 1.1914062500000000e-01 -8.8672322817728855e-08 -1.1046950021409430e-09 -8.9777017819869798e-08
32 1.2304687500000000e-01 -9.1436049842741340e-08 -1.1390284271328710e-09 -9.2575078269874211e-08
33 1.2695312500000000e-01 -9.4185566013038624e-08 -1.1732481652870774e-09 -9.5358814178325702e-08
34 1.3085937500000000e-01 -9.6921212389133871e-08 -1.2074679034412839e-09 -9.8128680292575154e-08
35 1.3476562500000000e-01 -9.9642193163163029e-08 -1.2413465810823254e-09 -1.0088353974424535e-07
36 1.3867187500000000e-01 -1.0234839464828838e-07 -1.2751115718856454e-09 -1.0362350622017402e-07
37 1.4257812500000000e-01 -1.0503867997613270e-07 -1.3087628758512437e-09 -1.0634744285198394e-07
38 1.4648437500000000e-01 -1.0771350389404688e-07 -1.3421868061413988e-09 -1.0905569070018828e-07
39 1.5039062500000000e-01 -1.1037172953365371e-07 -1.3749286154052243e-09 -1.1174665814905893e-07
40 1.5429687500000000e-01 -1.1301403901597951e-07 -1.4081251720199361e-09 -1.1442216418799944e-07
41 1.5820312500000000e-01 -1.1563861335162073e-07 -1.4404122339328751e-09 -1.1707902558555361e-07
42 1.6210937500000000e-01 -1.1824613466160372e-07 -1.4729266695212573e-09 -1.1971906133112498e-07
43 1.6601562500000000e-01 -1.2083569345122669e-07 -1.5052137314341962e-09 -1.2234090718266089e-07
44 1.6992187500000000e-01 -1.2340683497313876e-07 -1.5372734196716920e-09 -1.2494410839281045e-07
45 1.7382812500000000e-01 -1.2595978660101537e-07 -1.5693331079091877e-09 -1.2752911970892455e-07
46 1.7773437500000000e-01 -1.2849363884015474e-07 -1.6004833014449105e-09 -1.3009412214159966e-07
47 1.8164062500000000e-01 -1.3100816431688145e-07 -1.6320882423315197e-09 -1.3264025255921297e-07
48 1.8554687500000000e-01 -1.3350359040487092e-07 -1.6632384358672425e-09 -1.3516682884073816e-07
49 1.8945312500000000e-01 -1.3597764336736873e-07 -1.6939338820520788e-09 -1.3767157724942081e-07
50 1.9335937500000000e-01 -1.3843214219377842e-07 -1.7246293282369152e-09 -1.4015677152201533e-07
51 1.9726562500000000e-01 -1.4086526789469644e-07 -1.7548700270708650e-09 -1.4262013792176731e-07
52 2.0117187500000000e-01 -1.4327724784379825e-07 -1.7851107259048149e-09 -1.4506235856970306e-07
53 2.0507812500000000e-01 -1.4566808204108384e-07 -1.8144419300369918e-09 -1.4748252397112083e-07
54 2.0898437500000000e-01 -1.4803686099185143e-07 -1.8444552551954985e-09 -1.4988131624704693e-07
55 2.1289062500000000e-01 -1.5038312994875014e-07 -1.8733317119767889e-09 -1.5225646166072693e-07
56 2.1679687500000000e-01 -1.5270688891177997e-07 -1.9024355424335226e-09 -1.5460932445421349e-07
57 2.2070312500000000e-01 -1.5500745575991459e-07 -1.9310846255393699e-09 -1.5693854038545396e-07
58 2.2460937500000000e-01 -1.5728460311947856e-07 -1.9592789612943307e-09 -1.5924388208077289e-07
59 2.2851562500000000e-01 -1.5953833099047188e-07 -1.9874732970492914e-09 -1.6152580428752117e-07
60 2.3242187500000000e-01 -1.6176795725186821e-07 -2.0152128854533657e-09 -1.6378317013732158e-07
61 2.3632812500000000e-01 -1.6397348190366756e-07 -2.0427251001819968e-09 -1.6601620700384956e-07
62 2.4023437500000000e-01 -1.6615376807749271e-07 -2.0700099412351847e-09 -1.6822377801872790e-07
63 2.4414062500000000e-01 -1.6830949789437000e-07 -2.0966126612620428e-09 -1.7040611055563204e-07
64 2.4804687500000000e-01 -1.7043998923327308e-07 -2.1232153812889010e-09 -1.7256320461456198e-07
65 2.5195312500000000e-01 -1.7254455997317564e-07 -2.1495907276403159e-09 -1.7469415070081595e-07
66 2.5585937500000000e-01 -1.7462275536672678e-07 -2.1755113266408443e-09 -1.7679826669336762e-07
67 2.5976562500000000e-01 -1.7667525753495283e-07 -2.2012045519659296e-09 -1.7887646208691876e-07
68 2.6367187500000000e-01 -1.7870070223580115e-07 -2.2262156562646851e-09 -1.8092691789206583e-07
69 2.6757812500000000e-01 -1.8069931684294716e-07 -2.2507720132125542e-09 -1.8295008885615971e-07
70 2.7148437500000000e-01 -1.8267087398271542e-07 -2.2755557438358665e-09 -1.8494642972655129e-07
71 2.7539062500000000e-01 -1.8461537365510594e-07 -2.3001121007837355e-09 -1.8691548575588968e-07
72 2.7929687500000000e-01 -1.8653099687071517e-07 -2.3235315893543884e-09 -1.8885452846006956e-07
73 2.8320312500000000e-01 -1.8841956261894666e-07 -2.3471784516004845e-09 -1.9076674107054714e-07
74 2.8710937500000000e-01 -1.9027879716304597e-07 -2.3703705664956942e-09 -1.9264916772954166e-07
75 2.9101562500000000e-01 -1.9211051949241664e-07 -2.3933353077154607e-09 -1.9450385480013210e-07
76 2.9492187500000000e-01 -1.9391245587030426e-07 -2.4156179279088974e-09 -1.9632807379821315e-07
77 2.9882812500000000e-01 -1.9568574316508602e-07 -2.4376731744268909e-09 -1.9812341633951291e-07
78 3.0273437500000000e-01 -1.9742901713470928e-07 -2.4597284209448844e-09 -1.9988874555565417e-07
79 3.0664062500000000e-01 -1.9914295990020037e-07 -2.4811015464365482e-09 -2.0162406144663692e-07
80 3.1054687500000000e-01 -2.0082643459318206e-07 -2.5015651772264391e-09 -2.0332799977040850e-07
81 3.1445312500000000e-01 -2.0247989596100524e-07 -2.5220288080163300e-09 -2.0500192476902157e-07
82 3.1835937500000000e-01 -2.0410243450896814e-07 -2.5424924388062209e-09 -2.0664492694777437e-07
83 3.2226562500000000e-01 -2.0569495973177254e-07 -2.5625013222452253e-09 -2.0825746105401777e-07
84 3.2617187500000000e-01 -2.0725656213471666e-07 -2.5820554583333433e-09 -2.0983861759305000e-07
85 3.3007812500000000e-01 -2.0878724171780050e-07 -2.6016095944214612e-09 -2.1138885131222196e-07
86 3.3398437500000000e-01 -2.1028563423897140e-07 -2.6197994884569198e-09 -2.1290543372742832e-07
87 3.3789062500000000e-01 -2.1175310394028202e-07 -2.6379893824923784e-09 -2.1439109332277440e-07
88 3.4179687500000000e-01 -2.1318783183232881e-07 -2.6557245291769505e-09 -2.1584355636150576e-07
89 3.4570312500000000e-01 -2.1459118215716444e-07 -2.6734596758615226e-09 -2.1726464183302596e-07
90 3.4960937500000000e-01 -2.1596179067273624e-07 -2.6902853278443217e-09 -2.1865207600058056e-07
91 3.5351562500000000e-01 -2.1729920263169333e-07 -2.7071109798271209e-09 -2.2000631361152045e-07
92 3.5742187500000000e-01 -2.1860569177079014e-07 -2.7234818844590336e-09 -2.2132917365524918e-07
93 3.6132812500000000e-01 -2.1987807485857047e-07 -2.7389432943891734e-09 -2.2261701815295964e-07
94 3.6523437500000000e-01 -2.2111817088443786e-07 -2.7548594516701996e-09 -2.2387303033610806e-07
95 3.6914062500000000e-01 -2.2232370611163788e-07 -2.7694113668985665e-09 -2.2509311747853644e-07
96 3.7304687500000000e-01 -2.2349649952957407e-07 -2.7848727768287063e-09 -2.2628137230640277e-07
97 3.7695312500000000e-01 -2.2463473214884289e-07 -2.7985151973553002e-09 -2.2743324734619819e-07
98 3.8085937500000000e-01 -2.2574022295884788e-07 -2.8121576178818941e-09 -2.2855238057672977e-07
99 3.8476562500000000e-01 -2.2681069822283462e-07 -2.8253452910576016e-09 -2.2963604351389222e-07
100 3.8867187500000000e-01 -2.2784797693020664e-07 -2.8385329642333090e-09 -2.3068650989443995e-07
101 3.9257812500000000e-01 -2.2885024009156041e-07 -2.8512658900581300e-09 -2.3170150598161854e-07
102 3.9648437500000000e-01 -2.2981885194894858e-07 -2.8630893211811781e-09 -2.3268194127012976e-07
103 4.0039062500000000e-01 -2.3075199351296760e-07 -2.8744580049533397e-09 -2.3362645151792094e-07
104 4.0429687500000000e-01 -2.3165057427831925e-07 -2.8858266887255013e-09 -2.3453640096704476e-07
105 4.0820312500000000e-01 -2.3251550373970531e-07 -2.8967406251467764e-09 -2.3541224436485209e-07
106 4.1210937500000000e-01 -2.3334359866566956e-07 -2.9071998142171651e-09 -2.3625079847988673e-07
107 4.1601562500000000e-01 -2.3413895178236999e-07 -2.9172042559366673e-09 -2.3705615603830665e-07
108 4.1992187500000000e-01 -2.3489610612159595e-07 -2.9258444556035101e-09 -2.3782195057719946e-07
109 4.2382812500000000e-01 -2.3562051865155809e-07 -2.9353941499721259e-09 -2.3855591280153021e-07
110 4.2773437500000000e-01 -2.3630718715139665e-07 -2.9440343496389687e-09 -2.3925122150103562e-07
111 4.3164062500000000e-01 -2.3695974959991872e-07 -2.9522198019549251e-09 -2.3991196940187365e-07
112 4.3554687500000000e-01 -2.3757593226036988e-07 -2.9590410122182220e-09 -2.4053497327258810e-07
113 4.3945312500000000e-01 -2.3815618988010101e-07 -2.9667717171832919e-09 -2.4112296159728430e-07
114 4.4335937500000000e-01 -2.3870143195381388e-07 -2.9735929274465889e-09 -2.4167502488126047e-07
115 4.4726562500000000e-01 -2.3921120373415761e-07 -2.9799593903589994e-09 -2.4219116312451661e-07
116 4.5117187500000000e-01 -2.3968368623172864e-07 -2.9854163585696369e-09 -2.4266910259029828e-07
117 4.5507812500000000e-01 -2.4012024368857965e-07 -2.9917828214820474e-09 -2.4311202651006170e-07
118 4.5898437500000000e-01 -2.4052087610471062e-07 -2.9963302949909121e-09 -2.4351720639970154e-07
119 4.6289062500000000e-01 -2.4088467398541979e-07 -3.0008777684997767e-09 -2.4388555175391957e-07
120 4.6679687500000000e-01 -2.4121300157275982e-07 -3.0049704946577549e-09 -2.4421797206741758e-07
121 4.7070312500000000e-01 -2.4150403987732716e-07 -3.0086084734648466e-09 -2.4451264835079201e-07
122 4.7460937500000000e-01 -2.4176006263587624e-07 -3.0122464522719383e-09 -2.4477230908814818e-07
123 4.7851562500000000e-01 -2.4197834136430174e-07 -3.0149749363772571e-09 -2.4499331630067900e-07
124 4.8242187500000000e-01 -2.4216069505200721e-07 -3.0172486731316894e-09 -2.4517794372513890e-07
125 4.8632812500000000e-01 -2.4230666895164177e-07 -3.0186129151843488e-09 -2.4532528186682612e-07
126 4.9023437500000000e-01 -2.4241626306320541e-07 -3.0195224098861217e-09 -2.4543578547309153e-07
127 4.9414062500000000e-01 -2.4248947738669813e-07 -3.0208866519387811e-09 -2.4551036403863691e-07
128 4.9804687500000000e-01 -2.4252631192211993e-07 -3.0213413992896676e-09 -2.4554765332140960e-07
129 5.0195312500000000e-01 -2.4252631192211993e-07 -3.0213413992896676e-09 -2.4554765332140960e-07
130 5.0585937500000000e-01 -2.4248947738669813e-07 -3.0208866519387811e-09 -2.4551036403863691e-07
131 5.0976562500000000e-01 -2.4241626306320541e-07 -3.0195224098861217e-09 -2.4543578547309153e-07
132 5.1367187500000000e-01 -2.4230666895164177e-07 -3.0186129151843488e-09 -2.4532528186682612e-07
133 5.1757812500000000e-01 -2.4216069505200721e-07 -3.0172486731316894e-09 -2.4517794372513890e-07
134 5.2148437500000000e-01 -2.4197834136430174e-07 -3.0149749363772571e-09 -2.4499331630067900e-07
135 5.2539062500000000e-01 -2.4175915314117447e-07 -3.0117917049210519e-09 -2.4477094484609552e-07
136 5.2929687500000000e-01 -2.4150449462467805e-07 -3.0086084734648466e-09 -2.4451310309814289e-07
137 5.3320312500000000e-01 -2.4121300157275982e-07 -3.0049704946577549e-09 -2.4421797206741758e-07
138 5.3710937500000000e-01 -2.4088376449071802e-07 -3.0008777684997767e-09 -2.4388464225921780e-07
139 5.4101562500000000e-01 -2.4052087610471062e-07 -2.9963302949909121e-09 -2.4351720639970154e-07
140 5.4492187500000000e-01 -2.4012024368857965e-07 -2.9917828214820474e-09 -2.4311202651006170e-07
141 5.4882812500000000e-01 -2.3968368623172864e-07 -2.9854163585696369e-09 -2.4266910259029828e-07
142 5.5273437500000000e-01 -2.3921120373415761e-07 -2.9799593903589994e-09 -2.4219116312451661e-07
143 5.5664062500000000e-01 -2.3870143195381388e-07 -2.9735929274465889e-09 -2.4167502488126047e-07
144 5.6054687500000000e-01 -2.3815618988010101e-07 -2.9667717171832919e-09 -2.4112296159728430e-07
145 5.6445312500000000e-01 -2.3757593226036988e-07 -2.9590410122182220e-09 -2.4053497327258810e-07
146 5.6835937500000000e-01 -2.3695974959991872e-07 -2.9522198019549251e-09 -2.3991196940187365e-07
147 5.7226562500000000e-01 -2.3630718715139665e-07 -2.9440343496389687e-09 -2.3925122150103562e-07
148 5.7617187500000000e-01 -2.3562051865155809e-07 -2.9353941499721259e-09 -2.3855591280153021e-07
149 5.8007812500000000e-01 -2.3489610612159595e-07 -2.9258444556035101e-09 -2.3782195057719946e-07
150 5.8398437500000000e-01 -2.3413895178236999e-07 -2.9172042559366673e-09 -2.3705615603830665e-07
151 5.8789062500000000e-01 -2.3334359866566956e-07 -2.9071998142171651e-09 -2.3625079847988673e-07
152 5.9179687500000000e-01 -2.3251550373970531e-07 -2.8967406251467764e-09 -2.3541224436485209e-07
153 5.9570312500000000e-01 -2.3165057427831925e-07 -2.8858266887255013e-09 -2.3453640096704476e-07
154 5.9960937500000000e-01 -2.3075199351296760e-07 -2.8744580049533397e-09 -2.3362645151792094e-07
155 6.0351562500000000e-01 -2.2981885194894858e-07 -2.8626345738302916e-09 -2.3268148652277887e-07
156 6.0742187500000000e-01 -2.2885024009156041e-07 -2.8512658900581300e-09 -2.3170150598161854e-07
157 6.1132812500000000e-01 -2.2784797693020664e-07 -2.8385329642333090e-09 -2.3068650989443995e-07
158 6.1523437500000000e-01 -2.2681024347548373e-07 -2.8258000384084880e-09 -2.2963604351389222e-07
159 6.1914062500000000e-01 -2.2574022295884788e-07 -2.8121576178818941e-09 -2.2855238057672977e-07
160 6.2304687500000000e-01 -2.2463427740149200e-07 -2.7980604500044137e-09 -2.2743233785149641e-07
161 6.2695312500000000e-01 -2.2349604478222318e-07 -2.7844180294778198e-09 -2.2628046281170100e-07
162 6.3085937500000000e-01 -2.2232370611163788e-07 -2.7694113668985665e-09 -2.2509311747853644e-07
163 6.3476562500000000e-01 -2.2111817088443786e-07 -2.7548594516701996e-09 -2.2387303033610806e-07
164 6.3867187500000000e-01 -2.1987807485857047e-07 -2.7389432943891734e-09 -2.2261701815295964e-07
165 6.4257812500000000e-01 -2.1860569177079014e-07 -2.7234818844590336e-09 -2.2132917365524918e-07
166 6.4648437500000000e-01 -2.1729965737904422e-07 -2.7066562324762344e-09 -2.2000631361152045e-07
167 6.5039062500000000e-01 -2.1596133592538536e-07 -2.6902853278443217e-09 -2.1865162125322968e-07
168 6.5429687500000000e-01 -2.1459118215716444e-07 -2.6734596758615226e-09 -2.1726464183302596e-07
169 6.5820312500000000e-01 -2.1318783183232881e-07 -2.6557245291769505e-09 -2.1584355636150576e-07
170 6.6210937500000000e-01 -2.1175264919293113e-07 -2.6375346351414919e-09 -2.1439018382807262e-07
171 6.6601562500000000e-01 -2.1028563423897140e-07 -2.6193447411060333e-09 -2.1290497898007743e-07
172 6.6992187500000000e-01 -2.0878769646515138e-07 -2.6016095944214612e-09 -2.1138930605957285e-07
173 6.7382812500000000e-01 -2.0725656213471666e-07 -2.5820554583333433e-09 -2.0983861759305000e-07
174 6.7773437500000000e-01 -2.0569541447912343e-07 -2.5625013222452253e-09 -2.0825791580136865e-07
175 6.8164062500000000e-01 -2.0410288925631903e-07 -2.5429471861571074e-09 -2.0664583644247614e-07
176 6.8554687500000000e-01 -2.0247989596100524e-07 -2.5224835553672165e-09 -2.0500237951637246e-07
177 6.8945312500000000e-01 -2.0082643459318206e-07 -2.5015651772264391e-09 -2.0332799977040850e-07
178 6.9335937500000000e-01 -1.9914273252652492e-07 -2.4808741727611050e-09 -2.0162360669928603e-07
179 6.9726562500000000e-01 -1.9742901713470928e-07 -2.4599557946203277e-09 -1.9988897292932961e-07
180 7.0117187500000000e-01 -1.9568528841773514e-07 -2.4376731744268909e-09 -1.9812296159216203e-07
181 7.0507812500000000e-01 -1.9391177374927793e-07 -2.4156179279088974e-09 -1.9632739167718682e-07
182 7.0898437500000000e-01 -1.9211006474506576e-07 -2.3933353077154607e-09 -1.9450340005278122e-07
183 7.1289062500000000e-01 -1.9027879716304597e-07 -2.3703705664956942e-09 -1.9264916772954166e-07
184 7.1679687500000000e-01 -1.8841956261894666e-07 -2.3471784516004845e-09 -1.9076674107054714e-07
185 7.2070312500000000e-01 -1.8653122424439061e-07 -2.3235315893543884e-09 -1.8885475583374500e-07
186 7.2460937500000000e-01 -1.8461514628143050e-07 -2.2998847271082923e-09 -1.8691503100853879e-07
187 7.2851562500000000e-01 -1.8267087398271542e-07 -2.2753283701604232e-09 -1.8494620235287584e-07
188 7.3242187500000000e-01 -1.8069931684294716e-07 -2.2509993868879974e-09 -1.8295031622983515e-07
189 7.3632812500000000e-01 -1.7870092960947659e-07 -2.2262156562646851e-09 -1.8092714526574127e-07
190 7.4023437500000000e-01 -1.7667525753495283e-07 -2.2009771782904863e-09 -1.7887623471324332e-07
191 7.4414062500000000e-01 -1.7462275536672678e-07 -2.1755113266408443e-09 -1.7679826669336762e-07
192 7.4804687500000000e-01 -1.7254455997317564e-07 -2.1495907276403159e-09 -1.7469415070081595e-07
193 7.5195312500000000e-01 -1.7043998923327308e-07 -2.1234427549643442e-09 -1.7256343198823743e-07
194 7.5585937500000000e-01 -1.6830949789437000e-07 -2.0966126612620428e-09 -1.7040611055563204e-07
195 7.5976562500000000e-01 -1.6615376807749271e-07 -2.0700099412351847e-09 -1.6822377801872790e-07
196 7.6367187500000000e-01 -1.6397348190366756e-07 -2.0427251001819968e-09 -1.6601620700384956e-07
197 7.6757812500000000e-01 -1.6176795725186821e-07 -2.0149855117779225e-09 -1.6378294276364613e-07
198 7.7148437500000000e-01 -1.5953833099047188e-07 -1.9874732970492914e-09 -1.6152580428752117e-07
199 7.7539062500000000e-01 -1.5728460311947856e-07 -1.9590515876188874e-09 -1.5924365470709745e-07
200 7.7929687500000000e-01 -1.5500768313359004e-07 -1.9313119992148131e-09 -1.5693899513280485e-07
201 7.8320312500000000e-01 -1.5270688891177997e-07 -1.9026629161089659e-09 -1.5460955182788894e-07
202 7.8710937500000000e-01 -1.5038312994875014e-07 -1.8733317119767889e-09 -1.5225646166072693e-07
203 7.9101562500000000e-01 -1.4803663361817598e-07 -1.8444552551954985e-09 -1.4988108887337148e-07
204 7.9492187500000000e-01 -1.4566830941475928e-07 -1.8144419300369918e-09 -1.4748275134479627e-07
205 7.9882812500000000e-01 -1.4327724784379825e-07 -1.7851107259048149e-09 -1.4506235856970306e-07
206 8.0273437500000000e-01 -1.4086526789469644e-07 -1.7548700270708650e-09 -1.4262013792176731e-07
207 8.0664062500000000e-01 -1.3843214219377842e-07 -1.7246293282369152e-09 -1.4015677152201533e-07
208 8.1054687500000000e-01 -1.3597787074104417e-07 -1.6941612557275221e-09 -1.3767203199677169e-07
209 8.1445312500000000e-01 -1.3350336303119548e-07 -1.6632384358672425e-09 -1.3516660146706272e-07
210 8.1835937500000000e-01 -1.3100816431688145e-07 -1.6320882423315197e-09 -1.3264025255921297e-07
211 8.2226562500000000e-01 -1.2849363884015474e-07 -1.6007106751203537e-09 -1.3009434951527510e-07
212 8.2617187500000000e-01 -1.2595978660101537e-07 -1.5691057342337444e-09 -1.2752889233524911e-07
213 8.3007812500000000e-01 -1.2340706234681420e-07 -1.5372734196716920e-09 -1.2494433576648589e-07
214 8.3398437500000000e-01 -1.2083546607755125e-07 -1.5052137314341962e-09 -1.2234067980898544e-07
215 8.3789062500000000e-01 -1.1824613466160372e-07 -1.4731540431967005e-09 -1.1971928870480042e-07
216 8.4179687500000000e-01 -1.1563861335162073e-07 -1.4404122339328751e-09 -1.1707902558555361e-07
217 8.4570312500000000e-01 -1.1301381164230406e-07 -1.4081251720199361e-09 -1.1442193681432400e-07
218 8.4960937500000000e-01 -1.1037195690732915e-07 -1.3751559890806675e-09 -1.1174711289640982e-07
219 8.5351562500000000e-01 -1.0771350389404688e-07 -1.3419594324659556e-09 -1.0905546332651284e-07
220 8.5742187500000000e-01 -1.0503867997613270e-07 -1.3087628758512437e-09 -1.0634744285198394e-07
221 8.6132812500000000e-01 -1.0234839464828838e-07 -1.2751115718856454e-09 -1.0362350622017402e-07
222 8.6523437500000000e-01 -9.9642193163163029e-08 -1.2413465810823254e-09 -1.0088353974424535e-07
223 8.6914062500000000e-01 -9.6920985015458427e-08 -1.2074679034412839e-09 -9.8128452918899711e-08
224 8.7304687500000000e-01 -9.4185679699876346e-08 -1.1732481652870774e-09 -9.5358927865163423e-08
225 8.7695312500000000e-01 -9.1435936155903619e-08 -1.1390284271328710e-09 -9.2574964583036490e-08
226 8.8085937500000000e-01 -8.8672436504566576e-08 -1.1045813153032213e-09 -8.9777017819869798e-08
227 8.8476562500000000e-01 -8.5895635493216105e-08 -1.0699068297981285e-09 -8.6965542323014233e-08
228 8.8867187500000000e-01 -8.3105987869203091e-08 -1.0353460311307572e-09 -8.4141333900333848e-08
229 8.9257812500000000e-01 -8.0303493632527534e-08 -1.0004441719502211e-09 -8.1303937804477755e-08
230 8.9648437500000000e-01 -7.7489289651566651e-08 -9.6542862593196332e-10 -7.8454718277498614e-08
231 9.0039062500000000e-01 -7.4663262239482719e-08 -9.3029939307598397e-10 -7.5593561632558703e-08
232 9.0429687500000000e-01 -7.1825638769951183e-08 -8.9471541286911815e-10 -7.2720354182820302e-08
233 9.0820312500000000e-01 -6.8977669798186980e-08 -8.5935880633769557e-10 -6.9837028604524676e-08
234 9.1210937500000000e-01 -6.6119127950514667e-08 -8.2354745245538652e-10 -6.6942675402970053e-08
235 9.1601562500000000e-01 -6.3250695347960573e-08 -7.8807715908624232e-10 -6.4038772507046815e-08
236 9.1992187500000000e-01 -6.0372599364200141e-08 -7.5203843152849004e-10 -6.1124637795728631e-08
237 9.2382812500000000e-01 -5.7485522120259702e-08 -7.1611339080845937e-10 -5.8201635511068162e-08
238 9.2773437500000000e-01 -5.4589804676652420e-08 -6.8018835008842871e-10 -5.5269993026740849e-08
239 9.3164062500000000e-01 -5.1685901780729182e-08 -6.4392224885523319e-10 -5.2329824029584415e-08
240 9.3554687500000000e-01 -4.8774097649584292e-08 -6.0754246078431606e-10 -4.9381640110368608e-08
241 9.3945312500000000e-01 -4.5855017560825218e-08 -5.7121951613225974e-10 -4.6426237076957477e-08
242 9.4335937500000000e-01 -4.2929116261802847e-08 -5.3478288464248180e-10 -4.3463899146445328e-08
243 9.4726562500000000e-01 -3.9996564282773761e-08 -4.9828940973384306e-10 -4.0494853692507604e-08
244 9.5117187500000000e-01 -3.7058043744764291e-08 -4.6162540456862189e-10 -3.7519669149332913e-08
245 9.5507812500000000e-01 -3.4113952551706461e-08 -4.2507508624112234e-10 -3.4539027637947584e-08
246 9.5898437500000000e-01 -3.1164745450951159e-08 -3.8824055081931874e-10 -3.1552986001770478e-08
247 9.6289062500000000e-01 -2.8210820346430410e-08 -3.5140601539751515e-10 -2.8562226361827925e-08
248 9.6679687500000000e-01 -2.5252745672332821e-08 -3.1457147997571155e-10 -2.5567317152308533e-08
249 9.7070312500000000e-01 -2.2290720380624407e-08 -2.7765167942561675e-10 -2.2568372060050024e-08
250 9.7460937500000000e-01 -1.9325455014040926e-08 -2.4076030058495235e-10 -1.9566215314625879e-08
251 9.7851562500000000e-01 -1.6357262211386114e-08 -2.0378365661599673e-10 -1.6561045868002111e-08
252 9.8242187500000000e-01 -1.3386625141720288e-08 -1.6680701264704112e-10 -1.3553432154367329e-08
253 9.8632812500000000e-01 -1.0413856443847180e-08 -1.2973089269507909e-10 -1.0543587336542259e-08
254 9.9023437500000000e-01 -7.4395813953742618e-09 -9.2697405307262670e-11 -7.5322788006815244e-09
255 9.9414062500000000e-01 -4.4642050056609150e-09 -5.5621285355300643e-11 -4.5198262910162157e-09
256 9.9804687500000000e-01 3.9031996367455690e-05 -1.8539836332820414e-11 3.9031977827619357e-05
