# MMS4TBGC Gaussian-pulse profile
# sample = 2  tau = 2.5000000000000001e-03  bv = 1.0000000000000000e-03  nx = 512
# xi phi
0.0000000000000000e+00 0.0000000000000000e+00
9.7656250000000000e-04 1.7411494221477463e-06
2.9296875000000000e-03 1.5309497025051889e-05
4.8828125000000000e-03 4.1548061250086325e-05
6.8359375000000000e-03 7.9569622654024447e-05
8.7890625000000000e-03 1.2853134586281593e-04
1.0742187500000000e-02 1.8763106726343317e-04
1.2695312500000000e-02 2.5610361463435951e-04
1.4648437500000000e-02 3.3321716517119710e-04
1.6601562500000000e-02 4.1826964804877965e-04
1.8554687500000000e-02 5.1058519741356285e-04
2.0507812500000000e-02 6.0951066151208617e-04
2.2460937500000000e-02 7.1441217352576666e-04
2.4414062500000000e-02 8.2467178959270168e-04
2.6367187500000000e-02 9.3968419944755123e-04
2.8320312500000000e-02 1.0588535150955029e-03
3.0273437500000000e-02 1.1815901429508490e-03
3.2226562500000000e-02 1.3073077449101971e-03
3.4179687500000000e-02 1.4354202938906995e-03
3.6132812500000000e-02 1.5653392294409545e-03
3.8085937500000000e-02 1.6964707191229511e-03
4.0039062500000000e-02 1.8282130314641906e-03
4.1992187500000000e-02 1.9599540263869706e-03
4.3945312500000000e-02 2.0910687691338020e-03
4.5898437500000000e-02 2.2209172738214557e-03
4.7851562500000000e-02 2.3488423828686602e-03
4.9804687500000000e-02 2.4741677886516707e-03
5.1757812500000000e-02 2.5961962038454928e-03
5.3710937500000000e-02 2.7142076870045983e-03
5.5664062500000000e-02 2.8274581300231170e-03
5.7617187500000000e-02 2.9351779141893047e-03
5.9570312500000000e-02 3.0365707416103553e-03
6.1523437500000000e-02 3.1308126488298620e-03
6.3476562500000000e-02 3.2170512094896525e-03
6.5429687500000000e-02 3.2944049328988254e-03
6.7382812500000000e-02 3.3619628653640057e-03
6.9335937500000000e-02 3.4187844011047061e-03
7.1289062500000000e-02 3.4638993095248540e-03
7.3242187500000000e-02 3.4963079855346579e-03
7.5195312500000000e-02 3.5149819295147927e-03
7.7148437500000000e-02 3.5188644633862357e-03
7.9101562500000000e-02 3.5068716890927850e-03
8.1054687500000000e-02 3.4778936956183239e-03
8.3007812500000000e-02 3.4307960204463038e-03
8.4960937500000000e-02 3.3644213711237578e-03
8.6914062500000000e-02 3.2775916123155644e-03
8.8867187500000000e-02 3.1691100234260707e-03
9.0820312500000000e-02 3.0377638315237120e-03
9.2773437500000000e-02 2.8823270239294440e-03
9.4726562500000000e-02 2.7015634444212699e-03
9.6679687500000000e-02 2.4942301765643877e-03
9.8632812500000000e-02 2.2590812171992326e-03
1.0058593750000000e-01 1.9948714426080757e-03
1.0253906250000000e-01 1.7003608693343534e-03
1.0449218750000000e-01 1.3743192110481192e-03
1.0644531250000000e-01 1.0155307322358051e-03
1.0839843750000000e-01 6.2279939884332626e-04
1.1035156250000000e-01 1.9495432531888793e-04
1.1230468750000000e-01 -2.6914448321368692e-04
1.1425781250000000e-01 -7.7060009566807782e-04
1.1621093750000000e-01 -1.3104723293910258e-03
1.1816406250000000e-01 -1.8897711378456550e-03
1.2011718750000000e-01 -2.5094497160263580e-03
1.2207031250000000e-01 -3.1703973289152355e-03
1.2402343750000000e-01 -3.8734318691828421e-03
1.2597656250000000e-01 -4.6192921512532396e-03
1.2792968750000000e-01 -5.4086299497938736e-03
1.2988281250000000e-01 -6.2420017916522781e-03
1.3183593750000000e-01 -7.1198605112422686e-03
1.3378906250000000e-01 -8.0425465803798009e-03
1.3574218750000000e-01 -9.0102792245808361e-03
1.3769531250000000e-01 -1.0023147338857702e-02
1.3964843750000000e-01 -1.1081100217084423e-02
1.4160156250000000e-01 -1.2183938110041826e-02
1.4355468750000000e-01 -1.3331302628298014e-02
1.4550781250000000e-01 -1.4522667007124972e-02
1.4746093750000000e-01 -1.5757326251695940e-02
1.4941406250000000e-01 -1.7034387181845790e-02
1.5136718750000000e-01 -1.8352758396706314e-02
1.5332031250000000e-01 -1.9711140180545737e-02
1.5527343750000000e-01 -2.1108014372143605e-02
1.5722656250000000e-01 -2.2541634221015190e-02
1.5917968750000000e-01 -2.4010014254759370e-02
1.6113281250000000e-01 -2.5510920182738157e-02
1.6308593750000000e-01 -2.7041858862199144e-02
1.6503906250000000e-01 -2.8600068353822089e-02
1.6699218750000000e-01 -3.0182508094502812e-02
1.6894531250000000e-01 -3.1785849215977734e-02
1.7089843750000000e-01 -3.3406465038637881e-02
1.7285156250000000e-01 -3.5040421770576369e-02
1.7480468750000000e-01 -3.6683469442556828e-02
1.7675781250000000e-01 -3.8331033110175883e-02
1.7871093750000000e-01 -3.9978204355018976e-02
1.8066406250000000e-01 -4.1619733117069645e-02
1.8261718750000000e-01 -4.3250019891026843e-02
1.8457031250000000e-01 -4.4863108319507579e-02
1.8652343750000000e-01 -4.6452678216359768e-02
1.8847656250000000e-01 -4.8012039053481247e-02
1.9042968750000000e-01 -4.9534123944629839e-02
1.9238281250000000e-01 -5.1011484159715070e-02
1.9433593750000000e-01 -5.2436284202981159e-02
1.9628906250000000e-01 -5.3800297488319354e-02
1.9824218750000000e-01 -5.5094902644686555e-02
2.0019531250000000e-01 -5.6311080484249106e-02
2.0214843750000000e-01 -5.7439411665419077e-02
2.0410156250000000e-01 -5.8470075082398237e-02
2.0605468750000000e-01 -5.9392847012195840e-02
2.0800781250000000e-01 -6.0197101049333748e-02
2.0996093750000000e-01 -6.0871808857599699e-02
2.1191406250000000e-01 -6.1405541767252748e-02
2.1386718750000000e-01 -6.1786473245026438e-02
2.1582031250000000e-01 -6.2002382263109265e-02
2.1777343750000000e-01 -6.2040657592019648e-02
2.1972656250000000e-01 -6.1888303040917921e-02
2.2167968750000000e-01 -6.1531943667428639e-02
2.2363281250000000e-01 -6.0957832977471392e-02
2.2558593750000000e-01 -6.0151861133924296e-02
2.2753906250000000e-01 -5.9099564191171898e-02
2.2949218750000000e-01 -5.7786134370720013e-02
2.3144531250000000e-01 -5.6196431391097056e-02
2.3339843750000000e-01 -5.4314994863206449e-02
2.3535156250000000e-01 -5.2126057760151320e-02
2.3730468750000000e-01 -4.9613560968324970e-02
2.3925781250000000e-01 -4.6761168924249530e-02
2.4121093750000000e-01 -4.3552286339259769e-02
2.4316406250000000e-01 -3.9970076011666536e-02
2.4511718750000000e-01 -3.5997477723506796e-02
2.4707031250000000e-01 -3.1617228216394441e-02
2.4902343750000000e-01 -2.6811882238335472e-02
2.5097656250000000e-01 -2.1563834650667930e-02
2.5292968750000000e-01 -1.5855343581537243e-02
2.5488281250000000e-01 -9.6685546095271642e-03
2.5683593750000000e-01 -2.9855259582416823e-03
2.5878906250000000e-01 4.2117453202185351e-03
2.6074218750000000e-01 1.1941296197814377e-02
2.6269531250000000e-01 2.0221169586976197e-02
2.6464843750000000e-01 2.9069385351568881e-02
2.6660156250000000e-01 3.8503910446011577e-02
2.6855468750000000e-01 4.8542628219031568e-02
2.7050781250000000e-01 5.9203306921395610e-02
2.7246093750000000e-01 7.0503567459801852e-02
2.7441406250000000e-01 8.2460850441921127e-02
2.7636718750000000e-01 9.5092382560341512e-02
2.7832031250000000e-01 1.0841514236588559e-01
2.8027343750000000e-01 1.2244582548342647e-01
2.8222656250000000e-01 1.3720080932592035e-01
2.8417968750000000e-01 1.5269611736489036e-01
2.8613281250000000e-01 1.6894738301802872e-01
2.8808593750000000e-01 1.8596981321693068e-01
2.9003906250000000e-01 2.0377815172021219e-01
2.9199218750000000e-01 2.2238664223940507e-01
2.9394531250000000e-01 2.4180899144704154e-01
2.9589843750000000e-01 2.6205833193824080e-01
2.9785156250000000e-01 2.8314718521887672e-01
2.9980468750000000e-01 3.0508742479503886e-01
3.0175781250000000e-01 3.2789023943998397e-01
3.0371093750000000e-01 3.5156609671610822e-01
3.0566406250000000e-01 3.7612470683064880e-01
3.0761718750000000e-01 4.0157498690483723e-01
3.0957031250000000e-01 4.2792502573705782e-01
3.1152343750000000e-01 4.5518204914125188e-01
3.1347656250000000e-01 4.8335238594226693e-01
3.1542968750000000e-01 5.1244143471017212e-01
3.1738281250000000e-01 5.4245363131565683e-01
3.1933593750000000e-01 5.7339241738855173e-01
3.2128906250000000e-01 6.0526020976122608e-01
3.2324218750000000e-01 6.3805837097813778e-01
3.2519531250000000e-01 6.7178718095212153e-01
3.2714843750000000e-01 7.0644580984712224e-01
3.2910156250000000e-01 7.4203229226597456e-01
3.3105468750000000e-01 7.7854350282053819e-01
3.3300781250000000e-01 8.1597513315998271e-01
3.3496093750000000e-01 8.5432167053131169e-01
3.3691406250000000e-01 8.9357637794428113e-01
3.3886718750000000e-01 9.3373127601075823e-01
3.4082031250000000e-01 9.7477712652622595e-01
3.4277343750000000e-01 1.0167034178586274e+00
3.4472656250000000e-01 1.0594983522070018e+00
3.4667968750000000e-01 1.1031488347894742e+00
3.4863281250000000e-01 1.1476404650170262e+00
3.5058593750000000e-01 1.1929575297062256e+00
3.5253906250000000e-01 1.2390829983805900e+00
3.5449218750000000e-01 1.2859985207066518e+00
3.5644531250000000e-01 1.3336844261069716e+00
3.5839843750000000e-01 1.3821197255884123e+00
3.6035156250000000e-01 1.4312821158198421e+00
3.6230468750000000e-01 1.4811479854892140e+00
3.6425781250000000e-01 1.5316924239655729e+00
3.6621093750000000e-01 1.5828892322870343e+00
3.6816406250000000e-01 1.6347109364911490e+00
3.7011718750000000e-01 1.6871288032993648e+00
3.7207031250000000e-01 1.7401128581624405e+00
3.7402343750000000e-01 1.7936319056688035e+00
3.7597656250000000e-01 1.8476535523128326e+00
3.7792968750000000e-01 1.9021442316150410e+00
3.7988281250000000e-01 1.9570692315810418e+00
3.8183593750000000e-01 2.0123927244810433e+00
3.8378906250000000e-01 2.0680777989265264e+00
3.8574218750000000e-01 2.1240864942155455e+00
3.8769531250000000e-01 2.1803798369129912e+00
3.8964843750000000e-01 2.2369178796269997e+00
3.9160156250000000e-01 2.2936597419375850e+00
3.9355468750000000e-01 2.3505636534285030e+00
3.9550781250000000e-01 2.4075869987683749e+00
3.9746093750000000e-01 2.4646863647821000e+00
3.9941406250000000e-01 2.5218175894487720e+00
4.0136718750000000e-01 2.5789358127575266e+00
4.0332031250000000e-01 2.6359955293480617e+00
4.0527343750000000e-01 2.6929506428581029e+00
4.0722656250000000e-01 2.7497545218955546e+00
4.0917968750000000e-01 2.8063600575489276e+00
4.1113281250000000e-01 2.8627197223454472e+00
4.1308593750000000e-01 2.9187856305623270e+00
4.1503906250000000e-01 2.9745095997929334e+00
4.1699218750000000e-01 3.0298432136659632e+00
4.1894531250000000e-01 3.0847378856124306e+00
4.2089843750000000e-01 3.1391449235720290e+00
4.2285156250000000e-01 3.1930155955275517e+00
4.2480468750000000e-01 3.2463011957533072e+00
4.2675781250000000e-01 3.2989531116609809e+00
4.2871093750000000e-01 3.3509228911242093e+00
4.3066406250000000e-01 3.4021623101610956e+00
4.3261718750000000e-01 3.4526234408522254e+00
4.3457031250000000e-01 3.5022587193702677e+00
4.3652343750000000e-01 3.5510210139960767e+00
4.3847656250000000e-01 3.5988636929953062e+00
4.4042968750000000e-01 3.6457406922289293e+00
4.4238281250000000e-01 3.6916065823707092e+00
4.4433593750000000e-01 3.7364166356046415e+00
4.4628906250000000e-01 3.7801268916755872e+00
4.4824218750000000e-01 3.8226942231668977e+00
4.5019531250000000e-01 3.8640763998795773e+00
4.5214843750000000e-01 3.9042321521887415e+00
4.5410156250000000e-01 3.9431212332544070e+00
4.5605468750000000e-01 3.9807044799654299e+00
4.5800781250000000e-01 4.0169438724973192e+00
4.5996093750000000e-01 4.0518025923669256e+00
4.6191406250000000e-01 4.0852450788695300e+00
4.6386718750000000e-01 4.1172370837866294e+00
4.6582031250000000e-01 4.1477457242557900e+00
4.6777343750000000e-01 4.1767395336972939e+00
4.6972656250000000e-01 4.2041885106957952e+00
4.7167968750000000e-01 4.2300641657391074e+00
4.7363281250000000e-01 4.2543395657202154e+00
4.7558593750000000e-01 4.2769893761129207e+00
4.7753906250000000e-01 4.2979899007360709e+00
4.7949218750000000e-01 4.3173191190258882e+00
4.8144531250000000e-01 4.3349567207409487e+00
4.8339843750000000e-01 4.3508841380293442e+00
4.8535156250000000e-01 4.3650845747928759e+00
4.8730468750000000e-01 4.3775430332884575e+00
4.8925781250000000e-01 4.3882463379125625e+00
4.9121093750000000e-01 4.3971831561201169e+00
4.9316406250000000e-01 4.4043440164351404e+00
4.9511718750000000e-01 4.4097213235163020e+00
4.9707031250000000e-01 4.4133093702465480e+00
4.9902343750000000e-01 4.4151043468220790e+00
5.0097656250000000e-01 4.4151043468220150e+00
5.0292968750000000e-01 4.4133093702463571e+00
5.0488281250000000e-01 4.4097213235159849e+00
5.0683593750000000e-01 4.4043440164346981e+00
5.0878906250000000e-01 4.3971831561195573e+00
5.1074218750000000e-01 4.3882463379118866e+00
5.1269531250000000e-01 4.3775430332876679e+00
5.1464843750000000e-01 4.3650845747919771e+00
5.1660156250000000e-01 4.3508841380283449e+00
5.1855468750000000e-01 4.3349567207398509e+00
5.2050781250000000e-01 4.3173191190247016e+00
5.2246093750000000e-01 4.2979899007348079e+00
5.2441406250000000e-01 4.2769893761115876e+00
5.2636718750000000e-01 4.2543395657188210e+00
5.2832031250000000e-01 4.2300641657376641e+00
5.3027343750000000e-01 4.2041885106942996e+00
5.3222656250000000e-01 4.1767395336957502e+00
5.3417968750000000e-01 4.1477457242541993e+00
5.3613281250000000e-01 4.1172370837849863e+00
5.3808593750000000e-01 4.0852450788678301e+00
5.4003906250000000e-01 4.0518025923651608e+00
5.4199218750000000e-01 4.0169438724954807e+00
5.4394531250000000e-01 3.9807044799635181e+00
5.4589843750000000e-01 3.9431212332524228e+00
5.4785156250000000e-01 3.9042321521866787e+00
5.4980468750000000e-01 3.8640763998774337e+00
5.5175781250000000e-01 3.8226942231646728e+00
5.5371093750000000e-01 3.7801268916732815e+00
5.5566406250000000e-01 3.7364166356022550e+00
5.5761718750000000e-01 3.6916065823682436e+00
5.5957031250000000e-01 3.6457406922263846e+00
5.6152343750000000e-01 3.5988636929926869e+00
5.6347656250000000e-01 3.5510210139933864e+00
5.6542968750000000e-01 3.5022587193675130e+00
5.6738281250000000e-01 3.4526234408494116e+00
5.6933593750000000e-01 3.4021623101582308e+00
5.7128906250000000e-01 3.3509228911213027e+00
5.7324218750000000e-01 3.2989531116580406e+00
5.7519531250000000e-01 3.2463011957503416e+00
5.7714843750000000e-01 3.1930155955245638e+00
5.7910156250000000e-01 3.1391449235690252e+00
5.8105468750000000e-01 3.0847378856094125e+00
5.8300781250000000e-01 3.0298432136629332e+00
5.8496093750000000e-01 2.9745095997898909e+00
5.8691406250000000e-01 2.9187856305592743e+00
5.8886718750000000e-01 2.8627197223423830e+00
5.9082031250000000e-01 2.8063600575458545e+00
5.9277343750000000e-01 2.7497545218924766e+00
5.9472656250000000e-01 2.6929506428550241e+00
5.9667968750000000e-01 2.6359955293449877e+00
5.9863281250000000e-01 2.5789358127544633e+00
6.0058593750000000e-01 2.5218175894457278e+00
6.0253906250000000e-01 2.4646863647790793e+00
6.0449218750000000e-01 2.4075869987653813e+00
6.0644531250000000e-01 2.3505636534255423e+00
6.0839843750000000e-01 2.2936597419346634e+00
6.1035156250000000e-01 2.2369178796241238e+00
6.1230468750000000e-01 2.1803798369101637e+00
6.1425781250000000e-01 2.1240864942127722e+00
6.1621093750000000e-01 2.0680777989238162e+00
6.1816406250000000e-01 2.0123927244784006e+00
6.2011718750000000e-01 1.9570692315784728e+00
6.2207031250000000e-01 1.9021442316125519e+00
6.2402343750000000e-01 1.8476535523104245e+00
6.2597656250000000e-01 1.7936319056664816e+00
6.2792968750000000e-01 1.7401128581602052e+00
6.2988281250000000e-01 1.6871288032972138e+00
6.3183593750000000e-01 1.6347109364890811e+00
6.3378906250000000e-01 1.5828892322850467e+00
6.3574218750000000e-01 1.5316924239636633e+00
6.3769531250000000e-01 1.4811479854873795e+00
6.3964843750000000e-01 1.4312821158180817e+00
6.4160156250000000e-01 1.3821197255867226e+00
6.4355468750000000e-01 1.3336844261053502e+00
6.4550781250000000e-01 1.2859985207050966e+00
6.4746093750000000e-01 1.2390829983791007e+00
6.4941406250000000e-01 1.1929575297047987e+00
6.5136718750000000e-01 1.1476404650156595e+00
6.5332031250000000e-01 1.1031488347881653e+00
6.5527343750000000e-01 1.0594983522057484e+00
6.5722656250000000e-01 1.0167034178574264e+00
6.5917968750000000e-01 9.7477712652507509e-01
6.6113281250000000e-01 9.3373127600965622e-01
6.6308593750000000e-01 8.9357637794322753e-01
6.6503906250000000e-01 8.5432167053030572e-01
6.6699218750000000e-01 8.1597513315902381e-01
6.6894531250000000e-01 7.7854350281962548e-01
6.7089843750000000e-01 7.4203229226510692e-01
6.7285156250000000e-01 7.0644580984629923e-01
6.7480468750000000e-01 6.7178718095134060e-01
6.7675781250000000e-01 6.3805837097739704e-01
6.7871093750000000e-01 6.0526020976052342e-01
6.8066406250000000e-01 5.7339241738788438e-01
6.8261718750000000e-01 5.4245363131502289e-01
6.8457031250000000e-01 5.1244143470956927e-01
6.8652343750000000e-01 4.8335238594169350e-01
6.8847656250000000e-01 4.5518204914070592e-01
6.9042968750000000e-01 4.2792502573653807e-01
6.9238281250000000e-01 4.0157498690434223e-01
6.9433593750000000e-01 3.7612470683017790e-01
6.9628906250000000e-01 3.5156609671565975e-01
6.9824218750000000e-01 3.2789023943955709e-01
7.0019531250000000e-01 3.0508742479463258e-01
7.0214843750000000e-01 2.8314718521849014e-01
7.0410156250000000e-01 2.6205833193787337e-01
7.0605468750000000e-01 2.4180899144669227e-01
7.0800781250000000e-01 2.2238664223907337e-01
7.0996093750000000e-01 2.0377815171989791e-01
7.1191406250000000e-01 1.8596981321663336e-01
7.1386718750000000e-01 1.6894738301774806e-01
7.1582031250000000e-01 1.5269611736462602e-01
7.1777343750000000e-01 1.3720080932567227e-01
7.1972656250000000e-01 1.2244582548319406e-01
7.2167968750000000e-01 1.0841514236566835e-01
7.2363281250000000e-01 9.5092382560138841e-02
7.2558593750000000e-01 8.2460850441732458e-02
7.2753906250000000e-01 7.0503567459626618e-02
7.2949218750000000e-01 5.9203306921233233e-02
7.3144531250000000e-01 4.8542628218881459e-02
7.3339843750000000e-01 3.8503910445873278e-02
7.3535156250000000e-01 2.9069385351441858e-02
7.3730468750000000e-01 2.0221169586859968e-02
7.3925781250000000e-01 1.1941296197708468e-02
7.4121093750000000e-01 4.2117453201225060e-03
7.4316406250000000e-01 -2.9855259583282845e-03
7.4511718750000000e-01 -9.6685546096047584e-03
7.4707031250000000e-01 -1.5855343581606233e-02
7.4902343750000000e-01 -2.1563834650728711e-02
7.5097656250000000e-01 -2.6811882238388436e-02
7.5292968750000000e-01 -3.1617228216439960e-02
7.5488281250000000e-01 -3.5997477723545244e-02
7.5683593750000000e-01 -3.9970076011698358e-02
7.5878906250000000e-01 -4.3552286339285318e-02
7.6074218750000000e-01 -4.6761168924269174e-02
7.6269531250000000e-01 -4.9613560968339090e-02
7.6464843750000000e-01 -5.2126057760160258e-02
7.6660156250000000e-01 -5.4314994863210474e-02
7.6855468750000000e-01 -5.6196431391096417e-02
7.7050781250000000e-01 -5.7786134370714948e-02
7.7246093750000000e-01 -5.9099564191162621e-02
7.7441406250000000e-01 -6.0151861133910987e-02
7.7636718750000000e-01 -6.0957832977454246e-02
7.7832031250000000e-01 -6.1531943667407919e-02
7.8027343750000000e-01 -6.1888303040893898e-02
7.8222656250000000e-01 -6.2040657591992600e-02
7.8417968750000000e-01 -6.2002382263079456e-02
7.8613281250000000e-01 -6.1786473244994200e-02
7.8808593750000000e-01 -6.1405541767218373e-02
7.9003906250000000e-01 -6.0871808857563409e-02
7.9199218750000000e-01 -6.0197101049295841e-02
7.9394531250000000e-01 -5.9392847012156566e-02
7.9589843750000000e-01 -5.8470075082357846e-02
7.9785156250000000e-01 -5.7439411665377832e-02
7.9980468750000000e-01 -5.6311080484207257e-02
8.0175781250000000e-01 -5.5094902644644332e-02
8.0371093750000000e-01 -5.3800297488277068e-02
8.0566406250000000e-01 -5.2436284202939061e-02
8.0761718750000000e-01 -5.1011484159673409e-02
8.0957031250000000e-01 -4.9534123944588809e-02
8.1152343750000000e-01 -4.8012039053441050e-02
8.1347656250000000e-01 -4.6452678216320521e-02
8.1542968750000000e-01 -4.4863108319469366e-02
8.1738281250000000e-01 -4.3250019890989713e-02
8.1933593750000000e-01 -4.1619733117033618e-02
8.2128906250000000e-01 -3.9978204354984073e-02
8.2324218750000000e-01 -3.8331033110142076e-02
8.2519531250000000e-01 -3.6683469442524139e-02
8.2714843750000000e-01 -3.5040421770544838e-02
8.2910156250000000e-01 -3.3406465038607461e-02
8.3105468750000000e-01 -3.1785849215948431e-02
8.3300781250000000e-01 -3.0182508094474619e-02
8.3496093750000000e-01 -2.8600068353795020e-02
8.3691406250000000e-01 -2.7041858862173161e-02
8.3886718750000000e-01 -2.5510920182713240e-02
8.4082031250000000e-01 -2.4010014254735496e-02
8.4277343750000000e-01 -2.2541634220992333e-02
8.4472656250000000e-01 -2.1108014372121744e-02
8.4667968750000000e-01 -1.9711140180524837e-02
8.4863281250000000e-01 -1.8352758396686365e-02
8.5058593750000000e-01 -1.7034387181826795e-02
8.5253906250000000e-01 -1.5757326251677917e-02
8.5449218750000000e-01 -1.4522667007107923e-02
8.5644531250000000e-01 -1.3331302628281944e-02
8.5839843750000000e-01 -1.2183938110026720e-02
8.6035156250000000e-01 -1.1081100217070265e-02
8.6230468750000000e-01 -1.0023147338844478e-02
8.6425781250000000e-01 -9.0102792245685265e-03
8.6621093750000000e-01 -8.0425465803683795e-03
8.6816406250000000e-01 -7.1198605112317006e-03
8.7011718750000000e-01 -6.2420017916425307e-03
8.7207031250000000e-01 -5.4086299497849242e-03
8.7402343750000000e-01 -4.6192921512450743e-03
8.7597656250000000e-01 -3.8734318691754335e-03
8.7792968750000000e-01 -3.1703973289085655e-03
8.7988281250000000e-01 -2.5094497160204070e-03
8.8183593750000000e-01 -1.8897711378404011e-03
8.8378906250000000e-01 -1.3104723293864433e-03
8.8574218750000000e-01 -7.7060009566414563e-04
8.8769531250000000e-01 -2.6914448321037977e-04
8.8964843750000000e-01 1.9495432532159576e-04
8.9160156250000000e-01 6.2279939884546116e-04
8.9355468750000000e-01 1.0155307322373939e-03
8.9550781250000000e-01 1.3743192110491887e-03
8.9746093750000000e-01 1.7003608693349332e-03
8.9941406250000000e-01 1.9948714426081915e-03
9.0136718750000000e-01 2.2590812171989112e-03
9.0332031250000000e-01 2.4942301765636570e-03
9.0527343750000000e-01 2.7015634444201584e-03
9.0722656250000000e-01 2.8823270239279712e-03
9.0917968750000000e-01 3.0377638315219023e-03
9.1113281250000000e-01 3.1691100234239418e-03
9.1308593750000000e-01 3.2775916123131345e-03
9.1503906250000000e-01 3.3644213711210478e-03
9.1699218750000000e-01 3.4307960204433296e-03
9.1894531250000000e-01 3.4778936956151060e-03
9.2089843750000000e-01 3.5068716890893485e-03
9.2285156250000000e-01 3.5188644633825992e-03
9.2480468750000000e-01 3.5149819295109790e-03
9.2675781250000000e-01 3.4963079855306911e-03
9.2871093750000000e-01 3.4638993095207561e-03
9.3066406250000000e-01 3.4187844011005020e-03
9.3261718750000000e-01 3.3619628653597205e-03
9.3457031250000000e-01 3.2944049328944834e-03
9.3652343750000000e-01 3.2170512094852801e-03
9.3847656250000000e-01 3.1308126488254853e-03
9.4042968750000000e-01 3.0365707416059990e-03
9.4238281250000000e-01 2.9351779141849918e-03
9.4433593750000000e-01 2.8274581300188738e-03
9.4628906250000000e-01 2.7142076870004480e-03
9.4824218750000000e-01 2.5961962038414570e-03
9.5019531250000000e-01 2.4741677886477680e-03
9.5214843750000000e-01 2.3488423828649067e-03
9.5410156250000000e-01 2.2209172738178640e-03
9.5605468750000000e-01 2.0910687691303833e-03
9.5800781250000000e-01 1.9599540263837345e-03
9.5996093750000000e-01 1.8282130314611423e-03
9.6191406250000000e-01 1.6964707191200949e-03
9.6386718750000000e-01 1.5653392294382926e-03
9.6582031250000000e-01 1.4354202938882345e-03
9.6777343750000000e-01 1.3073077449079317e-03
9.6972656250000000e-01 1.1815901429487834e-03
9.7167968750000000e-01 1.0588535150936366e-03
9.7363281250000000e-01 9.3968419944588199e-04
9.7558593750000000e-01 8.2467178959122662e-04
9.7753906250000000e-01 7.1441217352447993e-04
9.7949218750000000e-01 6.0951066151098104e-04
9.8144531250000000e-01 5.1058519741263109e-04
9.8339843750000000e-01 4.1826964804801133e-04
9.8535156250000000e-01 3.3321716517058133e-04
9.8730468750000000e-01 2.5610361463388327e-04
9.8925781250000000e-01 1.8763106726308207e-04
9.9121093750000000e-01 1.2853134586257399e-04
9.9316406250000000e-01 7.9569622653873797e-05
9.9511718750000000e-01 4.1548061250007246e-05
9.9707031250000000e-01 1.5309497025022595e-05
9.9902343750000000e-01 1.7411494221443997e-06
1.0000000000000000e+00 0.0000000000000000e+00
