# MMS4TBGC Gaussian-pulse profile
# sample = 4  tau = 5.0000000000000001e-03  bv = 1.0000000000000000e-03  nx = 512
# xi phi
0.0000000000000000e+00 0.0000000000000000e+00
9.7656250000000000e-04 -4.4850505470130197e-06
2.9296875000000000e-03 -3.9640594410351506e-05
4.8828125000000000e-03 -1.0816166962764130e-04
6.8359375000000000e-03 -2.0831207793258085e-04
8.7890625000000000e-03 -3.3847515770968979e-04
1.0742187500000000e-02 -4.9714660088643085e-04
1.2695312500000000e-02 -6.8292741484343028e-04
1.4648437500000000e-02 -8.9451702832943098e-04
1.6601562500000000e-02 -1.1307065399050076e-03
1.8554687500000000e-02 -1.3903721070520059e-03
2.0507812500000000e-02 -1.6724684737668230e-03
2.2460937500000000e-02 -1.9760226341981992e-03
2.4414062500000000e-02 -2.3001276296881769e-03
2.6367187500000000e-02 -2.6439364764225771e-03
2.8320312500000000e-02 -3.0066562207897714e-03
3.0273437500000000e-02 -3.3875421194789670e-03
3.2226562500000000e-02 -3.7858919413176666e-03
3.4179687500000000e-02 -4.2010403878482089e-03
3.6132812500000000e-02 -4.6323536296723426e-03
3.8085937500000000e-02 -5.0792239556470701e-03
4.0039062500000000e-02 -5.5410645320917813e-03
4.1992187500000000e-02 -6.0173042692634746e-03
4.3945312500000000e-02 -6.5073827924710453e-03
4.5898437500000000e-02 -7.0107455153291661e-03
4.7851562500000000e-02 -7.5268388127952366e-03
4.9804687500000000e-02 -8.0551052917873772e-03
5.1757812500000000e-02 -8.5949791573457866e-03
5.3710937500000000e-02 -9.1458816724728654e-03
5.5664062500000000e-02 -9.7072167099672372e-03
5.7617187500000000e-02 -1.0278366394752790e-02
5.9570312500000000e-02 -1.0858686835394307e-02
6.1523437500000000e-02 -1.1447503943685468e-02
6.3476562500000000e-02 -1.2044109341391912e-02
6.5429687500000000e-02 -1.2647756353430770e-02
6.7382812500000000e-02 -1.3257656086967886e-02
6.9335937500000000e-02 -1.3872973596113834e-02
7.1289062500000000e-02 -1.4492824132099600e-02
7.3242187500000000e-02 -1.5116269479011315e-02
7.5195312500000000e-02 -1.5742314375359941e-02
7.7148437500000000e-02 -1.6369903021957167e-02
7.9101562500000000e-02 -1.6997915676759616e-02
8.1054687500000000e-02 -1.7625165337532982e-02
8.3007812500000000e-02 -1.8250394513371897e-02
8.4960937500000000e-02 -1.8872272086292323e-02
8.6914062500000000e-02 -1.9489390264289114e-02
8.8867187500000000e-02 -2.0100261627422587e-02
9.0820312500000000e-02 -2.0703316268663282e-02
9.2773437500000000e-02 -2.1296899031384250e-02
9.4726562500000000e-02 -2.1879266845543636e-02
9.6679687500000000e-02 -2.2448586164747753e-02
9.8632812500000000e-02 -2.3002930506524875e-02
1.0058593750000000e-01 -2.3540278098273901e-02
1.0253906250000000e-01 -2.4058509631477196e-02
1.0449218750000000e-01 -2.4555406126885410e-02
1.0644531250000000e-01 -2.5028646913492027e-02
1.0839843750000000e-01 -2.5475807724217113e-02
1.1035156250000000e-01 -2.5894358911313125e-02
1.1230468750000000e-01 -2.6281663784589647e-02
1.1425781250000000e-01 -2.6634977075629659e-02
1.1621093750000000e-01 -2.6951443531235457e-02
1.1816406250000000e-01 -2.7228096639399065e-02
1.2011718750000000e-01 -2.7461857491138660e-02
1.2207031250000000e-01 -2.7649533781578896e-02
1.2402343750000000e-01 -2.7787818953680068e-02
1.2597656250000000e-01 -2.7873291488036963e-02
1.2792968750000000e-01 -2.7902414342173960e-02
1.2988281250000000e-01 -2.7871534542758116e-02
1.3183593750000000e-01 -2.7776882934136382e-02
1.3378906250000000e-01 -2.7614574086576114e-02
1.3574218750000000e-01 -2.7380606367550703e-02
1.3769531250000000e-01 -2.7070862179363483e-02
1.3964843750000000e-01 -2.6681108366342549e-02
1.4160156250000000e-01 -2.6206996794768511e-02
1.4355468750000000e-01 -2.5644065108614514e-02
1.4550781250000000e-01 -2.4987737664083763e-02
1.4746093750000000e-01 -2.4233326645825132e-02
1.4941406250000000e-01 -2.3376033367590626e-02
1.5136718750000000e-01 -2.2410949759970756e-02
1.5332031250000000e-01 -2.1333060047705098e-02
1.5527343750000000e-01 -2.0137242618915179e-02
1.5722656250000000e-01 -1.8818272088445415e-02
1.5917968750000000e-01 -1.7370821557326124e-02
1.6113281250000000e-01 -1.5789465070189627e-02
1.6308593750000000e-01 -1.4068680272276531e-02
1.6503906250000000e-01 -1.2202851267465929e-02
1.6699218750000000e-01 -1.0186271678548488e-02
1.6894531250000000e-01 -8.0131479107374264e-03
1.7089843750000000e-01 -5.6776026191781509e-03
1.7285156250000000e-01 -3.1736783809737401e-03
1.7480468750000000e-01 -4.9534157199082531e-04
1.7675781250000000e-01 2.3635135515514549e-03
1.7871093750000000e-01 5.4090605669769223e-03
1.8066406250000000e-01 8.6475363950782834e-03
1.8261718750000000e-01 1.2085236606905792e-02
1.8457031250000000e-01 1.5728510528544622e-02
1.8652343750000000e-01 1.9583756145307895e-02
1.8847656250000000e-01 2.3657414807079166e-02
1.9042968750000000e-01 2.7955965736852127e-02
1.9238281250000000e-01 3.2485920344833441e-02
1.9433593750000000e-01 3.7253816350799940e-02
1.9628906250000000e-01 4.2266211717728659e-02
1.9824218750000000e-01 4.7529678400052087e-02
2.0019531250000000e-01 5.3050795910226510e-02
2.0214843750000000e-01 5.8836144707640793e-02
2.0410156250000000e-01 6.4892299414234217e-02
2.0605468750000000e-01 7.1225821861534991e-02
2.0800781250000000e-01 7.7843253974176005e-02
2.0996093750000000e-01 8.4751110495287996e-02
2.1191406250000000e-01 9.1955871559515900e-02
2.1386718750000000e-01 9.9463975119747111e-02
2.1582031250000000e-01 1.0728180923398299e-01
2.1777343750000000e-01 1.1541570421912535e-01
2.1972656250000000e-01 1.2387192467878572e-01
2.2167968750000000e-01 1.3265666141256013e-01
2.2363281250000000e-01 1.4177602321454083e-01
2.2558593750000000e-01 1.5123602856916124e-01
2.2753906250000000e-01 1.6104259725278944e-01
2.2949218750000000e-01 1.7120154184979750e-01
2.3144531250000000e-01 1.8171855919214033e-01
2.3339843750000000e-01 1.9259922173177565e-01
2.3535156250000000e-01 2.0384896885554499e-01
2.3730468750000000e-01 2.1547309815241822e-01
2.3925781250000000e-01 2.2747675664327083e-01
2.4121093750000000e-01 2.3986493198362996e-01
2.4316406250000000e-01 2.5264244365006638e-01
2.4511718750000000e-01 2.6581393412115317e-01
2.4707031250000000e-01 2.7938386006413279e-01
2.4902343750000000e-01 2.9335648353864990e-01
2.5097656250000000e-01 3.0773586322909963e-01
2.5292968750000000e-01 3.2252584571733056e-01
2.5488281250000000e-01 3.3773005680761103e-01
2.5683593750000000e-01 3.5335189291591212e-01
2.5878906250000000e-01 3.6939451253570987e-01
2.6074218750000000e-01 3.8586082779262354e-01
2.6269531250000000e-01 4.0275349610031125e-01
2.6464843750000000e-01 4.2007491193013496e-01
2.6660156250000000e-01 4.3782719870716891e-01
2.6855468750000000e-01 4.5601220084518279e-01
2.7050781250000000e-01 4.7463147593325716e-01
2.7246093750000000e-01 4.9368628708670570e-01
2.7441406250000000e-01 5.1317759547496633e-01
2.7636718750000000e-01 5.3310605303910163e-01
2.7832031250000000e-01 5.5347199541150049e-01
2.8027343750000000e-01 5.7427543505030310e-01
2.8222656250000000e-01 5.9551605460098755e-01
2.8417968750000000e-01 6.1719320049744497e-01
2.8613281250000000e-01 6.3930587681474227e-01
2.8808593750000000e-01 6.6185273938562628e-01
2.9003906250000000e-01 6.8483209019263636e-01
2.9199218750000000e-01 7.0824187204752220e-01
2.9394531250000000e-01 7.3207966356943166e-01
2.9589843750000000e-01 7.5634267447311199e-01
2.9785156250000000e-01 7.8102774117810148e-01
2.9980468750000000e-01 8.0613132274962629e-01
3.0175781250000000e-01 8.3164949718161041e-01
3.0371093750000000e-01 8.5757795803189008e-01
3.0566406250000000e-01 8.8391201141939513e-01
3.0761718750000000e-01 9.1064657339269361e-01
3.0957031250000000e-01 9.3777616767892913e-01
3.1152343750000000e-01 9.6529492382177651e-01
3.1347656250000000e-01 9.9319657571663167e-01
3.1542968750000000e-01 1.0214744605508175e+00
3.1738281250000000e-01 1.0501215181561390e+00
3.1933593750000000e-01 1.0791302907806539e+00
3.2128906250000000e-01 1.1084929232860359e+00
3.2324218750000000e-01 1.1382011637764089e+00
3.2519531250000000e-01 1.1682463646640247e+00
3.2714843750000000e-01 1.1986194841766071e+00
3.2910156250000000e-01 1.2293110883106546e+00
3.3105468750000000e-01 1.2603113532344372e+00
3.3300781250000000e-01 1.2916100681438250e+00
3.3496093750000000e-01 1.3231966385735527e+00
3.3691406250000000e-01 1.3550600901658858e+00
3.3886718750000000e-01 1.3871890728980578e+00
3.4082031250000000e-01 1.4195718657692602e+00
3.4277343750000000e-01 1.4521963819473149e+00
3.4472656250000000e-01 1.4850501743745472e+00
3.4667968750000000e-01 1.5181204418317320e+00
3.4863281250000000e-01 1.5513940354583555e+00
3.5058593750000000e-01 1.5848574657267782e+00
3.5253906250000000e-01 1.6184969098672373e+00
3.5449218750000000e-01 1.6522982197399918e+00
3.5644531250000000e-01 1.6862469301502174e+00
3.5839843750000000e-01 1.7203282676006777e+00
3.6035156250000000e-01 1.7545271594764567e+00
3.6230468750000000e-01 1.7888282436554637e+00
3.6425781250000000e-01 1.8232158785377282e+00
3.6621093750000000e-01 1.8576741534858778e+00
3.6816406250000000e-01 1.8921868996685447e+00
3.7011718750000000e-01 1.9267377012978151e+00
3.7207031250000000e-01 1.9613099072512274e+00
3.7402343750000000e-01 1.9958866430681705e+00
3.7597656250000000e-01 2.0304508233099687e+00
3.7792968750000000e-01 2.0649851642723118e+00
3.7988281250000000e-01 2.0994721970381116e+00
3.8183593750000000e-01 2.1338942808583239e+00
3.8378906250000000e-01 2.1682336168476506e+00
3.8574218750000000e-01 2.2024722619815549e+00
3.8769531250000000e-01 2.2365921433804687e+00
3.8964843750000000e-01 2.2705750728665506e+00
3.9160156250000000e-01 2.3044027617778835e+00
3.9355468750000000e-01 2.3380568360244975e+00
3.9550781250000000e-01 2.3715188513701779e+00
3.9746093750000000e-01 2.4047703089235535e+00
3.9941406250000000e-01 2.4377926708215667e+00
4.0136718750000000e-01 2.4705673760880309e+00
4.0332031250000000e-01 2.5030758566496081e+00
4.0527343750000000e-01 2.5352995534911869e+00
4.0722656250000000e-01 2.5672199329323502e+00
4.0917968750000000e-01 2.5988185030062905e+00
4.1113281250000000e-01 2.6300768299222756e+00
4.1308593750000000e-01 2.6609765545925415e+00
4.1503906250000000e-01 2.6914994092042290e+00
4.1699218750000000e-01 2.7216272338168510e+00
4.1894531250000000e-01 2.7513419929655587e+00
4.2089843750000000e-01 2.7806257922503828e+00
4.2285156250000000e-01 2.8094608948914992e+00
4.2480468750000000e-01 2.8378297382305058e+00
4.2675781250000000e-01 2.8657149501576455e+00
4.2871093750000000e-01 2.8930993654448907e+00
4.3066406250000000e-01 2.9199660419648388e+00
4.3261718750000000e-01 2.9462982767753787e+00
4.3457031250000000e-01 2.9720796220501859e+00
4.3652343750000000e-01 2.9972939008352117e+00
4.3847656250000000e-01 3.0219252226114346e+00
4.4042968750000000e-01 3.0459579986443388e+00
4.4238281250000000e-01 3.0693769571007703e+00
4.4433593750000000e-01 3.0921671579140257e+00
4.4628906250000000e-01 3.1143140073782902e+00
4.4824218750000000e-01 3.1358032724538556e+00
4.5019531250000000e-01 3.1566210947647670e+00
4.5214843750000000e-01 3.1767540042710274e+00
4.5410156250000000e-01 3.1961889325977073e+00
4.5605468750000000e-01 3.2149132260037971e+00
4.5800781250000000e-01 3.2329146579740216e+00
4.5996093750000000e-01 3.2501814414173036e+00
4.6191406250000000e-01 3.2667022404560018e+00
4.6386718750000000e-01 3.2824661817905780e+00
4.6582031250000000e-01 3.2974628656248570e+00
4.6777343750000000e-01 3.3116823761375875e+00
4.6972656250000000e-01 3.3251152914865743e+00
4.7167968750000000e-01 3.3377526933322561e+00
4.7363281250000000e-01 3.3495861758681742e+00
4.7558593750000000e-01 3.3606078543464957e+00
4.7753906250000000e-01 3.3708103730872674e+00
4.7949218750000000e-01 3.3801869129608777e+00
4.8144531250000000e-01 3.3887311983337942e+00
4.8339843750000000e-01 3.3964375034683996e+00
4.8535156250000000e-01 3.4033006583684227e+00
4.8730468750000000e-01 3.4093160540622116e+00
4.8925781250000000e-01 3.4144796473168459e+00
4.9121093750000000e-01 3.4187879647767989e+00
4.9316406250000000e-01 3.4222381065216556e+00
4.9511718750000000e-01 3.4248277490381471e+00
4.9707031250000000e-01 3.4265551476025489e+00
4.9902343750000000e-01 3.4274191380702637e+00
5.0097656250000000e-01 3.4274191380701913e+00
5.0292968750000000e-01 3.4265551476023357e+00
5.0488281250000000e-01 3.4248277490377923e+00
5.0683593750000000e-01 3.4222381065211631e+00
5.0878906250000000e-01 3.4187879647761714e+00
5.1074218750000000e-01 3.4144796473160848e+00
5.1269531250000000e-01 3.4093160540613199e+00
5.1464843750000000e-01 3.4033006583674048e+00
5.1660156250000000e-01 3.3964375034672609e+00
5.1855468750000000e-01 3.3887311983325383e+00
5.2050781250000000e-01 3.3801869129595108e+00
5.2246093750000000e-01 3.3708103730857979e+00
5.2441406250000000e-01 3.3606078543449316e+00
5.2636718750000000e-01 3.3495861758665226e+00
5.2832031250000000e-01 3.3377526933305219e+00
5.3027343750000000e-01 3.3251152914847633e+00
5.3222656250000000e-01 3.3116823761357019e+00
5.3417968750000000e-01 3.2974628656228928e+00
5.3613281250000000e-01 3.2824661817885361e+00
5.3808593750000000e-01 3.2667022404538781e+00
5.4003906250000000e-01 3.2501814414150934e+00
5.4199218750000000e-01 3.2329146579717194e+00
5.4394531250000000e-01 3.2149132260014008e+00
5.4589843750000000e-01 3.1961889325952186e+00
5.4785156250000000e-01 3.1767540042684428e+00
5.4980468750000000e-01 3.1566210947620856e+00
5.5175781250000000e-01 3.1358032724510791e+00
5.5371093750000000e-01 3.1143140073754192e+00
5.5566406250000000e-01 3.0921671579110606e+00
5.5761718750000000e-01 3.0693769570977154e+00
5.5957031250000000e-01 3.0459579986411969e+00
5.6152343750000000e-01 3.0219252226082096e+00
5.6347656250000000e-01 2.9972939008319077e+00
5.6542968750000000e-01 2.9720796220468051e+00
5.6738281250000000e-01 2.9462982767719277e+00
5.6933593750000000e-01 2.9199660419613260e+00
5.7128906250000000e-01 2.8930993654413255e+00
5.7324218750000000e-01 2.8657149501540360e+00
5.7519531250000000e-01 2.8378297382268602e+00
5.7714843750000000e-01 2.8094608948878239e+00
5.7910156250000000e-01 2.7806257922466826e+00
5.8105468750000000e-01 2.7513419929618377e+00
5.8300781250000000e-01 2.7216272338131104e+00
5.8496093750000000e-01 2.6914994092004703e+00
5.8691406250000000e-01 2.6609765545887663e+00
5.8886718750000000e-01 2.6300768299184853e+00
5.9082031250000000e-01 2.5988185030024886e+00
5.9277343750000000e-01 2.5672199329285417e+00
5.9472656250000000e-01 2.5352995534873775e+00
5.9667968750000000e-01 2.5030758566458040e+00
5.9863281250000000e-01 2.4705673760842393e+00
6.0058593750000000e-01 2.4377926708177919e+00
6.0253906250000000e-01 2.4047703089198031e+00
6.0449218750000000e-01 2.3715188513664591e+00
6.0644531250000000e-01 2.3380568360208152e+00
6.0839843750000000e-01 2.3044027617742442e+00
6.1035156250000000e-01 2.2705750728629606e+00
6.1230468750000000e-01 2.2365921433769329e+00
6.1425781250000000e-01 2.2024722619780808e+00
6.1621093750000000e-01 2.1682336168442449e+00
6.1816406250000000e-01 2.1338942808549941e+00
6.2011718750000000e-01 2.0994721970348635e+00
6.2207031250000000e-01 2.0649851642691512e+00
6.2402343750000000e-01 2.0304508233069014e+00
6.2597656250000000e-01 1.9958866430651965e+00
6.2792968750000000e-01 1.9613099072483484e+00
6.2988281250000000e-01 1.9267377012950293e+00
6.3183593750000000e-01 1.8921868996658502e+00
6.3378906250000000e-01 1.8576741534832730e+00
6.3574218750000000e-01 1.8232158785352084e+00
6.3769531250000000e-01 1.7888282436530263e+00
6.3964843750000000e-01 1.7545271594740999e+00
6.4160156250000000e-01 1.7203282675983995e+00
6.4355468750000000e-01 1.6862469301480154e+00
6.4550781250000000e-01 1.6522982197378637e+00
6.4746093750000000e-01 1.6184969098651800e+00
6.4941406250000000e-01 1.5848574657247900e+00
6.5136718750000000e-01 1.5513940354564348e+00
6.5332031250000000e-01 1.5181204418298746e+00
6.5527343750000000e-01 1.4850501743727507e+00
6.5722656250000000e-01 1.4521963819455768e+00
6.5917968750000000e-01 1.4195718657675775e+00
6.6113281250000000e-01 1.3871890728964296e+00
6.6308593750000000e-01 1.3550600901643131e+00
6.6503906250000000e-01 1.3231966385720348e+00
6.6699218750000000e-01 1.2916100681423615e+00
6.6894531250000000e-01 1.2603113532330290e+00
6.7089843750000000e-01 1.2293110883092999e+00
6.7285156250000000e-01 1.1986194841753033e+00
6.7480468750000000e-01 1.1682463646627708e+00
6.7675781250000000e-01 1.1382011637752021e+00
6.7871093750000000e-01 1.1084929232848733e+00
6.8066406250000000e-01 1.0791302907795326e+00
6.8261718750000000e-01 1.0501215181550554e+00
6.8457031250000000e-01 1.0214744605497694e+00
6.8652343750000000e-01 9.9319657571561781e-01
6.8847656250000000e-01 9.6529492382079507e-01
6.9042968750000000e-01 9.3777616767797844e-01
6.9238281250000000e-01 9.1064657339177291e-01
6.9433593750000000e-01 8.8391201141850351e-01
6.9628906250000000e-01 8.5757795803102677e-01
6.9824218750000000e-01 8.3164949718077419e-01
7.0019531250000000e-01 8.0613132274881616e-01
7.0214843750000000e-01 7.8102774117731755e-01
7.0410156250000000e-01 7.5634267447235493e-01
7.0605468750000000e-01 7.3207966356870080e-01
7.0800781250000000e-01 7.0824187204681766e-01
7.0996093750000000e-01 6.8483209019195923e-01
7.1191406250000000e-01 6.6185273938497713e-01
7.1386718750000000e-01 6.3930587681412188e-01
7.1582031250000000e-01 6.1719320049685344e-01
7.1777343750000000e-01 5.9551605460042534e-01
7.1972656250000000e-01 5.7427543504977052e-01
7.2167968750000000e-01 5.5347199541099590e-01
7.2363281250000000e-01 5.3310605303862402e-01
7.2558593750000000e-01 5.1317759547451458e-01
7.2753906250000000e-01 4.9368628708627860e-01
7.2949218750000000e-01 4.7463147593285288e-01
7.3144531250000000e-01 4.5601220084480010e-01
7.3339843750000000e-01 4.3782719870680642e-01
7.3535156250000000e-01 4.2007491192979163e-01
7.3730468750000000e-01 4.0275349609998595e-01
7.3925781250000000e-01 3.8586082779231523e-01
7.4121093750000000e-01 3.6939451253541744e-01
7.4316406250000000e-01 3.5335189291563468e-01
7.4511718750000000e-01 3.3773005680734741e-01
7.4707031250000000e-01 3.2252584571707948e-01
7.4902343750000000e-01 3.0773586322886004e-01
7.5097656250000000e-01 2.9335648353842136e-01
7.5292968750000000e-01 2.7938386006391425e-01
7.5488281250000000e-01 2.6581393412094384e-01
7.5683593750000000e-01 2.5264244364986649e-01
7.5878906250000000e-01 2.3986493198343886e-01
7.6074218750000000e-01 2.2747675664308836e-01
7.6269531250000000e-01 2.1547309815224419e-01
7.6464843750000000e-01 2.0384896885537918e-01
7.6660156250000000e-01 1.9259922173161764e-01
7.6855468750000000e-01 1.8171855919198976e-01
7.7050781250000000e-01 1.7120154184965397e-01
7.7246093750000000e-01 1.6104259725265244e-01
7.7441406250000000e-01 1.5123602856903018e-01
7.7636718750000000e-01 1.4177602321441518e-01
7.7832031250000000e-01 1.3265666141243965e-01
7.8027343750000000e-01 1.2387192467867007e-01
7.8222656250000000e-01 1.1541570421901440e-01
7.8417968750000000e-01 1.0728180923387659e-01
7.8613281250000000e-01 9.9463975119645165e-02
7.8808593750000000e-01 9.1955871559418326e-02
7.9003906250000000e-01 8.4751110495194751e-02
7.9199218750000000e-01 7.7843253974086923e-02
7.9394531250000000e-01 7.1225821861449989e-02
7.9589843750000000e-01 6.4892299414153268e-02
7.9785156250000000e-01 5.8836144707563875e-02
7.9980468750000000e-01 5.3050795910153513e-02
8.0175781250000000e-01 4.7529678399983025e-02
8.0371093750000000e-01 4.2266211717663545e-02
8.0566406250000000e-01 3.7253816350738815e-02
8.0761718750000000e-01 3.2485920344776334e-02
8.0957031250000000e-01 2.7955965736799062e-02
8.1152343750000000e-01 2.3657414807030149e-02
8.1347656250000000e-01 1.9583756145262907e-02
8.1542968750000000e-01 1.5728510528503655e-02
8.1738281250000000e-01 1.2085236606868808e-02
8.1933593750000000e-01 8.6475363950452439e-03
8.2128906250000000e-01 5.4090605669477676e-03
8.2324218750000000e-01 2.3635135515261449e-03
8.2519531250000000e-01 -4.9534157201234737e-04
8.2714843750000000e-01 -3.1736783809915344e-03
8.2910156250000000e-01 -5.6776026191922759e-03
8.3105468750000000e-01 -8.0131479107479406e-03
8.3300781250000000e-01 -1.0186271678555450e-02
8.3496093750000000e-01 -1.2202851267469393e-02
8.3691406250000000e-01 -1.4068680272276590e-02
8.3886718750000000e-01 -1.5789465070186328e-02
8.4082031250000000e-01 -1.7370821557319536e-02
8.4277343750000000e-01 -1.8818272088435600e-02
8.4472656250000000e-01 -2.0137242618902242e-02
8.4667968750000000e-01 -2.1333060047689086e-02
8.4863281250000000e-01 -2.2410949759951764e-02
8.5058593750000000e-01 -2.3376033367568789e-02
8.5253906250000000e-01 -2.4233326645800576e-02
8.5449218750000000e-01 -2.4987737664056611e-02
8.5644531250000000e-01 -2.5644065108584895e-02
8.5839843750000000e-01 -2.6206996794736502e-02
8.6035156250000000e-01 -2.6681108366308260e-02
8.6230468750000000e-01 -2.7070862179327020e-02
8.6425781250000000e-01 -2.7380606367512130e-02
8.6621093750000000e-01 -2.7614574086535521e-02
8.6816406250000000e-01 -2.7776882934093874e-02
8.7011718750000000e-01 -2.7871534542713780e-02
8.7207031250000000e-01 -2.7902414342127892e-02
8.7402343750000000e-01 -2.7873291487989366e-02
8.7597656250000000e-01 -2.7787818953631065e-02
8.7792968750000000e-01 -2.7649533781528669e-02
8.7988281250000000e-01 -2.7461857491087385e-02
8.8183593750000000e-01 -2.7228096639346912e-02
8.8378906250000000e-01 -2.6951443531182548e-02
8.8574218750000000e-01 -2.6634977075576168e-02
8.8769531250000000e-01 -2.6281663784535704e-02
8.8964843750000000e-01 -2.5894358911258870e-02
8.9160156250000000e-01 -2.5475807724162688e-02
8.9355468750000000e-01 -2.5028646913437546e-02
8.9550781250000000e-01 -2.4555406126831020e-02
8.9746093750000000e-01 -2.4058509631423034e-02
8.9941406250000000e-01 -2.3540278098220103e-02
9.0136718750000000e-01 -2.3002930506471571e-02
9.0332031250000000e-01 -2.2448586164695056e-02
9.0527343750000000e-01 -2.1879266845491636e-02
9.0722656250000000e-01 -2.1296899031333003e-02
9.0917968750000000e-01 -2.0703316268612861e-02
9.1113281250000000e-01 -2.0100261627373026e-02
9.1308593750000000e-01 -1.9489390264240441e-02
9.1503906250000000e-01 -1.8872272086244552e-02
9.1699218750000000e-01 -1.8250394513325052e-02
9.1894531250000000e-01 -1.7625165337487089e-02
9.2089843750000000e-01 -1.6997915676714697e-02
9.2285156250000000e-01 -1.6369903021913247e-02
9.2480468750000000e-01 -1.5742314375317052e-02
9.2675781250000000e-01 -1.5116269478969484e-02
9.2871093750000000e-01 -1.4492824132058872e-02
9.3066406250000000e-01 -1.3872973596074221e-02
9.3261718750000000e-01 -1.3257656086929442e-02
9.3457031250000000e-01 -1.2647756353393522e-02
9.3652343750000000e-01 -1.2044109341355901e-02
9.3847656250000000e-01 -1.1447503943650744e-02
9.4042968750000000e-01 -1.0858686835360903e-02
9.4238281250000000e-01 -1.0278366394720745e-02
9.4433593750000000e-01 -9.7072167099365881e-03
9.4628906250000000e-01 -9.1458816724436526e-03
9.4824218750000000e-01 -8.5949791573180362e-03
9.5019531250000000e-01 -8.0551052917611134e-03
9.5214843750000000e-01 -7.5268388127704674e-03
9.5410156250000000e-01 -7.0107455153058896e-03
9.5605468750000000e-01 -6.5073827924492685e-03
9.5800781250000000e-01 -6.0173042692431792e-03
9.5996093750000000e-01 -5.5410645320729491e-03
9.6191406250000000e-01 -5.0792239556296786e-03
9.6386718750000000e-01 -4.6323536296563588e-03
9.6582031250000000e-01 -4.2010403878336051e-03
9.6777343750000000e-01 -3.7858919413044129e-03
9.6972656250000000e-01 -3.3875421194670234e-03
9.7167968750000000e-01 -3.0066562207790980e-03
9.7363281250000000e-01 -2.6439364764131324e-03
9.7558593750000000e-01 -2.3001276296799101e-03
9.7753906250000000e-01 -1.9760226341910560e-03
9.7949218750000000e-01 -1.6724684737607434e-03
9.8144531250000000e-01 -1.3903721070469240e-03
9.8339843750000000e-01 -1.1307065399008521e-03
9.8535156250000000e-01 -8.9451702832612698e-04
9.8730468750000000e-01 -6.8292741484089444e-04
9.8925781250000000e-01 -4.9714660088457502e-04
9.9121093750000000e-01 -3.3847515770842057e-04
9.9316406250000000e-01 -2.0831207793179597e-04
9.9511718750000000e-01 -1.0816166962723193e-04
9.9707031250000000e-01 -3.9640594410201012e-05
9.9902343750000000e-01 -4.4850505469959265e-06
1.0000000000000000e+00 0.0000000000000000e+00
