# MMS4TBGC Gaussian-pulse profile
# sample = 3  tau = 3.7500000000000003e-03  bv = 1.0000000000000000e-03  nx = 512
# xi phi
0.0000000000000000e+00 0.0000000000000000e+00
9.7656250000000000e-04 2.2343437911361736e-07
2.9296875000000000e-03 1.7326387906407949e-06
4.8828125000000000e-03 4.0424681752252219e-06
6.8359375000000000e-03 6.4172324725295686e-06
8.7890625000000000e-03 8.1227068907820490e-06
1.0742187500000000e-02 8.4244520427292791e-06
1.2695312500000000e-02 6.5864627322343667e-06
1.4648437500000000e-02 1.8701201216462238e-06
1.6601562500000000e-02 -6.4665756826237082e-06
1.8554687500000000e-02 -1.9169513454741478e-05
2.0507812500000000e-02 -3.6988737941278951e-05
2.2460937500000000e-02 -6.0678493258593486e-05
2.4414062500000000e-02 -9.0997057959125871e-05
2.6367187500000000e-02 -1.2870638558994178e-04
2.8320312500000000e-02 -1.7457156315362328e-04
3.0273437500000000e-02 -2.2936009858760974e-04
3.2226562500000000e-02 -2.9384104719612297e-04
3.4179687500000000e-02 -3.6878398589219581e-04
3.6132812500000000e-02 -4.5495784312974357e-04
3.8085937500000000e-02 -5.5312959152116654e-04
4.0039062500000000e-02 -6.6406280933909421e-04
4.1992187500000000e-02 -7.8851611638634865e-04
4.3945312500000000e-02 -9.2724148908113451e-04
4.5898437500000000e-02 -1.0809824590402094e-03
4.7851562500000000e-02 -1.2504721989470306e-03
4.9804687500000000e-02 -1.4364314990605149e-03
5.1757812500000000e-02 -1.6395666373492420e-03
5.3710937500000000e-02 -1.8605671459219957e-03
5.5664062500000000e-02 -2.1001034761651055e-03
5.7617187500000000e-02 -2.3588245647868183e-03
5.9570312500000000e-02 -2.6373553028058165e-03
6.1523437500000000e-02 -2.9362939094021530e-03
6.3476562500000000e-02 -3.2562092124714124e-03
6.5429687500000000e-02 -3.5976378376843263e-03
6.7382812500000000e-02 -3.9610813078517649e-03
6.9335937500000000e-02 -4.3470030544266111e-03
7.1289062500000000e-02 -4.7558253430372947e-03
7.3242187500000000e-02 -5.1879261150404371e-03
7.5195312500000000e-02 -5.6436357472000043e-03
7.7148437500000000e-02 -6.1232337317458337e-03
7.9101562500000000e-02 -6.6269452792329549e-03
8.1054687500000000e-02 -7.1549378468134181e-03
8.3007812500000000e-02 -7.7073175947422329e-03
8.4960937500000000e-02 -8.2841257741668364e-03
8.6914062500000000e-02 -8.8853350494935996e-03
8.8867187500000000e-02 -9.5108457588834600e-03
9.0820312500000000e-02 -1.0160482116700491e-02
9.2773437500000000e-02 -1.0833988362020189e-02
9.4726562500000000e-02 -1.1531024857597060e-02
9.6679687500000000e-02 -1.2251164143992585e-02
9.8632812500000000e-02 -1.2993886953872385e-02
1.0058593750000000e-01 -1.3758578191795618e-02
1.0253906250000000e-01 -1.4544522885136734e-02
1.0449218750000000e-01 -1.5350902112100450e-02
1.0644531250000000e-01 -1.6176788913112267e-02
1.0839843750000000e-01 -1.7021144192188593e-02
1.1035156250000000e-01 -1.7882812615210662e-02
1.1230468750000000e-01 -1.8760518512344226e-02
1.1425781250000000e-01 -1.9652861792160494e-02
1.1621093750000000e-01 -2.0558313875322542e-02
1.1816406250000000e-01 -2.1475213656003272e-02
1.2011718750000000e-01 -2.2401763499495679e-02
1.2207031250000000e-01 -2.3336025284761634e-02
1.2402343750000000e-01 -2.4275916500941321e-02
1.2597656250000000e-01 -2.5219206407109580e-02
1.2792968750000000e-01 -2.6163512264818105e-02
1.2988281250000000e-01 -2.7106295653200812e-02
1.3183593750000000e-01 -2.8044858876644561e-02
1.3378906250000000e-01 -2.8976341475235864e-02
1.3574218750000000e-01 -2.9897716848386907e-02
1.3769531250000000e-01 -3.0805789002218909e-02
1.3964843750000000e-01 -3.1697189431437005e-02
1.4160156250000000e-01 -3.2568374146567936e-02
1.4355468750000000e-01 -3.3415620857548289e-02
1.4550781250000000e-01 -3.4235026324746169e-02
1.4746093750000000e-01 -3.5022503888572878e-02
1.4941406250000000e-01 -3.5773781188891400e-02
1.5136718750000000e-01 -3.6484398085455019e-02
1.5332031250000000e-01 -3.7149704790612796e-02
1.5527343750000000e-01 -3.7764860225495488e-02
1.5722656250000000e-01 -3.8324830610847974e-02
1.5917968750000000e-01 -3.8824388303600264e-02
1.6113281250000000e-01 -3.9258110890167640e-02
1.6308593750000000e-01 -3.9620380547343903e-02
1.6503906250000000e-01 -3.9905383681494905e-02
1.6699218750000000e-01 -4.0107110856576887e-02
1.6894531250000000e-01 -4.0219357021292777e-02
1.7089843750000000e-01 -4.0235722045458548e-02
1.7285156250000000e-01 -4.0149611575384395e-02
1.7480468750000000e-01 -3.9954238217776578e-02
1.7675781250000000e-01 -3.9642623061340469e-02
1.7871093750000000e-01 -3.9207597544909871e-02
1.8066406250000000e-01 -3.8641805680543206e-02
1.8261718750000000e-01 -3.7937706639615210e-02
1.8457031250000000e-01 -3.7087577709491809e-02
1.8652343750000000e-01 -3.6083517627905605e-02
1.8847656250000000e-01 -3.4917450301653670e-02
1.9042968750000000e-01 -3.3581128915713694e-02
1.9238281250000000e-01 -3.2066140438324335e-02
1.9433593750000000e-01 -3.0363910526996604e-02
1.9628906250000000e-01 -2.8465708839820192e-02
1.9824218750000000e-01 -2.6362654755800036e-02
2.0019531250000000e-01 -2.4045723507305151e-02
2.0214843750000000e-01 -2.1505752727035490e-02
2.0410156250000000e-01 -1.8733449411213601e-02
2.0605468750000000e-01 -1.5719397299986858e-02
2.0800781250000000e-01 -1.2454064675285847e-02
2.0996093750000000e-01 -8.9278125756223434e-03
2.1191406250000000e-01 -5.1309034265328750e-03
2.1386718750000000e-01 -1.0535100845770870e-03
2.1582031250000000e-01 3.3142747080111582e-03
2.1777343750000000e-01 7.9824284617481325e-03
2.1972656250000000e-01 1.2960988675967029e-02
2.2167968750000000e-01 1.8260042177944611e-02
2.2363281250000000e-01 2.3889714071365226e-02
2.2558593750000000e-01 2.9860156301268308e-02
2.2753906250000000e-01 3.6181535843500659e-02
2.2949218750000000e-01 4.2864022527574590e-02
2.3144531250000000e-01 4.9917776502716914e-02
2.3339843750000000e-01 5.7352935357777794e-02
2.3535156250000000e-01 6.5179600906553170e-02
2.3730468750000000e-01 7.3407825650956646e-02
2.3925781250000000e-01 8.2047598935353905e-02
2.4121093750000000e-01 9.1108832806245946e-02
2.4316406250000000e-01 1.0060134759234962e-01
2.4511718750000000e-01 1.1053485722097875e-01
2.4707031250000000e-01 1.2091895428747096e-01
2.4902343750000000e-01 1.3176309489523341e-01
2.5097656250000000e-01 1.4307658328479161e-01
2.5292968750000000e-01 1.5486855627102128e-01
2.5488281250000000e-01 1.6714796750851643e-01
2.5683593750000000e-01 1.7992357160579839e-01
2.5878906250000000e-01 1.9320390810980020e-01
2.6074218750000000e-01 2.0699728538276296e-01
2.6269531250000000e-01 2.2131176439435327e-01
2.6464843750000000e-01 2.3615514245246116e-01
2.6660156250000000e-01 2.5153493689674322e-01
2.6855468750000000e-01 2.6745836877956269e-01
2.7050781250000000e-01 2.8393234655951916e-01
2.7246093750000000e-01 3.0096344983326850e-01
2.7441406250000000e-01 3.1855791313180282e-01
2.7636718750000000e-01 3.3672160980778804e-01
2.7832031250000000e-01 3.5546003604094212e-01
2.8027343750000000e-01 3.7477829498878257e-01
2.8222656250000000e-01 3.9468108111036443e-01
2.8417968750000000e-01 4.1517266469088637e-01
2.8613281250000000e-01 4.3625687659523976e-01
2.8808593750000000e-01 4.5793709327873733e-01
2.9003906250000000e-01 4.8021622208335402e-01
2.9199218750000000e-01 5.0309668684787212e-01
2.9394531250000000e-01 5.2658041386031729e-01
2.9589843750000000e-01 5.5066881818102653e-01
2.9785156250000000e-01 5.7536279036457438e-01
2.9980468750000000e-01 6.0066268360863051e-01
3.0175781250000000e-01 6.2656830135759989e-01
3.0371093750000000e-01 6.5307888538863035e-01
3.0566406250000000e-01 6.8019310440723746e-01
3.0761718750000000e-01 7.0790904317942205e-01
3.0957031250000000e-01 7.3622419222670510e-01
3.1152343750000000e-01 7.6513543811002249e-01
3.1347656250000000e-01 7.9463905432785276e-01
3.1542968750000000e-01 8.2473069285335832e-01
3.1738281250000000e-01 8.5540537633464719e-01
3.1933593750000000e-01 8.8665749098154956e-01
3.2128906250000000e-01 9.1848078016152435e-01
3.2324218750000000e-01 9.5086833872649268e-01
3.2519531250000000e-01 9.8381260809150783e-01
3.2714843750000000e-01 1.0173053720852470e+00
3.2910156250000000e-01 1.0513377535913229e+00
3.3105468750000000e-01 1.0859002119983900e+00
3.3300781250000000e-01 1.1209825414759282e+00
3.3496093750000000e-01 1.1565738700914825e+00
3.3691406250000000e-01 1.1926626597839460e+00
3.3886718750000000e-01 1.2292367072062711e+00
3.4082031250000000e-01 1.2662831454497385e+00
3.4277343750000000e-01 1.3037884466606215e+00
3.4472656250000000e-01 1.3417384255587448e+00
3.4667968750000000e-01 1.3801182438660751e+00
3.4863281250000000e-01 1.4189124156520949e+00
3.5058593750000000e-01 1.4581048136012511e+00
3.5253906250000000e-01 1.4976786762063428e+00
3.5449218750000000e-01 1.5376166158902120e+00
3.5644531250000000e-01 1.5779006280566008e+00
3.5839843750000000e-01 1.6185121010695214e+00
3.6035156250000000e-01 1.6594318271589181e+00
3.6230468750000000e-01 1.7006400142488687e+00
3.6425781250000000e-01 1.7421162987029855e+00
3.6621093750000000e-01 1.7838397589801178e+00
3.6816406250000000e-01 1.8257889301918364e+00
3.7011718750000000e-01 1.8679418195516451e+00
3.7207031250000000e-01 1.9102759227042365e+00
3.7402343750000000e-01 1.9527682409215492e+00
3.7597656250000000e-01 1.9953952991507959e+00
3.7792968750000000e-01 2.0381331648980816e+00
3.7988281250000000e-01 2.0809574679296534e+00
3.8183593750000000e-01 2.1238434207713310e+00
3.8378906250000000e-01 2.1667658399850862e+00
3.8574218750000000e-01 2.2096991682003155e+00
3.8769531250000000e-01 2.2526174968758279e+00
3.8964843750000000e-01 2.2954945897671579e+00
3.9160156250000000e-01 2.3383039070723979e+00
3.9355468750000000e-01 2.3810186302283758e+00
3.9550781250000000e-01 2.4236116873276687e+00
3.9746093750000000e-01 2.4660557791256408e+00
3.9941406250000000e-01 2.5083234056054575e+00
4.0136718750000000e-01 2.5503868930678166e+00
4.0332031250000000e-01 2.5922184217109852e+00
4.0527343750000000e-01 2.6337900536656327e+00
4.0722656250000000e-01 2.6750737614479010e+00
4.0917968750000000e-01 2.7160414567931528e+00
4.1113281250000000e-01 2.7566650198319311e+00
4.1308593750000000e-01 2.7969163285687748e+00
4.1503906250000000e-01 2.8367672886237321e+00
4.1699218750000000e-01 2.8761898631956750e+00
4.1894531250000000e-01 2.9151561032058848e+00
4.2089843750000000e-01 2.9536381775796796e+00
4.2285156250000000e-01 2.9916084036234358e+00
4.2480468750000000e-01 3.0290392774538284e+00
4.2675781250000000e-01 3.0659035044357523e+00
4.2871093750000000e-01 3.1021740295850684e+00
4.3066406250000000e-01 3.1378240678921032e+00
4.3261718750000000e-01 3.1728271345216550e+00
4.3457031250000000e-01 3.2071570748451865e+00
4.3652343750000000e-01 3.2407880942609082e+00
4.3847656250000000e-01 3.2736947877574885e+00
4.4042968750000000e-01 3.3058521691773328e+00
4.4238281250000000e-01 3.3372357001356039e+00
4.4433593750000000e-01 3.3678213185514334e+00
4.4628906250000000e-01 3.3975854667482217e+00
4.4824218750000000e-01 3.4265051190803777e+00
4.5019531250000000e-01 3.4545578090443865e+00
4.5214843750000000e-01 3.4817216558327688e+00
4.5410156250000000e-01 3.5079753902901496e+00
4.5605468750000000e-01 3.5332983802314701e+00
4.5800781250000000e-01 3.5576706550832280e+00
4.5996093750000000e-01 3.5810729298095687e+00
4.6191406250000000e-01 3.6034866280860078e+00
4.6386718750000000e-01 3.6248939046847219e+00
4.6582031250000000e-01 3.6452776670363587e+00
4.6777343750000000e-01 3.6646215959346780e+00
4.6972656250000000e-01 3.6829101653514469e+00
4.7167968750000000e-01 3.7001286613304707e+00
4.7363281250000000e-01 3.7162631999308999e+00
4.7558593750000000e-01 3.7313007441915675e+00
4.7753906250000000e-01 3.7452291200894363e+00
4.7949218750000000e-01 3.7580370314669009e+00
4.8144531250000000e-01 3.7697140739042343e+00
4.8339843750000000e-01 3.7802507475151472e+00
4.8535156250000000e-01 3.7896384686450668e+00
4.8730468750000000e-01 3.7978695804535243e+00
4.8925781250000000e-01 3.8049373623637601e+00
4.9121093750000000e-01 3.8108360383644513e+00
4.9316406250000000e-01 3.8155607841503079e+00
4.9511718750000000e-01 3.8191077330901164e+00
4.9707031250000000e-01 3.8214739810126801e+00
4.9902343750000000e-01 3.8226575898030006e+00
5.0097656250000000e-01 3.8226575898029318e+00
5.0292968750000000e-01 3.8214739810124736e+00
5.0488281250000000e-01 3.8191077330897722e+00
5.0683593750000000e-01 3.8155607841498314e+00
5.0878906250000000e-01 3.8108360383638407e+00
5.1074218750000000e-01 3.8049373623630212e+00
5.1269531250000000e-01 3.7978695804526592e+00
5.1464843750000000e-01 3.7896384686440805e+00
5.1660156250000000e-01 3.7802507475140459e+00
5.1855468750000000e-01 3.7697140739030219e+00
5.2050781250000000e-01 3.7580370314655829e+00
5.2246093750000000e-01 3.7452291200880259e+00
5.2441406250000000e-01 3.7313007441900692e+00
5.2636718750000000e-01 3.7162631999293216e+00
5.2832031250000000e-01 3.7001286613288187e+00
5.3027343750000000e-01 3.6829101653497283e+00
5.3222656250000000e-01 3.6646215959328905e+00
5.3417968750000000e-01 3.6452776670345046e+00
5.3613281250000000e-01 3.6248939046827986e+00
5.3808593750000000e-01 3.6034866280840117e+00
5.4003906250000000e-01 3.5810729298074899e+00
5.4199218750000000e-01 3.5576706550810635e+00
5.4394531250000000e-01 3.5332983802292155e+00
5.4589843750000000e-01 3.5079753902878066e+00
5.4785156250000000e-01 3.4817216558303343e+00
5.4980468750000000e-01 3.4545578090418587e+00
5.5175781250000000e-01 3.4265051190777571e+00
5.5371093750000000e-01 3.3975854667455083e+00
5.5566406250000000e-01 3.3678213185486290e+00
5.5761718750000000e-01 3.3372357001327129e+00
5.5957031250000000e-01 3.3058521691743552e+00
5.6152343750000000e-01 3.2736947877544287e+00
5.6347656250000000e-01 3.2407880942577725e+00
5.6542968750000000e-01 3.2071570748419771e+00
5.6738281250000000e-01 3.1728271345183776e+00
5.6933593750000000e-01 3.1378240678887686e+00
5.7128906250000000e-01 3.1021740295816835e+00
5.7324218750000000e-01 3.0659035044323262e+00
5.7519531250000000e-01 3.0290392774503689e+00
5.7714843750000000e-01 2.9916084036199511e+00
5.7910156250000000e-01 2.9536381775761740e+00
5.8105468750000000e-01 2.9151561032023614e+00
5.8300781250000000e-01 2.8761898631921334e+00
5.8496093750000000e-01 2.8367672886201727e+00
5.8691406250000000e-01 2.7969163285652021e+00
5.8886718750000000e-01 2.7566650198283438e+00
5.9082031250000000e-01 2.7160414567895543e+00
5.9277343750000000e-01 2.6750737614442985e+00
5.9472656250000000e-01 2.6337900536620293e+00
5.9667968750000000e-01 2.5922184217073863e+00
5.9863281250000000e-01 2.5503868930642302e+00
6.0058593750000000e-01 2.5083234056018906e+00
6.0253906250000000e-01 2.4660557791220987e+00
6.0449218750000000e-01 2.4236116873241564e+00
6.0644531250000000e-01 2.3810186302248990e+00
6.0839843750000000e-01 2.3383039070689633e+00
6.1035156250000000e-01 2.2954945897637726e+00
6.1230468750000000e-01 2.2526174968724963e+00
6.1425781250000000e-01 2.2096991681970430e+00
6.1621093750000000e-01 2.1667658399818817e+00
6.1816406250000000e-01 2.1238434207682007e+00
6.2011718750000000e-01 2.0809574679266039e+00
6.2207031250000000e-01 2.0381331648951178e+00
6.2402343750000000e-01 1.9953952991479234e+00
6.2597656250000000e-01 1.9527682409187688e+00
6.2792968750000000e-01 1.9102759227015496e+00
6.2988281250000000e-01 1.8679418195490503e+00
6.3183593750000000e-01 1.8257889301893317e+00
6.3378906250000000e-01 1.7838397589777011e+00
6.3574218750000000e-01 1.7421162987006520e+00
6.3769531250000000e-01 1.7006400142466156e+00
6.3964843750000000e-01 1.6594318271567456e+00
6.4160156250000000e-01 1.6185121010674268e+00
6.4355468750000000e-01 1.5779006280545815e+00
6.4550781250000000e-01 1.5376166158882663e+00
6.4746093750000000e-01 1.4976786762044667e+00
6.4941406250000000e-01 1.4581048135994439e+00
6.5136718750000000e-01 1.4189124156503516e+00
6.5332031250000000e-01 1.3801182438643935e+00
6.5527343750000000e-01 1.3417384255571225e+00
6.5722656250000000e-01 1.3037884466590570e+00
6.5917968750000000e-01 1.2662831454482291e+00
6.6113281250000000e-01 1.2292367072048147e+00
6.6308593750000000e-01 1.1926626597825425e+00
6.6503906250000000e-01 1.1565738700901318e+00
6.6699218750000000e-01 1.1209825414746299e+00
6.6894531250000000e-01 1.0859002119971439e+00
6.7089843750000000e-01 1.0513377535901285e+00
6.7285156250000000e-01 1.0173053720841025e+00
6.7480468750000000e-01 9.8381260809041116e-01
6.7675781250000000e-01 9.5086833872544152e-01
6.7871093750000000e-01 9.1848078016051604e-01
6.8066406250000000e-01 8.8665749098058111e-01
6.8261718750000000e-01 8.5540537633371572e-01
6.8457031250000000e-01 8.2473069285246137e-01
6.8652343750000000e-01 7.9463905432698889e-01
6.8847656250000000e-01 7.6513543810918960e-01
6.9042968750000000e-01 7.3622419222590163e-01
6.9238281250000000e-01 7.0790904317864678e-01
6.9433593750000000e-01 6.8019310440649006e-01
6.9628906250000000e-01 6.5307888538790959e-01
6.9824218750000000e-01 6.2656830135690500e-01
7.0019531250000000e-01 6.0066268360796060e-01
7.0214843750000000e-01 5.7536279036392912e-01
7.0410156250000000e-01 5.5066881818040536e-01
7.0605468750000000e-01 5.2658041385971965e-01
7.0800781250000000e-01 5.0309668684729825e-01
7.0996093750000000e-01 4.8021622208280423e-01
7.1191406250000000e-01 4.5793709327821197e-01
7.1386718750000000e-01 4.3625687659473911e-01
7.1582031250000000e-01 4.1517266469041059e-01
7.1777343750000000e-01 3.9468108110991335e-01
7.1972656250000000e-01 3.7477829498835613e-01
7.2167968750000000e-01 3.5546003604053966e-01
7.2363281250000000e-01 3.3672160980740878e-01
7.2558593750000000e-01 3.1855791313144588e-01
7.2753906250000000e-01 3.0096344983293266e-01
7.2949218750000000e-01 2.8393234655920330e-01
7.3144531250000000e-01 2.6745836877926588e-01
7.3339843750000000e-01 2.5153493689646478e-01
7.3535156250000000e-01 2.3615514245220001e-01
7.3730468750000000e-01 2.2131176439410855e-01
7.3925781250000000e-01 2.0699728538253392e-01
7.4121093750000000e-01 1.9320390810958607e-01
7.4316406250000000e-01 1.7992357160559835e-01
7.4511718750000000e-01 1.6714796750832969e-01
7.4707031250000000e-01 1.5486855627084700e-01
7.4902343750000000e-01 1.4307658328462905e-01
7.5097656250000000e-01 1.3176309489508198e-01
7.5292968750000000e-01 1.2091895428732999e-01
7.5488281250000000e-01 1.1053485722084766e-01
7.5683593750000000e-01 1.0060134759222811e-01
7.5878906250000000e-01 9.1108832806133563e-02
7.6074218750000000e-01 8.2047598935250307e-02
7.6269531250000000e-01 7.3407825650861541e-02
7.6464843750000000e-01 6.5179600906466240e-02
7.6660156250000000e-01 5.7352935357698635e-02
7.6855468750000000e-01 4.9917776502645159e-02
7.7050781250000000e-01 4.2864022527509843e-02
7.7246093750000000e-01 3.6181535843442539e-02
7.7441406250000000e-01 2.9860156301216446e-02
7.7636718750000000e-01 2.3889714071319203e-02
7.7832031250000000e-01 1.8260042177904098e-02
7.8027343750000000e-01 1.2960988675931638e-02
7.8222656250000000e-01 7.9824284617175910e-03
7.8417968750000000e-01 3.3142747079851656e-03
7.8613281250000000e-01 -1.0535100845988205e-03
7.8808593750000000e-01 -5.1309034265506230e-03
7.9003906250000000e-01 -8.9278125756363756e-03
7.9199218750000000e-01 -1.2454064675296432e-02
7.9394531250000000e-01 -1.5719397299994230e-02
7.9589843750000000e-01 -1.8733449411218000e-02
7.9785156250000000e-01 -2.1505752727037183e-02
7.9980468750000000e-01 -2.4045723507304315e-02
8.0175781250000000e-01 -2.6362654755796907e-02
8.0371093750000000e-01 -2.8465708839815002e-02
8.0566406250000000e-01 -3.0363910526989564e-02
8.0761718750000000e-01 -3.2066140438315648e-02
8.0957031250000000e-01 -3.3581128915703543e-02
8.1152343750000000e-01 -3.4917450301642158e-02
8.1347656250000000e-01 -3.6083517627892928e-02
8.1542968750000000e-01 -3.7087577709477973e-02
8.1738281250000000e-01 -3.7937706639600263e-02
8.1933593750000000e-01 -3.8641805680527178e-02
8.2128906250000000e-01 -3.9207597544892829e-02
8.2324218750000000e-01 -3.9642623061322359e-02
8.2519531250000000e-01 -3.9954238217757426e-02
8.2714843750000000e-01 -4.0149611575364258e-02
8.2910156250000000e-01 -4.0235722045437426e-02
8.3105468750000000e-01 -4.0219357021270684e-02
8.3300781250000000e-01 -4.0107110856553864e-02
8.3496093750000000e-01 -3.9905383681470931e-02
8.3691406250000000e-01 -3.9620380547319055e-02
8.3886718750000000e-01 -3.9258110890141897e-02
8.4082031250000000e-01 -3.8824388303573633e-02
8.4277343750000000e-01 -3.8324830610820482e-02
8.4472656250000000e-01 -3.7764860225467115e-02
8.4667968750000000e-01 -3.7149704790583597e-02
8.4863281250000000e-01 -3.6484398085425043e-02
8.5058593750000000e-01 -3.5773781188860702e-02
8.5253906250000000e-01 -3.5022503888541563e-02
8.5449218750000000e-01 -3.4235026324714320e-02
8.5644531250000000e-01 -3.3415620857516024e-02
8.5839843750000000e-01 -3.2568374146535295e-02
8.6035156250000000e-01 -3.1697189431404017e-02
8.6230468750000000e-01 -3.0805789002185623e-02
8.6425781250000000e-01 -2.9897716848353347e-02
8.6621093750000000e-01 -2.8976341475202054e-02
8.6816406250000000e-01 -2.8044858876610543e-02
8.7011718750000000e-01 -2.7106295653166593e-02
8.7207031250000000e-01 -2.6163512264783736e-02
8.7402343750000000e-01 -2.5219206407075170e-02
8.7597656250000000e-01 -2.4275916500906932e-02
8.7792968750000000e-01 -2.3336025284727356e-02
8.7988281250000000e-01 -2.2401763499461592e-02
8.8183593750000000e-01 -2.1475213655969470e-02
8.8378906250000000e-01 -2.0558313875289103e-02
8.8574218750000000e-01 -1.9652861792127489e-02
8.8769531250000000e-01 -1.8760518512311711e-02
8.8964843750000000e-01 -1.7882812615178705e-02
8.9160156250000000e-01 -1.7021144192157247e-02
8.9355468750000000e-01 -1.6176788913081584e-02
8.9550781250000000e-01 -1.5350902112070486e-02
8.9746093750000000e-01 -1.4544522885107561e-02
8.9941406250000000e-01 -1.3758578191767285e-02
9.0136718750000000e-01 -1.2993886953844937e-02
9.0332031250000000e-01 -1.2251164143966061e-02
9.0527343750000000e-01 -1.1531024857571487e-02
9.0722656250000000e-01 -1.0833988361995570e-02
9.0917968750000000e-01 -1.0160482116676845e-02
9.1113281250000000e-01 -9.5108457588607784e-03
9.1308593750000000e-01 -8.8853350494718739e-03
9.1503906250000000e-01 -8.2841257741460474e-03
9.1699218750000000e-01 -7.7073175947223538e-03
9.1894531250000000e-01 -7.1549378467944324e-03
9.2089843750000000e-01 -6.6269452792148487e-03
9.2285156250000000e-01 -6.1232337317285827e-03
9.2480468750000000e-01 -5.6436357471835886e-03
9.2675781250000000e-01 -5.1879261150248393e-03
9.2871093750000000e-01 -4.7558253430224949e-03
9.3066406250000000e-01 -4.3470030544125859e-03
9.3261718750000000e-01 -3.9610813078384951e-03
9.3457031250000000e-01 -3.5976378376717934e-03
9.3652343750000000e-01 -3.2562092124595976e-03
9.3847656250000000e-01 -2.9362939093910403e-03
9.4042968750000000e-01 -2.6373553027953852e-03
9.4238281250000000e-01 -2.3588245647770487e-03
9.4433593750000000e-01 -2.1001034761559813e-03
9.4628906250000000e-01 -1.8605671459134981e-03
9.4824218750000000e-01 -1.6395666373413521e-03
9.5019531250000000e-01 -1.4364314990532125e-03
9.5214843750000000e-01 -1.2504721989402949e-03
9.5410156250000000e-01 -1.0809824590340203e-03
9.5605468750000000e-01 -9.2724148907546750e-04
9.5800781250000000e-01 -7.8851611638118015e-04
9.5996093750000000e-01 -6.6406280933440059e-04
9.6191406250000000e-01 -5.5312959151692374e-04
9.6386718750000000e-01 -4.5495784312592739e-04
9.6582031250000000e-01 -3.6878398588878253e-04
9.6777343750000000e-01 -2.9384104719308969e-04
9.6972656250000000e-01 -2.2936009858493279e-04
9.7167968750000000e-01 -1.7457156315127978e-04
9.7363281250000000e-01 -1.2870638558790907e-04
9.7558593750000000e-01 -9.0997057957381336e-05
9.7753906250000000e-01 -6.0678493257114655e-05
9.7949218750000000e-01 -3.6988737940043848e-05
9.8144531250000000e-01 -1.9169513453728088e-05
9.8339843750000000e-01 -6.4665756818101737e-06
9.8535156250000000e-01 1.8701201222817063e-06
9.8730468750000000e-01 6.5864627327134722e-06
9.8925781250000000e-01 8.4244520430737827e-06
9.9121093750000000e-01 8.1227068910137887e-06
9.9316406250000000e-01 6.4172324726705217e-06
9.9511718750000000e-01 4.0424681752975721e-06
9.9707031250000000e-01 1.7326387906670179e-06
9.9902343750000000e-01 2.2343437911655267e-07
1.0000000000000000e+00 0.0000000000000000e+00
