# MMS4BGC Gaussian-pulse profile
# sample = 2  tau = 5.0000000000000001e-04  bv = 1.0000000000000000e-02  nx = 256
# xi phi
0.0000000000000000e+00 0.0000000000000000e+00
1.9531250000000000e-03 3.5603506798659175e-05
5.8593750000000000e-03 3.1283204054072863e-04
9.7656250000000000e-03 8.4808679836137317e-04
1.3671875000000000e-02 1.6216681743796328e-03
1.7578125000000000e-02 2.6141401937323106e-03
2.1484375000000000e-02 3.8062148660576796e-03
2.5390625000000000e-02 5.1786177574205793e-03
2.9296875000000000e-02 6.7119393514300770e-03
3.3203125000000000e-02 8.3864766864450626e-03
3.7109375000000000e-02 1.0182069667496501e-02
4.1015625000000000e-02 1.2077936355838981e-02
4.4921875000000000e-02 1.4052511433104670e-02
4.8828125000000000e-02 1.6083291918355547e-02
5.2734375000000000e-02 1.8146694082656331e-02
5.6640625000000000e-02 2.0217925355118464e-02
6.0546875000000000e-02 2.2270874844950272e-02
6.4453125000000000e-02 2.4278025914406989e-02
6.8359375000000000e-02 2.6210394026450552e-02
7.2265625000000000e-02 2.8037492857463431e-02
7.6171875000000000e-02 2.9727331408854332e-02
8.0078125000000000e-02 3.1246444571481971e-02
8.3984375000000000e-02 3.2559959293442936e-02
8.7890625000000000e-02 3.3631698175167216e-02
9.1796875000000000e-02 3.4424321966508749e-02
9.5703125000000000e-02 3.4899512069501509e-02
9.9609375000000000e-02 3.5018193758900786e-02
1.0351562500000000e-01 3.4740800422109232e-02
1.0742187500000000e-01 3.4027578692499207e-02
1.1132812500000000e-01 3.2838933907726221e-02
1.1523437500000000e-01 3.1135814869952871e-02
1.1914062500000000e-01 2.8880136420864906e-02
1.2304687500000000e-01 2.6035237874165527e-02
1.2695312500000000e-01 2.2566374875383769e-02
1.3085937500000000e-01 1.8441241787103851e-02
1.3476562500000000e-01 1.3630521231141817e-02
1.3867187500000000e-01 8.1084569620110004e-03
1.4257812500000000e-01 1.8534458026634852e-03
1.4648437500000000e-01 -5.1513560514447774e-03
1.5039062500000000e-01 -1.2917417455751135e-02
1.5429687500000000e-01 -2.1450212937205684e-02
1.5820312500000000e-01 -3.0748605323221767e-02
1.6210937500000000e-01 -4.0804236494063555e-02
1.6601562500000000e-01 -5.1600932635790034e-02
1.6992187500000000e-01 -6.3114130586423220e-02
1.7382812500000000e-01 -7.5310332032819755e-02
1.7773437500000000e-01 -8.8146592425795228e-02
1.8164062500000000e-01 -1.0157005153270178e-01
1.8554687500000000e-01 -1.1551751253659981e-01
1.8945312500000000e-01 -1.2991507651654219e-01
1.9335937500000000e-01 -1.4467783900195116e-01
1.9726562500000000e-01 -1.5970965508380472e-01
2.0117187500000000e-01 -1.7490297928515033e-01
2.0507812500000000e-01 -1.9013878604275561e-01
2.0898437500000000e-01 -2.0528657623058683e-01
2.1289062500000000e-01 -2.2020447466509208e-01
2.1679687500000000e-01 -2.3473942297348976e-01
2.2070312500000000e-01 -2.4872747158172537e-01
2.2460937500000000e-01 -2.6199417389150120e-01
2.2851562500000000e-01 -2.7435508496962679e-01
2.3242187500000000e-01 -2.8561636627243842e-01
2.3632812500000000e-01 -2.9557549707850495e-01
2.4023437500000000e-01 -3.0402209241028821e-01
2.4414062500000000e-01 -3.1073882629654709e-01
2.4804687500000000e-01 -3.1550245826940837e-01
2.5195312500000000e-01 -3.1808496001107039e-01
2.5585937500000000e-01 -3.1825473807350069e-01
2.5976562500000000e-01 -3.1577794759911870e-01
2.6367187500000000e-01 -3.1041989098058231e-01
2.6757812500000000e-01 -3.0194649442297156e-01
2.7148437500000000e-01 -2.9012585442164851e-01
2.7539062500000000e-01 -2.7472984525371968e-01
2.7929687500000000e-01 -2.5553577771021740e-01
2.8320312500000000e-01 -2.3232809847961158e-01
2.8710937500000000e-01 -2.0490011884063408e-01
2.9101562500000000e-01 -1.7305576064290681e-01
2.9492187500000000e-01 -1.3661130695635035e-01
2.9882812500000000e-01 -9.5397144263130076e-02
3.0273437500000000e-01 -4.9259482656670066e-02
3.0664062500000000e-01 1.9379597920076237e-03
3.1054687500000000e-01 5.8312322533526952e-02
3.1445312500000000e-01 1.1996003201471671e-01
3.1835937500000000e-01 1.8695530919444447e-01
3.2226562500000000e-01 2.5934876899913090e-01
3.2617187500000000e-01 3.3716612532294588e-01
3.3007812500000000e-01 4.2040701475754538e-01
3.3398437500000000e-01 5.0904395168965189e-01
3.3789062500000000e-01 6.0302142673338266e-01
3.4179687500000000e-01 7.0225515967081720e-01
3.4570312500000000e-01 8.0663151716296588e-01
3.4960937500000000e-01 9.1600710446938216e-01
3.5351562500000000e-01 1.0302085392847404e+00
3.5742187500000000e-01 1.1490324145725095e+00
3.6132812500000000e-01 1.2722454559582879e+00
3.6523437500000000e-01 1.3995848778483828e+00
3.6914062500000000e-01 1.5307589409737328e+00
3.7304687500000000e-01 1.6654477125371596e+00
3.7695312500000000e-01 1.8033040285757791e+00
3.8085937500000000e-01 1.9439546565535508e+00
3.8476562500000000e-01 2.0870016545852415e+00
3.8867187500000000e-01 2.2320239220768197e+00
3.9257812500000000e-01 2.3785789349630764e+00
3.9648437500000000e-01 2.5262046571457950e+00
4.0039062500000000e-01 2.6744216181998053e+00
4.0429687500000000e-01 2.8227351459343404e+00
4.0820312500000000e-01 2.9706377409875051e+00
4.1210937500000000e-01 3.1176115793062342e+00
4.1601562500000000e-01 3.2631311271360506e+00
4.1992187500000000e-01 3.4066658520267530e+00
4.2382812500000000e-01 3.5476830123634380e+00
4.2773437500000000e-01 3.6856505070676615e+00
4.3164062500000000e-01 3.8200397663904568e+00
4.3554687500000000e-01 3.9503286641457258e+00
4.3945312500000000e-01 4.0760044313160178e+00
4.4335937500000000e-01 4.1965665507084493e+00
4.4726562500000000e-01 4.3115296122505615e+00
4.5117187500000000e-01 4.4204261085966730e+00
4.5507812500000000e-01 4.5228091509656982e+00
4.5898437500000000e-01 4.6182550855507882e+00
4.6289062500000000e-01 4.7063659914271252e+00
4.6679687500000000e-01 4.7867720416329966e+00
4.7070312500000000e-01 4.8591337100052563e+00
4.7460937500000000e-01 4.9231438074065732e+00
4.7851562500000000e-01 4.9785293321799076e+00
4.8242187500000000e-01 5.0250531209957110e+00
4.8632812500000000e-01 5.0625152877081288e+00
4.9023437500000000e-01 5.0907544393957780e+00
4.9414062500000000e-01 5.1096486604169842e+00
4.9804687500000000e-01 5.1191162570443707e+00
5.0195312500000000e-01 5.1191162570442694e+00
5.0585937500000000e-01 5.1096486604166822e+00
5.0976562500000000e-01 5.0907544393952842e+00
5.1367187500000000e-01 5.0625152877074555e+00
5.1757812500000000e-01 5.0250531209948770e+00
5.2148437500000000e-01 4.9785293321789332e+00
5.2539062500000000e-01 4.9231438074054772e+00
5.2929687500000000e-01 4.8591337100040626e+00
5.3320312500000000e-01 4.7867720416317221e+00
5.3710937500000000e-01 4.7063659914257840e+00
5.4101562500000000e-01 4.6182550855493876e+00
5.4492187500000000e-01 4.5228091509642461e+00
5.4882812500000000e-01 4.4204261085951773e+00
5.5273437500000000e-01 4.3115296122490330e+00
5.5664062500000000e-01 4.1965665507068941e+00
5.6054687500000000e-01 4.0760044313144412e+00
5.6445312500000000e-01 3.9503286641441351e+00
5.6835937500000000e-01 3.8200397663888608e+00
5.7226562500000000e-01 3.6856505070660690e+00
5.7617187500000000e-01 3.5476830123618570e+00
5.8007812500000000e-01 3.4066658520251907e+00
5.8398437500000000e-01 3.2631311271345131e+00
5.8789062500000000e-01 3.1176115793047261e+00
5.9179687500000000e-01 2.9706377409860294e+00
5.9570312500000000e-01 2.8227351459328993e+00
5.9960937500000000e-01 2.6744216181983993e+00
6.0351562500000000e-01 2.5262046571444228e+00
6.0742187500000000e-01 2.3785789349617339e+00
6.1132812500000000e-01 2.2320239220755034e+00
6.1523437500000000e-01 2.0870016545839500e+00
6.1914062500000000e-01 1.9439546565522816e+00
6.2304687500000000e-01 1.8033040285745321e+00
6.2695312500000000e-01 1.6654477125359350e+00
6.3085937500000000e-01 1.5307589409725322e+00
6.3476562500000000e-01 1.3995848778472093e+00
6.3867187500000000e-01 1.2722454559571457e+00
6.4257812500000000e-01 1.1490324145714033e+00
6.4648437500000000e-01 1.0302085392836748e+00
6.5039062500000000e-01 9.1600710446836209e-01
6.5429687500000000e-01 8.0663151716199555e-01
6.5820312500000000e-01 7.0225515966989993e-01
6.6210937500000000e-01 6.0302142673252013e-01
6.6601562500000000e-01 5.0904395168884509e-01
6.6992187500000000e-01 4.2040701475679415e-01
6.7382812500000000e-01 3.3716612532224971e-01
6.7773437500000000e-01 2.5934876899848897e-01
6.8164062500000000e-01 1.8695530919385575e-01
6.8554687500000000e-01 1.1996003201418005e-01
6.8945312500000000e-01 5.8312322533041000e-02
6.9335937500000000e-01 1.9379597915708763e-03
6.9726562500000000e-01 -4.9259482657059234e-02
7.0117187500000000e-01 -9.5397144263473413e-02
7.0507812500000000e-01 -1.3661130695664972e-01
7.0898437500000000e-01 -1.7305576064316416e-01
7.1289062500000000e-01 -2.0490011884085155e-01
7.1679687500000000e-01 -2.3232809847979147e-01
7.2070312500000000e-01 -2.5553577771036196e-01
7.2460937500000000e-01 -2.7472984525383115e-01
7.2851562500000000e-01 -2.9012585442172911e-01
7.3242187500000000e-01 -3.0194649442302346e-01
7.3632812500000000e-01 -3.1041989098060774e-01
7.4023437500000000e-01 -3.1577794759912003e-01
7.4414062500000000e-01 -3.1825473807347998e-01
7.4804687500000000e-01 -3.1808496001102987e-01
7.5195312500000000e-01 -3.1550245826935025e-01
7.5585937500000000e-01 -3.1073882629647365e-01
7.5976562500000000e-01 -3.0402209241020173e-01
7.6367187500000000e-01 -2.9557549707840747e-01
7.6757812500000000e-01 -2.8561636627233183e-01
7.7148437500000000e-01 -2.7435508496951277e-01
7.7539062500000000e-01 -2.6199417389138124e-01
7.7929687500000000e-01 -2.4872747158160100e-01
7.8320312500000000e-01 -2.3473942297336239e-01
7.8710937500000000e-01 -2.2020447466496276e-01
7.9101562500000000e-01 -2.0528657623045657e-01
7.9492187500000000e-01 -1.9013878604262521e-01
7.9882812500000000e-01 -1.7490297928502060e-01
8.0273437500000000e-01 -1.5970965508367646e-01
8.0664062500000000e-01 -1.4467783900182521e-01
8.1054687500000000e-01 -1.2991507651641926e-01
8.1445312500000000e-01 -1.1551751253648061e-01
8.1835937500000000e-01 -1.0157005153258696e-01
8.2226562500000000e-01 -8.8146592425685288e-02
8.2617187500000000e-01 -7.5310332032715172e-02
8.3007812500000000e-01 -6.3114130586324341e-02
8.3398437500000000e-01 -5.1600932635697157e-02
8.3789062500000000e-01 -4.0804236493976929e-02
8.4179687500000000e-01 -3.0748605323141602e-02
8.4570312500000000e-01 -2.1450212937132087e-02
8.4960937500000000e-01 -1.2917417455684138e-02
8.5351562500000000e-01 -5.1513560513843466e-03
8.5742187500000000e-01 1.8534458027174314e-03
8.6132812500000000e-01 8.1084569620585977e-03
8.6523437500000000e-01 1.3630521231183248e-02
8.6914062500000000e-01 1.8441241787139337e-02
8.7304687500000000e-01 2.2566374875413579e-02
8.7695312500000000e-01 2.6035237874189949e-02
8.8085937500000000e-01 2.8880136420884273e-02
8.8476562500000000e-01 3.1135814869967547e-02
8.8867187500000000e-01 3.2838933907736581e-02
8.9257812500000000e-01 3.4027578692505653e-02
8.9648437500000000e-01 3.4740800422112167e-02
9.0039062500000000e-01 3.5018193758900640e-02
9.0429687500000000e-01 3.4899512069498692e-02
9.0820312500000000e-01 3.4424321966503663e-02
9.1210937500000000e-01 3.3631698175160242e-02
9.1601562500000000e-01 3.2559959293434436e-02
9.1992187500000000e-01 3.1246444571472246e-02
9.2382812500000000e-01 2.9727331408843698e-02
9.2773437500000000e-01 2.8037492857452190e-02
9.3164062500000000e-01 2.6210394026438957e-02
9.3554687500000000e-01 2.4278025914395297e-02
9.3945312500000000e-01 2.2270874844938723e-02
9.4335937500000000e-01 2.0217925355107275e-02
9.4726562500000000e-01 1.8146694082645704e-02
9.5117187500000000e-01 1.6083291918345639e-02
9.5507812500000000e-01 1.4052511433095612e-02
9.5898437500000000e-01 1.2077936355830874e-02
9.6289062500000000e-01 1.0182069667489413e-02
9.6679687500000000e-01 8.3864766864390275e-03
9.7070312500000000e-01 6.7119393514251053e-03
9.7460937500000000e-01 5.1786177574166398e-03
9.7851562500000000e-01 3.8062148660547132e-03
9.8242187500000000e-01 2.6141401937302272e-03
9.8632812500000000e-01 1.6216681743783125e-03
9.9023437500000000e-01 8.4808679836066866e-04
9.9414062500000000e-01 3.1283204054046376e-04
9.9804687500000000e-01 3.5603506798628479e-05
1.0000000000000000e+00 0.0000000000000000e+00
