# MMS4BGC Gaussian-pulse profile
# sample = 4  tau = 1.0000000000000000e-03  bv = 1.0000000000000000e-02  nx = 256
# xi phi
0.0000000000000000e+00 0.0000000000000000e+00
1.9531250000000000e-03 1.6162591158816467e-05
5.8593750000000000e-03 1.3197512091500866e-04
9.7656250000000000e-03 3.2922561694869666e-04
1.3671875000000000e-02 5.7219593242660636e-04
1.7578125000000000e-02 8.2533176145564962e-04
2.1484375000000000e-02 1.0532744509272086e-03
2.5390625000000000e-02 1.2209177227945080e-03
2.9296875000000000e-02 1.2934874020756489e-03
3.3203125000000000e-02 1.2366423106858785e-03
3.7109375000000000e-02 1.0165945443828997e-03
4.1015625000000000e-02 6.0024739973478416e-04
4.4921875000000000e-02 -4.4650739749305317e-05
4.8828125000000000e-02 -9.4933821410966737e-04
5.2734375000000000e-02 -2.1438592215929043e-03
5.6640625000000000e-02 -3.6568718832242493e-03
6.0546875000000000e-02 -5.5154468272270224e-03
6.4453125000000000e-02 -7.7448578728489884e-03
6.8359375000000000e-02 -1.0368366387633393e-02
7.2265625000000000e-02 -1.3407000890846491e-02
7.6171875000000000e-02 -1.6879333477936607e-02
8.0078125000000000e-02 -2.0801254645798906e-02
8.3984375000000000e-02 -2.5185748105461387e-02
8.7890625000000000e-02 -3.0042667176763675e-02
9.1796875000000000e-02 -3.5378514367817956e-02
9.5703125000000000e-02 -4.1196225749648846e-02
9.9609375000000000e-02 -4.7494961742523385e-02
1.0351562500000000e-01 -5.4269905934219098e-02
1.0742187500000000e-01 -6.1512073550958397e-02
1.1132812500000000e-01 -6.9208131198096559e-02
1.1523437500000000e-01 -7.7340229479047382e-02
1.1914062500000000e-01 -8.5885850086555610e-02
1.2304687500000000e-01 -9.4817668939508340e-02
1.2695312500000000e-01 -1.0410343691029804e-01
1.3085937500000000e-01 -1.1370587965164292e-01
1.3476562500000000e-01 -1.2358261798713426e-01
1.3867187500000000e-01 -1.3368611027608815e-01
1.4257812500000000e-01 -1.4396361810007691e-01
1.4648437500000000e-01 -1.5435719654543925e-01
1.5039062500000000e-01 -1.6480371027284238e-01
1.5429687500000000e-01 -1.7523487647141076e-01
1.5820312500000000e-01 -1.8557733569096696e-01
1.6210937500000000e-01 -1.9575275143157161e-01
1.6601562500000000e-01 -2.0567793924493125e-01
1.6992187500000000e-01 -2.1526502596759786e-01
1.7382812500000000e-01 -2.2442163956156483e-01
1.7773437500000000e-01 -2.3305112988431545e-01
1.8164062500000000e-01 -2.4105282054817204e-01
1.8554687500000000e-01 -2.4832229185859200e-01
1.8945312500000000e-01 -2.5475169464362801e-01
1.9335937500000000e-01 -2.6023009460299346e-01
1.9726562500000000e-01 -2.6464384661600765e-01
2.0117187500000000e-01 -2.6787699825419653e-01
2.0507812500000000e-01 -2.6981172154763172e-01
2.0898437500000000e-01 -2.7032877185541071e-01
2.1289062500000000e-01 -2.6930797249129873e-01
2.1679687500000000e-01 -2.6662872355679862e-01
2.2070312500000000e-01 -2.6217053323717859e-01
2.2460937500000000e-01 -2.5581356962268653e-01
2.2851562500000000e-01 -2.4743923092876671e-01
2.3242187500000000e-01 -2.3693073180703444e-01
2.3632812500000000e-01 -2.2417370326452488e-01
2.4023437500000000e-01 -2.0905680354377418e-01
2.4414062500000000e-01 -1.9147233716205789e-01
2.4804687500000000e-01 -1.7131687916600885e-01
2.5195312500000000e-01 -1.4849190152923145e-01
2.5585937500000000e-01 -1.2290439850672395e-01
2.5976562500000000e-01 -9.4467507662158071e-02
2.6367187500000000e-01 -6.3101123203500462e-02
2.6757812500000000e-01 -2.8732498200159537e-02
2.7148437500000000e-01 8.7031677882313477e-03
2.7539062500000000e-01 4.9262159164277536e-02
2.7929687500000000e-01 9.2991696321602743e-02
2.8320312500000000e-01 1.3992941272579421e-01
2.8710937500000000e-01 1.9010286048227562e-01
2.9101562500000000e-01 2.4352904776260276e-01
2.9492187500000000e-01 3.0021401137506049e-01
2.9882812500000000e-01 3.6015242765747085e-01
3.0273437500000000e-01 4.2332726473994498e-01
3.0664062500000000e-01 4.8970947907324208e-01
3.1054687500000000e-01 5.5925775894490481e-01
3.1445312500000000e-01 6.3191831751106164e-01
3.1835937500000000e-01 7.0762473765751677e-01
3.2226562500000000e-01 7.8629787077044111e-01
3.2617187500000000e-01 8.6784579124573591e-01
3.3007812500000000e-01 9.5216380829823122e-01
3.3398437500000000e-01 1.0391345363486828e+00
3.3789062500000000e-01 1.1286280249695966e+00
3.4179687500000000e-01 1.2205019490618727e+00
3.4570312500000000e-01 1.3146018596149163e+00
3.4960937500000000e-01 1.4107614950750533e+00
3.5351562500000000e-01 1.5088031530128208e+00
3.5742187500000000e-01 1.6085381214409833e+00
3.6132812500000000e-01 1.7097671687940903e+00
3.6523437500000000e-01 1.8122810912391940e+00
3.6914062500000000e-01 1.9158613156481650e+00
3.7304687500000000e-01 2.0202805562271395e+00
3.7695312500000000e-01 2.1253035224701677e+00
3.8085937500000000e-01 2.2306876757843623e+00
3.8476562500000000e-01 2.3361840318249243e+00
3.8867187500000000e-01 2.4415380052825073e+00
3.9257812500000000e-01 2.5464902935845060e+00
3.9648437500000000e-01 2.6507777957080876e+00
4.0039062500000000e-01 2.7541345620579389e+00
4.0429687500000000e-01 2.8562927711376944e+00
4.0820312500000000e-01 2.9569837285424074e+00
4.1210937500000000e-01 3.0559388836218537e+00
4.1601562500000000e-01 3.1528908590122842e+00
4.1992187500000000e-01 3.2475744881087323e+00
4.2382812500000000e-01 3.3397278554521561e+00
4.2773437500000000e-01 3.4290933349365500e+00
4.3164062500000000e-01 3.5154186207012796e+00
4.3554687500000000e-01 3.5984577455639299e+00
4.3945312500000000e-01 3.6779720818691222e+00
4.4335937500000000e-01 3.7537313196792290e+00
4.4726562500000000e-01 3.8255144173136260e+00
4.5117187500000000e-01 3.8931105193537228e+00
4.5507812500000000e-01 3.9563198373710744e+00
4.5898437500000000e-01 4.0149544888046895e+00
4.6289062500000000e-01 4.0688392896102892e+00
4.6679687500000000e-01 4.1178124965277254e+00
4.7070312500000000e-01 4.1617264950617123e+00
4.7460937500000000e-01 4.2004484295440276e+00
4.7851562500000000e-01 4.2338607719408117e+00
4.8242187500000000e-01 4.2618618263847363e+00
4.8632812500000000e-01 4.2843661667467368e+00
4.9023437500000000e-01 4.3013050049136572e+00
4.9414062500000000e-01 4.3126264878043514e+00
4.9804687500000000e-01 4.3182959215352916e+00
5.0195312500000000e-01 4.3182959215351788e+00
5.0585937500000000e-01 4.3126264878040148e+00
5.0976562500000000e-01 4.3013050049131039e+00
5.1367187500000000e-01 4.2843661667459783e+00
5.1757812500000000e-01 4.2618618263837877e+00
5.2148437500000000e-01 4.2338607719396899e+00
5.2539062500000000e-01 4.2004484295427504e+00
5.2929687500000000e-01 4.1617264950602983e+00
5.3320312500000000e-01 4.1178124965261897e+00
5.3710937500000000e-01 4.0688392896086443e+00
5.4101562500000000e-01 4.0149544888029434e+00
5.4492187500000000e-01 3.9563198373692345e+00
5.4882812500000000e-01 3.8931105193517976e+00
5.5273437500000000e-01 3.8255144173116253e+00
5.5664062500000000e-01 3.7537313196771587e+00
5.6054687500000000e-01 3.6779720818669910e+00
5.6445312500000000e-01 3.5984577455617446e+00
5.6835937500000000e-01 3.5154186206990481e+00
5.7226562500000000e-01 3.4290933349342825e+00
5.7617187500000000e-01 3.3397278554498619e+00
5.8007812500000000e-01 3.2475744881064199e+00
5.8398437500000000e-01 3.1528908590099607e+00
5.8789062500000000e-01 3.0559388836195245e+00
5.9179687500000000e-01 2.9569837285400786e+00
5.9570312500000000e-01 2.8562927711353696e+00
5.9960937500000000e-01 2.7541345620556203e+00
6.0351562500000000e-01 2.6507777957057770e+00
6.0742187500000000e-01 2.5464902935822029e+00
6.1132812500000000e-01 2.4415380052802109e+00
6.1523437500000000e-01 2.3361840318226368e+00
6.1914062500000000e-01 2.2306876757820846e+00
6.2304687500000000e-01 2.1253035224679033e+00
6.2695312500000000e-01 2.0202805562248924e+00
6.3085937500000000e-01 1.9158613156459414e+00
6.3476562500000000e-01 1.8122810912370013e+00
6.3867187500000000e-01 1.7097671687919374e+00
6.4257812500000000e-01 1.6085381214388803e+00
6.4648437500000000e-01 1.5088031530107779e+00
6.5039062500000000e-01 1.4107614950730805e+00
6.5429687500000000e-01 1.3146018596130216e+00
6.5820312500000000e-01 1.2205019490600624e+00
6.6210937500000000e-01 1.1286280249678753e+00
6.6601562500000000e-01 1.0391345363470528e+00
6.6992187500000000e-01 9.5216380829669334e-01
6.7382812500000000e-01 8.6784579124429029e-01
6.7773437500000000e-01 7.8629787076908708e-01
6.8164062500000000e-01 7.0762473765625389e-01
6.8554687500000000e-01 6.3191831750988825e-01
6.8945312500000000e-01 5.5925775894381924e-01
6.9335937500000000e-01 4.8970947907224233e-01
6.9726562500000000e-01 4.2332726473902887e-01
7.0117187500000000e-01 3.6015242765663624e-01
7.0507812500000000e-01 3.0021401137430487e-01
7.0898437500000000e-01 2.4352904776192341e-01
7.1289062500000000e-01 1.9010286048166994e-01
7.1679687500000000e-01 1.3992941272525969e-01
7.2070312500000000e-01 9.2991696321136783e-02
7.2460937500000000e-01 4.9262159163877384e-02
7.2851562500000000e-01 8.7031677878942337e-03
7.3242187500000000e-01 -2.8732498200436368e-02
7.3632812500000000e-01 -6.3101123203719828e-02
7.4023437500000000e-01 -9.4467507662322842e-02
7.4414062500000000e-01 -1.2290439850683704e-01
7.4804687500000000e-01 -1.4849190152929573e-01
7.5195312500000000e-01 -1.7131687916602722e-01
7.5585937500000000e-01 -1.9147233716203338e-01
7.5976562500000000e-01 -2.0905680354370984e-01
7.6367187500000000e-01 -2.2417370326442360e-01
7.6757812500000000e-01 -2.3693073180689911e-01
7.7148437500000000e-01 -2.4743923092860012e-01
7.7539062500000000e-01 -2.5581356962249141e-01
7.7929687500000000e-01 -2.6217053323695755e-01
7.8320312500000000e-01 -2.6662872355655437e-01
7.8710937500000000e-01 -2.6930797249103389e-01
7.9101562500000000e-01 -2.7032877185512766e-01
7.9492187500000000e-01 -2.6981172154733274e-01
7.9882812500000000e-01 -2.6787699825388406e-01
8.0273437500000000e-01 -2.6464384661568435e-01
8.0664062500000000e-01 -2.6023009460266183e-01
8.1054687500000000e-01 -2.5475169464329056e-01
8.1445312500000000e-01 -2.4832229185825119e-01
8.1835937500000000e-01 -2.4105282054783020e-01
8.2226562500000000e-01 -2.3305112988397489e-01
8.2617187500000000e-01 -2.2442163956122785e-01
8.3007812500000000e-01 -2.1526502596726635e-01
8.3398437500000000e-01 -2.0567793924460723e-01
8.3789062500000000e-01 -1.9575275143125678e-01
8.4179687500000000e-01 -1.8557733569066293e-01
8.4570312500000000e-01 -1.7523487647111882e-01
8.4960937500000000e-01 -1.6480371027256338e-01
8.5351562500000000e-01 -1.5435719654517382e-01
8.5742187500000000e-01 -1.4396361809982530e-01
8.6132812500000000e-01 -1.3368611027585034e-01
8.6523437500000000e-01 -1.2358261798691003e-01
8.6914062500000000e-01 -1.1370587965143203e-01
8.7304687500000000e-01 -1.0410343691010017e-01
8.7695312500000000e-01 -9.4817668939323127e-02
8.8085937500000000e-01 -8.5885850086382748e-02
8.8476562500000000e-01 -7.7340229478886538e-02
8.8867187500000000e-01 -6.9208131197947401e-02
8.9257812500000000e-01 -6.1512073550820542e-02
8.9648437500000000e-01 -5.4269905934092165e-02
9.0039062500000000e-01 -4.7494961742406999e-02
9.0429687500000000e-01 -4.1196225749542618e-02
9.0820312500000000e-01 -3.5378514367721457e-02
9.1210937500000000e-01 -3.0042667176676457e-02
9.1601562500000000e-01 -2.5185748105382971e-02
9.1992187500000000e-01 -2.0801254645728792e-02
9.2382812500000000e-01 -1.6879333477874296e-02
9.2773437500000000e-01 -1.3407000890791474e-02
9.3164062500000000e-01 -1.0368366387585157e-02
9.3554687500000000e-01 -7.7448578728070237e-03
9.3945312500000000e-01 -5.5154468271908222e-03
9.4335937500000000e-01 -3.6568718831933148e-03
9.4726562500000000e-01 -2.1438592215667521e-03
9.5117187500000000e-01 -9.4933821408782471e-04
9.5507812500000000e-01 -4.4650739731315110e-05
9.5898437500000000e-01 6.0024739974936245e-04
9.6289062500000000e-01 1.0165945443944880e-03
9.6679687500000000e-01 1.2366423106948783e-03
9.7070312500000000e-01 1.2934874020824397e-03
9.7460937500000000e-01 1.2209177227994466e-03
9.7851562500000000e-01 1.0532744509306289e-03
9.8242187500000000e-01 8.2533176145786183e-04
9.8632812500000000e-01 5.7219593242789776e-04
9.9023437500000000e-01 3.2922561694933168e-04
9.9414062500000000e-01 1.3197512091522873e-04
9.9804687500000000e-01 1.6162591158839971e-05
1.0000000000000000e+00 0.0000000000000000e+00
