# P x_center tau_Psi tau_V
1 1.9531250000000000e-03 7.2516865623484250e-06 -3.4443559115970857e-12
2 5.8593750000000000e-03 -8.3972295783496520e-10 -1.0331291377951857e-11
3 9.7656250000000000e-03 -1.3994068126521597e-09 -1.7216450487467228e-11
4 1.3671875000000000e-02 -1.9588739519349474e-09 -2.4101609596982598e-11
5 1.7578125000000000e-02 -2.5180426632687158e-09 -3.0983215992819169e-11
6 2.1484375000000000e-02 -3.0768489978072466e-09 -3.7857716961298138e-11
7 2.5390625000000000e-02 -3.6351650578581030e-09 -4.4728665216098307e-11
8 2.9296875000000000e-02 -4.1929411054297816e-09 -5.1585402616183273e-11
9 3.3203125000000000e-02 -4.7501202971034218e-09 -5.8456350870983442e-11
10 3.7109375000000000e-02 -5.3065321026224410e-09 -6.5291771988995606e-11
11 4.1015625000000000e-02 -5.8621623111321242e-09 -7.2127193107007770e-11
12 4.4921875000000000e-02 -6.4169682900683256e-09 -7.8969719652377535e-11
13 4.8828125000000000e-02 -6.9707084549008869e-09 -8.5776719060959294e-11
14 5.2734375000000000e-02 -7.5234538599033840e-09 -9.2583718469541054e-11
15 5.6640625000000000e-02 -8.0750623965286650e-09 -9.9362296168692410e-11
16 6.0546875000000000e-02 -8.6254487996484386e-09 -1.0614087386784377e-10
17 6.4453125000000000e-02 -9.1745562258438440e-09 -1.1287681900284952e-10
18 6.8359375000000000e-02 -9.7222709882771596e-09 -1.1962697499257047e-10
19 7.2265625000000000e-02 -1.0268536243529525e-08 -1.2636292012757622e-10
20 7.6171875000000000e-02 -1.0813209883053787e-08 -1.3307044355315156e-10
21 8.0078125000000000e-02 -1.1356291906849947e-08 -1.3974954526929650e-10
22 8.3984375000000000e-02 -1.1897611784661422e-08 -1.4640022527601104e-10
23 8.7890625000000000e-02 -1.2437197938197642e-08 -1.5302248357329518e-10
24 9.1796875000000000e-02 -1.2974908258911455e-08 -1.5964474187057931e-10
25 9.5703125000000000e-02 -1.3510657481674571e-08 -1.6621015674900264e-10
26 9.9609375000000000e-02 -1.4044360341358697e-08 -1.7277557162742596e-10
27 1.0351562500000000e-01 -1.4575903151126113e-08 -1.7934098650584929e-10
28 1.0742187500000000e-01 -1.5105285910976818e-08 -1.8584955796541180e-10
29 1.1132812500000000e-01 -1.5632451777491951e-08 -1.9235812942497432e-10
30 1.1523437500000000e-01 -1.6157230220414931e-08 -1.9883827917510644e-10
31 1.1914062500000000e-01 -1.6679507552908035e-08 -2.0520474208751693e-10
32 1.2304687500000000e-01 -1.7199340618390124e-08 -2.1162804841878824e-10
33 1.2695312500000000e-01 -1.7716615730023477e-08 -2.1799451133119874e-10
34 1.3085937500000000e-01 -1.8231162357551511e-08 -2.2433255253417883e-10
35 1.3476562500000000e-01 -1.8742980500974227e-08 -2.3061375031829812e-10
36 1.3867187500000000e-01 -1.9251956473453902e-08 -2.3689494810241740e-10
37 1.4257812500000000e-01 -1.9758090274990536e-08 -2.4311930246767588e-10
38 1.4648437500000000e-01 -2.0261268218746409e-08 -2.4931523512350395e-10
39 1.5039062500000000e-01 -2.0761206087627215e-08 -2.5545432436047122e-10
40 1.5429687500000000e-01 -2.1258244942146121e-08 -2.6156499188800808e-10
41 1.5820312500000000e-01 -2.1751986878371099e-08 -2.6767565941554494e-10
42 1.6210937500000000e-01 -2.2242431896302151e-08 -2.7367264010536019e-10
43 1.6601562500000000e-01 -2.2729466309101554e-08 -2.7966962079517543e-10
44 1.6992187500000000e-01 -2.3213146960188169e-08 -2.8560975806612987e-10
45 1.7382812500000000e-01 -2.3693417006143136e-08 -2.9152147362765390e-10
46 1.7773437500000000e-01 -2.4169935386453290e-08 -2.9740476747974753e-10
47 1.8164062500000000e-01 -2.4643100005050655e-08 -3.0320279620354995e-10
48 1.8554687500000000e-01 -2.5112342427746626e-08 -3.0897240321792196e-10
49 1.8945312500000000e-01 -2.5577833184797782e-08 -3.1474201023229398e-10
50 1.9335937500000000e-01 -2.6039401745947544e-08 -3.2036950869951397e-10
51 1.9726562500000000e-01 -2.6497218641452491e-08 -3.2605385058559477e-10
52 2.0117187500000000e-01 -2.6950942810799461e-08 -3.3162450563395396e-10
53 2.0507812500000000e-01 -2.7400574253988452e-08 -3.3719516068231314e-10
54 2.0898437500000000e-01 -2.7846112971019465e-08 -3.4265212889295071e-10
55 2.1289062500000000e-01 -2.8287445275054779e-08 -3.4810909710358828e-10
56 2.1679687500000000e-01 -2.8724571166094393e-08 -3.5345237847650424e-10
57 2.2070312500000000e-01 -2.9157376957300585e-08 -3.5879565984942019e-10
58 2.2460937500000000e-01 -2.9585862648673356e-08 -3.6402525438461453e-10
59 2.2851562500000000e-01 -3.0009573492861819e-08 -3.6919800550094806e-10
60 2.3242187500000000e-01 -3.0429077924054582e-08 -3.7442760003614239e-10
61 2.3632812500000000e-01 -3.0843807508063037e-08 -3.7954350773361512e-10
62 2.4023437500000000e-01 -3.1253989618562628e-08 -3.8460257201222703e-10
63 2.4414062500000000e-01 -3.1659510568715632e-08 -3.8960479287197813e-10
64 2.4804687500000000e-01 -3.2060142984846607e-08 -3.9455017031286843e-10
65 2.5195312500000000e-01 -3.2456000553793274e-08 -3.9932501749717630e-10
66 2.5585937500000000e-01 -3.2847083275555633e-08 -4.0415670810034499e-10
67 2.5976562500000000e-01 -3.3233050089620519e-08 -4.0893155528465286e-10
68 2.6367187500000000e-01 -3.3614014682825655e-08 -4.1359271563123912e-10
69 2.6757812500000000e-01 -3.3990204428846482e-08 -4.1831071939668618e-10
70 2.7148437500000000e-01 -3.4360937206656672e-08 -4.2280134948669001e-10
71 2.7539062500000000e-01 -3.4726554076769389e-08 -4.2729197957669385e-10
72 2.7929687500000000e-01 -3.5087055039184634e-08 -4.3178260966669768e-10
73 2.8320312500000000e-01 -3.5442099033389241e-08 -4.3610270950011909e-10
74 2.8710937500000000e-01 -3.5792140806734096e-08 -4.4042280933354050e-10
75 2.9101562500000000e-01 -3.6136270864517428e-08 -4.4457237891037948e-10
76 2.9492187500000000e-01 -3.6475512388278730e-08 -4.4877879190607928e-10
77 2.9882812500000000e-01 -3.6808842196478508e-08 -4.5287151806405745e-10
78 3.0273437500000000e-01 -3.7136942410143092e-08 -4.5696424422203563e-10
79 3.0664062500000000e-01 -3.7459471968759317e-08 -4.6100012696115300e-10
80 3.1054687500000000e-01 -3.7775862438138574e-08 -4.6475179260596633e-10
81 3.1445312500000000e-01 -3.8087023312982637e-08 -4.6861714508850127e-10
82 3.1835937500000000e-01 -3.8392386159102898e-08 -4.7242565415217541e-10
83 3.2226562500000000e-01 -3.8692064663337078e-08 -4.7612047637812793e-10
84 3.2617187500000000e-01 -3.8985717765172012e-08 -4.7970161176635884e-10
85 3.3007812500000000e-01 -3.9273345464607701e-08 -4.8322590373572893e-10
86 3.3398437500000000e-01 -3.9555175135319587e-08 -4.8663650886737742e-10
87 3.3789062500000000e-01 -3.9831434150983114e-08 -4.9016080083674751e-10
88 3.4179687500000000e-01 -4.0101213016896509e-08 -4.9340087571181357e-10
89 3.4570312500000000e-01 -4.0365080167248379e-08 -4.9664095058687963e-10
90 3.4960937500000000e-01 -4.0623035602038726e-08 -4.9993786888080649e-10
91 3.5351562500000000e-01 -4.0874510887078941e-08 -5.0295057008042932e-10
92 3.5742187500000000e-01 -4.1120301830233075e-08 -5.0602011469891295e-10
93 3.6132812500000000e-01 -4.1359612623637076e-08 -5.0897597247967497e-10
94 3.6523437500000000e-01 -4.1592670640966389e-08 -5.1176130000385456e-10
95 3.6914062500000000e-01 -4.1819589569058735e-08 -5.1460347094689496e-10
96 3.7304687500000000e-01 -4.2040028347400948e-08 -5.1727511163335294e-10
97 3.7695312500000000e-01 -4.2254441723343916e-08 -5.1994675231981091e-10
98 3.8085937500000000e-01 -4.2462261262699030e-08 -5.2250470616854727e-10
99 3.8476562500000000e-01 -4.2663714339141734e-08 -5.2489212976070121e-10
100 3.8867187500000000e-01 -4.2858914639509749e-08 -5.2739324019057676e-10
101 3.9257812500000000e-01 -4.3047634790127631e-08 -5.2972382036386989e-10
102 3.9648437500000000e-01 -4.3229761104157660e-08 -5.3199755711830221e-10
103 4.0039062500000000e-01 -4.3405293581599835e-08 -5.3410076361615211e-10
104 4.0429687500000000e-01 -4.3574345909291878e-08 -5.3620397011400200e-10
105 4.0820312500000000e-01 -4.3736804400396068e-08 -5.3813664635526948e-10
106 4.1210937500000000e-01 -4.3892669054912403e-08 -5.4006932259653695e-10
107 4.1601562500000000e-01 -4.4041939872840885e-08 -5.4188831200008281e-10
108 4.1992187500000000e-01 -4.4184730541019235e-08 -5.4365045798476785e-10
109 4.2382812500000000e-01 -4.4320927372609731e-08 -5.4535576055059209e-10
110 4.2773437500000000e-01 -4.4449961933423765e-08 -5.4700421969755553e-10
111 4.3164062500000000e-01 -4.4572743718163110e-08 -5.4836846175021492e-10
112 4.3554687500000000e-01 -4.4688704292639159e-08 -5.4984639064059593e-10
113 4.3945312500000000e-01 -4.4798071030527353e-08 -5.5121063269325532e-10
114 4.4335937500000000e-01 -4.4900389184476808e-08 -5.5246118790819310e-10
115 4.4726562500000000e-01 -4.4996113501838408e-08 -5.5365489970427006e-10
116 4.5117187500000000e-01 -4.5085016608936712e-08 -5.5473492466262542e-10
117 4.5507812500000000e-01 -4.5167212192609441e-08 -5.5575810620211996e-10
118 4.5898437500000000e-01 -4.5242586566018872e-08 -5.5672444432275370e-10
119 4.6289062500000000e-01 -4.5310912355489563e-08 -5.5752025218680501e-10
120 4.6679687500000000e-01 -4.5372871682047844e-08 -5.5831606005085632e-10
121 4.7070312500000000e-01 -4.5427555050991941e-08 -5.5894133765832521e-10
122 4.7460937500000000e-01 -4.5475758270185906e-08 -5.5956661526579410e-10
123 4.7851562500000000e-01 -4.5516912905441131e-08 -5.6007820603554137e-10
124 4.8242187500000000e-01 -4.5551018956757616e-08 -5.6041926654870622e-10
125 4.8632812500000000e-01 -4.5578758545161691e-08 -5.6087401389959268e-10
126 4.9023437500000000e-01 -4.5599335862789303e-08 -5.6110138757503591e-10
127 4.9414062500000000e-01 -4.5613205656991340e-08 -5.6127191783161834e-10
128 4.9804687500000000e-01 -4.5619913180416916e-08 -5.6132876125047915e-10
129 5.0195312500000000e-01 -4.5619913180416916e-08 -5.6132876125047915e-10
130 5.0585937500000000e-01 -4.5613205656991340e-08 -5.6127191783161834e-10
131 5.0976562500000000e-01 -4.5599335862789303e-08 -5.6110138757503591e-10
132 5.1367187500000000e-01 -4.5578758545161691e-08 -5.6087401389959268e-10
133 5.1757812500000000e-01 -4.5551018956757616e-08 -5.6041926654870622e-10
134 5.2148437500000000e-01 -4.5516912905441131e-08 -5.6007820603554137e-10
135 5.2539062500000000e-01 -4.5475644583348185e-08 -5.5950977184693329e-10
136 5.2929687500000000e-01 -4.5427555050991941e-08 -5.5894133765832521e-10
137 5.3320312500000000e-01 -4.5372871682047844e-08 -5.5831606005085632e-10
138 5.3710937500000000e-01 -4.5310912355489563e-08 -5.5752025218680501e-10
139 5.4101562500000000e-01 -4.5242586566018872e-08 -5.5672444432275370e-10
140 5.4492187500000000e-01 -4.5167212192609441e-08 -5.5575810620211996e-10
141 5.4882812500000000e-01 -4.5085016608936712e-08 -5.5473492466262542e-10
142 5.5273437500000000e-01 -4.4996113501838408e-08 -5.5365489970427006e-10
143 5.5664062500000000e-01 -4.4900389184476808e-08 -5.5246118790819310e-10
144 5.6054687500000000e-01 -4.4798071030527353e-08 -5.5121063269325532e-10
145 5.6445312500000000e-01 -4.4688704292639159e-08 -5.4984639064059593e-10
146 5.6835937500000000e-01 -4.4572743718163110e-08 -5.4836846175021492e-10
147 5.7226562500000000e-01 -4.4449961933423765e-08 -5.4700421969755553e-10
148 5.7617187500000000e-01 -4.4320927372609731e-08 -5.4535576055059209e-10
149 5.8007812500000000e-01 -4.4184730541019235e-08 -5.4365045798476785e-10
150 5.8398437500000000e-01 -4.4041939872840885e-08 -5.4188831200008281e-10
151 5.8789062500000000e-01 -4.3892669054912403e-08 -5.4006932259653695e-10
152 5.9179687500000000e-01 -4.3736690713558346e-08 -5.3813664635526948e-10
153 5.9570312500000000e-01 -4.3574345909291878e-08 -5.3620397011400200e-10
154 5.9960937500000000e-01 -4.3405293581599835e-08 -5.3410076361615211e-10
155 6.0351562500000000e-01 -4.3229533730482217e-08 -5.3194071369944140e-10
156 6.0742187500000000e-01 -4.3047634790127631e-08 -5.2972382036386989e-10
157 6.1132812500000000e-01 -4.2858914639509749e-08 -5.2739324019057676e-10
158 6.1523437500000000e-01 -4.2663828025979456e-08 -5.2500581659842283e-10
159 6.1914062500000000e-01 -4.2462261262699030e-08 -5.2250470616854727e-10
160 6.2304687500000000e-01 -4.2254214349668473e-08 -5.1983306548208930e-10
161 6.2695312500000000e-01 -4.2040255721076392e-08 -5.1733195505221374e-10
162 6.3085937500000000e-01 -4.1819589569058735e-08 -5.1460347094689496e-10
163 6.3476562500000000e-01 -4.1592670640966389e-08 -5.1176130000385456e-10
164 6.3867187500000000e-01 -4.1359612623637076e-08 -5.0897597247967497e-10
165 6.4257812500000000e-01 -4.1120301830233075e-08 -5.0602011469891295e-10
166 6.4648437500000000e-01 -4.0874624573916662e-08 -5.0300741349929012e-10
167 6.5039062500000000e-01 -4.0622921915201005e-08 -4.9988102546194568e-10
168 6.5429687500000000e-01 -4.0365307540923823e-08 -4.9669779400574043e-10
169 6.5820312500000000e-01 -4.0101326703734230e-08 -4.9345771913067438e-10
170 6.6210937500000000e-01 -3.9831320464145392e-08 -4.9010395741788670e-10
171 6.6601562500000000e-01 -3.9555061448481865e-08 -4.8669335228623822e-10
172 6.6992187500000000e-01 -3.9273459151445422e-08 -4.8322590373572893e-10
173 6.7382812500000000e-01 -3.8985604078334291e-08 -4.7970161176635884e-10
174 6.7773437500000000e-01 -3.8691950976499356e-08 -4.7612047637812793e-10
175 6.8164062500000000e-01 -3.8392386159102898e-08 -4.7242565415217541e-10
176 6.8554687500000000e-01 -3.8087136999820359e-08 -4.6867398850736208e-10
177 6.8945312500000000e-01 -3.7775862438138574e-08 -4.6475179260596633e-10
178 6.9335937500000000e-01 -3.7459244595083874e-08 -4.6094328354229219e-10
179 6.9726562500000000e-01 -3.7136828723305371e-08 -4.5696424422203563e-10
180 7.0117187500000000e-01 -3.6809069570153952e-08 -4.5292836148291826e-10
181 7.0507812500000000e-01 -3.6475398701441009e-08 -4.4883563532494009e-10
182 7.0898437500000000e-01 -3.6136384551355150e-08 -4.4457237891037948e-10
183 7.1289062500000000e-01 -3.5792140806734096e-08 -4.4042280933354050e-10
184 7.1679687500000000e-01 -3.5442099033389241e-08 -4.3610270950011909e-10
185 7.2070312500000000e-01 -3.5087055039184634e-08 -4.3178260966669768e-10
186 7.2460937500000000e-01 -3.4726440389931668e-08 -4.2729197957669385e-10
187 7.2851562500000000e-01 -3.4360937206656672e-08 -4.2274450606782921e-10
188 7.3242187500000000e-01 -3.3990090742008761e-08 -4.1825387597782537e-10
189 7.3632812500000000e-01 -3.3614128369663376e-08 -4.1359271563123912e-10
190 7.4023437500000000e-01 -3.3233050089620519e-08 -4.0887471186579205e-10
191 7.4414062500000000e-01 -3.2847083275555633e-08 -4.0415670810034499e-10
192 7.4804687500000000e-01 -3.2455886866955552e-08 -3.9938186091603711e-10
193 7.5195312500000000e-01 -3.2060256671684328e-08 -3.9455017031286843e-10
194 7.5585937500000000e-01 -3.1659510568715632e-08 -3.8960479287197813e-10
195 7.5976562500000000e-01 -3.1253989618562628e-08 -3.8460257201222703e-10
196 7.6367187500000000e-01 -3.0843807508063037e-08 -3.7954350773361512e-10
197 7.6757812500000000e-01 -3.0428964237216860e-08 -3.7437075661728159e-10
198 7.7148437500000000e-01 -3.0009687179699540e-08 -3.6919800550094806e-10
199 7.7539062500000000e-01 -2.9585748961835634e-08 -3.6408209780347534e-10
200 7.7929687500000000e-01 -2.9157376957300585e-08 -3.5879565984942019e-10
201 7.8320312500000000e-01 -2.8724571166094393e-08 -3.5339553505764343e-10
202 7.8710937500000000e-01 -2.8287558961892501e-08 -3.4805225368472748e-10
203 7.9101562500000000e-01 -2.7845999284181744e-08 -3.4265212889295071e-10
204 7.9492187500000000e-01 -2.7400574253988452e-08 -3.3719516068231314e-10
205 7.9882812500000000e-01 -2.6950942810799461e-08 -3.3162450563395396e-10
206 8.0273437500000000e-01 -2.6497218641452491e-08 -3.2605385058559477e-10
207 8.0664062500000000e-01 -2.6039401745947544e-08 -3.2036950869951397e-10
208 8.1054687500000000e-01 -2.5577719497960061e-08 -3.1468516681343317e-10
209 8.1445312500000000e-01 -2.5112285584327765e-08 -3.0902924663678277e-10
210 8.1835937500000000e-01 -2.4643043161631795e-08 -3.0323121791298036e-10
211 8.2226562500000000e-01 -2.4169935386453290e-08 -2.9740476747974753e-10
212 8.2617187500000000e-01 -2.3693360162724275e-08 -2.9152147362765390e-10
213 8.3007812500000000e-01 -2.3213203803607030e-08 -2.8563817977556027e-10
214 8.3398437500000000e-01 -2.2729579995939275e-08 -2.7966962079517543e-10
215 8.3789062500000000e-01 -2.2242431896302151e-08 -2.7367264010536019e-10
216 8.4179687500000000e-01 -2.1751986878371099e-08 -2.6767565941554494e-10
217 8.4570312500000000e-01 -2.1258244942146121e-08 -2.6156499188800808e-10
218 8.4960937500000000e-01 -2.0761262931046076e-08 -2.5545432436047122e-10
219 8.5351562500000000e-01 -2.0261211375327548e-08 -2.4928681341407355e-10
220 8.5742187500000000e-01 -1.9758033431571675e-08 -2.4311930246767588e-10
221 8.6132812500000000e-01 -1.9251956473453902e-08 -2.3689494810241740e-10
222 8.6523437500000000e-01 -1.8742980500974227e-08 -2.3061375031829812e-10
223 8.6914062500000000e-01 -1.8231219200970372e-08 -2.2433255253417883e-10
224 8.7304687500000000e-01 -1.7716558886604616e-08 -2.1799451133119874e-10
225 8.7695312500000000e-01 -1.7199397461808985e-08 -2.1165647012821864e-10
226 8.8085937500000000e-01 -1.6679507552908035e-08 -2.0520474208751693e-10
227 8.8476562500000000e-01 -1.6157173376996070e-08 -1.9878143575624563e-10
228 8.8867187500000000e-01 -1.5632451777491951e-08 -1.9235812942497432e-10
229 8.9257812500000000e-01 -1.5105342754395679e-08 -1.8587797967484221e-10
230 8.9648437500000000e-01 -1.4575846307707252e-08 -1.7934098650584929e-10
231 9.0039062500000000e-01 -1.4044360341358697e-08 -1.7280399333685637e-10
232 9.0429687500000000e-01 -1.3510657481674571e-08 -1.6621015674900264e-10
233 9.0820312500000000e-01 -1.2974851415492594e-08 -1.5964474187057931e-10
234 9.1210937500000000e-01 -1.2437197938197642e-08 -1.5303669442801038e-10
235 9.1601562500000000e-01 -1.1897583362951991e-08 -1.4638601442129584e-10
236 9.1992187500000000e-01 -1.1356263485140516e-08 -1.3973533441458130e-10
237 9.2382812500000000e-01 -1.0813209883053787e-08 -1.3307044355315156e-10
238 9.2773437500000000e-01 -1.0268536243529525e-08 -1.2636292012757622e-10
239 9.3164062500000000e-01 -9.7222709882771596e-09 -1.1962697499257047e-10
240 9.3554687500000000e-01 -9.1745278041344136e-09 -1.1287681900284952e-10
241 9.3945312500000000e-01 -8.6254772213578690e-09 -1.0612666301312856e-10
242 9.4335937500000000e-01 -8.0750339748192346e-09 -9.9362296168692410e-11
243 9.4726562500000000e-01 -7.5234538599033840e-09 -9.2583718469541054e-11
244 9.5117187500000000e-01 -6.9707084549008869e-09 -8.5776719060959294e-11
245 9.5507812500000000e-01 -6.4169682900683256e-09 -7.8969719652377535e-11
246 9.5898437500000000e-01 -5.8622049436962698e-09 -7.2134298534365371e-11
247 9.6289062500000000e-01 -5.3065463134771562e-09 -6.5291771988995606e-11
248 9.6679687500000000e-01 -4.7501202971034218e-09 -5.8449245443625841e-11
249 9.7070312500000000e-01 -4.1929695271392120e-09 -5.1599613470898475e-11
250 9.7460937500000000e-01 -3.6351792687128182e-09 -4.4735770643455908e-11
251 9.7851562500000000e-01 -3.0768418923798890e-09 -3.7857716961298138e-11
252 9.8242187500000000e-01 -2.5180497686960734e-09 -3.0983215992819169e-11
253 9.8632812500000000e-01 -1.9588810573623050e-09 -2.4105162310661399e-11
254 9.9023437500000000e-01 -1.3994103653658385e-09 -1.7220003201146028e-11
255 9.9414062500000000e-01 -8.3973006326232280e-10 -1.0333067734791257e-11
256 9.9804687500000000e-01 7.2516865836647071e-06 -3.4448000008069357e-12
