# P x psi_num psi_exact psi_err v_num v_exact v_err
1 3.1250000000000000e-02 3.6030332719782766e-02 3.6058490809661600e-02 -2.8158089878833892e-05 1.7971807927663695e-02 1.8029245404830800e-02 -5.7437477167104900e-05
2 9.3750000000000000e-02 1.0704926709352304e-01 1.0678976484900410e-01 2.5950224451894155e-04 5.3514667135898850e-02 5.3394882424502049e-02 1.1978471139680036e-04
3 1.5625000000000000e-01 1.7394930423303959e-01 1.7341716811358948e-01 5.3213611945010508e-04 8.6995475952830414e-02 8.6708584056794741e-02 2.8689189603567367e-04
4 2.1875000000000000e-01 2.3415888749371602e-01 2.3338024686103792e-01 7.7864063267810146e-04 1.1712750233249691e-01 1.1669012343051896e-01 4.3737890197795282e-04
5 2.8125000000000000e-01 2.8536365928791491e-01 2.8437465360276698e-01 9.8900568514792564e-04 1.4275273387940493e-01 1.4218732680138349e-01 5.6540707802144041e-04
6 3.4375000000000000e-01 3.2559540890927696e-01 3.2444070188568469e-01 1.1547070235922718e-03 1.6288637238042983e-01 1.6222035094284235e-01 6.6602143758748289e-04
7 4.0625000000000000e-01 3.5330771661510951e-01 3.5203867594357741e-01 1.2690406715321068e-03 1.7675467290002742e-01 1.7601933797178870e-01 7.3533492823871227e-04
8 4.6875000000000000e-01 3.6743538690128208e-01 3.6610800111052233e-01 1.3273857907597497e-03 1.8382467353864418e-01 1.8305400055526116e-01 7.7067298338301393e-04
9 5.3125000000000000e-01 3.6743538690127953e-01 3.6610800111052239e-01 1.3273857907571407e-03 1.8382467353864171e-01 1.8305400055526119e-01 7.7067298338051593e-04
10 5.9375000000000000e-01 3.5330771661510718e-01 3.5203867594357741e-01 1.2690406715297753e-03 1.7675467290002567e-01 1.7601933797178870e-01 7.3533492823696367e-04
11 6.5625000000000000e-01 3.2559540890927363e-01 3.2444070188568475e-01 1.1547070235888857e-03 1.6288637238042769e-01 1.6222035094284237e-01 6.6602143758531795e-04
12 7.1875000000000000e-01 2.8536365928791191e-01 2.8437465360276704e-01 9.8900568514487253e-04 1.4275273387940304e-01 1.4218732680138352e-01 5.6540707801952528e-04
13 7.8125000000000000e-01 2.3415888749371230e-01 2.3338024686103792e-01 7.7864063267438222e-04 1.1712750233249467e-01 1.1669012343051896e-01 4.3737890197570461e-04
14 8.4375000000000000e-01 1.7394930423303728e-01 1.7341716811358956e-01 5.3213611944771810e-04 8.6995475952828721e-02 8.6708584056794782e-02 2.8689189603393894e-04
15 9.0625000000000000e-01 1.0704926709352111e-01 1.0678976484900413e-01 2.5950224451698478e-04 5.3514667135897316e-02 5.3394882424502063e-02 1.1978471139525299e-04
16 9.6875000000000000e-01 3.6030332719782128e-02 3.6058490809661677e-02 -2.8158089879548598e-05 1.7971807927663175e-02 1.8029245404830838e-02 -5.7437477167663481e-05
