# P x_center tau_Psi tau_V
1 9.7656250000000000e-04 1.8129997227944727e-06 -2.1538326677728037e-13
2 2.9296875000000000e-03 -5.2484239176919800e-11 -6.4659388954169117e-13
3 4.8828125000000000e-03 -8.7478468913104734e-11 -1.0764722446765518e-12
4 6.8359375000000000e-03 -1.2246204050825327e-10 -1.5063505998114124e-12
5 8.7890625000000000e-03 -1.5743495396236540e-10 -1.9362289549462730e-12
6 1.0742187500000000e-02 -1.9242918369855033e-10 -2.3661073100811336e-12
7 1.2695312500000000e-02 -2.2738788629794726e-10 -2.7924329515371937e-12
8 1.4648437500000000e-02 -2.6234658889734419e-10 -3.2258640203508548e-12
9 1.6601562500000000e-02 -2.9730529149674112e-10 -3.6592950891645160e-12
10 1.8554687500000000e-02 -3.3220715067727724e-10 -4.0785153032629751e-12
11 2.0507812500000000e-02 -3.6715164242195897e-10 -4.5119463720766362e-12
12 2.2460937500000000e-02 -4.0208192331192549e-10 -4.9595882956054993e-12
13 2.4414062500000000e-02 -4.3698378249246161e-10 -5.3717030823463574e-12
14 2.6367187500000000e-02 -4.7185721996356733e-10 -5.7980287238024175e-12
15 2.8320312500000000e-02 -5.0670223572524264e-10 -6.2385652199736796e-12
16 3.0273437500000000e-02 -5.4154725148691796e-10 -6.6506800067145377e-12
17 3.2226562500000000e-02 -5.7636384553916287e-10 -7.0912165028857999e-12
18 3.4179687500000000e-02 -6.1112359617254697e-10 -7.5033312896266580e-12
19 3.6132812500000000e-02 -6.4594019022479188e-10 -7.9438677857979201e-12
20 3.8085937500000000e-02 -6.8069994085817598e-10 -8.3701934272539802e-12
21 4.0039062500000000e-02 -7.1540284807269927e-10 -8.7823082139948383e-12
22 4.1992187500000000e-02 -7.5010575528722256e-10 -9.2228447101661004e-12
23 4.3945312500000000e-02 -7.8486550592060667e-10 -9.6633812063373625e-12
24 4.5898437500000000e-02 -8.1945472629740834e-10 -1.0089706847793423e-11
25 4.7851562500000000e-02 -8.5401552496477962e-10 -1.0516032489249483e-11
26 4.9804687500000000e-02 -8.8863316705101170e-10 -1.0913936421275139e-11
27 5.1757812500000000e-02 -9.2319396571838297e-10 -1.1340262062731199e-11
28 5.3710937500000000e-02 -9.5769792096689343e-10 -1.1766587704187259e-11
29 5.5664062500000000e-02 -9.9220187621540390e-10 -1.2221335055073723e-11
30 5.7617187500000000e-02 -1.0265921446261927e-09 -1.2619238987099379e-11
31 5.9570312500000000e-02 -1.0609824130369816e-09 -1.3045564628555439e-11
32 6.1523437500000000e-02 -1.0954295248666313e-09 -1.3443468560581096e-11
33 6.3476562500000000e-02 -1.1296492630208377e-09 -1.3898215911467560e-11
34 6.5429687500000000e-02 -1.1639826880127657e-09 -1.4324541552923620e-11
35 6.7382812500000000e-02 -1.1982024261669721e-09 -1.4722445484949276e-11
36 6.9335937500000000e-02 -1.2324221643211786e-09 -1.5177192835835740e-11
37 7.1289062500000000e-02 -1.2665282156376634e-09 -1.5575096767861396e-11
38 7.3242187500000000e-02 -1.3006911103730090e-09 -1.5973000699887052e-11
39 7.5195312500000000e-02 -1.3346834748517722e-09 -1.6399326341343112e-11
40 7.7148437500000000e-02 -1.3686758393305354e-09 -1.6825651982799172e-11
41 7.9101562500000000e-02 -1.4025545169715770e-09 -1.7223555914824829e-11
42 8.1054687500000000e-02 -1.4364900380314793e-09 -1.7678303265711293e-11
43 8.3007812500000000e-02 -1.4703687156725209e-09 -1.8104628907167353e-11
44 8.4960937500000000e-02 -1.5040768630569801e-09 -1.8502532839193009e-11
45 8.6914062500000000e-02 -1.5378986972791608e-09 -1.8928858480649069e-11
46 8.8867187500000000e-02 -1.5714931578258984e-09 -1.9298340703244321e-11
47 9.0820312500000000e-02 -1.6051444617914967e-09 -1.9781509763561189e-11
48 9.2773437500000000e-02 -1.6386820789193735e-09 -2.0122570276726037e-11
49 9.4726562500000000e-02 -1.6721060092095286e-09 -2.0577317627612501e-11
50 9.6679687500000000e-02 -1.7056436263374053e-09 -2.0975221559638157e-11
51 9.8632812500000000e-02 -1.7388401829521172e-09 -2.1316282072803006e-11
52 1.0058593750000000e-01 -1.7722641132422723e-09 -2.1771029423689470e-11
53 1.0253906250000000e-01 -1.8054606698569842e-09 -2.2168933355715126e-11
54 1.0449218750000000e-01 -1.8385435396339744e-09 -2.2623680706601590e-11
55 1.0644531250000000e-01 -1.8716264094109647e-09 -2.3021584638627246e-11
56 1.0839843750000000e-01 -1.9047092791879550e-09 -2.3419488570652902e-11
57 1.1035156250000000e-01 -1.9376784621272236e-09 -2.3817392502678558e-11
58 1.1230468750000000e-01 -1.9705339582287706e-09 -2.4272139853565022e-11
59 1.1425781250000000e-01 -2.0033894543303177e-09 -2.4613200366729870e-11
60 1.1621093750000000e-01 -2.0361312635941431e-09 -2.5011104298755527e-11
61 1.1816406250000000e-01 -2.0687593860202469e-09 -2.5465851649641991e-11
62 1.2011718750000000e-01 -2.1013875084463507e-09 -2.5863755581667647e-11
63 1.2207031250000000e-01 -2.1336745703592896e-09 -2.6147972675971687e-11
64 1.2402343750000000e-01 -2.1661890059476718e-09 -2.6659563445718959e-11
65 1.2597656250000000e-01 -2.1983623810228892e-09 -2.7057467377744615e-11
66 1.2792968750000000e-01 -2.2306494429358281e-09 -2.7398527890909463e-11
67 1.2988281250000000e-01 -2.2628228180110455e-09 -2.7796431822935119e-11
68 1.3183593750000000e-01 -2.2949961930862628e-09 -2.8251179173821583e-11
69 1.3378906250000000e-01 -2.3269421944860369e-09 -2.8649083105847239e-11
70 1.3574218750000000e-01 -2.3590018827235326e-09 -2.9046987037872896e-11
71 1.3769531250000000e-01 -2.3906068236101419e-09 -2.9388047551037744e-11
72 1.3964843750000000e-01 -2.4222117644967511e-09 -2.9729108064202592e-11
73 1.4160156250000000e-01 -2.4541577658965252e-09 -3.0240698833949864e-11
74 1.4355468750000000e-01 -2.4856490199454129e-09 -3.0581759347114712e-11
75 1.4550781250000000e-01 -2.5170265871565789e-09 -3.0979663279140368e-11
76 1.4746093750000000e-01 -2.5482904675300233e-09 -3.1320723792305216e-11
77 1.4941406250000000e-01 -2.5795543479034677e-09 -3.1661784305470064e-11
78 1.5136718750000000e-01 -2.6108182282769121e-09 -3.2173375075217336e-11
79 1.5332031250000000e-01 -2.6418547349749133e-09 -3.2514435588382185e-11
80 1.5527343750000000e-01 -2.6726638679974712e-09 -3.2855496101547033e-11
81 1.5722656250000000e-01 -2.7035866878577508e-09 -3.3196556614711881e-11
82 1.5917968750000000e-01 -2.7342821340425871e-09 -3.3537617127876729e-11
83 1.6113281250000000e-01 -2.7648638933897018e-09 -3.3935521059902385e-11
84 1.6308593750000000e-01 -2.7955593395745382e-09 -3.4390268410788849e-11
85 1.6503906250000000e-01 -2.8259137252462097e-09 -3.4731328923953697e-11
86 1.6699218750000000e-01 -2.8564954845933244e-09 -3.5129232855979353e-11
87 1.6894531250000000e-01 -2.8866224965895526e-09 -3.5470293369144201e-11
88 1.7089843750000000e-01 -2.9167495085857809e-09 -3.5868197301169857e-11
89 1.7285156250000000e-01 -2.9467628337442875e-09 -3.6266101233195513e-11
90 1.7480468750000000e-01 -2.9766624720650725e-09 -3.6550318327499554e-11
91 1.7675781250000000e-01 -3.0064484235481359e-09 -3.6891378840664402e-11
92 1.7871093750000000e-01 -3.0362343750311993e-09 -3.7346126191550866e-11
93 1.8066406250000000e-01 -3.0655655791633762e-09 -3.7687186704715714e-11
94 1.8261718750000000e-01 -3.0951241569709964e-09 -3.8028247217880562e-11
95 1.8457031250000000e-01 -3.1243416742654517e-09 -3.8426151149906218e-11
96 1.8652343750000000e-01 -3.1537865652353503e-09 -3.8710368244210258e-11
97 1.8847656250000000e-01 -3.1825493351789191e-09 -3.9108272176235914e-11
98 1.9042968750000000e-01 -3.2116531656356528e-09 -3.9449332689400762e-11
99 1.9238281250000000e-01 -3.2403022487415001e-09 -3.9790393202565610e-11
100 1.9433593750000000e-01 -3.2694060791982338e-09 -4.0245140553452075e-11
101 1.9628906250000000e-01 -3.2978277886286378e-09 -4.0472514228895307e-11
102 1.9824218750000000e-01 -3.3262494980590418e-09 -4.0813574742060155e-11
103 2.0019531250000000e-01 -3.3544438338140026e-09 -4.1268322092946619e-11
104 2.0214843750000000e-01 -3.3828655432444066e-09 -4.1609382606111467e-11
105 2.0410156250000000e-01 -3.4110598789993674e-09 -4.1950443119276315e-11
106 2.0605468750000000e-01 -3.4392542147543281e-09 -4.2405190470162779e-11
107 2.0800781250000000e-01 -3.4667664294829592e-09 -4.2518877307884395e-11
108 2.0996093750000000e-01 -3.4949607652379200e-09 -4.2973624658770859e-11
109 2.1191406250000000e-01 -3.5222456062911078e-09 -4.3314685171935707e-11
110 2.1386718750000000e-01 -3.5495304473442957e-09 -4.3655745685100555e-11
111 2.1582031250000000e-01 -3.5768152883974835e-09 -4.3883119360543787e-11
112 2.1777343750000000e-01 -3.6041001294506714e-09 -4.4337866711430252e-11
113 2.1972656250000000e-01 -3.6311575968284160e-09 -4.4565240386873484e-11
114 2.2167968750000000e-01 -3.6579876905307174e-09 -4.5019987737759948e-11
115 2.2363281250000000e-01 -3.6848177842330188e-09 -4.5247361413203180e-11
116 2.2558593750000000e-01 -3.7116478779353201e-09 -4.5702108764089644e-11
117 2.2753906250000000e-01 -3.7377958506112918e-09 -4.5929482439532876e-11
118 2.2949218750000000e-01 -3.7643985706381500e-09 -4.6270542952697724e-11
119 2.3144531250000000e-01 -3.7905465433141217e-09 -4.6611603465862572e-11
120 2.3339843750000000e-01 -3.8166945159900934e-09 -4.6952663979027420e-11
121 2.3535156250000000e-01 -3.8426151149906218e-09 -4.7180037654470652e-11
122 2.3730468750000000e-01 -3.8683083403157070e-09 -4.7521098167635500e-11
123 2.3925781250000000e-01 -3.8937741919653490e-09 -4.7748471843078732e-11
124 2.4121093750000000e-01 -3.9196947909658775e-09 -4.8316906031686813e-11
125 2.4316406250000000e-01 -3.9444785215891898e-09 -4.8430592869408429e-11
126 2.4511718750000000e-01 -3.9699443732388318e-09 -4.8771653382573277e-11
127 2.4707031250000000e-01 -3.9947281038621441e-09 -4.9112713895738125e-11
128 2.4902343750000000e-01 -4.0199665818363428e-09 -4.9453774408902973e-11
129 2.5097656250000000e-01 -4.0447503124596551e-09 -4.9681148084346205e-11
130 2.5292968750000000e-01 -4.0690792957320809e-09 -4.9794834922067821e-11
131 2.5488281250000000e-01 -4.0934082790045068e-09 -5.0363269110675901e-11
132 2.5683593750000000e-01 -4.1181920096278191e-09 -5.0590642786119133e-11
133 2.5878906250000000e-01 -4.1422936192248017e-09 -5.0931703299283981e-11
134 2.6074218750000000e-01 -4.1661678551463410e-09 -5.1272763812448829e-11
135 2.6269531250000000e-01 -4.1898147173924372e-09 -5.1386450650170445e-11
136 2.6464843750000000e-01 -4.2134615796385333e-09 -5.1727511163335294e-11
137 2.6660156250000000e-01 -4.2371084418846294e-09 -5.2068571676500142e-11
138 2.6855468750000000e-01 -4.2607553041307256e-09 -5.2409632189664990e-11
139 2.7050781250000000e-01 -4.2834926716750488e-09 -5.2637005865108222e-11
140 2.7246093750000000e-01 -4.3064574128948152e-09 -5.2978066378273070e-11
141 2.7441406250000000e-01 -4.3296495277900249e-09 -5.3319126891437918e-11
142 2.7636718750000000e-01 -4.3521595216589049e-09 -5.3546500566881150e-11
143 2.7832031250000000e-01 -4.3746695155277848e-09 -5.3887561080045998e-11
144 2.8027343750000000e-01 -4.3967247620457783e-09 -5.4001247917767614e-11
145 2.8222656250000000e-01 -4.4192347559146583e-09 -5.4342308430932462e-11
146 2.8417968750000000e-01 -4.4410626287572086e-09 -5.4683368944097310e-11
147 2.8613281250000000e-01 -4.4631178752752021e-09 -5.4797055781818926e-11
148 2.8808593750000000e-01 -4.4849457481177524e-09 -5.5138116294983774e-11
149 2.9003906250000000e-01 -4.5065462472848594e-09 -5.5365489970427006e-11
150 2.9199218750000000e-01 -4.5279193727765232e-09 -5.5706550483591855e-11
151 2.9394531250000000e-01 -4.5492924982681870e-09 -5.5933924159035087e-11
152 2.9589843750000000e-01 -4.5699835027335212e-09 -5.6161297834478319e-11
153 2.9785156250000000e-01 -4.5909018808742985e-09 -5.6502358347643167e-11
154 2.9980468750000000e-01 -4.6113655116641894e-09 -5.6616045185364783e-11
155 3.0175781250000000e-01 -4.6318291424540803e-09 -5.6843418860808015e-11
156 3.0371093750000000e-01 -4.6520653995685279e-09 -5.7184479373972863e-11
157 3.0566406250000000e-01 -4.6723016566829756e-09 -5.7411853049416095e-11
158 3.0761718750000000e-01 -4.6925379137974232e-09 -5.7866600400302559e-11
159 3.0957031250000000e-01 -4.7120920498855412e-09 -5.7980287238024175e-11
160 3.1152343750000000e-01 -4.7316461859736592e-09 -5.8207660913467407e-11
161 3.1347656250000000e-01 -4.7512003220617771e-09 -5.8435034588910639e-11
162 3.1542968750000000e-01 -4.7702997107990086e-09 -5.8548721426632255e-11
163 3.1738281250000000e-01 -4.7896264732116833e-09 -5.8776095102075487e-11
164 3.1933593750000000e-01 -4.8084984882734716e-09 -5.9117155615240335e-11
165 3.2128906250000000e-01 -4.8275978770107031e-09 -5.9458216128405184e-11
166 3.2324218750000000e-01 -4.8457877710461617e-09 -5.9458216128405184e-11
167 3.2519531250000000e-01 -4.8639776650816202e-09 -5.9912963479291648e-11
168 3.2714843750000000e-01 -4.8821675591170788e-09 -6.0140337154734880e-11
169 3.2910156250000000e-01 -4.9001300794770941e-09 -6.0254023992456496e-11
170 3.3105468750000000e-01 -4.9180925998371094e-09 -6.0481397667899728e-11
171 3.3300781250000000e-01 -4.9356003728462383e-09 -6.0708771343342960e-11
172 3.3496093750000000e-01 -4.9526533985044807e-09 -6.0708771343342960e-11
173 3.3691406250000000e-01 -4.9703885451890528e-09 -6.1163518694229424e-11
174 3.3886718750000000e-01 -4.9874415708472952e-09 -6.1277205531951040e-11
175 3.4082031250000000e-01 -5.0038124754792079e-09 -6.1504579207394272e-11
176 3.4277343750000000e-01 -5.0208655011374503e-09 -6.1618266045115888e-11
177 3.4472656250000000e-01 -5.0376911531202495e-09 -6.1959326558280736e-11
178 3.4667968750000000e-01 -5.0538346840767190e-09 -6.2073013396002352e-11
179 3.4863281250000000e-01 -5.0699782150331885e-09 -6.2300387071445584e-11
180 3.5058593750000000e-01 -5.0856669986387715e-09 -6.2527760746888816e-11
181 3.5253906250000000e-01 -5.1018105295952410e-09 -6.2868821260053664e-11
182 3.5449218750000000e-01 -5.1172719395253807e-09 -6.2982508097775280e-11
183 3.5644531250000000e-01 -5.1325059757800773e-09 -6.3209881773218513e-11
184 3.5839843750000000e-01 -5.1479673857102171e-09 -6.3323568610940129e-11
185 3.6035156250000000e-01 -5.1627466746140271e-09 -6.3437255448661745e-11
186 3.6230468750000000e-01 -5.1770712161669508e-09 -6.3550942286383361e-11
187 3.6425781250000000e-01 -5.1920778787462041e-09 -6.3892002799548209e-11
188 3.6621093750000000e-01 -5.2064024202991277e-09 -6.4005689637269825e-11
189 3.6816406250000000e-01 -5.2202722145011649e-09 -6.4005689637269825e-11
190 3.7011718750000000e-01 -5.2345967560540885e-09 -6.4233063312713057e-11
191 3.7207031250000000e-01 -5.2482391765806824e-09 -6.4460436988156289e-11
192 3.7402343750000000e-01 -5.2618815971072763e-09 -6.4687810663599521e-11
193 3.7597656250000000e-01 -5.2748418966075405e-09 -6.4801497501321137e-11
194 3.7792968750000000e-01 -5.2882569434586912e-09 -6.5028871176764369e-11
195 3.7988281250000000e-01 -5.3014446166343987e-09 -6.5142558014485985e-11
196 3.8183593750000000e-01 -5.3141775424592197e-09 -6.5256244852207601e-11
197 3.8378906250000000e-01 -5.3269104682840407e-09 -6.5483618527650833e-11
198 3.8574218750000000e-01 -5.3394160204334185e-09 -6.5710992203094065e-11
199 3.8769531250000000e-01 -5.3514668252319098e-09 -6.5824679040815681e-11
200 3.8964843750000000e-01 -5.3635176300304011e-09 -6.5938365878537297e-11
201 3.9160156250000000e-01 -5.3753410611534491e-09 -6.6165739553980529e-11
202 3.9355468750000000e-01 -5.3867097449256107e-09 -6.6165739553980529e-11
203 3.9550781250000000e-01 -5.3983058023732156e-09 -6.6506800067145377e-11
204 3.9746093750000000e-01 -5.4092197387944907e-09 -6.6506800067145377e-11
205 3.9941406250000000e-01 -5.4203610488912091e-09 -6.6734173742588609e-11
206 4.0136718750000000e-01 -5.4310476116370410e-09 -6.6620486904866993e-11
207 4.0332031250000000e-01 -5.4415068007074296e-09 -6.6961547418031842e-11
208 4.0527343750000000e-01 -5.4519659897778183e-09 -6.6961547418031842e-11
209 4.0722656250000000e-01 -5.4619704314973205e-09 -6.7075234255753458e-11
210 4.0917968750000000e-01 -5.4719748732168227e-09 -6.7302607931196690e-11
211 4.1113281250000000e-01 -5.4817519412608817e-09 -6.7302607931196690e-11
212 4.1308593750000000e-01 -5.4915290093049407e-09 -6.7643668444361538e-11
213 4.1503906250000000e-01 -5.5003965826472268e-09 -6.7643668444361538e-11
214 4.1699218750000000e-01 -5.5097189033403993e-09 -6.7757355282083154e-11
215 4.1894531250000000e-01 -5.5185864766826853e-09 -6.7757355282083154e-11
216 4.2089843750000000e-01 -5.5274540500249714e-09 -6.7871042119804770e-11
217 4.2285156250000000e-01 -5.5360942496918142e-09 -6.8098415795248002e-11
218 4.2480468750000000e-01 -5.5442797020077705e-09 -6.8212102632969618e-11
219 4.2675781250000000e-01 -5.5522377806482837e-09 -6.8325789470691234e-11
220 4.2871093750000000e-01 -5.5601958592887968e-09 -6.8325789470691234e-11
221 4.3066406250000000e-01 -5.5676991905784234e-09 -6.8439476308412850e-11
222 4.3261718750000000e-01 -5.5754298955434933e-09 -6.8553163146134466e-11
223 4.3457031250000000e-01 -5.5824784794822335e-09 -6.8666849983856082e-11
224 4.3652343750000000e-01 -5.5895270634209737e-09 -6.8780536821577698e-11
225 4.3847656250000000e-01 -5.5963482736842707e-09 -6.8666849983856082e-11
226 4.4042968750000000e-01 -5.6031694839475676e-09 -6.8894223659299314e-11
227 4.4238281250000000e-01 -5.6093085731845349e-09 -6.8894223659299314e-11
228 4.4433593750000000e-01 -5.6156750360969454e-09 -6.9121597334742546e-11
229 4.4628906250000000e-01 -5.6218141253339127e-09 -6.9007910497020930e-11
230 4.4824218750000000e-01 -5.6274984672199935e-09 -6.9235284172464162e-11
231 4.5019531250000000e-01 -5.6329554354306310e-09 -6.9121597334742546e-11
232 4.5214843750000000e-01 -5.6384124036412686e-09 -6.9348971010185778e-11
233 4.5410156250000000e-01 -5.6434146245010197e-09 -6.9348971010185778e-11
234 4.5605468750000000e-01 -5.6484168453607708e-09 -6.9348971010185778e-11
235 4.5800781250000000e-01 -5.6529643188696355e-09 -6.9348971010185778e-11
236 4.5996093750000000e-01 -5.6577391660539433e-09 -6.9576344685629010e-11
237 4.6191406250000000e-01 -5.6618318922119215e-09 -6.9576344685629010e-11
238 4.6386718750000000e-01 -5.6659246183698997e-09 -6.9576344685629010e-11
239 4.6582031250000000e-01 -5.6697899708524346e-09 -6.9576344685629010e-11
240 4.6777343750000000e-01 -5.6736553233349696e-09 -6.9803718361072242e-11
241 4.6972656250000000e-01 -5.6768385547911748e-09 -6.9803718361072242e-11
242 4.7167968750000000e-01 -5.6802491599228233e-09 -6.9917405198793858e-11
243 4.7363281250000000e-01 -5.6829776440281421e-09 -6.9803718361072242e-11
244 4.7558593750000000e-01 -5.6861608754843473e-09 -7.0031092036515474e-11
245 4.7753906250000000e-01 -5.6884346122387797e-09 -6.9917405198793858e-11
246 4.7949218750000000e-01 -5.6907083489932120e-09 -6.9917405198793858e-11
247 4.8144531250000000e-01 -5.6929820857476443e-09 -6.9917405198793858e-11
248 4.8339843750000000e-01 -5.6948010751511902e-09 -7.0031092036515474e-11
249 4.8535156250000000e-01 -5.6963926908792928e-09 -6.9917405198793858e-11
250 4.8730468750000000e-01 -5.6979843066073954e-09 -6.9917405198793858e-11
251 4.8925781250000000e-01 -5.6993485486600548e-09 -7.0144778874237090e-11
252 4.9121093750000000e-01 -5.7007127907127142e-09 -7.0144778874237090e-11
253 4.9316406250000000e-01 -5.7011675380636007e-09 -7.0031092036515474e-11
254 4.9511718750000000e-01 -5.7018496590899304e-09 -7.0031092036515474e-11
255 4.9707031250000000e-01 -5.7025317801162601e-09 -7.0144778874237090e-11
256 4.9902343750000000e-01 -5.7025317801162601e-09 -7.0031092036515474e-11
257 5.0097656250000000e-01 -5.7025317801162601e-09 -7.0031092036515474e-11
258 5.0292968750000000e-01 -5.7025317801162601e-09 -7.0144778874237090e-11
259 5.0488281250000000e-01 -5.7016222854144871e-09 -7.0031092036515474e-11
260 5.0683593750000000e-01 -5.7011675380636007e-09 -7.0031092036515474e-11
261 5.0878906250000000e-01 -5.7007127907127142e-09 -7.0144778874237090e-11
262 5.1074218750000000e-01 -5.6993485486600548e-09 -7.0144778874237090e-11
263 5.1269531250000000e-01 -5.6982116802828386e-09 -6.9917405198793858e-11
264 5.1464843750000000e-01 -5.6963926908792928e-09 -6.9917405198793858e-11
265 5.1660156250000000e-01 -5.6950284488266334e-09 -7.0031092036515474e-11
266 5.1855468750000000e-01 -5.6929820857476443e-09 -6.9917405198793858e-11
267 5.2050781250000000e-01 -5.6907083489932120e-09 -6.9917405198793858e-11
268 5.2246093750000000e-01 -5.6884346122387797e-09 -6.9917405198793858e-11
269 5.2441406250000000e-01 -5.6861608754843473e-09 -7.0031092036515474e-11
270 5.2636718750000000e-01 -5.6829776440281421e-09 -6.9803718361072242e-11
271 5.2832031250000000e-01 -5.6802491599228233e-09 -6.9917405198793858e-11
272 5.3027343750000000e-01 -5.6768385547911748e-09 -6.9803718361072242e-11
273 5.3222656250000000e-01 -5.6736553233349696e-09 -6.9803718361072242e-11
274 5.3417968750000000e-01 -5.6697899708524346e-09 -6.9576344685629010e-11
275 5.3613281250000000e-01 -5.6659246183698997e-09 -6.9576344685629010e-11
276 5.3808593750000000e-01 -5.6618318922119215e-09 -6.9576344685629010e-11
277 5.4003906250000000e-01 -5.6577391660539433e-09 -6.9576344685629010e-11
278 5.4199218750000000e-01 -5.6529643188696355e-09 -6.9348971010185778e-11
279 5.4394531250000000e-01 -5.6484168453607708e-09 -6.9348971010185778e-11
280 5.4589843750000000e-01 -5.6434146245010197e-09 -6.9462657847907394e-11
281 5.4785156250000000e-01 -5.6384124036412686e-09 -6.9348971010185778e-11
282 5.4980468750000000e-01 -5.6329554354306310e-09 -6.9121597334742546e-11
283 5.5175781250000000e-01 -5.6277258408954367e-09 -6.9348971010185778e-11
284 5.5371093750000000e-01 -5.6215867516584694e-09 -6.9121597334742546e-11
285 5.5566406250000000e-01 -5.6156750360969454e-09 -6.9121597334742546e-11
286 5.5761718750000000e-01 -5.6093085731845349e-09 -6.8894223659299314e-11
287 5.5957031250000000e-01 -5.6031694839475676e-09 -6.8894223659299314e-11
288 5.6152343750000000e-01 -5.5963482736842707e-09 -6.8666849983856082e-11
289 5.6347656250000000e-01 -5.5892996897455305e-09 -6.8666849983856082e-11
290 5.6542968750000000e-01 -5.5824784794822335e-09 -6.8666849983856082e-11
291 5.6738281250000000e-01 -5.5754298955434933e-09 -6.8553163146134466e-11
292 5.6933593750000000e-01 -5.5676991905784234e-09 -6.8439476308412850e-11
293 5.7128906250000000e-01 -5.5601958592887968e-09 -6.8325789470691234e-11
294 5.7324218750000000e-01 -5.5522377806482837e-09 -6.8212102632969618e-11
295 5.7519531250000000e-01 -5.5442797020077705e-09 -6.8212102632969618e-11
296 5.7714843750000000e-01 -5.5360942496918142e-09 -6.8098415795248002e-11
297 5.7910156250000000e-01 -5.5274540500249714e-09 -6.7871042119804770e-11
298 5.8105468750000000e-01 -5.5185864766826853e-09 -6.7757355282083154e-11
299 5.8300781250000000e-01 -5.5097189033403993e-09 -6.7757355282083154e-11
300 5.8496093750000000e-01 -5.5006239563226700e-09 -6.7529981606639922e-11
301 5.8691406250000000e-01 -5.4915290093049407e-09 -6.7643668444361538e-11
302 5.8886718750000000e-01 -5.4817519412608817e-09 -6.7302607931196690e-11
303 5.9082031250000000e-01 -5.4719748732168227e-09 -6.7302607931196690e-11
304 5.9277343750000000e-01 -5.4619704314973205e-09 -6.7075234255753458e-11
305 5.9472656250000000e-01 -5.4519659897778183e-09 -6.6961547418031842e-11
306 5.9667968750000000e-01 -5.4415068007074296e-09 -6.6961547418031842e-11
307 5.9863281250000000e-01 -5.4310476116370410e-09 -6.6620486904866993e-11
308 6.0058593750000000e-01 -5.4203610488912091e-09 -6.6734173742588609e-11
309 6.0253906250000000e-01 -5.4092197387944907e-09 -6.6506800067145377e-11
310 6.0449218750000000e-01 -5.3983058023732156e-09 -6.6506800067145377e-11
311 6.0644531250000000e-01 -5.3867097449256107e-09 -6.6165739553980529e-11
312 6.0839843750000000e-01 -5.3753410611534491e-09 -6.6165739553980529e-11
313 6.1035156250000000e-01 -5.3635176300304011e-09 -6.5938365878537297e-11
314 6.1230468750000000e-01 -5.3516941989073530e-09 -6.5938365878537297e-11
315 6.1425781250000000e-01 -5.3394160204334185e-09 -6.5710992203094065e-11
316 6.1621093750000000e-01 -5.3266830946085975e-09 -6.5369931689929217e-11
317 6.1816406250000000e-01 -5.3141775424592197e-09 -6.5256244852207601e-11
318 6.2011718750000000e-01 -5.3014446166343987e-09 -6.5142558014485985e-11
319 6.2207031250000000e-01 -5.2882569434586912e-09 -6.5028871176764369e-11
320 6.2402343750000000e-01 -5.2752966439584270e-09 -6.4915184339042753e-11
321 6.2597656250000000e-01 -5.2618815971072763e-09 -6.4687810663599521e-11
322 6.2792968750000000e-01 -5.2482391765806824e-09 -6.4460436988156289e-11
323 6.2988281250000000e-01 -5.2345967560540885e-09 -6.4233063312713057e-11
324 6.3183593750000000e-01 -5.2202722145011649e-09 -6.4005689637269825e-11
325 6.3378906250000000e-01 -5.2061750466236845e-09 -6.3892002799548209e-11
326 6.3574218750000000e-01 -5.1918505050707608e-09 -6.3778315961826593e-11
327 6.3769531250000000e-01 -5.1770712161669508e-09 -6.3550942286383361e-11
328 6.3964843750000000e-01 -5.1627466746140271e-09 -6.3437255448661745e-11
329 6.4160156250000000e-01 -5.1479673857102171e-09 -6.3323568610940129e-11
330 6.4355468750000000e-01 -5.1325059757800773e-09 -6.3209881773218513e-11
331 6.4550781250000000e-01 -5.1172719395253807e-09 -6.2982508097775280e-11
332 6.4746093750000000e-01 -5.1013557822443545e-09 -6.2641447584610432e-11
333 6.4941406250000000e-01 -5.0856669986387715e-09 -6.2527760746888816e-11
334 6.5136718750000000e-01 -5.0699782150331885e-09 -6.2300387071445584e-11
335 6.5332031250000000e-01 -5.0538346840767190e-09 -6.2073013396002352e-11
336 6.5527343750000000e-01 -5.0376911531202495e-09 -6.1959326558280736e-11
337 6.5722656250000000e-01 -5.0210928748128936e-09 -6.1731952882837504e-11
338 6.5917968750000000e-01 -5.0038124754792079e-09 -6.1504579207394272e-11
339 6.6113281250000000e-01 -4.9874415708472952e-09 -6.1277205531951040e-11
340 6.6308593750000000e-01 -4.9701611715136096e-09 -6.1049831856507808e-11
341 6.6503906250000000e-01 -4.9531081458553672e-09 -6.0822458181064576e-11
342 6.6699218750000000e-01 -4.9353729991707951e-09 -6.0595084505621344e-11
343 6.6894531250000000e-01 -4.9178652261616662e-09 -6.0481397667899728e-11
344 6.7089843750000000e-01 -4.9001300794770941e-09 -6.0254023992456496e-11
345 6.7285156250000000e-01 -4.8823949327925220e-09 -6.0140337154734880e-11
346 6.7480468750000000e-01 -4.8639776650816202e-09 -5.9799276641570032e-11
347 6.7675781250000000e-01 -4.8460151447216049e-09 -5.9571902966126800e-11
348 6.7871093750000000e-01 -4.8273705033352599e-09 -5.9344529290683568e-11
349 6.8066406250000000e-01 -4.8084984882734716e-09 -5.9117155615240335e-11
350 6.8261718750000000e-01 -4.7896264732116833e-09 -5.8776095102075487e-11
351 6.8457031250000000e-01 -4.7702997107990086e-09 -5.8548721426632255e-11
352 6.8652343750000000e-01 -4.7509729483863339e-09 -5.8435034588910639e-11
353 6.8847656250000000e-01 -4.7316461859736592e-09 -5.8207660913467407e-11
354 6.9042968750000000e-01 -4.7123194235609844e-09 -5.7866600400302559e-11
355 6.9238281250000000e-01 -4.6925379137974232e-09 -5.7866600400302559e-11
356 6.9433593750000000e-01 -4.6725290303584188e-09 -5.7411853049416095e-11
357 6.9628906250000000e-01 -4.6520653995685279e-09 -5.7184479373972863e-11
358 6.9824218750000000e-01 -4.6318291424540803e-09 -5.6843418860808015e-11
359 7.0019531250000000e-01 -4.6115928853396326e-09 -5.6843418860808015e-11
360 7.0214843750000000e-01 -4.5911292545497417e-09 -5.6502358347643167e-11
361 7.0410156250000000e-01 -4.5697561290580779e-09 -5.6161297834478319e-11
362 7.0605468750000000e-01 -4.5492924982681870e-09 -5.5933924159035087e-11
363 7.0800781250000000e-01 -4.5279193727765232e-09 -5.5706550483591855e-11
364 7.0996093750000000e-01 -4.5065462472848594e-09 -5.5365489970427006e-11
365 7.1191406250000000e-01 -4.4847183744423091e-09 -5.5024429457262158e-11
366 7.1386718750000000e-01 -4.4631178752752021e-09 -5.4797055781818926e-11
367 7.1582031250000000e-01 -4.4410626287572086e-09 -5.4569682106375694e-11
368 7.1777343750000000e-01 -4.4194621295901015e-09 -5.4342308430932462e-11
369 7.1972656250000000e-01 -4.3967247620457783e-09 -5.4001247917767614e-11
370 7.2167968750000000e-01 -4.3744421418523416e-09 -5.3660187404602766e-11
371 7.2363281250000000e-01 -4.3523868953343481e-09 -5.3546500566881150e-11
372 7.2558593750000000e-01 -4.3296495277900249e-09 -5.3205440053716302e-11
373 7.2753906250000000e-01 -4.3066847865702584e-09 -5.2978066378273070e-11
374 7.2949218750000000e-01 -4.2837200453504920e-09 -5.2637005865108222e-11
375 7.3144531250000000e-01 -4.2607553041307256e-09 -5.2409632189664990e-11
376 7.3339843750000000e-01 -4.2368810682091862e-09 -5.2182258514221758e-11
377 7.3535156250000000e-01 -4.2136889533139765e-09 -5.1841198001056910e-11
378 7.3730468750000000e-01 -4.1900420910678804e-09 -5.1613824325613678e-11
379 7.3925781250000000e-01 -4.1661678551463410e-09 -5.1272763812448829e-11
380 7.4121093750000000e-01 -4.1422936192248017e-09 -5.0818016461562365e-11
381 7.4316406250000000e-01 -4.1179646359523758e-09 -5.0476955948397517e-11
382 7.4511718750000000e-01 -4.0934082790045068e-09 -5.0363269110675901e-11
383 7.4707031250000000e-01 -4.0693066694075242e-09 -5.0022208597511053e-11
384 7.4902343750000000e-01 -4.0447503124596551e-09 -4.9681148084346205e-11
385 7.5097656250000000e-01 -4.0199665818363428e-09 -4.9453774408902973e-11
386 7.5292968750000000e-01 -3.9947281038621441e-09 -4.9112713895738125e-11
387 7.5488281250000000e-01 -3.9703991205897182e-09 -4.8999027058016509e-11
388 7.5683593750000000e-01 -3.9449332689400762e-09 -4.8430592869408429e-11
389 7.5878906250000000e-01 -3.9192400436149910e-09 -4.8089532356243581e-11
390 7.6074218750000000e-01 -3.8940015656407923e-09 -4.7862158680800349e-11
391 7.6269531250000000e-01 -3.8685357139911503e-09 -4.7521098167635500e-11
392 7.6464843750000000e-01 -3.8426151149906218e-09 -4.7293724492192268e-11
393 7.6660156250000000e-01 -3.8166945159900934e-09 -4.6952663979027420e-11
394 7.6855468750000000e-01 -3.7905465433141217e-09 -4.6611603465862572e-11
395 7.7050781250000000e-01 -3.7643985706381500e-09 -4.6270542952697724e-11
396 7.7246093750000000e-01 -3.7377958506112918e-09 -4.5929482439532876e-11
397 7.7441406250000000e-01 -3.7114205042598769e-09 -4.5588421926368028e-11
398 7.7636718750000000e-01 -3.6848177842330188e-09 -4.5247361413203180e-11
399 7.7832031250000000e-01 -3.6579876905307174e-09 -4.5019987737759948e-11
400 7.8027343750000000e-01 -3.6311575968284160e-09 -4.4678927224595100e-11
401 7.8222656250000000e-01 -3.6041001294506714e-09 -4.4337866711430252e-11
402 7.8417968750000000e-01 -3.5768152883974835e-09 -4.3883119360543787e-11
403 7.8613281250000000e-01 -3.5495304473442957e-09 -4.3655745685100555e-11
404 7.8808593750000000e-01 -3.5222456062911078e-09 -4.3314685171935707e-11
405 7.9003906250000000e-01 -3.4947333915624768e-09 -4.2973624658770859e-11
406 7.9199218750000000e-01 -3.4667664294829592e-09 -4.2518877307884395e-11
407 7.9394531250000000e-01 -3.4392542147543281e-09 -4.2405190470162779e-11
408 7.9589843750000000e-01 -3.4110598789993674e-09 -4.1950443119276315e-11
409 7.9785156250000000e-01 -3.3828655432444066e-09 -4.1609382606111467e-11
410 7.9980468750000000e-01 -3.3551259548403323e-09 -4.1268322092946619e-11
411 8.0175781250000000e-01 -3.3262494980590418e-09 -4.0813574742060155e-11
412 8.0371093750000000e-01 -3.2978277886286378e-09 -4.0472514228895307e-11
413 8.0566406250000000e-01 -3.2691787055227906e-09 -4.0131453715730458e-11
414 8.0761718750000000e-01 -3.2403022487415001e-09 -3.9790393202565610e-11
415 8.0957031250000000e-01 -3.2116531656356528e-09 -3.9449332689400762e-11
416 8.1152343750000000e-01 -3.1827767088543624e-09 -3.9108272176235914e-11
417 8.1347656250000000e-01 -3.1535591915599070e-09 -3.8767211663071066e-11
418 8.1542968750000000e-01 -3.1245690479408950e-09 -3.8426151149906218e-11
419 8.1738281250000000e-01 -3.0951241569709964e-09 -3.8028247217880562e-11
420 8.1933593750000000e-01 -3.0657929528388195e-09 -3.7744030123576522e-11
421 8.2128906250000000e-01 -3.0358933145180345e-09 -3.7289282772690058e-11
422 8.2324218750000000e-01 -3.0064484235481359e-09 -3.6891378840664402e-11
423 8.2519531250000000e-01 -2.9766624720650725e-09 -3.6607161746360362e-11
424 8.2714843750000000e-01 -2.9467628337442875e-09 -3.6209257814334705e-11
425 8.2910156250000000e-01 -2.9167495085857809e-09 -3.5868197301169857e-11
426 8.3105468750000000e-01 -2.8866224965895526e-09 -3.5470293369144201e-11
427 8.3300781250000000e-01 -2.8563817977556027e-09 -3.5129232855979353e-11
428 8.3496093750000000e-01 -2.8259137252462097e-09 -3.4731328923953697e-11
429 8.3691406250000000e-01 -2.7955593395745382e-09 -3.4390268410788849e-11
430 8.3886718750000000e-01 -2.7649775802274235e-09 -3.3992364478763193e-11
431 8.4082031250000000e-01 -2.7342821340425871e-09 -3.3594460546737537e-11
432 8.4277343750000000e-01 -2.7037003746954724e-09 -3.3253400033572689e-11
433 8.4472656250000000e-01 -2.6725501811597496e-09 -3.2798652682686225e-11
434 8.4667968750000000e-01 -2.6416273612994701e-09 -3.2457592169521376e-11
435 8.4863281250000000e-01 -2.6108182282769121e-09 -3.2173375075217336e-11
436 8.5058593750000000e-01 -2.5795543479034677e-09 -3.1661784305470064e-11
437 8.5253906250000000e-01 -2.5482904675300233e-09 -3.1320723792305216e-11
438 8.5449218750000000e-01 -2.5170265871565789e-09 -3.0979663279140368e-11
439 8.5644531250000000e-01 -2.4855353331076913e-09 -3.0524915928253904e-11
440 8.5839843750000000e-01 -2.4539303922210820e-09 -3.0127011996228248e-11
441 8.6035156250000000e-01 -2.4223254513344727e-09 -2.9842794901924208e-11
442 8.6230468750000000e-01 -2.3906068236101419e-09 -2.9388047551037744e-11
443 8.6425781250000000e-01 -2.3587745090480894e-09 -2.8990143619012088e-11
444 8.6621093750000000e-01 -2.3268285076483153e-09 -2.8535396268125623e-11
445 8.6816406250000000e-01 -2.2947688194108196e-09 -2.8137492336099967e-11
446 8.7011718750000000e-01 -2.2629365048487671e-09 -2.7796431822935119e-11
447 8.7207031250000000e-01 -2.2307631297735497e-09 -2.7398527890909463e-11
448 8.7402343750000000e-01 -2.1984760678606108e-09 -2.7057467377744615e-11
449 8.7597656250000000e-01 -2.1661890059476718e-09 -2.6659563445718959e-11
450 8.7792968750000000e-01 -2.1336745703592896e-09 -2.6204816094832495e-11
451 8.7988281250000000e-01 -2.1011601347709075e-09 -2.5806912162806839e-11
452 8.8183593750000000e-01 -2.0687593860202469e-09 -2.5465851649641991e-11
453 8.8378906250000000e-01 -2.0361312635941431e-09 -2.5011104298755527e-11
454 8.8574218750000000e-01 -2.0032757674925961e-09 -2.4613200366729870e-11
455 8.8769531250000000e-01 -1.9706476450664923e-09 -2.4215296434704214e-11
456 8.8964843750000000e-01 -1.9375647752895020e-09 -2.3817392502678558e-11
457 8.9160156250000000e-01 -1.9047092791879550e-09 -2.3419488570652902e-11
458 8.9355468750000000e-01 -1.8716264094109647e-09 -2.2964741219766438e-11
459 8.9550781250000000e-01 -1.8385435396339744e-09 -2.2623680706601590e-11
460 8.9746093750000000e-01 -1.8054606698569842e-09 -2.2225776774575934e-11
461 8.9941406250000000e-01 -1.7721504264045507e-09 -2.1714186004828662e-11
462 9.0136718750000000e-01 -1.7389538697898388e-09 -2.1373125491663814e-11
463 9.0332031250000000e-01 -1.7055299394996837e-09 -2.0975221559638157e-11
464 9.0527343750000000e-01 -1.6722196960472502e-09 -2.0577317627612501e-11
465 9.0722656250000000e-01 -1.6386820789193735e-09 -2.0179413695586845e-11
466 9.0917968750000000e-01 -1.6050307749537751e-09 -1.9724666344700381e-11
467 9.1113281250000000e-01 -1.5713794709881768e-09 -1.9298340703244321e-11
468 9.1308593750000000e-01 -1.5378986972791608e-09 -1.8928858480649069e-11
469 9.1503906250000000e-01 -1.5040768630569801e-09 -1.8502532839193009e-11
470 9.1699218750000000e-01 -1.4703687156725209e-09 -1.8104628907167353e-11
471 9.1894531250000000e-01 -1.4364331946126185e-09 -1.7678303265711293e-11
472 9.2089843750000000e-01 -1.4026113603904378e-09 -1.7251977624255233e-11
473 9.2285156250000000e-01 -1.3686758393305354e-09 -1.6825651982799172e-11
474 9.2480468750000000e-01 -1.3346834748517722e-09 -1.6427748050773516e-11
475 9.2675781250000000e-01 -1.3006342669541482e-09 -1.5973000699887052e-11
476 9.2871093750000000e-01 -1.2665282156376634e-09 -1.5575096767861396e-11
477 9.3066406250000000e-01 -1.2324221643211786e-09 -1.5177192835835740e-11
478 9.3261718750000000e-01 -1.1981455827481113e-09 -1.4722445484949276e-11
479 9.3457031250000000e-01 -1.1640395314316265e-09 -1.4296119843493216e-11
480 9.3652343750000000e-01 -1.1296492630208377e-09 -1.3898215911467560e-11
481 9.3847656250000000e-01 -1.0954295248666313e-09 -1.3443468560581096e-11
482 9.4042968750000000e-01 -1.0609824130369816e-09 -1.3045564628555439e-11
483 9.4238281250000000e-01 -1.0265921446261927e-09 -1.2619238987099379e-11
484 9.4433593750000000e-01 -9.9220187621540390e-10 -1.2192913345643319e-11
485 9.4628906250000000e-01 -9.5764107754803263e-10 -1.1766587704187259e-11
486 9.4824218750000000e-01 -9.2313712229952216e-10 -1.1340262062731199e-11
487 9.5019531250000000e-01 -8.8863316705101170e-10 -1.0942358130705543e-11
488 9.5214843750000000e-01 -8.5407236838364042e-10 -1.0516032489249483e-11
489 9.5410156250000000e-01 -8.1939788287854753e-10 -1.0089706847793423e-11
490 9.5605468750000000e-01 -7.8483708421117626e-10 -9.6633812063373625e-12
491 9.5800781250000000e-01 -7.5007733357779216e-10 -9.2228447101661004e-12
492 9.5996093750000000e-01 -7.1543126978212968e-10 -8.7965190687100403e-12
493 9.6191406250000000e-01 -6.8064309743931517e-10 -8.3701934272539802e-12
494 9.6386718750000000e-01 -6.4594019022479188e-10 -7.9438677857979201e-12
495 9.6582031250000000e-01 -6.1112359617254697e-10 -7.5033312896266580e-12
496 9.6777343750000000e-01 -5.7636384553916287e-10 -7.0912165028857999e-12
497 9.6972656250000000e-01 -5.4151882977748755e-10 -6.6364691519993357e-12
498 9.7167968750000000e-01 -5.0667381401581224e-10 -6.2243543652584776e-12
499 9.7363281250000000e-01 -4.7185721996356733e-10 -5.8122395785176195e-12
500 9.7558593750000000e-01 -4.3695536078303121e-10 -5.3859139370615594e-12
501 9.7753906250000000e-01 -4.0208192331192549e-10 -4.9595882956054993e-12
502 9.7949218750000000e-01 -3.6712322071252856e-10 -4.5119463720766362e-12
503 9.8144531250000000e-01 -3.3224978324142285e-10 -4.0927261579781771e-12
504 9.8339843750000000e-01 -2.9726265893259551e-10 -3.6521896618069150e-12
505 9.8535156250000000e-01 -2.6236079975205939e-10 -3.2258640203508548e-12
506 9.8730468750000000e-01 -2.2737367544323206e-10 -2.7924329515371937e-12
507 9.8925781250000000e-01 -1.9241497284383513e-10 -2.3661073100811336e-12
508 9.9121093750000000e-01 -1.5746337567179580e-10 -1.9362289549462730e-12
509 9.9316406250000000e-01 -1.2244072422618046e-10 -1.5063505998114124e-12
510 9.9511718750000000e-01 -8.7496232481498737e-11 -1.0764722446765518e-12
511 9.9707031250000000e-01 -5.2466475608525798e-11 -6.4659388954169117e-13
512 9.9902343750000000e-01 1.8129997103599749e-06 -2.1538326677728037e-13
