# P x_center tau_Psi tau_V
1 3.1250000000000000e-02 1.8293171417056442e-03 -2.2539561905787764e-07
2 9.3750000000000000e-02 -5.4175906427644804e-05 -6.6752503080635961e-07
3 1.5625000000000000e-01 -8.7976898203834253e-05 -1.0840018305202648e-06
4 2.1875000000000000e-01 -1.1839698713345115e-04 -1.4588210461852213e-06
5 2.8125000000000000e-01 -1.4426714624704573e-04 -1.7775785892126805e-06
6 3.4375000000000000e-01 -1.6459319982686793e-04 -2.0280247809978391e-06
7 4.0625000000000000e-01 -1.7859402905173738e-04 -2.2005351212328605e-06
8 4.6875000000000000e-01 -1.8573158988033356e-04 -2.2884801289535517e-06
9 5.3125000000000000e-01 -1.8573158988033356e-04 -2.2884801289535517e-06
10 5.9375000000000000e-01 -1.7859402905173738e-04 -2.2005351212328605e-06
11 6.5625000000000000e-01 -1.6459319981976250e-04 -2.0280247845505528e-06
12 7.1875000000000000e-01 -1.4426714624704573e-04 -1.7775785856599668e-06
13 7.8125000000000000e-01 -1.1839698713345115e-04 -1.4588210461852213e-06
14 8.4375000000000000e-01 -8.7976898203834253e-05 -1.0840018305202648e-06
15 9.0625000000000000e-01 -5.4175906424092091e-05 -6.6752503080635961e-07
16 9.6875000000000000e-01 1.8293171417065324e-03 -2.2539561905787764e-07
