# P x_center tau_Psi tau_V
1 1.5625000000000000e-02 4.6242993846412617e-04 -1.4102804701821015e-08
2 4.6875000000000000e-02 -3.4262542847329769e-06 -4.2172596081968550e-08
3 7.8125000000000000e-02 -5.6737489906311112e-06 -6.9836243454801661e-08
4 1.0937500000000000e-01 -7.8666024023732462e-06 -9.6827328377457889e-08
5 1.4062500000000000e-01 -9.9836961240384881e-06 -1.2288591122455728e-07
6 1.7187500000000000e-01 -1.2004641405383154e-05 -1.4776104251268407e-07
7 2.0312500000000000e-01 -1.3909975436376953e-05 -1.7121315920576308e-07
8 2.3437500000000000e-01 -1.5681348770613113e-05 -1.9301638332080984e-07
9 2.6562500000000000e-01 -1.7301702186500734e-05 -2.1296076369026196e-07
10 2.9687500000000000e-01 -1.8755430687633634e-05 -2.3085420508550669e-07
11 3.2812500000000000e-01 -2.0028534194693748e-05 -2.4652440799854958e-07
12 3.5937500000000000e-01 -2.1108751937504167e-05 -2.5982043183603309e-07
13 3.9062500000000000e-01 -2.1985680859870627e-05 -2.7061425811325535e-07
14 4.2187500000000000e-01 -2.2650875678209559e-05 -2.7880191311169256e-07
15 4.5312500000000000e-01 -2.3097930153426205e-05 -2.8430454790395743e-07
16 4.8437500000000000e-01 -2.3322538964976047e-05 -2.8706918442367169e-07
17 5.1562500000000000e-01 -2.3322538964976047e-05 -2.8706918442367169e-07
18 5.4687500000000000e-01 -2.3097930153426205e-05 -2.8430454790395743e-07
19 5.7812500000000000e-01 -2.2650875678209559e-05 -2.7880191311169256e-07
20 6.0937500000000000e-01 -2.1985680859870627e-05 -2.7061425811325535e-07
21 6.4062500000000000e-01 -2.1108751937504167e-05 -2.5982043183603309e-07
22 6.7187500000000000e-01 -2.0028534194693748e-05 -2.4652440799854958e-07
23 7.0312500000000000e-01 -1.8755430673422779e-05 -2.3085420508550669e-07
24 7.3437500000000000e-01 -1.7301702158079024e-05 -2.1296075658483460e-07
25 7.6562500000000000e-01 -1.5681348756402258e-05 -1.9301638332080984e-07
26 7.9687500000000000e-01 -1.3909975436376953e-05 -1.7121314499490836e-07
27 8.2812500000000000e-01 -1.2004641398277727e-05 -1.4776103895997039e-07
28 8.5937500000000000e-01 -9.9836961382493428e-06 -1.2288591477727095e-07
29 8.9062500000000000e-01 -7.8666024094786735e-06 -9.6827328377457889e-08
30 9.2187500000000000e-01 -5.6737489941838248e-06 -6.9836243454801661e-08
31 9.5312500000000000e-01 -3.4262542847329769e-06 -4.2172596081968550e-08
32 9.8437500000000000e-01 4.6242993846234981e-04 -1.4102805145910224e-08
