# P x psi_num psi_exact psi_err v_num v_exact v_err
1 7.8125000000000000e-03 9.0278660707368286e-03 9.0282134346696338e-03 -3.4736393280526690e-07 4.5131718701653303e-03 4.5141067173348169e-03 -9.3484716948664948e-07
2 2.3437500000000000e-02 2.7067283529429373e-02 2.7062890547066683e-02 4.3929823626900899e-06 1.3533262410732314e-02 1.3531445273533341e-02 1.8171371989721130e-06
3 3.9062500000000000e-02 4.5041489355318487e-02 4.5032370785706592e-02 9.1185696118947779e-06 2.2520744864093341e-02 2.2516185392853296e-02 4.5594712400447157e-06
4 5.4687500000000000e-02 6.2907181930589251e-02 6.2893364098753901e-02 1.3817831835349903e-05 3.1453967563208569e-02 3.1446682049376951e-02 7.2855138316188506e-06
5 7.0312500000000000e-02 8.0621321059606871e-02 8.0602841788879248e-02 1.8479270727622676e-05 4.0311409560193412e-02 4.0301420894439624e-02 9.9886657537878731e-06
6 8.5937500000000000e-02 9.8141231656692599e-02 9.8118140173160034e-02 2.3091483532564072e-05 4.9071732472037222e-02 4.9059070086580017e-02 1.2662385457204439e-05
7 1.0156250000000000e-01 1.1542470655431027e-01 1.1539706336362966e-01 2.7643190680604057e-05 5.7713831886504273e-02 5.7698531681814831e-02 1.5300204689441821e-05
8 1.1718750000000000e-01 1.3243010818399534e-01 1.3239798492086724e-01 3.2123263128097657e-05 6.6216888204379085e-02 6.6198992460433620e-02 1.7895743945464671e-05
9 1.3281250000000000e-01 1.4911646888506128e-01 1.4907994813573666e-01 3.6520749324614465e-05 7.4560416795587864e-02 7.4539974067868331e-02 2.0442727719532927e-05
10 1.4843750000000000e-01 1.6544358959944364e-01 1.6540276469768581e-01 4.0824901757829934e-05 8.2724317348323723e-02 8.2701382348842903e-02 2.2934999480819784e-05
11 1.6406250000000000e-01 1.8137213671489547e-01 1.8132711151190711e-01 4.5025202988352442e-05 9.0688922292361890e-02 9.0663555755953557e-02 2.5366536408333307e-05
12 1.7968750000000000e-01 1.9686373682325267e-01 1.9681462543211703e-01 4.9111391135642224e-05 9.8435044179806266e-02 9.8407312716058515e-02 2.7731463747751595e-05
13 1.9531250000000000e-01 2.1188106916547184e-01 2.1182799568073585e-01 5.3073484735988163e-05 1.0594402190924149e-01 1.0591399784036792e-01 3.0024068873563126e-05
14 2.1093750000000000e-01 2.2638795554074786e-01 2.2633105373381859e-01 5.6901806929271492e-05 1.1319776568181875e-01 1.1316552686690930e-01 3.2238814909449354e-05
15 2.2656250000000000e-01 2.4034944746309056e-01 2.4028886045419764e-01 6.0587008892915017e-05 1.2017880058109875e-01 1.2014443022709882e-01 3.4370353999932379e-05
16 2.4218750000000000e-01 2.5373191035541648e-01 2.5366779026292408e-01 6.4120092492403469e-05 1.2687030867149318e-01 1.2683389513146204e-01 3.6413540031143832e-05
17 2.5781250000000000e-01 2.6650310457830151e-01 2.6643561214623290e-01 6.7492432068605446e-05 1.3325616951408795e-01 1.3321780607311645e-01 3.8363440971495022e-05
18 2.7343750000000000e-01 2.7863226309822070e-01 2.7856156730287795e-01 7.0695795342745615e-05 1.3932099900207634e-01 1.3928078365143898e-01 4.0215350637362590e-05
19 2.8906250000000000e-01 2.9009016560811896e-01 2.9001644324477882e-01 7.3722363340134045e-05 1.4505018642231626e-01 1.4500822162238941e-01 4.1964799926852425e-05
20 3.0468750000000000e-01 3.0084920892179701e-01 3.0077264417246269e-01 7.6564749334318005e-05 1.5042992965374635e-01 1.5038632208623134e-01 4.3607567515008272e-05
21 3.2031250000000000e-01 3.1088347347249179e-01 3.1080425745576290e-01 7.9216016728889116e-05 1.5544726841779813e-01 1.5540212872788145e-01 4.5139689916678938e-05
22 3.3593750000000000e-01 3.2016878575547941e-01 3.2008711605961443e-01 8.1669695864983183e-05 1.6009011550079269e-01 1.6004355802980721e-01 4.6557470985475469e-05
23 3.5156250000000000e-01 3.2868277656423639e-01 3.2859885676455824e-01 8.3919799678144891e-05 1.6434728587300002e-01 1.6429942838227912e-01 4.7857490720892848e-05
24 3.6718750000000000e-01 3.3640493487989837e-01 3.3631897404169570e-01 8.5960838202669976e-05 1.6820852363429001e-01 1.6815948702084785e-01 4.9036613442160482e-05
25 3.8281250000000000e-01 3.4331665728415955e-01 3.4322886945230363e-01 8.7787831855923315e-05 1.7166452672143365e-01 1.7161443472615182e-01 5.0091995281831281e-05
26 3.9843750000000000e-01 3.4940129277661397e-01 3.4931189645310273e-01 8.9396323511237163e-05 1.7470696931755755e-01 1.7465594822655137e-01 5.1021091006187014e-05
27 4.1406250000000000e-01 3.5464418288851329e-01 3.5455340049923767e-01 9.0782389275623210e-05 1.7732852190965229e-01 1.7727670024961883e-01 5.1821660033452011e-05
28 4.2968750000000000e-01 3.5903269699635665e-01 3.5894075434835987e-01 9.1942647996778870e-05 1.7952286894603769e-01 1.7947037717417993e-01 5.2491771857759995e-05
29 4.4531250000000000e-01 3.6255626275020436e-01 3.6246338848075987e-01 9.2874269444487290e-05 1.8128472405097978e-01 1.8123169424037994e-01 5.3029810599847238e-05
30 4.6093750000000000e-01 3.6520639154344031e-01 3.6511281656226657e-01 9.3574981173738525e-05 1.8260984276005654e-01 1.8255640828113329e-01 5.3434478923253259e-05
31 4.7656250000000000e-01 3.6697669896258467e-01 3.6688265588856905e-01 9.4043074015615069e-05 1.8349503274538348e-01 1.8344132794428453e-01 5.3704801098952704e-05
32 4.9218750000000000e-01 3.6786292016793237e-01 3.6776864276171067e-01 9.4277406221698890e-05 1.8393816150617540e-01 1.8388432138085534e-01 5.3840125320059329e-05
33 5.0781250000000000e-01 3.6786292016793026e-01 3.6776864276171067e-01 9.4277406219589466e-05 1.8393816150617517e-01 1.8388432138085534e-01 5.3840125319837284e-05
34 5.2343750000000000e-01 3.6697669896258422e-01 3.6688265588856905e-01 9.4043074015170980e-05 1.8349503274538134e-01 1.8344132794428453e-01 5.3704801096815524e-05
35 5.3906250000000000e-01 3.6520639154344003e-01 3.6511281656226657e-01 9.3574981173460969e-05 1.8260984276005654e-01 1.8255640828113329e-01 5.3434478923253259e-05
36 5.5468750000000000e-01 3.6255626275020530e-01 3.6246338848075987e-01 9.2874269445430979e-05 1.8128472405097978e-01 1.8123169424037994e-01 5.3029810599847238e-05
37 5.7031250000000000e-01 3.5903269699635504e-01 3.5894075434835987e-01 9.1942647995169047e-05 1.7952286894603769e-01 1.7947037717417993e-01 5.2491771857759995e-05
38 5.8593750000000000e-01 3.5464418288851290e-01 3.5455340049923767e-01 9.0782389275234632e-05 1.7732852190965229e-01 1.7727670024961883e-01 5.1821660033452011e-05
39 6.0156250000000000e-01 3.4940129277661369e-01 3.4931189645310273e-01 8.9396323510959608e-05 1.7470696931755755e-01 1.7465594822655137e-01 5.1021091006187014e-05
40 6.1718750000000000e-01 3.4331665728416028e-01 3.4322886945230363e-01 8.7787831856644960e-05 1.7166452672143406e-01 1.7161443472615182e-01 5.0091995282247614e-05
41 6.3281250000000000e-01 3.3640493487989559e-01 3.3631897404169570e-01 8.5960838199894418e-05 1.6820852363428598e-01 1.6815948702084785e-01 4.9036613438135923e-05
42 6.4843750000000000e-01 3.2868277656423489e-01 3.2859885676455824e-01 8.3919799676646090e-05 1.6434728587299788e-01 1.6429942838227912e-01 4.7857490718755669e-05
43 6.6406250000000000e-01 3.2016878575547802e-01 3.2008711605961448e-01 8.1669695863539893e-05 1.6009011550079269e-01 1.6004355802980724e-01 4.6557470985447713e-05
44 6.7968750000000000e-01 3.1088347347249179e-01 3.1080425745576301e-01 7.9216016728778094e-05 1.5544726841779813e-01 1.5540212872788151e-01 4.5139689916623427e-05
45 6.9531250000000000e-01 3.0084920892179517e-01 3.0077264417246269e-01 7.6564749332486137e-05 1.5042992965374635e-01 1.5038632208623134e-01 4.3607567515008272e-05
46 7.1093750000000000e-01 2.9009016560811796e-01 2.9001644324477882e-01 7.3722363339134844e-05 1.4505018642231565e-01 1.4500822162238941e-01 4.1964799926241803e-05
47 7.2656250000000000e-01 2.7863226309821976e-01 2.7856156730287807e-01 7.0695795341690904e-05 1.3932099900207634e-01 1.3928078365143903e-01 4.0215350637307079e-05
48 7.4218750000000000e-01 2.6650310457830162e-01 2.6643561214623290e-01 6.7492432068716468e-05 1.3325616951408795e-01 1.3321780607311645e-01 3.8363440971495022e-05
49 7.5781250000000000e-01 2.5373191035541393e-01 2.5366779026292419e-01 6.4120092489738933e-05 1.2687030867149104e-01 1.2683389513146209e-01 3.6413540028951141e-05
50 7.7343750000000000e-01 2.4034944746308892e-01 2.4028886045419762e-01 6.0587008891305194e-05 1.2017880058109780e-01 1.2014443022709881e-01 3.4370353998988690e-05
51 7.8906250000000000e-01 2.2638795554074634e-01 2.2633105373381865e-01 5.6901806927689424e-05 1.1319776568181861e-01 1.1316552686690932e-01 3.2238814909282820e-05
52 8.0468750000000000e-01 2.1188106916547131e-01 2.1182799568073588e-01 5.3073484735433052e-05 1.0594402190924149e-01 1.0591399784036794e-01 3.0024068873549248e-05
53 8.2031250000000000e-01 1.9686373682325070e-01 1.9681462543211703e-01 4.9111391133671578e-05 9.8435044179803435e-02 9.8407312716058515e-02 2.7731463744920526e-05
54 8.3593750000000000e-01 1.8137213671489405e-01 1.8132711151190714e-01 4.5025202986909152e-05 9.0688922292361723e-02 9.0663555755953570e-02 2.5366536408152895e-05
55 8.5156250000000000e-01 1.6544358959944233e-01 1.6540276469768592e-01 4.0824901756414400e-05 8.2724317348323098e-02 8.2701382348842958e-02 2.2934999480139773e-05
56 8.6718750000000000e-01 1.4911646888506050e-01 1.4907994813573669e-01 3.6520749323809554e-05 7.4560416795586101e-02 7.4539974067868345e-02 2.0442727717756570e-05
57 8.8281250000000000e-01 1.3243010818399298e-01 1.3239798492086732e-01 3.2123263125655166e-05 6.6216888204376254e-02 6.6198992460433662e-02 1.7895743942591968e-05
58 8.9843750000000000e-01 1.1542470655430821e-01 1.1539706336362962e-01 2.7643190678591778e-05 5.7713831886502136e-02 5.7698531681814810e-02 1.5300204687325458e-05
59 9.1406250000000000e-01 9.8141231656690531e-02 9.8118140173160076e-02 2.3091483530454648e-05 4.9071732472036021e-02 4.9059070086580038e-02 1.2662385455983194e-05
60 9.2968750000000000e-01 8.0621321059605053e-02 8.0602841788879331e-02 1.8479270725721419e-05 4.0311409560193003e-02 4.0301420894439666e-02 9.9886657533368450e-06
61 9.4531250000000000e-01 6.2907181930587558e-02 6.2893364098753901e-02 1.3817831833656813e-05 3.1453967563207508e-02 3.1446682049376951e-02 7.2855138305571998e-06
62 9.6093750000000000e-01 4.5041489355317411e-02 4.5032370785706648e-02 9.1185696107637382e-06 2.2520744864092564e-02 2.2516185392853324e-02 4.5594712392398040e-06
63 9.7656250000000000e-01 2.7067283529428623e-02 2.7062890547066794e-02 4.3929823618296671e-06 1.3533262410731677e-02 1.3531445273533397e-02 1.8171371982799583e-06
64 9.9218750000000000e-01 9.0278660707365736e-03 9.0282134346696477e-03 -3.4736393307414903e-07 4.5131718701651160e-03 4.5141067173348239e-03 -9.3484716970782672e-07
