# P x u_num u_exact u_err v_num v_exact v_err psi_num psi_exact psi_err
1 1.9531250000000000e-03 6.0747158081600134e-03 6.0748315767994608e-03 -1.1576863944741389e-07 6.0747553579140389e-03 6.0748315767994608e-03 -7.6218885421835969e-08 1.2149471166074052e-02 1.2149663153598922e-02 -1.9198752486924986e-07
2 5.8593750000000000e-03 1.8223473722127029e-02 1.8223579883107903e-02 -1.0616098087418147e-07 1.8223517633357483e-02 1.8223579883107903e-02 -6.2249750420323435e-08 3.6446991355484515e-02 3.6447159766215806e-02 -1.6841073129103545e-07
3 9.7656250000000000e-03 3.0369489278665486e-02 3.0369583785317546e-02 -9.4506652059678231e-08 3.0369525263861816e-02 3.0369583785317546e-02 -5.8521455729987348e-08 6.0739014542527302e-02 6.0739167570635091e-02 -1.5302810778966558e-07
4 1.3671875000000000e-02 4.2510930552522065e-02 4.2511014139917223e-02 -8.3587395158235545e-08 4.2510962916626073e-02 4.2511014139917223e-02 -5.1223291150370720e-08 8.5021893469148138e-02 8.5022028279834447e-02 -1.3481068630860626e-07
5 1.7578125000000000e-02 5.4645969874871782e-02 5.4646042492155232e-02 -7.2617283450315817e-08 5.4645998158747676e-02 5.4646042492155232e-02 -4.4333407556162996e-08 1.0929196803361946e-01 1.0929208498431046e-01 -1.1695069100647881e-07
6 2.1484375000000000e-02 6.6772779698196186e-02 6.6772841351397855e-02 -6.1653201668954161e-08 6.6772803743544745e-02 6.6772841351397855e-02 -3.7607853109467015e-08 1.3354558344174094e-01 1.3354568270279571e-01 -9.9261054764543388e-08
7 2.5390625000000000e-02 7.8889533732662151e-02 7.8889584466342796e-02 -5.0733680645453916e-08 7.8889553568253945e-02 7.8889584466342796e-02 -3.0898088851372130e-08 1.5777908730091611e-01 1.5777916893268559e-01 -8.1631769482948258e-08
8 2.9296875000000000e-02 9.0994407236317937e-02 9.0994447100045783e-02 -3.9863727846478625e-08 9.0994422878277775e-02 9.0994447100045783e-02 -2.4221768007981481e-08 1.8198883011459571e-01 1.8198889420009157e-01 -6.4085495854460106e-08
9 3.3203125000000000e-02 1.0308557725421380e-01 1.0308560630471940e-01 -2.9050505598315901e-08 1.0308558872034283e-01 1.0308560630471940e-01 -1.7584376565960014e-08 2.0617116597455665e-01 2.0617121260943880e-01 -4.6634882150398127e-08
10 3.7109375000000000e-02 1.1516122289498137e-01 1.1516124119626214e-01 -1.8301280768628914e-08 1.1516123020682087e-01 1.1516124119626214e-01 -1.0989441273645539e-08 2.3032245310180224e-01 2.3032248239252429e-01 -2.9290722042274453e-08
11 4.1015625000000000e-02 1.2721952560556515e-01 1.2721953322847712e-01 -7.6229119683191016e-09 1.2721952878755938e-01 1.2721953322847712e-01 -4.4409177446524950e-09 2.5443905439312453e-01 2.5443906645695424e-01 -1.2063829712971597e-08
12 4.4921875000000000e-02 1.3925866944499860e-01 1.3925866646693805e-01 2.9780605481644074e-09 1.3925866852434662e-01 1.3925866646693805e-01 2.0574085768387818e-09 2.7851733796934519e-01 2.7851733293387609e-01 5.0354690972476135e-09
13 4.8828125000000000e-02 1.5127684135788880e-01 1.5127682786246277e-01 1.3495426026688406e-08 1.5127683636445155e-01 1.5127682786246277e-01 8.5019887796633498e-09 3.0255367772234032e-01 3.0255365572492554e-01 2.1997414778596180e-08
14 5.2734375000000000e-02 1.6327223144748951e-01 1.6327220752415125e-01 2.3923338254849824e-08 1.6327222241360284e-01 1.6327220752415125e-01 1.4889451588340208e-08 3.2654445386109232e-01 3.2654441504830251e-01 3.8812789815434456e-08
15 5.6640625000000000e-02 1.7524303324827500e-01 1.7524299899194898e-01 3.4256326025827732e-08 1.7524302020859692e-01 1.7524299899194898e-01 2.1216647938526734e-08 3.5048605345687189e-01 3.5048599798389796e-01 5.5472973936598891e-08
16 6.0546875000000000e-02 1.8718744399799594e-01 1.8718739950869293e-01 4.4489303019368265e-08 1.8718742698937277e-01 1.8718739950869293e-01 2.7480679842817324e-08 3.7437487098736871e-01 3.7437479901738585e-01 7.1969982862185589e-08
17 6.4453125000000000e-02 1.9910366490918818e-01 1.9910361029160026e-01 5.4617587924576938e-08 1.9910364397046737e-01 1.9910361029160026e-01 3.3678867111808231e-08 3.9820730887965555e-01 3.9820722058320052e-01 8.8296455036385169e-08
18 6.8359375000000000e-02 2.1098990144006252e-01 2.1098983680315828e-01 6.4636904245629623e-08 2.1098987661195009e-01 2.1098983680315828e-01 3.9808791818529699e-08 4.2197977805201259e-01 4.2197967360631655e-01 1.0444569603640375e-07
19 7.2265625000000000e-02 2.2284436356477128e-01 2.2284428902137537e-01 7.4543395900406040e-08 2.2284433488962849e-01 2.2284428902137537e-01 4.5868253112368862e-08 4.4568869845439973e-01 4.4568857804275075e-01 1.2041164898501933e-07
20 7.6171875000000000e-02 2.3466526604297006e-01 2.3466518170935158e-01 8.4333618477483441e-08 2.3466523356467472e-01 2.3466518170935158e-01 5.1855323146554611e-08 4.6933049960764478e-01 4.6933036341870316e-01 1.3618894162403805e-07
21 8.0078125000000000e-02 2.4645082868867679e-01 2.4645073468412870e-01 9.4004548090165230e-08 2.4645079245242543e-01 2.4645073468412870e-01 5.7768296729543422e-08 4.9290162114110225e-01 4.9290146936825741e-01 1.5177284484746423e-07
22 8.3984375000000000e-02 2.5819927663835601e-01 2.5819917308477947e-01 1.0355357654701081e-07 2.5819923669048495e-01 2.5819917308477947e-01 6.3605705480362928e-08 5.1639851332884090e-01 5.1639834616955893e-01 1.6715928197186258e-07
23 8.7890625000000000e-02 2.6990884061818488e-01 2.6990872763969487e-01 1.1297849000779792e-07 2.6990879700607517e-01 2.6990872763969487e-01 6.9366380306412623e-08 5.3981763762426005e-01 5.3981745527938974e-01 1.8234487031421054e-07
24 9.1796875000000000e-02 2.8157775721051836e-01 2.8157763493303006e-01 1.2227748830140328e-07 2.8157770998235115e-01 2.8157763493303006e-01 7.5049321091036347e-08 5.6315546719286957e-01 5.6315526986606013e-01 1.9732680944795078e-07
25 9.5703125000000000e-02 2.9320426911941710e-01 2.9320413767026821e-01 1.3144914889906545e-07 2.9320421832406229e-01 2.9320413767026821e-01 8.0653794087837127e-08 5.8640848744347940e-01 5.8640827534053641e-01 2.1210294298690258e-07
26 9.9609375000000000e-02 3.0478662543529633e-01 3.0478648494286281e-01 1.4049243352021179e-07 3.0478657112210927e-01 3.0478648494286281e-01 8.6179246461259851e-08 6.0957319655740561e-01 6.0957296988572562e-01 2.2667167998147164e-07
27 1.0351562500000000e-01 3.1632308189857211e-01 3.1632293249191790e-01 1.4940665421514510e-07 3.1632302411729751e-01 3.1632293249191790e-01 9.1625379616822045e-08 6.3264610601586968e-01 6.3264586498383579e-01 2.4103203388747829e-07
28 1.0742187500000000e-01 3.2781190116233766e-01 3.2781174297086690e-01 1.5819147075601947e-07 3.2781183996294017e-01 3.2781174297086690e-01 9.6992073261858991e-08 6.5562374112527788e-01 6.5562348594173381e-01 2.5518354407338961e-07
29 1.1132812500000000e-01 3.3925135305397852e-01 3.3925118620711070e-01 1.6684686782175717e-07 3.3925128848650465e-01 3.3925118620711070e-01 1.0227939395424102e-07 6.7850264154048312e-01 6.7850237241422140e-01 2.6912626172048704e-07
30 1.1523437500000000e-01 3.5063971483570644e-01 3.5063953946257576e-01 1.7537313068416438e-07 3.5063964695017907e-01 3.5063953946257576e-01 1.0748760331802387e-07 7.0127936178588546e-01 7.0127907892515151e-01 2.8286073394667710e-07
31 1.1914062500000000e-01 3.6197527146397773e-01 3.6197508769315134e-01 1.8377082638965092e-07 3.6197520031029001e-01 3.6197508769315134e-01 1.1261713867005696e-07 7.2395047177426775e-01 7.2395017538630269e-01 2.9638796505970788e-07
32 1.2304687500000000e-01 3.7325631584776814e-01 3.7325612380696932e-01 1.9204079881873781e-07 3.7325624147548947e-01 3.7325612380696932e-01 1.1766852014982732e-07 7.4651255732325761e-01 7.4651224761393864e-01 3.0970931896856513e-07
33 1.2695312500000000e-01 3.8448114910559628e-01 3.8448094892148588e-01 2.0018411039934847e-07 3.8448107156399536e-01 3.8448094892148588e-01 1.2264250948135214e-07 7.6896222066959163e-01 7.6896189784297175e-01 3.2282661988070060e-07
34 1.3085937500000000e-01 3.9564808082138037e-01 3.9564787261932693e-01 2.0820205343108356e-07 3.9564800015925228e-01 3.9564787261932693e-01 1.2753992534308978e-07 7.9129608098063264e-01 7.9129574523865387e-01 3.3574197877417333e-07
35 1.3476562500000000e-01 4.0675542929897052e-01 4.0675521320285879e-01 2.1609611172701548e-07 4.0675534556456533e-01 4.0675521320285879e-01 1.3236170653962986e-07 8.1351077486353585e-01 8.1351042640571758e-01 3.4845781826664535e-07
36 1.3867187500000000e-01 4.1780152181538610e-01 4.1780129794744558e-01 2.2386794051865166e-07 4.1780143505633710e-01 4.1780129794744558e-01 1.3710889151807848e-07 8.3560295687172315e-01 8.3560259589489116e-01 3.6097683198121899e-07
37 1.4257812500000000e-01 4.2878469487268545e-01 4.2878446335335541e-01 2.3151933004061931e-07 4.2878460513602623e-01 4.2878446335335541e-01 1.4178267082609608e-07 8.5756930000871168e-01 8.5756892670671081e-01 3.7330200086671539e-07
38 1.4648437500000000e-01 4.3970329444850409e-01 4.3970305539627741e-01 2.3905222668041404e-07 4.3970320178042294e-01 4.3970305539627741e-01 1.4638414552736734e-07 8.7940649622892697e-01 8.7940611079255482e-01 3.8543637215227022e-07
39 1.5039062500000000e-01 4.5055567624504600e-01 4.5055542977641178e-01 2.4646863422406184e-07 4.5055558069111895e-01 4.5055542977641178e-01 1.5091470717543132e-07 9.0111125693616501e-01 9.0111085955282355e-01 3.9738334145500431e-07
40 1.5429687500000000e-01 4.6134020593678182e-01 4.6133995216609486e-01 2.5377068696430527e-07 4.6134010754165000e-01 4.6133995216609486e-01 1.5537555514422152e-07 9.2268031347843182e-01 9.2267990433218972e-01 4.0914624210852679e-07
41 1.5820312500000000e-01 4.7205525941647780e-01 4.7205499845592341e-01 2.6096055438795673e-07 4.7205515822398197e-01 4.7205499845592341e-01 1.5976805856077192e-07 9.4411041764045978e-01 9.4410999691184683e-01 4.2072861294872865e-07
42 1.6210937500000000e-01 4.8269922303978186e-01 4.8269895499933935e-01 2.6804044250816617e-07 4.8269911909297225e-01 4.8269895499933935e-01 1.6409363290392776e-07 9.6539834213275411e-01 9.6539790999867869e-01 4.3213407541209392e-07
43 1.6601562500000000e-01 4.9327049386824562e-01 4.9327021885563860e-01 2.7501260702056385e-07 4.9327038720923055e-01 4.9327021885563860e-01 1.6835359195610522e-07 9.8654088107747617e-01 9.8654043771127720e-01 4.4336619897666907e-07
44 1.6992187500000000e-01 5.0376747991066728e-01 5.0376719803136860e-01 2.8187929868028760e-07 5.0376737058067211e-01 5.0376719803136860e-01 1.7254930351207065e-07 1.0075348504913393e+00 1.0075343960627372e+00 4.5442860208133595e-07
45 1.7382812500000000e-01 5.1418860036281588e-01 5.1418831172007662e-01 2.8864273926565431e-07 5.1418848840230102e-01 5.1418831172007662e-01 1.7668222440647696e-07 1.0283770887651169e+00 1.0283766234401532e+00 4.6532496367213128e-07
46 1.7773437500000000e-01 5.2453228584553357e-01 5.2453199054037258e-01 2.9530516099107729e-07 5.2453217129400120e-01 5.2453199054037258e-01 1.8075362862024491e-07 1.0490644571395347e+00 1.0490639810807452e+00 4.7605878950029989e-07
47 1.8164062500000000e-01 5.3479697864100673e-01 5.3479667677227372e-01 3.0186873301030204e-07 5.3479686153716932e-01 5.3479667677227372e-01 1.8476489560548259e-07 1.0695938401781762e+00 1.0695933535445474e+00 4.8663362872680693e-07
48 1.8554687500000000e-01 5.4498113292739048e-01 5.4498082459178965e-01 3.0833560082932365e-07 5.4498101330904281e-01 5.4498082459178965e-01 1.8871725315783294e-07 1.0899621462364333e+00 1.0899616491835793e+00 4.9705285398715660e-07
49 1.8945312500000000e-01 5.5508321501153068e-01 5.5508290030371910e-01 3.1470781158837724e-07 5.5508309291580016e-01 5.5508290030371910e-01 1.9261208106247096e-07 1.1101663079273307e+00 1.1101658006074382e+00 5.0731989253982590e-07
50 1.9335937500000000e-01 5.6510170356001610e-01 5.6510138257261811e-01 3.2098739799479858e-07 5.6510157902306246e-01 5.6510138257261811e-01 1.9645044435634418e-07 1.1302032825830786e+00 1.1302027651452362e+00 5.1743784235114276e-07
51 1.9726562500000000e-01 5.7503508982816742e-01 5.7503476265190800e-01 3.2717625941813822e-07 5.7503496288553679e-01 5.7503476265190800e-01 2.0023362878873741e-07 1.1500700527137042e+00 1.1500695253038160e+00 5.2740988820687562e-07
52 2.0117187500000000e-01 5.8488187788733892e-01 5.8488154461108643e-01 3.3327625248436021e-07 5.8488174857376085e-01 5.8488154461108643e-01 2.0396267441658011e-07 1.1697636264610998e+00 1.1697630892221729e+00 5.3723892690094033e-07
53 2.0507812500000000e-01 5.9464058485013360e-01 5.9464024556101014e-01 3.3928912346326001e-07 5.9464045319966585e-01 5.9464024556101014e-01 2.0763865571371554e-07 1.1892810380497996e+00 1.1892804911220203e+00 5.4692777928799785e-07
54 2.0898437500000000e-01 6.0430974109372992e-01 6.0430939587721089e-01 3.4521651903762773e-07 6.0430960713982573e-01 6.0430939587721089e-01 2.1126261484649689e-07 1.2086193482335557e+00 1.2086187917544218e+00 5.5647913388412462e-07
55 2.1289062500000000e-01 6.1388789048122050e-01 6.1388753942121710e-01 3.5106000340068277e-07 6.1388775425667519e-01 6.1388753942121710e-01 2.1483545808997917e-07 1.2277756447378958e+00 1.2277750788424342e+00 5.6589546160168425e-07
56 2.1679687500000000e-01 6.2337359058087727e-01 6.2337323375984244e-01 3.5682103483036798e-07 6.2337345211789619e-01 6.2337323375984244e-01 2.1835805374958994e-07 1.2467470426987735e+00 1.2467464675196849e+00 5.7517908857995792e-07
57 2.2070312500000000e-01 6.3276541288336785e-01 6.3276505038241049e-01 3.6250095736267696e-07 6.3276527221367085e-01 6.3276505038241049e-01 2.2183126036079415e-07 1.2655306850970387e+00 1.2655301007648210e+00 5.8433221772347110e-07
58 2.2460937500000000e-01 6.4206194301692110e-01 6.4206157491588378e-01 3.6810103731799160e-07 6.4206180017164605e-01 6.4206157491588378e-01 2.2525576226506416e-07 1.2841237431885673e+00 1.2841231498317676e+00 5.9335679969407806e-07
59 2.2851562500000000e-01 6.5126178096027421e-01 6.5126140733786275e-01 3.7362241145366681e-07 6.5126163597016518e-01 6.5126140733786275e-01 2.2863230242364807e-07 1.3025234169304394e+00 1.3025228146757255e+00 6.0225471387731488e-07
60 2.3242187500000000e-01 6.6036354125355246e-01 6.6036316218742430e-01 3.7906612815330476e-07 6.6036339414892975e-01 6.6036316218742430e-01 2.3196150544801952e-07 1.3207269354024822e+00 1.3207263243748486e+00 6.1102763360132428e-07
61 2.3632812500000000e-01 6.6936585320689923e-01 6.6936546877376712e-01 3.8443313210567709e-07 6.6936570401770035e-01 6.6936546877376712e-01 2.3524393322205128e-07 1.3387315572245995e+00 1.3387309375475342e+00 6.1967706521670607e-07
62 2.4023437500000000e-01 6.7826736110690711e-01 6.7826697138263226e-01 3.8972427485184369e-07 6.7826720986271882e-01 6.7826697138263226e-01 2.3848008656734976e-07 1.3565345709696259e+00 1.3565339427652645e+00 6.2820436141919345e-07
63 2.4414062500000000e-01 6.8706672442078032e-01 6.8706632948046931e-01 3.9494031101039440e-07 6.8706657115086556e-01 6.8706632948046931e-01 2.4167039625044850e-07 1.3741332955716459e+00 1.3741326589609386e+00 6.3661070726084290e-07
64 2.4804687500000000e-01 6.9576261799820271e-01 6.9576221791631498e-01 4.0008188773033027e-07 6.9576246273163456e-01 6.9576221791631498e-01 2.4481531957221137e-07 1.3915250807298372e+00 1.3915244358326300e+00 6.4489720719151933e-07
65 2.5195312500000000e-01 7.0435373227094855e-01 7.0435332712135712e-01 4.0514959143145290e-07 7.0435357503647866e-01 7.0435332712135712e-01 2.4791512154287432e-07 1.4087073073074272e+00 1.4087066542427142e+00 6.5306471297432722e-07
66 2.5585937500000000e-01 7.1283877345005331e-01 7.1283836330615002e-01 4.1014390328442119e-07 7.1283861427625517e-01 7.1283836330615002e-01 2.5097010514230078e-07 1.4256773877263085e+00 1.4256767266123000e+00 6.6111400842672197e-07
67 2.5976562500000000e-01 7.2121646372067416e-01 7.2121604865545441e-01 4.1506521974987720e-07 7.2121630263600922e-01 7.2121604865545441e-01 2.5398055480962967e-07 1.4424327663566834e+00 1.4424320973109088e+00 6.6904577455950687e-07
68 2.6367187500000000e-01 7.2948554143455269e-01 7.2948512152067246e-01 4.1991388022299958e-07 7.2948537846727213e-01 7.2948512152067246e-01 2.5694659966379874e-07 1.4589709199018248e+00 1.4589702430413449e+00 6.7686047988679832e-07
69 2.6757812500000000e-01 7.3764476129997125e-01 7.3764433660984674e-01 4.2469012451196164e-07 7.3764459647829861e-01 7.3764433660984674e-01 2.5986845186842800e-07 1.4752893577782697e+00 1.4752886732196935e+00 6.8455857626936734e-07
70 2.7148437500000000e-01 7.4569289456934640e-01 7.4569246517519661e-01 4.2939414979237256e-07 7.4569272792136543e-01 7.4569246517519661e-01 2.6274616882204782e-07 1.4913856224907118e+00 1.4913849303503932e+00 6.9214031861442038e-07
71 2.7539062500000000e-01 7.5362872922422641e-01 7.5362829519816354e-01 4.3402606286768730e-07 7.5362856077804630e-01 7.5362829519816354e-01 2.6557988275222044e-07 1.5072572900022727e+00 1.5072565903963271e+00 6.9960594561990774e-07
72 2.7929687500000000e-01 7.6145107015788294e-01 7.6145063157193638e-01 4.3858594656054350e-07 7.6145089994146831e-01 7.6145063157193638e-01 2.6836953193054569e-07 1.5229019700993511e+00 1.5229012631438728e+00 7.0695547838006689e-07
73 2.8320312500000000e-01 7.6915873935522638e-01 7.6915829628143007e-01 4.4307379631902677e-07 7.6915856739659583e-01 7.6915829628143007e-01 2.7111516576194816e-07 1.5383173067518223e+00 1.5383165925628601e+00 7.1418896219199723e-07
74 2.8710937500000000e-01 7.7675057607026110e-01 7.7675012858069037e-01 4.4748957073181828e-07 7.7675040239743098e-01 7.7675012858069037e-01 2.7381674061466299e-07 1.5535009784676921e+00 1.5535002571613807e+00 7.2130631134648127e-07
75 2.9101562500000000e-01 7.8422543700087655e-01 7.8422498516769790e-01 4.5183317864960770e-07 7.8422526164189432e-01 7.8422498516769790e-01 2.7647419642562454e-07 1.5684506986427709e+00 1.5684499703353958e+00 7.2830737507523224e-07
76 2.9492187500000000e-01 7.9158219646102757e-01 7.9158174035654527e-01 4.5610448229371769e-07 7.9158201944401907e-01 7.9158174035654527e-01 2.7908747379790100e-07 1.5831642159050467e+00 1.5831634807130905e+00 7.3519195620264099e-07
77 2.9882812500000000e-01 7.9881974655028054e-01 7.9881928624696141e-01 4.6030331912749745e-07 7.9881956790337594e-01 7.9881928624696141e-01 2.8165641452471135e-07 1.5976393144536565e+00 1.5976385724939228e+00 7.4195973365220880e-07
78 3.0273437500000000e-01 8.0593699732062840e-01 8.0593653289115708e-01 4.6442947132518952e-07 8.0593681707209652e-01 8.0593653289115708e-01 2.8418093944715395e-07 1.6118738143927249e+00 1.6118730657823142e+00 7.4861041077234347e-07
79 3.0664062500000000e-01 8.1293287694067218e-01 8.1293240845796699e-01 4.6848270518484725e-07 8.1293269511883770e-01 8.1293240845796699e-01 2.8666087070750024e-07 1.6258655720595099e+00 1.6258648169159340e+00 7.5514357589234749e-07
80 3.1054687500000000e-01 8.1980633185701579e-01 8.1980585939426354e-01 4.7246275225454326e-07 8.1980614849032474e-01 8.1980585939426354e-01 2.8909606120119946e-07 1.6396124803473406e+00 1.6396117187885271e+00 7.6155881356676502e-07
81 3.1445312500000000e-01 8.2655632695295078e-01 8.2655585058361802e-01 4.7636933275807536e-07 8.2655614206989958e-01 8.2655585058361802e-01 2.9148628155617473e-07 1.6531124690228505e+00 1.6531117011672360e+00 7.6785561442527239e-07
82 3.1835937500000000e-01 8.3318184570431097e-01 8.3318136550218613e-01 4.8020212484178870e-07 8.3318165933357513e-01 8.3318136550218613e-01 2.9383138899774508e-07 1.6663635050378862e+00 1.6663627310043723e+00 7.7403351395055608e-07
83 3.2226562500000000e-01 8.3968189033259433e-01 8.3968140637179145e-01 4.8396080287727017e-07 8.3968170250294338e-01 8.3968140637179145e-01 2.9613115193338757e-07 1.6793635928355377e+00 1.6793628127435829e+00 7.8009195481065774e-07
84 3.2617187500000000e-01 8.4605548195520719e-01 8.4605499431018838e-01 4.8764501880960154e-07 8.4605529269555746e-01 8.4605499431018838e-01 2.9838536907966784e-07 1.6921107746507646e+00 1.6921099886203768e+00 7.8603038788926938e-07
85 3.3007812500000000e-01 8.5230166073288693e-01 8.5230116947847678e-01 4.9125441015096527e-07 8.5230147007231327e-01 8.5230116947847678e-01 3.0059383648861626e-07 1.7046031308052001e+00 1.7046023389569536e+00 7.9184824652855923e-07
86 3.3398437500000000e-01 8.5841948601425588e-01 8.5841899122565191e-01 4.9478860397744739e-07 8.5841929398199124e-01 8.5841899122565191e-01 3.0275633933207757e-07 1.7168387799962472e+00 1.7168379824513038e+00 7.9754494342054727e-07
87 3.3789062500000000e-01 8.6440803647750653e-01 8.6440753823026162e-01 4.9824724490665773e-07 8.6440784310279495e-01 8.6440753823026162e-01 3.0487253332989184e-07 1.7288158795803015e+00 1.7288150764605232e+00 8.0311977823654956e-07
88 3.4179687500000000e-01 8.7026641026907037e-01 8.7026590863915465e-01 5.0162991571678361e-07 8.7026621558149697e-01 8.7026590863915465e-01 3.0694234232075956e-07 1.7405326258505673e+00 1.7405318172783093e+00 8.0857225803754318e-07
89 3.4570312500000000e-01 8.7599372513954521e-01 8.7599322020329629e-01 5.0493624892400391e-07 8.7599352916871476e-01 8.7599322020329629e-01 3.0896541847180714e-07 1.7519872543082600e+00 1.7519864404065926e+00 8.1390166739581105e-07
90 3.4960937500000000e-01 8.8158911857648503e-01 8.8158861041063152e-01 5.0816585350776933e-07 8.8158892135214217e-01 8.8158861041063152e-01 3.1094151065058639e-07 1.7631780399286272e+00 1.7631772208212630e+00 8.1910736415835572e-07
91 3.5351562500000000e-01 8.8705174793430497e-01 8.8705123661597673e-01 5.1131832823347878e-07 8.8705154948639597e-01 8.8705123661597673e-01 3.1287041923899750e-07 1.7741032974207009e+00 1.7741024732319535e+00 8.2418874747247628e-07
92 3.5742187500000000e-01 8.9238079056119124e-01 8.9238027616791848e-01 5.1439327275470959e-07 8.9238059091984989e-01 8.9238027616791848e-01 3.1475193140728663e-07 1.7847613814810410e+00 1.7847605523358370e+00 8.2914520405097392e-07
93 3.6132812500000000e-01 8.9757544392300359e-01 8.9757492653270188e-01 5.1739030171304989e-07 8.9757524311847581e-01 8.9757492653270188e-01 3.1658577392956744e-07 1.7951506870414793e+00 1.7951498530654038e+00 8.3397607553159503e-07
94 3.6523437500000000e-01 9.0263492572413018e-01 9.0263440541508955e-01 5.2030904063027350e-07 9.0263472378673104e-01 9.0263440541508955e-01 3.1837164149450814e-07 1.8052696495108611e+00 1.8052688108301791e+00 8.3868068201375934e-07
95 3.6914062500000000e-01 9.0755847402524537e-01 9.0755795087617208e-01 5.2314907328376847e-07 9.0755827098562292e-01 9.0755795087617208e-01 3.2010945083538189e-07 1.8151167450108683e+00 1.8151159017523442e+00 8.4325852411915037e-07
96 3.7304687500000000e-01 9.1234534735816242e-01 9.1234482144811291e-01 5.2591004950919285e-07 9.1234514324692872e-01 9.1234482144811291e-01 3.2179881581662073e-07 1.8246904906050911e+00 1.8246896428962258e+00 8.4770886532581358e-07
97 3.7695312500000000e-01 9.1699482483738637e-01 9.1699429624581186e-01 5.2859157451123906e-07 9.1699461968541685e-01 9.1699429624581186e-01 3.2343960498781854e-07 1.8339894445228033e+00 1.8339885924916237e+00 8.5203117961007990e-07
98 3.8085937500000000e-01 9.2150620626876223e-01 9.2150567507546621e-01 5.3119329601614140e-07 9.2150600010698025e-01 9.2150567507546621e-01 3.2503151403684427e-07 1.8430122063757426e+00 1.8430113501509324e+00 8.5622481016400798e-07
99 3.8476562500000000e-01 9.2587881225485025e-01 9.2587827854001847e-01 5.3371483177411250e-07 9.2587860511444164e-01 9.2587827854001847e-01 3.2657442317063357e-07 1.8517574173692919e+00 1.8517565570800369e+00 8.6028925494474606e-07
100 3.8867187500000000e-01 9.3011198429731035e-01 9.3011144814147062e-01 5.3615583972543845e-07 9.3011177620953045e-01 9.3011144814147062e-01 3.2806805982943388e-07 1.8602237605068408e+00 1.8602228962829412e+00 8.6422389955487233e-07
101 3.9257812500000000e-01 9.3420508489603482e-01 9.3420454638005146e-01 5.3851598336152051e-07 9.3420487589221890e-01 9.3420454638005146e-01 3.2951216744070422e-07 1.8684099607882536e+00 1.8684090927601029e+00 8.6802815069120243e-07
102 3.9648437500000000e-01 9.3815749764513079e-01 9.3815695685022182e-01 5.4079490896530302e-07 9.3815728775685681e-01 9.3815695685022182e-01 3.3090663498214212e-07 1.8763147854019877e+00 1.8763139137004436e+00 8.7170154405846745e-07
103 4.0039062500000000e-01 9.4196862732580267e-01 9.4196808433350299e-01 5.4299229967913476e-07 9.4196841658471819e-01 9.4196808433350299e-01 3.3225121520708001e-07 1.8839370439105210e+00 1.8839361686670060e+00 8.7524351499723707e-07
104 4.0429687500000000e-01 9.4563789999596137e-01 9.4563735488811440e-01 5.4510784697203718e-07 9.4563768843378748e-01 9.4563735488811440e-01 3.3354567308130356e-07 1.8912755884297487e+00 1.8912747097762288e+00 8.7865351994231844e-07
105 4.0820312500000000e-01 9.4916476307663744e-01 9.4916421593540745e-01 5.4714122998955617e-07 9.4916455072529526e-01 9.4916421593540745e-01 3.3478988781254770e-07 1.8983293138019328e+00 1.8983284318708149e+00 8.8193111791312617e-07
106 4.1210937500000000e-01 9.5254868543524052e-01 9.5254813634308078e-01 5.4909215974063841e-07 9.5254847232673345e-01 9.5254813634308078e-01 3.3598365267728525e-07 1.9050971577619740e+00 1.9050962726861616e+00 8.8507581241792366e-07
107 4.1601562500000000e-01 9.5578915746553306e-01 9.5578860650516839e-01 5.5096036466473208e-07 9.5578894363189226e-01 9.5578860650516839e-01 3.3712672387053999e-07 1.9115781010974253e+00 1.9115772130103368e+00 8.8808708853527207e-07
108 4.1992187500000000e-01 9.5888569116432487e-01 9.5888513841878298e-01 5.5274554189299607e-07 9.5888547663786405e-01 9.5888513841878298e-01 3.3821908107523058e-07 1.9177711678021889e+00 1.9177702768375660e+00 8.9096462296822665e-07
109 4.2382812500000000e-01 9.6183782020505815e-01 9.6183726575760853e-01 5.5444744961885561e-07 9.6183760501805693e-01 9.6183726575760853e-01 3.3926044840093539e-07 1.9236754252231152e+00 1.9236745315152171e+00 8.9370789813081331e-07
110 4.2773437500000000e-01 9.6464510000795867e-01 9.6464454394212640e-01 5.5606583226897044e-07 9.6464488419283867e-01 9.6464454394212640e-01 3.4025071227183901e-07 1.9292899842007973e+00 1.9292890878842528e+00 8.9631654454080945e-07
111 4.3164062500000000e-01 9.6730710780701112e-01 9.6730655020656819e-01 5.5760044292973987e-07 9.6730689139631865e-01 9.6730655020656819e-01 3.4118975045238642e-07 1.9346139992033298e+00 1.9346131004131364e+00 8.9879019338212629e-07
112 4.3554687500000000e-01 9.6982344271365528e-01 9.6982288366258196e-01 5.5905107332332449e-07 9.6982322573992585e-01 9.6982288366258196e-01 3.4207734389557487e-07 1.9396466684535811e+00 1.9396457673251639e+00 9.0112841721889936e-07
113 4.3945312500000000e-01 9.7219372577709040e-01 9.7219316535960509e-01 5.6041748530688551e-07 9.7219350827306417e-01 9.7219316535960509e-01 3.4291345907266901e-07 1.9443872340501547e+00 1.9443863307192102e+00 9.0333094449057683e-07
114 4.4335937500000000e-01 9.7441760004142408e-01 9.7441703834193250e-01 5.6169949158579868e-07 9.7441738203984196e-01 9.7441703834193250e-01 3.4369790946620071e-07 1.9488349820812660e+00 1.9488340766838650e+00 9.0539740105199940e-07
115 4.4726562500000000e-01 9.7649473059937208e-01 9.7649416770247321e-01 5.6289689887023542e-07 9.7649451213305538e-01 9.7649416770247321e-01 3.4443058216648836e-07 1.9529892427324276e+00 1.9529883354049464e+00 9.0732748114774608e-07
116 4.5117187500000000e-01 9.7842480464270853e-01 9.7842424063318578e-01 5.6400952275215133e-07 9.7842458574458024e-01 9.7842424063318578e-01 3.4511139446191663e-07 1.9568493903872888e+00 1.9568484812663716e+00 9.0912091721406796e-07
117 4.5507812500000000e-01 9.8020753150939688e-01 9.8020696647218619e-01 5.6503721068690282e-07 9.8020731221237889e-01 9.8020696647218619e-01 3.4574019269761891e-07 1.9604148437217757e+00 1.9604139329443724e+00 9.1077740327349943e-07
118 4.5898437500000000e-01 9.8184264272731125e-01 9.8184207674752044e-01 5.6597979081196570e-07 9.8184242306448055e-01 9.8184207674752044e-01 3.4631696010922752e-07 1.9636850657917919e+00 1.9636841534950409e+00 9.1229675103221552e-07
119 4.6289062500000000e-01 9.8332989205472843e-01 9.8332932521759553e-01 5.6683713289817916e-07 9.8332967205915622e-01 9.8332932521759553e-01 3.4684156069442196e-07 1.9666595641138847e+00 1.9666586504351911e+00 9.1367869359260112e-07
120 4.6679687500000000e-01 9.8466905551736639e-01 9.8466848790826234e-01 5.6760910405184717e-07 9.8466883522219772e-01 9.8466848790826234e-01 3.4731393538933730e-07 1.9693378907395642e+00 1.9693369758165247e+00 9.1492303955220677e-07
121 4.7070312500000000e-01 9.8585993144213935e-01 9.8585936314654554e-01 5.6829559380577876e-07 9.8585971088053648e-01 9.8585936314654554e-01 3.4773399093523949e-07 1.9717196423226757e+00 1.9717187262930911e+00 9.1602958462999595e-07
122 4.7460937500000000e-01 9.8690234048751313e-01 9.8690177159101455e-01 5.6889649857616575e-07 9.8690211969269515e-01 9.8690177159101455e-01 3.4810168059173918e-07 1.9738044601802083e+00 1.9738035431820291e+00 9.1699817916790494e-07
123 4.7851562500000000e-01 9.8779612567052322e-01 9.8779555625879212e-01 5.6941173109947840e-07 9.8779590467572165e-01 9.8779555625879212e-01 3.4841692952980452e-07 1.9755920303462449e+00 1.9755911125175842e+00 9.1782866062928292e-07
124 4.8242187500000000e-01 9.8854115239039864e-01 9.8854058254919464e-01 5.6984120400116467e-07 9.8854093122893139e-01 9.8854058254919464e-01 3.4867973675023478e-07 1.9770820836193299e+00 1.9770811650983893e+00 9.1852094064037715e-07
125 4.8632812500000000e-01 9.8913730844886305e-01 9.8913673826400317e-01 5.7018485988269418e-07 9.8913708715402293e-01 9.8913673826400317e-01 3.4889001976345924e-07 1.9782743956028859e+00 1.9782734765280063e+00 9.1907487953513112e-07
126 4.9023437500000000e-01 9.8958450406700804e-01 9.8958393362436015e-01 5.7044264789585242e-07 9.8958428267211962e-01 9.8958393362436015e-01 3.4904775947364186e-07 1.9791687867391277e+00 1.9791678672487203e+00 9.1949040736949428e-07
127 4.9414062500000000e-01 9.8988267189881973e-01 9.8988210128428900e-01 5.7061453073714574e-07 9.8988245043720757e-01 9.8988210128428900e-01 3.4915291857728903e-07 1.9797651223360273e+00 1.9797642025685780e+00 9.1976744931443477e-07
128 4.9804687500000000e-01 9.9003176704131490e-01 9.9003119634083692e-01 5.7070047798646328e-07 9.9003154554634276e-01 9.9003119634083692e-01 3.4920550584516263e-07 1.9800633125876577e+00 1.9800623926816738e+00 9.1990598383162592e-07
129 5.0195312500000000e-01 9.9003176704131279e-01 9.9003119634083692e-01 5.7070047587703954e-07 9.9003154554635320e-01 9.9003119634083692e-01 3.4920551628125907e-07 1.9800633125876659e+00 1.9800623926816738e+00 9.1990599204727630e-07
130 5.0585937500000000e-01 9.8988267189882462e-01 9.8988210128428900e-01 5.7061453562212705e-07 9.8988245043718470e-01 9.8988210128428900e-01 3.4915289570669472e-07 1.9797651223360093e+00 1.9797642025685780e+00 9.1976743132882177e-07
131 5.0976562500000000e-01 9.8958450406701115e-01 9.8958393362436015e-01 5.7044265100447689e-07 9.8958428267210241e-01 9.8958393362436015e-01 3.4904774226518498e-07 1.9791687867391135e+00 1.9791678672487203e+00 9.1949039315863956e-07
132 5.1367187500000000e-01 9.8913730844887271e-01 9.8913673826400317e-01 5.7018486954163450e-07 9.8913708715397730e-01 9.8913673826400317e-01 3.4888997413329292e-07 1.9782743956028499e+00 1.9782734765280063e+00 9.1907484356390512e-07
133 5.1757812500000000e-01 9.8854115239040052e-01 9.8854058254919464e-01 5.6984120588854381e-07 9.8854093122891828e-01 9.8854058254919464e-01 3.4867972364960309e-07 1.9770820836193188e+00 1.9770811650983893e+00 9.1852092953814690e-07
134 5.2148437500000000e-01 9.8779612567051922e-01 9.8779555625879212e-01 5.6941172710267551e-07 9.8779590467573930e-01 9.8779555625879212e-01 3.4841694718235061e-07 1.9755920303462586e+00 1.9755911125175842e+00 9.1782867439604843e-07
135 5.2539062500000000e-01 9.8690234048751735e-01 9.8690177159101466e-01 5.6889650268399095e-07 9.8690211969267905e-01 9.8690177159101466e-01 3.4810166438248302e-07 1.9738044601801965e+00 1.9738035431820293e+00 9.1699816717749627e-07
136 5.2929687500000000e-01 9.8585993144213879e-01 9.8585936314654554e-01 5.6829559325066725e-07 9.8585971088054758e-01 9.8585936314654554e-01 3.4773400203746974e-07 1.9717196423226864e+00 1.9717187262930911e+00 9.1602959528813699e-07
137 5.3320312500000000e-01 9.8466905551736350e-01 9.8466848790826234e-01 5.6760910116526730e-07 9.8466883522221293e-01 9.8466848790826234e-01 3.4731395059939274e-07 1.9693378907395764e+00 1.9693369758165247e+00 9.1492305176466004e-07
138 5.3710937500000000e-01 9.8332989205473087e-01 9.8332932521759553e-01 5.6683713534066982e-07 9.8332967205914834e-01 9.8332932521759553e-01 3.4684155281183848e-07 1.9666595641138791e+00 1.9666586504351911e+00 9.1367868804148600e-07
139 5.4101562500000000e-01 9.8184264272731503e-01 9.8184207674752044e-01 5.6597979458672398e-07 9.8184242306446834e-01 9.8184207674752044e-01 3.4631694789677425e-07 1.9636850657917835e+00 1.9636841534950409e+00 9.1229674259452054e-07
140 5.4492187500000000e-01 9.8020753150939399e-01 9.8020696647218619e-01 5.6503720780032296e-07 9.8020731221240476e-01 9.8020696647218619e-01 3.4574021856581538e-07 1.9604148437217987e+00 1.9604139329443724e+00 9.1077742636613834e-07
141 5.4882812500000000e-01 9.7842480464271342e-01 9.7842424063318578e-01 5.6400952763713263e-07 9.7842458574457625e-01 9.7842424063318578e-01 3.4511139046511374e-07 1.9568493903872897e+00 1.9568484812663716e+00 9.0912091810224638e-07
142 5.5273437500000000e-01 9.7649473059937442e-01 9.7649416770247321e-01 5.6289690120170377e-07 9.7649451213305827e-01 9.7649416770247321e-01 3.4443058505306823e-07 1.9529892427324327e+00 1.9529883354049464e+00 9.0732748625477200e-07
143 5.5664062500000000e-01 9.7441760004142786e-01 9.7441703834193250e-01 5.6169949536055697e-07 9.7441738203983996e-01 9.7441703834193250e-01 3.4369790746779927e-07 1.9488349820812678e+00 1.9488340766838650e+00 9.0539740282835623e-07
144 5.6054687500000000e-01 9.7219372577709806e-01 9.7219316535960509e-01 5.6041749296742438e-07 9.7219350827304818e-01 9.7219316535960509e-01 3.4291344308545746e-07 1.9443872340501462e+00 1.9443863307192102e+00 9.0333093605288184e-07
145 5.6445312500000000e-01 9.6982344271365672e-01 9.6982288366258196e-01 5.5905107476661442e-07 9.6982322573993962e-01 9.6982288366258196e-01 3.4207735766234038e-07 1.9396466684535962e+00 1.9396457673251639e+00 9.0112843231793249e-07
146 5.6835937500000000e-01 9.6730710780702012e-01 9.6730655020656819e-01 5.5760045192254637e-07 9.6730689139629178e-01 9.6730655020656819e-01 3.4118972358498922e-07 1.9346139992033118e+00 1.9346131004131364e+00 8.9879017539651329e-07
147 5.7226562500000000e-01 9.6464510000796089e-01 9.6464454394212640e-01 5.5606583448941649e-07 9.6464488419284333e-01 9.6464454394212640e-01 3.4025071693477571e-07 1.9292899842008042e+00 1.9292890878842528e+00 8.9631655142419220e-07
148 5.7617187500000000e-01 9.6183782020505848e-01 9.6183726575760853e-01 5.5444744995192252e-07 9.6183760501807358e-01 9.6183726575760853e-01 3.3926046505428076e-07 1.9236754252231321e+00 1.9236745315152171e+00 8.9370791500620328e-07
149 5.8007812500000000e-01 9.5888569116432909e-01 9.5888513841878309e-01 5.5274554600082126e-07 9.5888547663785539e-01 9.5888513841878309e-01 3.3821907230446868e-07 1.9177711678021845e+00 1.9177702768375662e+00 8.9096461830528995e-07
150 5.8398437500000000e-01 9.5578915746553184e-01 9.5578860650516839e-01 5.5096036344348676e-07 9.5578894363191513e-01 9.5578860650516839e-01 3.3712674674113430e-07 1.9115781010974469e+00 1.9115772130103368e+00 8.8808711007359875e-07
151 5.8789062500000000e-01 9.5254868543525040e-01 9.5254813634308078e-01 5.4909216962162333e-07 9.5254847232670348e-01 9.5254813634308078e-01 3.3598362270126358e-07 1.9050971577619538e+00 1.9050962726861616e+00 8.8507579221186461e-07
152 5.9179687500000000e-01 9.4916476307664721e-01 9.4916421593540745e-01 5.4714123975951878e-07 9.4916455072526684e-01 9.4916421593540745e-01 3.3478985939083827e-07 1.8983293138019142e+00 1.8983284318708149e+00 8.8193109926137936e-07
153 5.9570312500000000e-01 9.4563789999596992e-01 9.4563735488811440e-01 5.4510785552075447e-07 9.4563768843376217e-01 9.4563735488811440e-01 3.3354564776821860e-07 1.8912755884297321e+00 1.8912747097762288e+00 8.7865350328897307e-07
154 5.9960937500000000e-01 9.4196862732580833e-01 9.4196808433350299e-01 5.4299230534127219e-07 9.4196841658471042e-01 9.4196808433350299e-01 3.3225120743551884e-07 1.8839370439105187e+00 1.8839361686670060e+00 8.7524351277679102e-07
155 6.0351562500000000e-01 9.3815749764514056e-01 9.3815695685022193e-01 5.4079491862424334e-07 9.3815728775682761e-01 9.3815695685022193e-01 3.3090660567225427e-07 1.8763147854019682e+00 1.8763139137004439e+00 8.7170152429649761e-07
156 6.0742187500000000e-01 9.3420508489603182e-01 9.3420454638005146e-01 5.3851598036391835e-07 9.3420487589225976e-01 9.3420454638005146e-01 3.2951220829691152e-07 1.8684099607882916e+00 1.8684090927601029e+00 8.6802818866082987e-07
157 6.1132812500000000e-01 9.3011198429731312e-01 9.3011144814147062e-01 5.3615584250099602e-07 9.3011177620953367e-01 9.3011144814147062e-01 3.2806806304908065e-07 1.8602237605068468e+00 1.8602228962829412e+00 8.6422390555007667e-07
158 6.1523437500000000e-01 9.2587881225485325e-01 9.2587827854001858e-01 5.3371483466069236e-07 9.2587860511444275e-01 9.2587827854001858e-01 3.2657442416983429e-07 1.8517574173692961e+00 1.8517565570800372e+00 8.6028925894154895e-07
159 6.1914062500000000e-01 9.2150620626875956e-01 9.2150567507546621e-01 5.3119329335160614e-07 9.2150600010701256e-01 9.2150567507546621e-01 3.2503154634433429e-07 1.8430122063757721e+00 1.8430113501509324e+00 8.5622483969594043e-07
160 6.2304687500000000e-01 9.1699482483739292e-01 9.1699429624581197e-01 5.2859158095053260e-07 9.1699461968541052e-01 9.1699429624581197e-01 3.2343959854852500e-07 1.8339894445228033e+00 1.8339885924916239e+00 8.5203117938803530e-07
161 6.2695312500000000e-01 9.1234534735817052e-01 9.1234482144811302e-01 5.2591005750279862e-07 9.1234514324691607e-01 9.1234482144811302e-01 3.2179880304905595e-07 1.8246904906050867e+00 1.8246896428962260e+00 8.4770886066287687e-07
162 6.3085937500000000e-01 9.0755847402525125e-01 9.0755795087617208e-01 5.2314907916795050e-07 9.0755827098562092e-01 9.0755795087617208e-01 3.2010944883698045e-07 1.8151167450108723e+00 1.8151159017523442e+00 8.4325852811595325e-07
163 6.3476562500000000e-01 9.0263492572413562e-01 9.0263440541508955e-01 5.2030904607036632e-07 9.0263472378673082e-01 9.0263440541508955e-01 3.1837164127246353e-07 1.8052696495108664e+00 1.8052688108301791e+00 8.3868068734282986e-07
164 6.3867187500000000e-01 8.9757544392301492e-01 8.9757492653270188e-01 5.1739031303732474e-07 8.9757524311844417e-01 8.9757492653270188e-01 3.1658574228821124e-07 1.7951506870414591e+00 1.7951498530654038e+00 8.3397605532553598e-07
165 6.4257812500000000e-01 8.9238079056119823e-01 8.9238027616791848e-01 5.1439327974911464e-07 8.9238059091983002e-01 8.9238027616791848e-01 3.1475191153429449e-07 1.7847613814810281e+00 1.7847605523358370e+00 8.2914519117238683e-07
166 6.4648437500000000e-01 8.8705174793430464e-01 8.8705123661597685e-01 5.1131832778938957e-07 8.8705154948641118e-01 8.8705123661597685e-01 3.1287043433803063e-07 1.7741032974207158e+00 1.7741024732319537e+00 8.2418876212742020e-07
167 6.5039062500000000e-01 8.8158911857649402e-01 8.8158861041063163e-01 5.0816586238955352e-07 8.8158892135210976e-01 8.8158861041063163e-01 3.1094147812105177e-07 1.7631780399286039e+00 1.7631772208212633e+00 8.1910734062162760e-07
168 6.5429687500000000e-01 8.7599372513955598e-01 8.7599322020329640e-01 5.0493625958214494e-07 8.7599352916867479e-01 8.7599322020329640e-01 3.0896537839275595e-07 1.7519872543082307e+00 1.7519864404065928e+00 8.1390163786387859e-07
169 6.5820312500000000e-01 8.7026641026907647e-01 8.7026590863915476e-01 5.0162992171198795e-07 8.7026621558148431e-01 8.7026590863915476e-01 3.0694232955319478e-07 1.7405326258505607e+00 1.7405318172783095e+00 8.0857225115416043e-07
170 6.6210937500000000e-01 8.6440803647750941e-01 8.6440753823026173e-01 4.9824724768221529e-07 8.6440784310280205e-01 8.6440753823026173e-01 3.0487254032429689e-07 1.7288158795803115e+00 1.7288150764605235e+00 8.0311978800651218e-07
171 6.6601562500000000e-01 8.5841948601426465e-01 8.5841899122565202e-01 4.9478861263718699e-07 8.5841929398196759e-01 8.5841899122565202e-01 3.0275631557330485e-07 1.7168387799962321e+00 1.7168379824513040e+00 7.9754492809946953e-07
172 6.6992187500000000e-01 8.5230166073289093e-01 8.5230116947847667e-01 4.9125441425879046e-07 8.5230147007231050e-01 8.5230116947847667e-01 3.0059383382408100e-07 1.7046031308052014e+00 1.7046023389569533e+00 7.9184824808287146e-07
173 6.7382812500000000e-01 8.4605548195520863e-01 8.4605499431018838e-01 4.8764502025289147e-07 8.4605529269556945e-01 8.4605499431018838e-01 2.9838538107007651e-07 1.6921107746507782e+00 1.6921099886203768e+00 7.8603040143399028e-07
174 6.7773437500000000e-01 8.3968189033259799e-01 8.3968140637179156e-01 4.8396080642998385e-07 8.3968170250294494e-01 8.3968140637179156e-01 2.9613115337667750e-07 1.6793635928355428e+00 1.6793628127435831e+00 7.8009195969563905e-07
175 6.8164062500000000e-01 8.3318184570431397e-01 8.3318136550218624e-01 4.8020212772836857e-07 8.3318165933357680e-01 8.3318136550218624e-01 2.9383139055205731e-07 1.6663635050378907e+00 1.6663627310043725e+00 7.7403351816940358e-07
176 6.8554687500000000e-01 8.2655632695295389e-01 8.2655585058361813e-01 4.7636933575567753e-07 8.2655614206990113e-01 8.2655585058361813e-01 2.9148628299946466e-07 1.6531124690228549e+00 1.6531117011672363e+00 7.6785561864411989e-07
177 6.8945312500000000e-01 8.1980633185702378e-01 8.1980585939426354e-01 4.7246276024814904e-07 8.1980614849029854e-01 8.1980585939426354e-01 2.8909603499993608e-07 1.6396124803473224e+00 1.6396117187885271e+00 7.6155879535910742e-07
178 6.9335937500000000e-01 8.1293287694067717e-01 8.1293240845796710e-01 4.6848271006982856e-07 8.1293269511881838e-01 8.1293240845796710e-01 2.8666085127859731e-07 1.6258655720594954e+00 1.6258648169159342e+00 7.5514356123740356e-07
179 6.9726562500000000e-01 8.0593699732062829e-01 8.0593653289115730e-01 4.6442947099212262e-07 8.0593681707210107e-01 8.0593653289115730e-01 2.8418094377702374e-07 1.6118738143927294e+00 1.6118730657823146e+00 7.4861041476914636e-07
180 7.0117187500000000e-01 7.9881974655028132e-01 7.9881928624696164e-01 4.6030331968260896e-07 7.9881956790337760e-01 7.9881928624696164e-01 2.8165641596800128e-07 1.5976393144536589e+00 1.5976385724939233e+00 7.4195973565061024e-07
181 7.0507812500000000e-01 7.9158219646102845e-01 7.9158174035654549e-01 4.5610448295985151e-07 7.9158201944402262e-01 7.9158174035654549e-01 2.7908747712857007e-07 1.5831642159050512e+00 1.5831634807130910e+00 7.3519196019944388e-07
182 7.0898437500000000e-01 7.8422543700087655e-01 7.8422498516769779e-01 4.5183317876063001e-07 7.8422526164190209e-01 7.8422498516769779e-01 2.7647420430820802e-07 1.5684506986427786e+00 1.5684499703353956e+00 7.2830738306883802e-07
183 7.1289062500000000e-01 7.7675057607026465e-01 7.7675012858069026e-01 4.4748957439555426e-07 7.7675040239741644e-01 7.7675012858069026e-01 2.7381672618176367e-07 1.5535009784676812e+00 1.5535002571613805e+00 7.2130630068834023e-07
184 7.1679687500000000e-01 7.6915873935522872e-01 7.6915829628143007e-01 4.4307379865049512e-07 7.6915856739658472e-01 7.6915829628143007e-01 2.7111515465971792e-07 1.5383173067518134e+00 1.5383165925628601e+00 7.1418895331021304e-07
185 7.2070312500000000e-01 7.6145107015788949e-01 7.6145063157193638e-01 4.3858595311085935e-07 7.6145089994143622e-01 7.6145063157193638e-01 2.6836949984510028e-07 1.5229019700993258e+00 1.5229012631438728e+00 7.0695545306698193e-07
186 7.2460937500000000e-01 7.5362872922422719e-01 7.5362829519816366e-01 4.3402606353382112e-07 7.5362856077804075e-01 7.5362829519816366e-01 2.6557987709008302e-07 1.5072572900022680e+00 1.5072565903963273e+00 6.9960594073492643e-07
187 7.2851562500000000e-01 7.4569289456934140e-01 7.4569246517519672e-01 4.2939414468534665e-07 7.4569272792138452e-01 7.4569246517519672e-01 2.6274618780686154e-07 1.4913856224907258e+00 1.4913849303503934e+00 6.9214033238118589e-07
188 7.3242187500000000e-01 7.3764476129996870e-01 7.3764433660984685e-01 4.2469012184742638e-07 7.3764459647830694e-01 7.3764433660984685e-01 2.5986846008407838e-07 1.4752893577782755e+00 1.4752886732196937e+00 6.8455858182048246e-07
189 7.3632812500000000e-01 7.2948554143454702e-01 7.2948512152067269e-01 4.1991387433881755e-07 7.2948537846729300e-01 7.2948512152067269e-01 2.5694662031394699e-07 1.4589709199018399e+00 1.4589702430413454e+00 6.7686049454174224e-07
190 7.4023437500000000e-01 7.2121646372067361e-01 7.2121604865545452e-01 4.1506521908374339e-07 7.2121630263600733e-01 7.2121604865545452e-01 2.5398055281122822e-07 1.4424327663566809e+00 1.4424320973109090e+00 6.6904577189497161e-07
191 7.4414062500000000e-01 7.1283877345004831e-01 7.1283836330615014e-01 4.1014389817739527e-07 7.1283861427627426e-01 7.1283836330615014e-01 2.5097012412711450e-07 1.4256773877263225e+00 1.4256767266123003e+00 6.6111402219348747e-07
192 7.4804687500000000e-01 7.0435373227095077e-01 7.0435332712135734e-01 4.0514959342985435e-07 7.0435357503645846e-01 7.0435332712135734e-01 2.4791510111477066e-07 1.4087073073074092e+00 1.4087066542427147e+00 6.5306469454462501e-07
193 7.5195312500000000e-01 6.9576261799820205e-01 6.9576221791631487e-01 4.0008188717521875e-07 6.9576246273162679e-01 6.9576221791631487e-01 2.4481531191167250e-07 1.3915250807298287e+00 1.3915244358326297e+00 6.4489719897586895e-07
194 7.5585937500000000e-01 6.8706672442077810e-01 6.8706632948046931e-01 3.9494030878994835e-07 6.8706657115086656e-01 6.8706632948046931e-01 2.4167039724964923e-07 1.3741332955716445e+00 1.3741326589609386e+00 6.3661070592857527e-07
195 7.5976562500000000e-01 6.7826736110690522e-01 6.7826697138263226e-01 3.8972427296446455e-07 6.7826720986271749e-01 6.7826697138263226e-01 2.3848008523508213e-07 1.3565345709696226e+00 1.3565339427652645e+00 6.2820435808852437e-07
196 7.6367187500000000e-01 6.6936585320689812e-01 6.6936546877376712e-01 3.8443313099545406e-07 6.6936570401769624e-01 6.6936546877376712e-01 2.3524392911422609e-07 1.3387315572245944e+00 1.3387309375475342e+00 6.1967706010968016e-07
197 7.6757812500000000e-01 6.6036354125355390e-01 6.6036316218742441e-01 3.7906612948557239e-07 6.6036339414891099e-01 6.6036316218742441e-01 2.3196148657422810e-07 1.3207269354024649e+00 1.3207263243748488e+00 6.1102761605980049e-07
198 7.7148437500000000e-01 6.5126178096026599e-01 6.5126140733786286e-01 3.7362240312699413e-07 6.5126163597019404e-01 6.5126140733786286e-01 2.2863233117842441e-07 1.3025234169304600e+00 1.3025228146757257e+00 6.0225473430541854e-07
199 7.7539062500000000e-01 6.4206194301692165e-01 6.4206157491588389e-01 3.6810103776208081e-07 6.4206180017163528e-01 6.4206157491588389e-01 2.2525575138487852e-07 1.2841237431885570e+00 1.2841231498317678e+00 5.9335678925798163e-07
200 7.7929687500000000e-01 6.3276541288336952e-01 6.3276505038241060e-01 3.6250095891698919e-07 6.3276527221365719e-01 6.3276505038241060e-01 2.2183124659402864e-07 1.2655306850970267e+00 1.2655301007648212e+00 5.8433220551101783e-07
201 7.8320312500000000e-01 6.2337359058087560e-01 6.2337323375984266e-01 3.5682103294298884e-07 6.2337345211790074e-01 6.2337323375984266e-01 2.1835805807945974e-07 1.2467470426987763e+00 1.2467464675196853e+00 5.7517909102244857e-07
202 7.8710937500000000e-01 6.1388789048122028e-01 6.1388753942121743e-01 3.5106000284557126e-07 6.1388775425667474e-01 6.1388753942121743e-01 2.1483545731282305e-07 1.2277756447378949e+00 1.2277750788424349e+00 5.6589546004737201e-07
203 7.9101562500000000e-01 6.0430974109373081e-01 6.0430939587721111e-01 3.4521651970376155e-07 6.0430960713982385e-01 6.0430939587721111e-01 2.1126261273707314e-07 1.2086193482335545e+00 1.2086187917544222e+00 5.5647913232981239e-07
204 7.9492187500000000e-01 5.9464058485013438e-01 5.9464024556101003e-01 3.3928912435143843e-07 5.9464045319966741e-01 5.9464024556101003e-01 2.0763865737905007e-07 1.1892810380498018e+00 1.1892804911220201e+00 5.4692778173048850e-07
205 7.9882812500000000e-01 5.8488187788733992e-01 5.8488154461108643e-01 3.3327625348356094e-07 5.8488174857376662e-01 5.8488154461108643e-01 2.0396268018973984e-07 1.1697636264611067e+00 1.1697630892221729e+00 5.3723893378432308e-07
206 8.0273437500000000e-01 5.7503508982817042e-01 5.7503476265190800e-01 3.2717626241574038e-07 5.7503496288553457e-01 5.7503476265190800e-01 2.0023362656829136e-07 1.1500700527137049e+00 1.1500695253038160e+00 5.2740988887300944e-07
207 8.0664062500000000e-01 5.6510170356001865e-01 5.6510138257261811e-01 3.2098740054831154e-07 5.6510157902306268e-01 5.6510138257261811e-01 1.9645044457838878e-07 1.1302032825830812e+00 1.1302027651452362e+00 5.1743784501567802e-07
208 8.1054687500000000e-01 5.5508321501153324e-01 5.5508290030371921e-01 3.1470781403086789e-07 5.5508309291580382e-01 5.5508290030371921e-01 1.9261208461518464e-07 1.1101663079273369e+00 1.1101658006074384e+00 5.0731989853503023e-07
209 8.1445312500000000e-01 5.4498113292738926e-01 5.4498082459178976e-01 3.0833559949705602e-07 5.4498101330906279e-01 5.4498082459178976e-01 1.8871727303082508e-07 1.0899621462364522e+00 1.0899616491835795e+00 4.9705287263890341e-07
210 8.1835937500000000e-01 5.3479697864100950e-01 5.3479667677227383e-01 3.0186873567483730e-07 5.3479686153716688e-01 5.3479667677227383e-01 1.8476489305196964e-07 1.0695938401781764e+00 1.0695933535445477e+00 4.8663362872680693e-07
211 8.2226562500000000e-01 5.2453228584553602e-01 5.2453199054037281e-01 2.9530516321152334e-07 5.2453217129400109e-01 5.2453199054037281e-01 1.8075362828717800e-07 1.0490644571395371e+00 1.0490639810807456e+00 4.7605879149870134e-07
212 8.2617187500000000e-01 5.1418860036281178e-01 5.1418831172007673e-01 2.8864273504680682e-07 5.1418848840233056e-01 5.1418831172007673e-01 1.7668225382738711e-07 1.0283770887651422e+00 1.0283766234401535e+00 4.6532498876317163e-07
213 8.3007812500000000e-01 5.0376747991066695e-01 5.0376719803136893e-01 2.8187929801415379e-07 5.0376737058068333e-01 5.0376719803136893e-01 1.7254931439225629e-07 1.0075348504913504e+00 1.0075343960627379e+00 4.5442861251743238e-07
214 8.3398437500000000e-01 4.9327049386824423e-01 4.9327021885563849e-01 2.7501260574380737e-07 4.9327038720924310e-01 4.9327021885563849e-01 1.6835360461264770e-07 9.8654088107748739e-01 9.8654043771127697e-01 4.4336621041196622e-07
215 8.3789062500000000e-01 4.8269922303978546e-01 4.8269895499933924e-01 2.6804044622741330e-07 4.8269911909295882e-01 4.8269895499933924e-01 1.6409361958125146e-07 9.6539834213274434e-01 9.6539790999867847e-01 4.3213406586417591e-07
216 8.4179687500000000e-01 4.7205525941647808e-01 4.7205499845592341e-01 2.6096055466551249e-07 4.7205515822398170e-01 4.7205499845592341e-01 1.5976805828321616e-07 9.4411041764045978e-01 9.4410999691184683e-01 4.2072861294872865e-07
217 8.4570312500000000e-01 4.6134020593678327e-01 4.6133995216609486e-01 2.5377068840759520e-07 4.6134010754164717e-01 4.6133995216609486e-01 1.5537555231315281e-07 9.2268031347843049e-01 9.2267990433218972e-01 4.0914624077625916e-07
218 8.4960937500000000e-01 4.5055567624504766e-01 4.5055542977641183e-01 2.4646863583388523e-07 4.5055558069111312e-01 4.5055542977641183e-01 1.5091470129124929e-07 9.0111125693616079e-01 9.0111085955282366e-01 3.9738333712513452e-07
219 8.5351562500000000e-01 4.3970329444849865e-01 4.3970305539627752e-01 2.3905222112929891e-07 4.3970320178045269e-01 4.3970305539627752e-01 1.4638417517032210e-07 8.7940649622895140e-01 8.7940611079255504e-01 3.8543639635513216e-07
220 8.5742187500000000e-01 4.2878469487268878e-01 4.2878446335335552e-01 2.3151933326026608e-07 4.2878460513601424e-01 4.2878446335335552e-01 1.4178265872466511e-07 8.5756930000870302e-01 8.5756892670671103e-01 3.7330199198493119e-07
221 8.6132812500000000e-01 4.1780152181538488e-01 4.1780129794744575e-01 2.2386793913087288e-07 4.1780143505634870e-01 4.1780129794744575e-01 1.3710890295337563e-07 8.3560295687173358e-01 8.3560259589489150e-01 3.6097684208424852e-07
222 8.6523437500000000e-01 4.0675542929897246e-01 4.0675521320285901e-01 2.1609611344786117e-07 4.0675534556455895e-01 4.0675521320285901e-01 1.3236169993380287e-07 8.1351077486353141e-01 8.1351042640571802e-01 3.4845781338166404e-07
223 8.6914062500000000e-01 3.9564808082138098e-01 3.9564787261932721e-01 2.0820205376415046e-07 3.9564800015925394e-01 3.9564787261932721e-01 1.2753992673086856e-07 7.9129608098063486e-01 7.9129574523865442e-01 3.3574198043950787e-07
224 8.7304687500000000e-01 3.8448114910559572e-01 3.8448094892148615e-01 2.0018410956668120e-07 3.8448107156400341e-01 3.8448094892148615e-01 1.2264251725291331e-07 7.6896222066959918e-01 7.6896189784297231e-01 3.2282662687510566e-07
225 8.7695312500000000e-01 3.7325631584776714e-01 3.7325612380696921e-01 1.9204079793055939e-07 3.7325624147549868e-01 3.7325612380696921e-01 1.1766852947570072e-07 7.4651255732326582e-01 7.4651224761393842e-01 3.0970932740626012e-07
226 8.8085937500000000e-01 3.6197527146397912e-01 3.6197508769315129e-01 1.8377082783294085e-07 3.6197520031028524e-01 3.6197508769315129e-01 1.1261713395160911e-07 7.2395047177426441e-01 7.2395017538630257e-01 2.9638796184006111e-07
227 8.8476562500000000e-01 3.5063971483570611e-01 3.5063953946257581e-01 1.7537313029558632e-07 3.5063964695018224e-01 3.5063953946257581e-01 1.0748760642664834e-07 7.0127936178588834e-01 7.0127907892515162e-01 2.8286073672223466e-07
228 8.8867187500000000e-01 3.3925135305397802e-01 3.3925118620711076e-01 1.6684686726664566e-07 3.3925128848650793e-01 3.3925118620711076e-01 1.0227939717388779e-07 6.7850264154048601e-01 6.7850237241422151e-01 2.6912626449604460e-07
229 8.9257812500000000e-01 3.2781190116233894e-01 3.2781174297086696e-01 1.5819147197726480e-07 3.2781183996293406e-01 3.2781174297086696e-01 9.6992067100121204e-08 6.5562374112527300e-01 6.5562348594173392e-01 2.5518353907738600e-07
230 8.9648437500000000e-01 3.1632308189857183e-01 3.1632293249191801e-01 1.4940665382656704e-07 3.1632302411729835e-01 3.1632293249191801e-01 9.1625380338467011e-08 6.3264610601587012e-01 6.3264586498383601e-01 2.4103203410952290e-07
231 9.0039062500000000e-01 3.0478662543529650e-01 3.0478648494286298e-01 1.4049243352021179e-07 3.0478657112210783e-01 3.0478648494286298e-01 8.6179244851436465e-08 6.0957319655740427e-01 6.0957296988572596e-01 2.2667167831613710e-07
232 9.0429687500000000e-01 2.9320426911941722e-01 2.9320413767026843e-01 1.3144914878804315e-07 2.9320421832405996e-01 2.9320413767026843e-01 8.0653791534324171e-08 5.8640848744347718e-01 5.8640827534053686e-01 2.1210294032236732e-07
233 9.0820312500000000e-01 2.8157775721051614e-01 2.8157763493303029e-01 1.2227748585891263e-07 2.8157770998235959e-01 2.8157763493303029e-01 7.5049329306686730e-08 5.6315546719287579e-01 5.6315526986606057e-01 1.9732681522111051e-07
234 9.1210937500000000e-01 2.6990884061818921e-01 2.6990872763969515e-01 1.1297849406011196e-07 2.6990879700605153e-01 2.6990872763969515e-01 6.9366356381106442e-08 5.3981763762424073e-01 5.3981745527939029e-01 1.8234485044121840e-07
235 9.1601562500000000e-01 2.5819927663835668e-01 2.5819917308477980e-01 1.0355357688007771e-07 2.5819923669047934e-01 2.5819917308477980e-01 6.3605699540669747e-08 5.1639851332883602e-01 5.1639834616955960e-01 1.6715927642074746e-07
236 9.1992187500000000e-01 2.4645082868867726e-01 2.4645073468412865e-01 9.4004548617521166e-08 2.4645079245242030e-01 2.4645073468412865e-01 5.7768291650273085e-08 4.9290162114109759e-01 4.9290146936825729e-01 1.5177284029554983e-07
237 9.2382812500000000e-01 2.3466526604296895e-01 2.3466518170935155e-01 8.4333617395015992e-08 2.3466523356467825e-01 2.3466518170935155e-01 5.1855326699268289e-08 4.6933049960764717e-01 4.6933036341870310e-01 1.3618894406652871e-07
238 9.2773437500000000e-01 2.2284436356476969e-01 2.2284428902137537e-01 7.4543394318338230e-08 2.2284433488963667e-01 2.2284428902137537e-01 4.5868261300263669e-08 4.4568869845440640e-01 4.4568857804275075e-01 1.2041165564635747e-07
239 9.3164062500000000e-01 2.1098990144006319e-01 2.1098983680315833e-01 6.4636904856252286e-08 2.1098987661194857e-01 2.1098983680315833e-01 3.9808790236461888e-08 4.2197977805201176e-01 4.2197967360631666e-01 1.0444569509271417e-07
240 9.3554687500000000e-01 1.9910366490918824e-01 1.9910361029160037e-01 5.4617587869065787e-08 1.9910364397047031e-01 1.9910361029160037e-01 3.3678869942876943e-08 3.9820730887965855e-01 3.9820722058320074e-01 8.8296457811942730e-08
241 9.3945312500000000e-01 1.8718744399799730e-01 1.8718739950869309e-01 4.4489304212858016e-08 1.8718742698936905e-01 1.8718739950869309e-01 2.7480675957036738e-08 3.7437487098736633e-01 3.7437479901738618e-01 7.1969980142139178e-08
242 9.4335937500000000e-01 1.7524303324827598e-01 1.7524299899194917e-01 3.4256326802983850e-08 1.7524302020859467e-01 1.7524299899194917e-01 2.1216645496036080e-08 3.5048605345687067e-01 3.5048599798389835e-01 5.5472972326775505e-08
243 9.4726562500000000e-01 1.6327223144748954e-01 1.6327220752415147e-01 2.3923338060560795e-08 1.6327222241360448e-01 1.6327220752415147e-01 1.4889453003874564e-08 3.2654445386109399e-01 3.2654441504830295e-01 3.8812791036679783e-08
244 9.5117187500000000e-01 1.5127684135788858e-01 1.5127682786246302e-01 1.3495425554843621e-08 1.5127683636445380e-01 1.5127682786246302e-01 8.5019907780647941e-09 3.0255367772234237e-01 3.0255365572492604e-01 2.1997416332908415e-08
245 9.5507812500000000e-01 1.3925866944499729e-01 1.3925866646693838e-01 2.9780589105854460e-09 1.3925866852435384e-01 1.3925866646693838e-01 2.0574154602215344e-09 2.7851733796935113e-01 2.7851733293387676e-01 5.0354743708069805e-09
246 9.5898437500000000e-01 1.2721952560556482e-01 1.2721953322847704e-01 -7.6229122181192821e-09 1.2721952878756171e-01 1.2721953322847704e-01 -4.4409153299174164e-09 2.5443905439312653e-01 2.5443906645695408e-01 -1.2063827548036699e-08
247 9.6289062500000000e-01 1.1516122289498153e-01 1.1516124119626210e-01 -1.8301280574339884e-08 1.1516123020682048e-01 1.1516124119626210e-01 -1.0989441620590235e-08 2.3032245310180199e-01 2.3032248239252420e-01 -2.9290722208807907e-08
248 9.6679687500000000e-01 1.0308557725421405e-01 1.0308560630471938e-01 -2.9050505334637933e-08 1.0308558872034231e-01 1.0308560630471938e-01 -1.7584377079438163e-08 2.0617116597455637e-01 2.0617121260943877e-01 -4.6634882400198308e-08
249 9.7070312500000000e-01 9.0994407236317867e-02 9.0994447100045811e-02 -3.9863727943623140e-08 9.0994422878278886e-02 9.0994447100045811e-02 -2.4221766925514032e-08 1.8198883011459677e-01 1.8198889420009162e-01 -6.4085494855259384e-08
250 9.7460937500000000e-01 7.8889533732662429e-02 7.8889584466342866e-02 -5.0733680437287099e-08 7.8889553568253418e-02 7.8889584466342866e-02 -3.0898089448117005e-08 1.5777908730091583e-01 1.5777916893268573e-01 -8.1631769899281892e-08
251 9.7851562500000000e-01 6.6772779698196394e-02 6.6772841351397980e-02 -6.1653201585687434e-08 6.6772803743544371e-02 6.6772841351397980e-02 -3.7607853609067377e-08 1.3354558344174078e-01 1.3354568270279596e-01 -9.9261055180877023e-08
252 9.8242187500000000e-01 5.4645969874872122e-02 5.4646042492155385e-02 -7.2617283262965682e-08 5.4645998158746885e-02 5.4646042492155385e-02 -4.4333408499852567e-08 1.0929196803361901e-01 1.0929208498431077e-01 -1.1695069175587935e-07
253 9.8632812500000000e-01 4.2510930552522294e-02 4.2511014139917425e-02 -8.3587395130479969e-08 4.2510962916625691e-02 4.2511014139917425e-02 -5.1223291733237808e-08 8.5021893469147986e-02 8.5022028279834849e-02 -1.3481068686371778e-07
254 9.9023437500000000e-01 3.0369489278665666e-02 3.0369583785317782e-02 -9.4506652115189382e-08 3.0369525263861354e-02 3.0369583785317782e-02 -5.8521456427346186e-08 6.0739014542527017e-02 6.0739167570635563e-02 -1.5302810854600502e-07
255 9.9414062500000000e-01 1.8223473722126907e-02 1.8223579883108180e-02 -1.0616098127316786e-07 1.8223517633358308e-02 1.8223579883108180e-02 -6.2249749872150817e-08 3.6446991355485216e-02 3.6447159766216361e-02 -1.6841073114531868e-07
256 9.9804687500000000e-01 6.0747158081600004e-03 6.0748315767997808e-03 -1.1576863978048080e-07 6.0747553579141951e-03 6.0748315767997808e-03 -7.6218885585767338e-08 1.2149471166074195e-02 1.2149663153599562e-02 -1.9198752536711550e-07
