# P x_center tau_U tau_V tau_Psi
1 3.9062500000000000e-03 1.4634496026388888e-04 8.7806857512973124e-05 2.3415181777686200e-04
2 1.1718750000000000e-02 -6.7006354242948873e-08 -4.0559676506290998e-08 -1.0756603074923987e-07
3 1.9531250000000000e-02 -1.1163237445543928e-07 -6.7572315742836508e-08 -1.7920469019827578e-07
4 2.7343750000000000e-02 -1.5619120574683620e-07 -9.4544233775195607e-08 -2.5073543952203181e-07
5 3.5156250000000000e-02 -2.0065593275830906e-07 -1.2145923733442032e-07 -3.2211517009272939e-07
6 4.2968750000000000e-02 -2.4499976802871970e-07 -1.4830101235929760e-07 -3.9330078038801730e-07
7 5.0781250000000000e-02 -2.8919612304889597e-07 -1.7505357163827284e-07 -4.6424969468716881e-07
8 5.8593750000000000e-02 -3.3321813930342614e-07 -2.0170057268842356e-07 -5.3491871199184970e-07
9 6.6406250000000000e-02 -3.7703955513279652e-07 -2.2822621303930646e-07 -6.0526576817210298e-07
10 7.4218750000000000e-02 -4.2063368255185196e-07 -2.5461417862970848e-07 -6.7524786118156044e-07
11 8.2031250000000000e-02 -4.6397457253988250e-07 -2.8084895120628062e-07 -7.4482352374616312e-07
12 8.9843750000000000e-02 -5.0703596343737445e-07 -3.0691433039464755e-07 -8.1395029383202200e-07
13 9.7656250000000000e-02 -5.4979199148874613e-07 -3.3279508215855458e-07 -8.8258707364730071e-07
14 1.0546875000000000e-01 -5.9221667925157817e-07 -3.5847517665388295e-07 -9.5069185590546113e-07
15 1.1328125000000000e-01 -6.3428484509131522e-07 -3.8393949353121570e-07 -1.0182243386225309e-06
16 1.2109375000000000e-01 -6.7597079578263219e-07 -4.0917251453720382e-07 -1.0851433103198360e-06
17 1.2890625000000000e-01 -7.1724974759490578e-07 -4.3415906247901148e-07 -1.1514088100739173e-06
18 1.3671875000000000e-01 -7.5809646205016179e-07 -4.5888396016380284e-07 -1.2169804222139646e-06
19 1.4453125000000000e-01 -7.9848655332170893e-07 -4.8333254198951181e-07 -1.2818190953112207e-06
20 1.5234375000000000e-01 -8.3839574926969362e-07 -5.0749008551065344e-07 -1.3458858347803471e-06
21 1.6015625000000000e-01 -8.7779972091084346e-07 -5.3134169775148621e-07 -1.4091414186623297e-06
22 1.6796875000000000e-01 -9.1667516244342551e-07 -5.5487350891780807e-07 -1.4715486713612336e-06
23 1.7578125000000000e-01 -9.5499831331835594e-07 -5.7807085340755293e-07 -1.5330691667259089e-06
24 1.8359375000000000e-01 -9.9274620879441500e-07 -6.0092020248703193e-07 -1.5936664112814469e-06
25 1.9140625000000000e-01 -1.0298962251908961e-06 -6.2340734530152986e-07 -1.6533035704924259e-06
26 1.9921875000000000e-01 -1.0664258525139303e-06 -6.4551932155154645e-07 -1.7119451740654767e-06
27 2.0703125000000000e-01 -1.1023133765775128e-06 -6.6724237512971740e-07 -1.7695557517072302e-06
28 2.1484375000000000e-01 -1.1375360600140993e-06 -6.8856309098919155e-07 -1.8260991510032909e-06
29 2.2265625000000000e-01 -1.1720742350007640e-06 -7.0946930463833269e-07 -1.8815435396390967e-06
30 2.3046875000000000e-01 -1.2059061873515020e-06 -7.2994839683815371e-07 -1.9358545841896557e-06
31 2.3828125000000000e-01 -1.2390120218697120e-06 -7.4998740728915436e-07 -1.9889994291588664e-06
32 2.4609375000000000e-01 -1.2713710475509288e-06 -7.6957485362072475e-07 -2.0409459011716535e-06
33 2.5390625000000000e-01 -1.3029647334406036e-06 -7.8869891240174184e-07 -2.0916636458423454e-06
34 2.6171875000000000e-01 -1.3337730706552975e-06 -8.0734741914056940e-07 -2.1411204897958669e-06
35 2.6953125000000000e-01 -1.3637782103614882e-06 -8.2550980096129933e-07 -2.1892880113227875e-06
36 2.7734375000000000e-01 -1.3929620763519779e-06 -8.4317503024067264e-07 -2.2361371065926505e-06
37 2.8515625000000000e-01 -1.4213067061064066e-06 -8.6033230672910577e-07 -2.2816390128355124e-06
38 2.9296875000000000e-01 -1.4487951602859539e-06 -8.7697162598487921e-07 -2.3257667862708331e-06
39 3.0078125000000000e-01 -1.4754108406123123e-06 -8.9308230144524714e-07 -2.3684931420575595e-06
40 3.0859375000000000e-01 -1.5011378309282009e-06 -9.0865535185002955e-07 -2.4097931827782304e-06
41 3.1640625000000000e-01 -1.5259606698236894e-06 -9.2368077275750693e-07 -2.4496414425811963e-06
42 3.2421875000000000e-01 -1.5498640095756855e-06 -9.3814992396801244e-07 -2.4880139335436979e-06
43 3.3203125000000000e-01 -1.5728344351373380e-06 -9.5205359684769064e-07 -2.5248880319850286e-06
44 3.3984375000000000e-01 -1.5948571672197431e-06 -9.6538428806525189e-07 -2.5602414552849950e-06
45 3.4765625000000000e-01 -1.6159190181497252e-06 -9.7813335742102936e-07 -2.5940523755707545e-06
46 3.5546875000000000e-01 -1.6360074823751347e-06 -9.9029307421005797e-07 -2.6263005565851927e-06
47 3.6328125000000000e-01 -1.6551105090911733e-06 -1.0018563898483990e-06 -2.6569668989395723e-06
48 3.7109375000000000e-01 -1.6732169569877442e-06 -1.0128162557521136e-06 -2.6860332127398578e-06
49 3.7890625000000000e-01 -1.6903147752600489e-06 -1.0231660780846141e-06 -2.7134808533446630e-06
50 3.8671875000000000e-01 -1.7063950963347452e-06 -1.0328997177566634e-06 -2.7392948140914086e-06
51 3.9453125000000000e-01 -1.7214474610227626e-06 -1.0420108083053492e-06 -2.7634582693281118e-06
52 4.0234375000000000e-01 -1.7354623196297325e-06 -1.0504943475098116e-06 -2.7859566671395442e-06
53 4.1015625000000000e-01 -1.7484321688243654e-06 -1.0583451057755155e-06 -2.8067772745998809e-06
54 4.1796875000000000e-01 -1.7603488231543452e-06 -1.0655585356289521e-06 -2.8259073587832972e-06
55 4.2578125000000000e-01 -1.7712054614094086e-06 -1.0721300895966124e-06 -2.8433355510060210e-06
56 4.3359375000000000e-01 -1.7809948076319415e-06 -1.0780556749523384e-06 -2.8590504825842800e-06
57 4.4140625000000000e-01 -1.7897114048537333e-06 -1.0833314263436478e-06 -2.8730428311973810e-06
58 4.4921875000000000e-01 -1.7973500234802486e-06 -1.0879555247811368e-06 -2.8853055482613854e-06
59 4.5703125000000000e-01 -1.8039056612906279e-06 -1.0919236501649721e-06 -2.8958293114556000e-06
60 4.6484375000000000e-01 -1.8093751350534149e-06 -1.0952344382531010e-06 -2.9046095733065158e-06
61 4.7265625000000000e-01 -1.8137548067898024e-06 -1.0978858426824445e-06 -2.9116406494722469e-06
62 4.8046875000000000e-01 -1.8170412658946589e-06 -1.0998751349688973e-06 -2.9169164008635562e-06
63 4.8828125000000000e-01 -1.8192336028732825e-06 -1.1012023151124595e-06 -2.9204359179857420e-06
64 4.9609375000000000e-01 -1.8203302261099452e-06 -1.1018660188710783e-06 -2.9221962449810235e-06
65 5.0390625000000000e-01 -1.8203302261099452e-06 -1.1018660188710783e-06 -2.9221962449810235e-06
66 5.1171875000000000e-01 -1.8192336028732825e-06 -1.1012023151124595e-06 -2.9204359179857420e-06
67 5.1953125000000000e-01 -1.8170412658946589e-06 -1.0998751349688973e-06 -2.9169164008635562e-06
68 5.2734375000000000e-01 -1.8137548067898024e-06 -1.0978858426824445e-06 -2.9116406494722469e-06
69 5.3515625000000000e-01 -1.8093751350534149e-06 -1.0952344382531010e-06 -2.9046095733065158e-06
70 5.4296875000000000e-01 -1.8039056612906279e-06 -1.0919236501649721e-06 -2.8958293114556000e-06
71 5.5078125000000000e-01 -1.7973500234802486e-06 -1.0879555247811368e-06 -2.8853055482613854e-06
72 5.5859375000000000e-01 -1.7897114048537333e-06 -1.0833314263436478e-06 -2.8730428311973810e-06
73 5.6640625000000000e-01 -1.7809948076319415e-06 -1.0780556749523384e-06 -2.8590504825842800e-06
74 5.7421875000000000e-01 -1.7712054614094086e-06 -1.0721298622229369e-06 -2.8433353236323455e-06
75 5.8203125000000000e-01 -1.7603488231543452e-06 -1.0655585356289521e-06 -2.8259073587832972e-06
76 5.8984375000000000e-01 -1.7484323961980408e-06 -1.0583451057755155e-06 -2.8067775019735564e-06
77 5.9765625000000000e-01 -1.7354620922560571e-06 -1.0504945748834871e-06 -2.7859566671395442e-06
78 6.0546875000000000e-01 -1.7214474610227626e-06 -1.0420108083053492e-06 -2.7634582693281118e-06
79 6.1328125000000000e-01 -1.7063950963347452e-06 -1.0328997177566634e-06 -2.7392948140914086e-06
80 6.2109375000000000e-01 -1.6903150026337244e-06 -1.0231660780846141e-06 -2.7134810807183385e-06
81 6.2890625000000000e-01 -1.6732169569877442e-06 -1.0128162557521136e-06 -2.6860332127398578e-06
82 6.3671875000000000e-01 -1.6551105090911733e-06 -1.0018563898483990e-06 -2.6569668989395723e-06
83 6.4453125000000000e-01 -1.6360074823751347e-06 -9.9029284683638252e-07 -2.6263003292115172e-06
84 6.5234375000000000e-01 -1.6159190181497252e-06 -9.7813335742102936e-07 -2.5940523755707545e-06
85 6.6015625000000000e-01 -1.5948571672197431e-06 -9.6538428806525189e-07 -2.5602414552849950e-06
86 6.6796875000000000e-01 -1.5728342077636626e-06 -9.5205359684769064e-07 -2.5248878046113532e-06
87 6.7578125000000000e-01 -1.5498640095756855e-06 -9.3814992396801244e-07 -2.4880139335436979e-06
88 6.8359375000000000e-01 -1.5259604424500139e-06 -9.2368077275750693e-07 -2.4496412152075209e-06
89 6.9140625000000000e-01 -1.5011379446150386e-06 -9.0865501078951638e-07 -2.4097929554045550e-06
90 6.9921875000000000e-01 -1.4754108406123123e-06 -8.9308218775840942e-07 -2.3684930283707217e-06
91 7.0703125000000000e-01 -1.4487951602859539e-06 -8.7697162598487921e-07 -2.3257667862708331e-06
92 7.1484375000000000e-01 -1.4213065924195689e-06 -8.6033242041594349e-07 -2.2816390128355124e-06
93 7.2265625000000000e-01 -1.3929620763519779e-06 -8.4317503024067264e-07 -2.2361371065926505e-06
94 7.3046875000000000e-01 -1.3637782103614882e-06 -8.2550980096129933e-07 -2.1892880113227875e-06
95 7.3828125000000000e-01 -1.3337730706552975e-06 -8.0734741914056940e-07 -2.1411204897958669e-06
96 7.4609375000000000e-01 -1.3029647334406036e-06 -7.8869879871490411e-07 -2.0916635321555077e-06
97 7.5390625000000000e-01 -1.2713710475509288e-06 -7.6957485362072475e-07 -2.0409459011716535e-06
98 7.6171875000000000e-01 -1.2390120218697120e-06 -7.4998740728915436e-07 -1.9889994291588664e-06
99 7.6953125000000000e-01 -1.2059060736646643e-06 -7.2994828315131599e-07 -1.9358543568159803e-06
100 7.7734375000000000e-01 -1.1720743486876017e-06 -7.0946919095149497e-07 -1.8815435396390967e-06
101 7.8515625000000000e-01 -1.1375360600140993e-06 -6.8856309098919155e-07 -1.8260991510032909e-06
102 7.9296875000000000e-01 -1.1023132628906751e-06 -6.6724214775604196e-07 -1.7695554106467171e-06
103 8.0078125000000000e-01 -1.0664257388270926e-06 -6.4551920786470873e-07 -1.7119449466918013e-06
104 8.0859375000000000e-01 -1.0298962251908961e-06 -6.2340734530152986e-07 -1.6533035704924259e-06
105 8.1640625000000000e-01 -9.9274609510757728e-07 -6.0092020248703193e-07 -1.5936662975946092e-06
106 8.2421875000000000e-01 -9.5499831331835594e-07 -5.7807085340755293e-07 -1.5330691667259089e-06
107 8.3203125000000000e-01 -9.1667516244342551e-07 -5.5487350891780807e-07 -1.4715486713612336e-06
108 8.3984375000000000e-01 -8.7779960722400574e-07 -5.3134169775148621e-07 -1.4091413049754919e-06
109 8.4765625000000000e-01 -8.3839563558285590e-07 -5.0748997182381572e-07 -1.3458856074066716e-06
110 8.5546875000000000e-01 -7.9848666700854665e-07 -4.8333254198951181e-07 -1.2818192089980585e-06
111 8.6328125000000000e-01 -7.5809646205016179e-07 -4.5888396016380284e-07 -1.2169804222139646e-06
112 8.7109375000000000e-01 -7.1724969075148692e-07 -4.3415906247901148e-07 -1.1514087532304984e-06
113 8.7890625000000000e-01 -6.7597073893921333e-07 -4.0917251453720382e-07 -1.0851432534764172e-06
114 8.8671875000000000e-01 -6.3428484509131522e-07 -3.8393949353121570e-07 -1.0182243386225309e-06
115 8.9453125000000000e-01 -5.9221667925157817e-07 -3.5847523349730182e-07 -9.5069191274887999e-07
116 9.0234375000000000e-01 -5.4979193464532727e-07 -3.3279508215855458e-07 -8.8258701680388185e-07
117 9.1015625000000000e-01 -5.0703596343737445e-07 -3.0691433039464755e-07 -8.1395029383202200e-07
118 9.1796875000000000e-01 -4.6397457253988250e-07 -2.8084895120628062e-07 -7.4482352374616312e-07
119 9.2578125000000000e-01 -4.2063373939527082e-07 -2.5461412178628962e-07 -6.7524786118156044e-07
120 9.3359375000000000e-01 -3.7703949828937766e-07 -2.2822621303930646e-07 -6.0526571132868412e-07
121 9.4140625000000000e-01 -3.3321816772513557e-07 -2.0170060111013299e-07 -5.3491876883526857e-07
122 9.4921875000000000e-01 -2.8919609462718654e-07 -1.7505354321656341e-07 -4.6424963784374995e-07
123 9.5703125000000000e-01 -2.4499973960701027e-07 -1.4830101235929760e-07 -3.9330075196630787e-07
124 9.6484375000000000e-01 -2.0065598960172792e-07 -1.2145923733442032e-07 -3.2211522693614825e-07
125 9.7265625000000000e-01 -1.5619119153598149e-07 -9.4544219564340892e-08 -2.5073541110032238e-07
126 9.8046875000000000e-01 -1.1163240287714871e-07 -6.7572329953691224e-08 -1.7920473283083993e-07
127 9.8828125000000000e-01 -6.7006368453803589e-08 -4.0559683611718356e-08 -1.0756605206552194e-07
128 9.9609375000000000e-01 1.4634496028342880e-04 8.7806857521854909e-05 2.3415181780528371e-04
