# P x_center tau_U tau_V tau_Psi
1 1.5625000000000000e-02 2.3335177783661010e-03 1.4000803038545229e-03 3.7335980822206238e-03
2 4.6875000000000000e-02 -1.7090481975401417e-05 -1.0345086259633263e-05 -2.7435568235034680e-05
3 7.8125000000000000e-02 -2.8301199179736614e-05 -1.7131076077703256e-05 -4.5432275257439869e-05
4 1.0937500000000000e-01 -3.9239360361875697e-05 -2.3752084246098093e-05 -6.2991444607973790e-05
5 1.4062500000000000e-01 -4.9799625060131802e-05 -3.0144346936822330e-05 -7.9943971996954133e-05
6 1.7187500000000000e-01 -5.9880292155867210e-05 -3.6246303011466807e-05 -9.6126595167334017e-05
7 2.0312500000000000e-01 -6.9384279299811169e-05 -4.1999187374130997e-05 -1.1138346667394217e-04
8 2.3437500000000000e-01 -7.8220057844191615e-05 -4.7347596563440675e-05 -1.2556765440763229e-04
9 2.6562500000000000e-01 -8.6302534555215971e-05 -5.2240022597516145e-05 -1.3854255715273212e-04
10 2.9687500000000000e-01 -9.3553870641471804e-05 -5.6629348705428129e-05 -1.5018321934689993e-04
11 3.2812500000000000e-01 -9.9904231831260404e-05 -6.0473303051367111e-05 -1.6037753488262751e-04
12 3.5937500000000000e-01 -1.0529246071655507e-04 -6.3734866614595376e-05 -1.6902732733115045e-04
13 3.9062500000000000e-01 -1.0966666548029025e-04 -6.6382628460814885e-05 -1.7604929394110513e-04
14 4.2187500000000000e-01 -1.1298472043108632e-04 -6.8391089314445708e-05 -1.8137580974553202e-04
15 4.5312500000000000e-01 -1.1521467064312674e-04 -6.9740906610604725e-05 -1.8495557725373146e-04
16 4.8437500000000000e-01 -1.1633504072960932e-04 -7.0419080770989240e-05 -1.8675412150059856e-04
17 5.1562500000000000e-01 -1.1633504072960932e-04 -7.0419080770989240e-05 -1.8675412150059856e-04
18 5.4687500000000000e-01 -1.1521467064312674e-04 -6.9740906610604725e-05 -1.8495557725373146e-04
19 5.7812500000000000e-01 -1.1298472043108632e-04 -6.8391089314445708e-05 -1.8137580974553202e-04
20 6.0937500000000000e-01 -1.0966666548029025e-04 -6.6382628460814885e-05 -1.7604929394110513e-04
21 6.4062500000000000e-01 -1.0529246065971165e-04 -6.3734866557751957e-05 -1.6902732721746361e-04
22 6.7187500000000000e-01 -9.9904231831260404e-05 -6.0473303051367111e-05 -1.6037753488262751e-04
23 7.0312500000000000e-01 -9.3553870698315222e-05 -5.6629348705428129e-05 -1.5018321940374335e-04
24 7.3437500000000000e-01 -8.6302534583637680e-05 -5.2240022625937854e-05 -1.3854255720957553e-04
25 7.6562500000000000e-01 -7.8220057844191615e-05 -4.7347596620284094e-05 -1.2556765446447571e-04
26 7.9687500000000000e-01 -6.9384279271389460e-05 -4.1999187402552707e-05 -1.1138346667394217e-04
27 8.2812500000000000e-01 -5.9880292127445500e-05 -3.6246302983045098e-05 -9.6126595110490598e-05
28 8.5937500000000000e-01 -4.9799625088553512e-05 -3.0144346965244040e-05 -7.9943972053797552e-05
29 8.9062500000000000e-01 -3.9239360376086552e-05 -2.3752084260308948e-05 -6.2991444636395499e-05
30 9.2187500000000000e-01 -2.8301199165525759e-05 -1.7131076091914110e-05 -4.5432275257439869e-05
31 9.5312500000000000e-01 -1.7090481975401417e-05 -1.0345086259633263e-05 -2.7435568235034680e-05
32 9.8437500000000000e-01 2.3335177783625483e-03 1.4000803038545229e-03 3.7335980822170711e-03
