# P x_center tau_U tau_V tau_Psi
1 9.7656250000000000e-04 9.1485148026038132e-06 5.4891084211305952e-06 1.4637623223734408e-05
2 2.9296875000000000e-03 -2.6179947099080891e-10 -1.5846524092921754e-10 -4.2026471192002646e-10
3 4.8828125000000000e-03 -4.3633008317556232e-10 -2.6408031317259884e-10 -7.0041039634816116e-10
4 6.8359375000000000e-03 -6.1081095736881252e-10 -3.6972380712541053e-10 -9.8053476449422305e-10
5 8.7890625000000000e-03 -7.8532025327149313e-10 -4.7535309022350702e-10 -1.2606733434950002e-09
6 1.0742187500000000e-02 -9.5982954917417374e-10 -5.8096816246688832e-10 -1.5407977116410621e-09
7 1.2695312500000000e-02 -1.1342251582391327e-09 -6.8649796958197840e-10 -1.8207231278211111e-09
8 1.4648437500000000e-02 -1.3085923455946613e-09 -7.9208462011592928e-10 -2.1006769657105906e-09
9 1.6601562500000000e-02 -1.4828742678218987e-09 -8.9761442723101936e-10 -2.3804886950529180e-09
10 1.8554687500000000e-02 -1.6571561900491361e-09 -1.0031158126366790e-09 -2.6602720026858151e-09
11 2.0507812500000000e-02 -1.8313244254386518e-09 -1.1085603546234779e-09 -2.9398847800621297e-09
12 2.2460937500000000e-02 -2.0055495042470284e-09 -1.2140048966102768e-09 -3.2195544008573052e-09
13 2.4414062500000000e-02 -2.1796608962176833e-09 -1.3194494385970756e-09 -3.4991103348147590e-09
14 2.6367187500000000e-02 -2.3536017579317559e-09 -1.4246666069084313e-09 -3.7782683648401871e-09
15 2.8320312500000000e-02 -2.5274857762269676e-09 -1.5298269318009261e-09 -4.0573127080278937e-09
16 3.0273437500000000e-02 -2.7012561076844577e-09 -1.6350441001122817e-09 -4.3363002077967394e-09
17 3.2226562500000000e-02 -2.8749127523042262e-09 -1.7401475815859158e-09 -4.6150603338901419e-09
18 3.4179687500000000e-02 -3.0485125535051338e-09 -1.8453647498972714e-09 -4.8938773034024052e-09
19 3.6132812500000000e-02 -3.2219986678683199e-09 -1.9502977011143230e-09 -5.1722963689826429e-09
20 3.8085937500000000e-02 -3.3952574085560627e-09 -2.0551169654936530e-09 -5.4503743740497157e-09
21 4.0039062500000000e-02 -3.5687435229192488e-09 -2.1600499167107046e-09 -5.7287934396299534e-09
22 4.1992187500000000e-02 -3.7416612030938268e-09 -2.2649828679277562e-09 -6.0066440710215829e-09
23 4.3945312500000000e-02 -3.9145788832684048e-09 -2.3695747586316429e-09 -6.2841536419000477e-09
24 4.5898437500000000e-02 -4.0872691897675395e-09 -2.4739392756600864e-09 -6.5612084654276259e-09
25 4.7851562500000000e-02 -4.2600731831043959e-09 -2.5786448532016948e-09 -6.8387180363060907e-09
26 4.9804687500000000e-02 -4.4325361159280874e-09 -2.6830093702301383e-09 -7.1155454861582257e-09
27 5.1757812500000000e-02 -4.6049990487517789e-09 -2.7872602004208602e-09 -7.3922592491726391e-09
28 5.3710937500000000e-02 -4.7770072342245840e-09 -2.8915110306115821e-09 -7.6685182648361661e-09
29 5.5664062500000000e-02 -4.9490154196973890e-09 -2.9955344871268608e-09 -7.9445499068242498e-09
30 5.7617187500000000e-02 -5.1207962314947508e-09 -3.0996716304798611e-09 -8.2204678619746119e-09
31 5.9570312500000000e-02 -5.2923496696166694e-09 -3.2033540264819749e-09 -8.4957036960986443e-09
32 6.1523437500000000e-02 -5.4637894209008664e-09 -3.3070364224840887e-09 -8.7708258433849551e-09
33 6.3476562500000000e-02 -5.6348881116718985e-09 -3.4106051316484809e-09 -9.0454932433203794e-09
34 6.5429687500000000e-02 -5.8058731156052090e-09 -3.5144012144883163e-09 -9.3202743300935254e-09
35 6.7382812500000000e-02 -5.9765170590253547e-09 -3.6177425499772653e-09 -9.5942596090026200e-09
36 6.9335937500000000e-02 -6.1470473156077787e-09 -3.7209701986284927e-09 -9.8680175142362714e-09
37 7.1289062500000000e-02 -6.3171228248393163e-09 -3.8237430999288335e-09 -1.0140865924768150e-08
38 7.3242187500000000e-02 -6.4874257077462971e-09 -3.9267433749046177e-09 -1.0414169082650915e-08
39 7.5195312500000000e-02 -6.6572738433023915e-09 -4.0295162762049586e-09 -1.0686790119507350e-08
40 7.7148437500000000e-02 -6.8266672315075994e-09 -4.1325165511807427e-09 -1.0959183782688342e-08
41 7.9101562500000000e-02 -6.9960606197128072e-09 -4.2346073314547539e-09 -1.1230667951167561e-08
42 8.1054687500000000e-02 -7.1654540079180151e-09 -4.3373802327550948e-09 -1.1502834240673110e-08
43 8.3007812500000000e-02 -7.3339379014214501e-09 -4.4392436393536627e-09 -1.1773181540775113e-08
44 8.4960937500000000e-02 -7.5026491686003283e-09 -4.5415617933031172e-09 -1.2044210961903445e-08
45 8.6914062500000000e-02 -7.6704509410774335e-09 -4.6427430788753554e-09 -1.2313194019952789e-08
46 8.8867187500000000e-02 -7.8391622082563117e-09 -4.7450612328248098e-09 -1.2584223441081122e-08
47 9.0820312500000000e-02 -8.0060544860316440e-09 -4.8462425183970481e-09 -1.2852297004428692e-08
48 9.2773437500000000e-02 -8.1736288848333061e-09 -4.9474238039692864e-09 -1.3121052688802592e-08
49 9.4726562500000000e-02 -8.3405211626086384e-09 -5.0486050895415246e-09 -1.3389126252150163e-08
50 9.6679687500000000e-02 -8.5076408140594140e-09 -5.1493316277628765e-09 -1.3656972441822290e-08
51 9.8632812500000000e-02 -8.6736235971329734e-09 -5.2502855396596715e-09 -1.3923909136792645e-08
52 1.0058593750000000e-01 -8.8398337538819760e-09 -5.3507847042055801e-09 -1.4190618458087556e-08
53 1.0253906250000000e-01 -9.0058165369555354e-09 -5.4512838687514886e-09 -1.4457100405707024e-08
54 1.0449218750000000e-01 -9.1708898253273219e-09 -5.5513282859465107e-09 -1.4722218111273833e-08
55 1.0644531250000000e-01 -9.3359631136991084e-09 -5.6509179557906464e-09 -1.4986881069489755e-08
56 1.0839843750000000e-01 -9.5005816547200084e-09 -5.7509623729856685e-09 -1.5251544027705677e-08
57 1.1035156250000000e-01 -9.6647454483900219e-09 -5.8498699218034744e-09 -1.5514615370193496e-08
58 1.1230468750000000e-01 -9.8289092420600355e-09 -5.9494595916476101e-09 -1.5778368833707646e-08
59 1.1425781250000000e-01 -9.9923909147037193e-09 -6.0483671404654160e-09 -1.6040758055169135e-08
60 1.1621093750000000e-01 -1.0156099961022846e-08 -6.1475020629586652e-09 -1.6303602023981512e-08
61 1.1816406250000000e-01 -1.0318899512640201e-08 -6.2455001170746982e-09 -1.6564399629714899e-08
62 1.2011718750000000e-01 -1.0481016943231225e-08 -6.3439529185416177e-09 -1.6824969861772843e-08
63 1.2207031250000000e-01 -1.0643589121173136e-08 -6.4424057200085372e-09 -1.7085994841181673e-08
64 1.2402343750000000e-01 -1.0805251804413274e-08 -6.5399490267736837e-09 -1.7345200831186958e-08
65 1.2597656250000000e-01 -1.0966232366627082e-08 -6.6379470808897167e-09 -1.7604179447516799e-08
66 1.2792968750000000e-01 -1.1126758181490004e-08 -6.7350356403039768e-09 -1.7861793821793981e-08
67 1.2988281250000000e-01 -1.1287056622677483e-08 -6.8325789470691234e-09 -1.8119635569746606e-08
68 1.3183593750000000e-01 -1.1447355063864961e-08 -6.9289853854570538e-09 -1.8376340449322015e-08
69 1.3378906250000000e-01 -1.1606516636675224e-08 -7.0253918238449842e-09 -1.8631908460520208e-08
70 1.3574218750000000e-01 -1.1766587704187259e-08 -7.1222530095838010e-09 -1.8888840713771060e-08
71 1.3769531250000000e-01 -1.1924385034944862e-08 -7.2182047006208450e-09 -1.9142589735565707e-08
72 1.3964843750000000e-01 -1.2083091860404238e-08 -7.3137016443070024e-09 -1.9396793504711241e-08
73 1.4160156250000000e-01 -1.2240434443810955e-08 -7.4087438406422734e-09 -1.9649178284453228e-08
74 1.4355468750000000e-01 -1.2397777027217671e-08 -7.5046955316793174e-09 -1.9902472558896989e-08
75 1.4550781250000000e-01 -1.2554664863273501e-08 -7.5988282333128154e-09 -2.0153493096586317e-08
76 1.4746093750000000e-01 -1.2710643204627559e-08 -7.6943251769989729e-09 -2.0404968381626531e-08
77 1.4941406250000000e-01 -1.2867531040683389e-08 -7.7880031312815845e-09 -2.0655534171964973e-08
78 1.5136718750000000e-01 -1.3022599887335673e-08 -7.8825905802659690e-09 -2.0905190467601642e-08
79 1.5332031250000000e-01 -1.3177668733987957e-08 -7.9762685345485806e-09 -2.1153937268536538e-08
80 1.5527343750000000e-01 -1.3332282833289355e-08 -8.0699464888311923e-09 -2.1402229322120547e-08
81 1.5722656250000000e-01 -1.3485987437888980e-08 -8.1627149484120309e-09 -2.1648702386301011e-08
82 1.5917968750000000e-01 -1.3639692042488605e-08 -8.2559381553437561e-09 -2.1895630197832361e-08
83 1.6113281250000000e-01 -1.3792487152386457e-08 -8.3482518675737083e-09 -2.2140739019960165e-08
84 1.6308593750000000e-01 -1.3944827514933422e-08 -8.4401108324527740e-09 -2.2384938347386196e-08
85 1.6503906250000000e-01 -1.4096258382778615e-08 -8.5324245446827263e-09 -2.2628682927461341e-08
86 1.6699218750000000e-01 -1.4248143997974694e-08 -8.6242835095617920e-09 -2.2872427507536486e-08
87 1.6894531250000000e-01 -1.4398665371118113e-08 -8.7147782323881984e-09 -2.3113443603506312e-08
88 1.7089843750000000e-01 -1.4549186744261533e-08 -8.8061824499163777e-09 -2.3355369194177911e-08
89 1.7285156250000000e-01 -1.4699253370054066e-08 -8.8971319200936705e-09 -2.3596385290147737e-08
90 1.7480468750000000e-01 -1.4847955753793940e-08 -8.9876266429200768e-09 -2.3835582396714017e-08
91 1.7675781250000000e-01 -1.4997112884884700e-08 -9.0781213657464832e-09 -2.4075234250631183e-08
92 1.7871093750000000e-01 -1.5144451026571915e-08 -9.1667970991693437e-09 -2.4311248125741258e-08
93 1.8066406250000000e-01 -1.5292243915610015e-08 -9.2559275799430907e-09 -2.4548171495553106e-08
94 1.8261718750000000e-01 -1.5438672562595457e-08 -9.3455128080677241e-09 -2.4784185370663181e-08
95 1.8457031250000000e-01 -1.5584646462230012e-08 -9.4323695520870388e-09 -2.5017016014317051e-08
96 1.8652343750000000e-01 -1.5730620361864567e-08 -9.5219547802116722e-09 -2.5252575142076239e-08
97 1.8847656250000000e-01 -1.5876139514148235e-08 -9.6092662715818733e-09 -2.5485405785730109e-08
98 1.9042968750000000e-01 -1.6019839677028358e-08 -9.6970325103029609e-09 -2.5716872187331319e-08
99 1.9238281250000000e-01 -1.6163994587259367e-08 -9.7838892543222755e-09 -2.5947883841581643e-08
100 1.9433593750000000e-01 -1.6307694750139490e-08 -9.8707459983415902e-09 -2.6178440748481080e-08
101 1.9628906250000000e-01 -1.6450485418317840e-08 -9.9576027423609048e-09 -2.6408088160678744e-08
102 1.9824218750000000e-01 -1.6592821339145303e-08 -1.0043095244327560e-08 -2.6635916583472863e-08
103 2.0019531250000000e-01 -1.6733793017920107e-08 -1.0129042493645102e-08 -2.6862835511565208e-08
104 2.0214843750000000e-01 -1.6874764696694911e-08 -1.0214534995611757e-08 -2.7089299692306668e-08
105 2.0410156250000000e-01 -1.7014372133417055e-08 -1.0299118002876639e-08 -2.7313490136293694e-08
106 2.0605468750000000e-01 -1.7154434317490086e-08 -1.0383701010141522e-08 -2.7538135327631608e-08
107 2.0800781250000000e-01 -1.7292677512159571e-08 -1.0467374522704631e-08 -2.7760052034864202e-08
108 2.0996093750000000e-01 -1.7431375454179943e-08 -1.0551048035267740e-08 -2.7982423489447683e-08
109 2.1191406250000000e-01 -1.7569163901498541e-08 -1.0634721547830850e-08 -2.8203885449329391e-08
110 2.1386718750000000e-01 -1.7706042854115367e-08 -1.0717485565692186e-08 -2.8423528419807553e-08
111 2.1582031250000000e-01 -1.7842012312030420e-08 -1.0799794836202636e-08 -2.8641807148233056e-08
112 2.1777343750000000e-01 -1.7977527022594586e-08 -1.0882104106713086e-08 -2.8859631129307672e-08
113 2.1972656250000000e-01 -1.8113041733158752e-08 -1.0964413377223536e-08 -2.9077455110382289e-08
114 2.2167968750000000e-01 -1.8247192201670259e-08 -1.1045358405681327e-08 -2.9292550607351586e-08
115 2.2363281250000000e-01 -1.8379978428129107e-08 -1.1124939192086458e-08 -2.9504917620215565e-08
116 2.2558593750000000e-01 -1.8513674149289727e-08 -1.1206793715246022e-08 -2.9720467864535749e-08
117 2.2753906250000000e-01 -1.8645550881046802e-08 -1.1286374501651153e-08 -2.9931925382697955e-08
118 2.2949218750000000e-01 -1.8776518118102103e-08 -1.1366410035407171e-08 -3.0142928153509274e-08
119 2.3144531250000000e-01 -1.8907940102508292e-08 -1.1444171832408756e-08 -3.0352111934917048e-08
120 2.3339843750000000e-01 -1.9038452592212707e-08 -1.1523752618813887e-08 -3.0562205211026594e-08
121 2.3535156250000000e-01 -1.9167600839864463e-08 -1.1602423910517246e-08 -3.0770024750381708e-08
122 2.3730468750000000e-01 -1.9295839592814445e-08 -1.1679276212817058e-08 -3.0975115805631503e-08
123 2.3925781250000000e-01 -1.9423623598413542e-08 -1.1757492757169530e-08 -3.1181116355583072e-08
124 2.4121093750000000e-01 -1.9550952856661752e-08 -1.1834345059469342e-08 -3.1385297916131094e-08
125 2.4316406250000000e-01 -1.9676917872857302e-08 -1.1910287867067382e-08 -3.1587205739924684e-08
126 2.4511718750000000e-01 -1.9802882889052853e-08 -1.1986685422016308e-08 -3.1789568311069161e-08
127 2.4707031250000000e-01 -1.9927483663195744e-08 -1.2062628229614347e-08 -3.1990111892810091e-08
128 2.4902343750000000e-01 -2.0051629689987749e-08 -1.2137206795159727e-08 -3.2188836485147476e-08
129 2.5097656250000000e-01 -2.0175320969428867e-08 -1.2212694855406880e-08 -3.2388015824835747e-08
130 2.5292968750000000e-01 -2.0298557501519099e-08 -1.2286363926250488e-08 -3.2584921427769586e-08
131 2.5488281250000000e-01 -2.0420429791556671e-08 -1.2360942491795868e-08 -3.2781372283352539e-08
132 2.5683593750000000e-01 -2.0541392586892471e-08 -1.2434156815288588e-08 -3.2975549402181059e-08
133 2.5878906250000000e-01 -2.0661445887526497e-08 -1.2506461644079536e-08 -3.3167907531606033e-08
134 2.6074218750000000e-01 -2.0781953935511410e-08 -1.2579221220221370e-08 -3.3361175155732781e-08
135 2.6269531250000000e-01 -2.0900188246741891e-08 -1.2650616554310545e-08 -3.3550804801052436e-08
136 2.6464843750000000e-01 -2.1017967810621485e-08 -1.2722466635750607e-08 -3.3740434446372092e-08
137 2.6660156250000000e-01 -2.1134383132448420e-08 -1.2792497727787122e-08 -3.3926880860235542e-08
138 2.6855468750000000e-01 -2.1251707948977128e-08 -1.2864347809227183e-08 -3.4116055758204311e-08
139 2.7050781250000000e-01 -2.1367213776102290e-08 -1.2933924153912812e-08 -3.4301137930015102e-08
140 2.7246093750000000e-01 -2.1482264855876565e-08 -1.3002591003896669e-08 -3.4484855859773234e-08
141 2.7441406250000000e-01 -2.1596406440949067e-08 -1.3072167348582298e-08 -3.4668573789531365e-08
142 2.7636718750000000e-01 -2.1709183783968911e-08 -1.3140379451215267e-08 -3.4849563235184178e-08
143 2.7832031250000000e-01 -2.1821506379637867e-08 -1.3209046301199123e-08 -3.5030552680836990e-08
144 2.8027343750000000e-01 -2.1932919480605051e-08 -1.3275894161779433e-08 -3.5208813642384484e-08
145 2.8222656250000000e-01 -2.2043423086870462e-08 -1.3343651517061517e-08 -3.5387074603931978e-08
146 2.8417968750000000e-01 -2.2153471945784986e-08 -1.3409135135589167e-08 -3.5562607081374153e-08
147 2.8613281250000000e-01 -2.2263066057348624e-08 -1.3476437743520364e-08 -3.5739503800868988e-08
148 2.8808593750000000e-01 -2.2369931684806943e-08 -1.3541011867346242e-08 -3.5910943552153185e-08
149 2.9003906250000000e-01 -2.2477706806967035e-08 -1.3606040738523006e-08 -3.6083747545490041e-08
150 2.9199218750000000e-01 -2.2585027181776240e-08 -1.3670614862348884e-08 -3.6255642044125125e-08
151 2.9394531250000000e-01 -2.2690073819831014e-08 -1.3734734238823876e-08 -3.6424808058654889e-08
152 2.9589843750000000e-01 -2.2796029952587560e-08 -1.3797944120597094e-08 -3.6593974073184654e-08
153 2.9785156250000000e-01 -2.2899257601238787e-08 -1.3861154002370313e-08 -3.6760411603609100e-08
154 2.9980468750000000e-01 -2.3002939997240901e-08 -1.3922999642090872e-08 -3.6925939639331773e-08
155 3.0175781250000000e-01 -2.3104348656488582e-08 -1.3985300029162318e-08 -3.7089648685650900e-08
156 3.0371093750000000e-01 -2.3206212063087150e-08 -1.4046236174181104e-08 -3.7252448237268254e-08
157 3.0566406250000000e-01 -2.3307165974983945e-08 -1.4108081813901663e-08 -3.7415247788885608e-08
158 3.0761718750000000e-01 -2.3405391402775422e-08 -1.4168108464218676e-08 -3.7573499866994098e-08
159 3.0957031250000000e-01 -2.3506345314672217e-08 -1.4228135114535689e-08 -3.7734480429207906e-08
160 3.1152343750000000e-01 -2.3602297005709261e-08 -1.4287252270150930e-08 -3.7889549275860190e-08
161 3.1347656250000000e-01 -2.3700522433500737e-08 -1.4346369425766170e-08 -3.8046891859266907e-08
162 3.1542968750000000e-01 -2.3795109882485121e-08 -1.4404577086679637e-08 -3.8199686969164759e-08
163 3.1738281250000000e-01 -2.3890606826171279e-08 -1.4460965758189559e-08 -3.8351572584360838e-08
164 3.1933593750000000e-01 -2.3984284780453891e-08 -1.4518263924401253e-08 -3.8502548704855144e-08
165 3.2128906250000000e-01 -2.4078872229438275e-08 -1.4574652595911175e-08 -3.8653524825349450e-08
166 3.2324218750000000e-01 -2.4171640689019114e-08 -1.4631041267421097e-08 -3.8802681956440210e-08
167 3.2519531250000000e-01 -2.4263499653898180e-08 -1.4686520444229245e-08 -3.8950020098127425e-08
168 3.2714843750000000e-01 -2.4353539629373699e-08 -1.4741090126335621e-08 -3.9094629755709320e-08
169 3.2910156250000000e-01 -2.4443579604849219e-08 -1.4794750313740224e-08 -3.9238329918589443e-08
170 3.3105468750000000e-01 -2.4530891096219420e-08 -1.4850229490548372e-08 -3.9381120586767793e-08
171 3.3300781250000000e-01 -2.4620021576993167e-08 -1.4902070688549429e-08 -3.9522092265542597e-08
172 3.3496093750000000e-01 -2.4705514078959823e-08 -1.4953911886550486e-08 -3.9659425965510309e-08
173 3.3691406250000000e-01 -2.4791916075628251e-08 -1.5006662579253316e-08 -3.9798578654881567e-08
174 3.3886718750000000e-01 -2.4877408577594906e-08 -1.5057594282552600e-08 -3.9935002860147506e-08
175 3.4082031250000000e-01 -2.4961991584859788e-08 -1.5109435480553657e-08 -4.0071427065413445e-08
176 3.4277343750000000e-01 -2.5045665097422898e-08 -1.5160367183852941e-08 -4.0206032281275839e-08
177 3.4472656250000000e-01 -2.5125700631178916e-08 -1.5208570403046906e-08 -4.0334271034225821e-08
178 3.4667968750000000e-01 -2.5209374143742025e-08 -1.5259502106346190e-08 -4.0468876250088215e-08
179 3.4863281250000000e-01 -2.5287590688094497e-08 -1.5307705325540155e-08 -4.0595296013634652e-08
180 3.5058593750000000e-01 -2.5368535716552287e-08 -1.5355908544734120e-08 -4.0724444261286408e-08
181 3.5253906250000000e-01 -2.5447661755606532e-08 -1.5403202269226313e-08 -4.0850864024832845e-08
182 3.5449218750000000e-01 -2.5524059310555458e-08 -1.5450495993718505e-08 -4.0974555304273963e-08
183 3.5644531250000000e-01 -2.5601366360206157e-08 -1.5496880223508924e-08 -4.1098246583715081e-08
184 3.5839843750000000e-01 -2.5677763915155083e-08 -1.5541445463895798e-08 -4.1219209379050881e-08
185 3.6035156250000000e-01 -2.5750523491296917e-08 -1.5586010704282671e-08 -4.1336534195579588e-08
186 3.6230468750000000e-01 -2.5825102056842297e-08 -1.5632394934073091e-08 -4.1457496990915388e-08
187 3.6425781250000000e-01 -2.5896042643580586e-08 -1.5676050679758191e-08 -4.1572093323338777e-08
188 3.6621093750000000e-01 -2.5970621209125966e-08 -1.5720615920145065e-08 -4.1691237129271030e-08
189 3.6816406250000000e-01 -2.6039742806460708e-08 -1.5762452676426619e-08 -4.1802195482887328e-08
190 3.7011718750000000e-01 -2.6110683393198997e-08 -1.5804289432708174e-08 -4.1914972825907171e-08
191 3.7207031250000000e-01 -2.6179804990533739e-08 -1.5846126188989729e-08 -4.2025931179523468e-08
192 3.7402343750000000e-01 -2.6246198103763163e-08 -1.5887053450569510e-08 -4.2133251554332674e-08
193 3.7597656250000000e-01 -2.6313500711694360e-08 -1.5927980712149292e-08 -4.2241481423843652e-08
194 3.7792968750000000e-01 -2.6378984330222011e-08 -1.5965269994921982e-08 -4.2344254325143993e-08
195 3.7988281250000000e-01 -2.6444467948749661e-08 -1.6006197256501764e-08 -4.2450665205251426e-08
196 3.8183593750000000e-01 -2.6507223083171993e-08 -1.6043486539274454e-08 -4.2550709622446448e-08
197 3.8378906250000000e-01 -2.6571797206997871e-08 -1.6081685316748917e-08 -4.2653482523746789e-08
198 3.8574218750000000e-01 -2.6632733352016658e-08 -1.6119884094223380e-08 -4.2752617446240038e-08
199 3.8769531250000000e-01 -2.6692760002333671e-08 -1.6157173376996070e-08 -4.2849933379329741e-08
200 3.8964843750000000e-01 -2.6753696147352457e-08 -1.6192643670365214e-08 -4.2946339817717671e-08
201 3.9160156250000000e-01 -2.6810084818862379e-08 -1.6228113963734359e-08 -4.3038198782596737e-08
202 3.9355468750000000e-01 -2.6870111469179392e-08 -1.6263584257103503e-08 -4.3133695726282895e-08
203 3.9550781250000000e-01 -2.6926500140689313e-08 -1.6297235561069101e-08 -4.3223735701758415e-08
204 3.9746093750000000e-01 -2.6981979317497462e-08 -1.6330886865034699e-08 -4.3312866182532161e-08
205 3.9941406250000000e-01 -2.7036548999603838e-08 -1.6364538169000298e-08 -4.3401087168604136e-08
206 4.0136718750000000e-01 -2.7090209187008440e-08 -1.6397279978264123e-08 -4.3487489165272564e-08
207 4.0332031250000000e-01 -2.7142050385009497e-08 -1.6430021787527949e-08 -4.3572072172537446e-08
208 4.0527343750000000e-01 -2.7194801077712327e-08 -1.6460035112686455e-08 -4.3654836190398782e-08
209 4.0722656250000000e-01 -2.7245732781011611e-08 -1.6491867427248508e-08 -4.3737600208260119e-08
210 4.0917968750000000e-01 -2.7294845494907349e-08 -1.6521880752407014e-08 -4.3816726247314364e-08
211 4.1113281250000000e-01 -2.7343958208803087e-08 -1.6551894077565521e-08 -4.3895852286368608e-08
212 4.1308593750000000e-01 -2.7391251933295280e-08 -1.6580997908022255e-08 -4.3972249841317534e-08
213 4.1503906250000000e-01 -2.7437636163085699e-08 -1.6609192243777215e-08 -4.4046828406862915e-08
214 4.1699218750000000e-01 -2.7484020392876118e-08 -1.6636477084830403e-08 -4.4120497477706522e-08
215 4.1894531250000000e-01 -2.7527676138561219e-08 -1.6661942936480045e-08 -4.4189619075041264e-08
216 4.2089843750000000e-01 -2.7572241378948092e-08 -1.6690137272235006e-08 -4.4262378651183099e-08
217 4.2285156250000000e-01 -2.7615897124633193e-08 -1.6715603123884648e-08 -4.4331500248517841e-08
218 4.2480468750000000e-01 -2.7655914891511202e-08 -1.6740159480832517e-08 -4.4396074372343719e-08
219 4.2675781250000000e-01 -2.7696842153090984e-08 -1.6765625332482159e-08 -4.4462467485573143e-08
220 4.2871093750000000e-01 -2.7734131435863674e-08 -1.6786543710622936e-08 -4.4520675146486610e-08
221 4.3066406250000000e-01 -2.7774149202741683e-08 -1.6811100067570806e-08 -4.4585249270312488e-08
222 4.3261718750000000e-01 -2.7810528990812600e-08 -1.6832927940413356e-08 -4.4643456931225955e-08
223 4.3457031250000000e-01 -2.7845999284181744e-08 -1.6855665307957679e-08 -4.4701664592139423e-08
224 4.3652343750000000e-01 -2.7882379072252661e-08 -1.6877493180800229e-08 -4.4759872253052890e-08
225 4.3847656250000000e-01 -2.7916030376218259e-08 -1.6896592569537461e-08 -4.4812622945755720e-08
226 4.4042968750000000e-01 -2.7948772185482085e-08 -1.6917510947678238e-08 -4.4866283133160323e-08
227 4.4238281250000000e-01 -2.7980604500044137e-08 -1.6936610336415470e-08 -4.4917214836459607e-08
228 4.4433593750000000e-01 -2.8010617825202644e-08 -1.6955709725152701e-08 -4.4966327550355345e-08
229 4.4628906250000000e-01 -2.8040631150361151e-08 -1.6973899619188160e-08 -4.5014530769549310e-08
230 4.4824218750000000e-01 -2.8070644475519657e-08 -1.6990270523820072e-08 -4.5060914999339730e-08
231 4.5019531250000000e-01 -2.8097929316572845e-08 -1.7006641428451985e-08 -4.5104570745024830e-08
232 4.5214843750000000e-01 -2.8124304662924260e-08 -1.7023012333083898e-08 -4.5147316996008158e-08
233 4.5410156250000000e-01 -2.8149770514573902e-08 -1.7039383237715811e-08 -4.5189153752289712e-08
234 4.5605468750000000e-01 -2.8173417376819998e-08 -1.7053025658242404e-08 -4.5226443035062402e-08
235 4.5800781250000000e-01 -2.8197973733767867e-08 -1.7069396562874317e-08 -4.5267370296642184e-08
236 4.5996093750000000e-01 -2.8219801606610417e-08 -1.7080310499295592e-08 -4.5300112105906010e-08
237 4.6191406250000000e-01 -2.8240719984751195e-08 -1.7095771909225732e-08 -4.5336491893976927e-08
238 4.6386718750000000e-01 -2.8261638362891972e-08 -1.7106685845647007e-08 -4.5368324208538979e-08
239 4.6582031250000000e-01 -2.8281647246330976e-08 -1.7120328266173601e-08 -4.5401975512504578e-08
240 4.6777343750000000e-01 -2.8299837140366435e-08 -1.7130332707893103e-08 -4.5430169848259538e-08
241 4.6972656250000000e-01 -2.8317117539700121e-08 -1.7140337149612606e-08 -4.5457454689312726e-08
242 4.7167968750000000e-01 -2.8332578949630260e-08 -1.7148522601928562e-08 -4.5481101551558822e-08
243 4.7363281250000000e-01 -2.8347130864858627e-08 -1.7157617548946291e-08 -4.5504748413804919e-08
244 4.7558593750000000e-01 -2.8360773285385221e-08 -1.7165803001262248e-08 -4.5526576286647469e-08
245 4.7753906250000000e-01 -2.8375325200613588e-08 -1.7173988453578204e-08 -4.5549313654191792e-08
246 4.7949218750000000e-01 -2.8386239137034863e-08 -1.7182173905894160e-08 -4.5568413042929024e-08
247 4.8144531250000000e-01 -2.8397153073456138e-08 -1.7190359358210117e-08 -4.5587512431666255e-08
248 4.8339843750000000e-01 -2.8407157515175641e-08 -1.7194906831718981e-08 -4.5602064346894622e-08
249 4.8535156250000000e-01 -2.8415342967491597e-08 -1.7199454305227846e-08 -4.5614797272719443e-08
250 4.8730468750000000e-01 -2.8422618925105780e-08 -1.7204911273438483e-08 -4.5627530198544264e-08
251 4.8925781250000000e-01 -2.8428985388018191e-08 -1.7208549252245575e-08 -4.5637534640263766e-08
252 4.9121093750000000e-01 -2.8433532861527056e-08 -1.7212187231052667e-08 -4.5645720092579722e-08
253 4.9316406250000000e-01 -2.8438989829737693e-08 -1.7214006220456213e-08 -4.5652996050193906e-08
254 4.9511718750000000e-01 -2.8441718313843012e-08 -1.7215825209859759e-08 -4.5657543523702770e-08
255 4.9707031250000000e-01 -2.8443537303246558e-08 -1.7216734704561532e-08 -4.5660272007808089e-08
256 4.9902343750000000e-01 -2.8445356292650104e-08 -1.7216734704561532e-08 -4.5662090997211635e-08
257 5.0097656250000000e-01 -2.8445356292650104e-08 -1.7216734704561532e-08 -4.5662090997211635e-08
258 5.0292968750000000e-01 -2.8443537303246558e-08 -1.7216734704561532e-08 -4.5660272007808089e-08
259 5.0488281250000000e-01 -2.8441718313843012e-08 -1.7215825209859759e-08 -4.5657543523702770e-08
260 5.0683593750000000e-01 -2.8438989829737693e-08 -1.7214006220456213e-08 -4.5652996050193906e-08
261 5.0878906250000000e-01 -2.8433532861527056e-08 -1.7212187231052667e-08 -4.5645720092579722e-08
262 5.1074218750000000e-01 -2.8428985388018191e-08 -1.7208549252245575e-08 -4.5637534640263766e-08
263 5.1269531250000000e-01 -2.8422618925105780e-08 -1.7204911273438483e-08 -4.5627530198544264e-08
264 5.1464843750000000e-01 -2.8415342967491597e-08 -1.7199454305227846e-08 -4.5614797272719443e-08
265 5.1660156250000000e-01 -2.8406248020473868e-08 -1.7194906831718981e-08 -4.5601154852192849e-08
266 5.1855468750000000e-01 -2.8397153073456138e-08 -1.7190359358210117e-08 -4.5587512431666255e-08
267 5.2050781250000000e-01 -2.8386239137034863e-08 -1.7182173905894160e-08 -4.5568413042929024e-08
268 5.2246093750000000e-01 -2.8375325200613588e-08 -1.7173988453578204e-08 -4.5549313654191792e-08
269 5.2441406250000000e-01 -2.8361682780086994e-08 -1.7165803001262248e-08 -4.5527485781349242e-08
270 5.2636718750000000e-01 -2.8347130864858627e-08 -1.7157617548946291e-08 -4.5504748413804919e-08
271 5.2832031250000000e-01 -2.8332578949630260e-08 -1.7148522601928562e-08 -4.5481101551558822e-08
272 5.3027343750000000e-01 -2.8317117539700121e-08 -1.7140337149612606e-08 -4.5457454689312726e-08
273 5.3222656250000000e-01 -2.8299837140366435e-08 -1.7130332707893103e-08 -4.5430169848259538e-08
274 5.3417968750000000e-01 -2.8281647246330976e-08 -1.7120328266173601e-08 -4.5401975512504578e-08
275 5.3613281250000000e-01 -2.8261638362891972e-08 -1.7106685845647007e-08 -4.5368324208538979e-08
276 5.3808593750000000e-01 -2.8240719984751195e-08 -1.7095771909225732e-08 -4.5336491893976927e-08
277 5.4003906250000000e-01 -2.8220711101312190e-08 -1.7080310499295592e-08 -4.5301021600607783e-08
278 5.4199218750000000e-01 -2.8197973733767867e-08 -1.7069396562874317e-08 -4.5267370296642184e-08
279 5.4394531250000000e-01 -2.8174326871521771e-08 -1.7053025658242404e-08 -4.5227352529764175e-08
280 5.4589843750000000e-01 -2.8150680009275675e-08 -1.7039383237715811e-08 -4.5190063246991485e-08
281 5.4785156250000000e-01 -2.8124304662924260e-08 -1.7023012333083898e-08 -4.5147316996008158e-08
282 5.4980468750000000e-01 -2.8097929316572845e-08 -1.7006641428451985e-08 -4.5104570745024830e-08
283 5.5175781250000000e-01 -2.8070644475519657e-08 -1.6989361029118299e-08 -4.5060005504637957e-08
284 5.5371093750000000e-01 -2.8040631150361151e-08 -1.6972990124486387e-08 -4.5013621274847537e-08
285 5.5566406250000000e-01 -2.8010617825202644e-08 -1.6955709725152701e-08 -4.4966327550355345e-08
286 5.5761718750000000e-01 -2.7980604500044137e-08 -1.6936610336415470e-08 -4.4917214836459607e-08
287 5.5957031250000000e-01 -2.7948772185482085e-08 -1.6917510947678238e-08 -4.4866283133160323e-08
288 5.6152343750000000e-01 -2.7916030376218259e-08 -1.6896592569537461e-08 -4.4812622945755720e-08
289 5.6347656250000000e-01 -2.7882379072252661e-08 -1.6876583686098456e-08 -4.4758962758351117e-08
290 5.6542968750000000e-01 -2.7845999284181744e-08 -1.6855665307957679e-08 -4.4701664592139423e-08
291 5.6738281250000000e-01 -2.7810528990812600e-08 -1.6832927940413356e-08 -4.4643456931225955e-08
292 5.6933593750000000e-01 -2.7774149202741683e-08 -1.6811100067570806e-08 -4.4585249270312488e-08
293 5.7128906250000000e-01 -2.7734131435863674e-08 -1.6786543710622936e-08 -4.4520675146486610e-08
294 5.7324218750000000e-01 -2.7696842153090984e-08 -1.6764715837780386e-08 -4.4461557990871370e-08
295 5.7519531250000000e-01 -2.7656824386212975e-08 -1.6739249986130744e-08 -4.4396074372343719e-08
296 5.7714843750000000e-01 -2.7615897124633193e-08 -1.6715603123884648e-08 -4.4331500248517841e-08
297 5.7910156250000000e-01 -2.7572241378948092e-08 -1.6690137272235006e-08 -4.4262378651183099e-08
298 5.8105468750000000e-01 -2.7527676138561219e-08 -1.6661942936480045e-08 -4.4189619075041264e-08
299 5.8300781250000000e-01 -2.7484020392876118e-08 -1.6636477084830403e-08 -4.4120497477706522e-08
300 5.8496093750000000e-01 -2.7437636163085699e-08 -1.6608282749075443e-08 -4.4045918912161142e-08
301 5.8691406250000000e-01 -2.7391251933295280e-08 -1.6580997908022255e-08 -4.3972249841317534e-08
302 5.8886718750000000e-01 -2.7343958208803087e-08 -1.6551894077565521e-08 -4.3895852286368608e-08
303 5.9082031250000000e-01 -2.7293936000205576e-08 -1.6521880752407014e-08 -4.3815816752612591e-08
304 5.9277343750000000e-01 -2.7245732781011611e-08 -1.6491867427248508e-08 -4.3737600208260119e-08
305 5.9472656250000000e-01 -2.7194801077712327e-08 -1.6460035112686455e-08 -4.3654836190398782e-08
306 5.9667968750000000e-01 -2.7142050385009497e-08 -1.6430021787527949e-08 -4.3572072172537446e-08
307 5.9863281250000000e-01 -2.7090209187008440e-08 -1.6397279978264123e-08 -4.3487489165272564e-08
308 6.0058593750000000e-01 -2.7036548999603838e-08 -1.6363628674298525e-08 -4.3400177673902363e-08
309 6.0253906250000000e-01 -2.6981979317497462e-08 -1.6330886865034699e-08 -4.3312866182532161e-08
310 6.0449218750000000e-01 -2.6926500140689313e-08 -1.6297235561069101e-08 -4.3223735701758415e-08
311 6.0644531250000000e-01 -2.6870111469179392e-08 -1.6263584257103503e-08 -4.3133695726282895e-08
312 6.0839843750000000e-01 -2.6810084818862379e-08 -1.6228113963734359e-08 -4.3038198782596737e-08
313 6.1035156250000000e-01 -2.6753696147352457e-08 -1.6192643670365214e-08 -4.2946339817717671e-08
314 6.1230468750000000e-01 -2.6692760002333671e-08 -1.6156263882294297e-08 -4.2849023884627968e-08
315 6.1425781250000000e-01 -2.6632733352016658e-08 -1.6119884094223380e-08 -4.2752617446240038e-08
316 6.1621093750000000e-01 -2.6570887712296098e-08 -1.6082594811450690e-08 -4.2653482523746789e-08
317 6.1816406250000000e-01 -2.6507223083171993e-08 -1.6043486539274454e-08 -4.2550709622446448e-08
318 6.2011718750000000e-01 -2.6444467948749661e-08 -1.6006197256501764e-08 -4.2450665205251426e-08
319 6.2207031250000000e-01 -2.6378984330222011e-08 -1.5965269994921982e-08 -4.2344254325143993e-08
320 6.2402343750000000e-01 -2.6314410206396133e-08 -1.5927071217447519e-08 -4.2241481423843652e-08
321 6.2597656250000000e-01 -2.6246198103763163e-08 -1.5887053450569510e-08 -4.2133251554332674e-08
322 6.2792968750000000e-01 -2.6179804990533739e-08 -1.5846126188989729e-08 -4.2025931179523468e-08
323 6.2988281250000000e-01 -2.6109773898497224e-08 -1.5805198927409947e-08 -4.1914972825907171e-08
324 6.3183593750000000e-01 -2.6039742806460708e-08 -1.5762452676426619e-08 -4.1802195482887328e-08
325 6.3378906250000000e-01 -2.5970621209125966e-08 -1.5719706425443292e-08 -4.1690327634569257e-08
326 6.3574218750000000e-01 -2.5896952138282359e-08 -1.5676050679758191e-08 -4.1573002818040550e-08
327 6.3769531250000000e-01 -2.5825102056842297e-08 -1.5632394934073091e-08 -4.1457496990915388e-08
328 6.3964843750000000e-01 -2.5750523491296917e-08 -1.5586010704282671e-08 -4.1336534195579588e-08
329 6.4160156250000000e-01 -2.5677763915155083e-08 -1.5541445463895798e-08 -4.1219209379050881e-08
330 6.4355468750000000e-01 -2.5601366360206157e-08 -1.5496880223508924e-08 -4.1098246583715081e-08
331 6.4550781250000000e-01 -2.5524059310555458e-08 -1.5450495993718505e-08 -4.0974555304273963e-08
332 6.4746093750000000e-01 -2.5447661755606532e-08 -1.5403202269226313e-08 -4.0850864024832845e-08
333 6.4941406250000000e-01 -2.5368535716552287e-08 -1.5355908544734120e-08 -4.0724444261286408e-08
334 6.5136718750000000e-01 -2.5288500182796270e-08 -1.5306795830838382e-08 -4.0595296013634652e-08
335 6.5332031250000000e-01 -2.5209374143742025e-08 -1.5259502106346190e-08 -4.0468876250088215e-08
336 6.5527343750000000e-01 -2.5126610125880688e-08 -1.5209479897748679e-08 -4.0336090023629367e-08
337 6.5722656250000000e-01 -2.5044755602721125e-08 -1.5159457689151168e-08 -4.0204213291872293e-08
338 6.5917968750000000e-01 -2.4961991584859788e-08 -1.5109435480553657e-08 -4.0071427065413445e-08
339 6.6113281250000000e-01 -2.4877408577594906e-08 -1.5056684787850827e-08 -3.9934093365445733e-08
340 6.6308593750000000e-01 -2.4792825570330024e-08 -1.5006662579253316e-08 -3.9799488149583340e-08
341 6.6503906250000000e-01 -2.4706423573661596e-08 -1.4954821381252259e-08 -3.9661244954913855e-08
342 6.6699218750000000e-01 -2.4620021576993167e-08 -1.4902070688549429e-08 -3.9522092265542597e-08
343 6.6894531250000000e-01 -2.4530891096219420e-08 -1.4849319995846599e-08 -3.9380211092066020e-08
344 6.7089843750000000e-01 -2.4443579604849219e-08 -1.4794750313740224e-08 -3.9238329918589443e-08
345 6.7285156250000000e-01 -2.4352630134671926e-08 -1.4741999621037394e-08 -3.9094629755709320e-08
346 6.7480468750000000e-01 -2.4263499653898180e-08 -1.4685610949527472e-08 -3.8949110603425652e-08
347 6.7675781250000000e-01 -2.4171640689019114e-08 -1.4631041267421097e-08 -3.8802681956440210e-08
348 6.7871093750000000e-01 -2.4079781724140048e-08 -1.4574652595911175e-08 -3.8654434320051223e-08
349 6.8066406250000000e-01 -2.3986103769857436e-08 -1.4518263924401253e-08 -3.8504367694258690e-08
350 6.8261718750000000e-01 -2.3890606826171279e-08 -1.4462784747593105e-08 -3.8353391573764384e-08
351 6.8457031250000000e-01 -2.3796019377186894e-08 -1.4403667591977865e-08 -3.8199686969164759e-08
352 6.8652343750000000e-01 -2.3698703444097191e-08 -1.4345459931064397e-08 -3.8044163375161588e-08
353 6.8847656250000000e-01 -2.3602297005709261e-08 -1.4287252270150930e-08 -3.7889549275860190e-08
354 6.9042968750000000e-01 -2.3505435819970444e-08 -1.4227225619833916e-08 -3.7732661439804360e-08
355 6.9238281250000000e-01 -2.3406300897477195e-08 -1.4168563211569563e-08 -3.7574864109046757e-08
356 6.9433593750000000e-01 -2.3307165974983945e-08 -1.4108081813901663e-08 -3.7415247788885608e-08
357 6.9628906250000000e-01 -2.3205757315736264e-08 -1.4047145668882877e-08 -3.7252902984619141e-08
358 6.9824218750000000e-01 -2.3105258151190355e-08 -1.3985300029162318e-08 -3.7090558180352673e-08
359 7.0019531250000000e-01 -2.3002485249890015e-08 -1.3922544894739985e-08 -3.6925030144630000e-08
360 7.0214843750000000e-01 -2.2898348106537014e-08 -1.3861154002370313e-08 -3.6759502108907327e-08
361 7.0410156250000000e-01 -2.2796029952587560e-08 -1.3797944120597094e-08 -3.6593974073184654e-08
362 7.0605468750000000e-01 -2.2690528567181900e-08 -1.3734734238823876e-08 -3.6425262806005776e-08
363 7.0800781250000000e-01 -2.2584572434425354e-08 -1.3670614862348884e-08 -3.6255187296774238e-08
364 7.0996093750000000e-01 -2.2477706806967035e-08 -1.3606040738523006e-08 -3.6083747545490041e-08
365 7.1191406250000000e-01 -2.2370841179508716e-08 -1.3540557119995356e-08 -3.5911398299504071e-08
366 7.1386718750000000e-01 -2.2263066057348624e-08 -1.3476437743520364e-08 -3.5739503800868988e-08
367 7.1582031250000000e-01 -2.2153926693135872e-08 -1.3409589882940054e-08 -3.5563516576075926e-08
368 7.1777343750000000e-01 -2.2042968339519575e-08 -1.3343196769710630e-08 -3.5386165109230205e-08
369 7.1972656250000000e-01 -2.1932919480605051e-08 -1.3275894161779433e-08 -3.5208813642384484e-08
370 7.2167968750000000e-01 -2.1821961126988754e-08 -1.3209046301199123e-08 -3.5031007428187877e-08
371 7.2363281250000000e-01 -2.1709183783968911e-08 -1.3140834198566154e-08 -3.4850017982535064e-08
372 7.2558593750000000e-01 -2.1596861188299954e-08 -1.3072622095933184e-08 -3.4669483284233138e-08
373 7.2753906250000000e-01 -2.1482264855876565e-08 -1.3003045751247555e-08 -3.4485310607124120e-08
374 7.2949218750000000e-01 -2.1367213776102290e-08 -1.2933924153912812e-08 -3.4301137930015102e-08
375 7.3144531250000000e-01 -2.1251707948977128e-08 -1.2864347809227183e-08 -3.4116055758204311e-08
376 7.3339843750000000e-01 -2.1134837879799306e-08 -1.2792497727787122e-08 -3.3927335607586429e-08
377 7.3535156250000000e-01 -2.1018422557972372e-08 -1.2722466635750607e-08 -3.3740889193722978e-08
378 7.3730468750000000e-01 -2.0899733499391004e-08 -1.2650616554310545e-08 -3.3550350053701550e-08
379 7.3925781250000000e-01 -2.0781953935511410e-08 -1.2579221220221370e-08 -3.3361175155732781e-08
380 7.4121093750000000e-01 -2.0661445887526497e-08 -1.2506461644079536e-08 -3.3167907531606033e-08
381 7.4316406250000000e-01 -2.0541392586892471e-08 -1.2433702067937702e-08 -3.2975094654830173e-08
382 7.4511718750000000e-01 -2.0420429791556671e-08 -1.2360942491795868e-08 -3.2781372283352539e-08
383 7.4707031250000000e-01 -2.0298557501519099e-08 -1.2286363926250488e-08 -3.2584921427769586e-08
384 7.4902343750000000e-01 -2.0175320969428867e-08 -1.2212694855406880e-08 -3.2388015824835747e-08
385 7.5097656250000000e-01 -2.0051629689987749e-08 -1.2137206795159727e-08 -3.2188836485147476e-08
386 7.5292968750000000e-01 -1.9927938410546631e-08 -1.2062628229614347e-08 -3.1990566640160978e-08
387 7.5488281250000000e-01 -1.9802882889052853e-08 -1.1986685422016308e-08 -3.1789568311069161e-08
388 7.5683593750000000e-01 -1.9677372620208189e-08 -1.1909833119716495e-08 -3.1587205739924684e-08
389 7.5878906250000000e-01 -1.9550952856661752e-08 -1.1834345059469342e-08 -3.1385297916131094e-08
390 7.6074218750000000e-01 -1.9423623598413542e-08 -1.1757492757169530e-08 -3.1181116355583072e-08
391 7.6269531250000000e-01 -1.9296294340165332e-08 -1.1678821465466172e-08 -3.0975115805631503e-08
392 7.6464843750000000e-01 -1.9167146092513576e-08 -1.1601969163166359e-08 -3.0769115255679935e-08
393 7.6660156250000000e-01 -1.9038452592212707e-08 -1.1523752618813887e-08 -3.0562205211026594e-08
394 7.6855468750000000e-01 -1.8907485355157405e-08 -1.1444626579759642e-08 -3.0352111934917048e-08
395 7.7050781250000000e-01 -1.8776518118102103e-08 -1.1366410035407171e-08 -3.0142928153509274e-08
396 7.7246093750000000e-01 -1.8645550881046802e-08 -1.1285919754300267e-08 -2.9931470635347068e-08
397 7.7441406250000000e-01 -1.8513219401938841e-08 -1.1206338967895135e-08 -2.9719558369833976e-08
398 7.7636718750000000e-01 -1.8379978428129107e-08 -1.1125393939437345e-08 -2.9505372367566451e-08
399 7.7832031250000000e-01 -1.8247646949021146e-08 -1.1045358405681327e-08 -2.9293005354702473e-08
400 7.8027343750000000e-01 -1.8113496480509639e-08 -1.0963958629872650e-08 -2.9077455110382289e-08
401 7.8222656250000000e-01 -1.7977981769945472e-08 -1.0882104106713086e-08 -2.8860085876658559e-08
402 7.8417968750000000e-01 -1.7842012312030420e-08 -1.0799794836202636e-08 -2.8641807148233056e-08
403 7.8613281250000000e-01 -1.7706042854115367e-08 -1.0717485565692186e-08 -2.8423528419807553e-08
404 7.8808593750000000e-01 -1.7569163901498541e-08 -1.0634721547830850e-08 -2.8203885449329391e-08
405 7.9003906250000000e-01 -1.7431375454179943e-08 -1.0551048035267740e-08 -2.7982423489447683e-08
406 7.9199218750000000e-01 -1.7293132259510458e-08 -1.0467374522704631e-08 -2.7760506782215089e-08
407 7.9394531250000000e-01 -1.7153979570139199e-08 -1.0383701010141522e-08 -2.7537680580280721e-08
408 7.9589843750000000e-01 -1.7014826880767941e-08 -1.0299118002876639e-08 -2.7313944883644581e-08
409 7.9785156250000000e-01 -1.6874309949344024e-08 -1.0214989742962644e-08 -2.7089299692306668e-08
410 7.9980468750000000e-01 -1.6733338270569220e-08 -1.0129042493645102e-08 -2.6862380764214322e-08
411 8.0175781250000000e-01 -1.6592821339145303e-08 -1.0044004739029333e-08 -2.6636826078174636e-08
412 8.0371093750000000e-01 -1.6450030670966953e-08 -9.9576027423609048e-09 -2.6407633413327858e-08
413 8.0566406250000000e-01 -1.6307694750139490e-08 -9.8707459983415902e-09 -2.6178440748481080e-08
414 8.0761718750000000e-01 -1.6163539839908481e-08 -9.7838892543222755e-09 -2.5947429094230756e-08
415 8.0957031250000000e-01 -1.6019839677028358e-08 -9.6970325103029609e-09 -2.5716872187331319e-08
416 8.1152343750000000e-01 -1.5875684766797349e-08 -9.6092662715818733e-09 -2.5484951038379222e-08
417 8.1347656250000000e-01 -1.5730620361864567e-08 -9.5215000328607857e-09 -2.5252120394725353e-08
418 8.1542968750000000e-01 -1.5584646462230012e-08 -9.4328242994379252e-09 -2.5017470761667937e-08
419 8.1738281250000000e-01 -1.5438672562595457e-08 -9.3455128080677241e-09 -2.4784185370663181e-08
420 8.1933593750000000e-01 -1.5291789168259129e-08 -9.2559275799430907e-09 -2.4547716748202220e-08
421 8.2128906250000000e-01 -1.5144451026571915e-08 -9.1667970991693437e-09 -2.4311248125741258e-08
422 8.2324218750000000e-01 -1.4997112884884700e-08 -9.0781213657464832e-09 -2.4075234250631183e-08
423 8.2519531250000000e-01 -1.4847955753793940e-08 -8.9876266429200768e-09 -2.3835582396714017e-08
424 8.2714843750000000e-01 -1.4699253370054066e-08 -8.8975866674445570e-09 -2.3596840037498623e-08
425 8.2910156250000000e-01 -1.4549641491612419e-08 -8.8066371972672641e-09 -2.3356278688879684e-08
426 8.3105468750000000e-01 -1.4398665371118113e-08 -8.7147782323881984e-09 -2.3113443603506312e-08
427 8.3300781250000000e-01 -1.4248143997974694e-08 -8.6242835095617920e-09 -2.2872427507536486e-08
428 8.3496093750000000e-01 -1.4096258382778615e-08 -8.5324245446827263e-09 -2.2628682927461341e-08
429 8.3691406250000000e-01 -1.3944372767582536e-08 -8.4405655798036605e-09 -2.2384938347386196e-08
430 8.3886718750000000e-01 -1.3792032405035570e-08 -8.3487066149245948e-09 -2.2140739019960165e-08
431 8.4082031250000000e-01 -1.3638782547786832e-08 -8.2559381553437561e-09 -2.1894720703130588e-08
432 8.4277343750000000e-01 -1.3486442185239866e-08 -8.1627149484120309e-09 -2.1649157133651897e-08
433 8.4472656250000000e-01 -1.3332282833289355e-08 -8.0699464888311923e-09 -2.1402229322120547e-08
434 8.4667968750000000e-01 -1.3177668733987957e-08 -7.9758137871976942e-09 -2.1153482521185651e-08
435 8.4863281250000000e-01 -1.3022599887335673e-08 -7.8825905802659690e-09 -2.0905190467601642e-08
436 8.5058593750000000e-01 -1.2867076293332502e-08 -7.7884578786324710e-09 -2.0655534171964973e-08
437 8.5253906250000000e-01 -1.2711552699329332e-08 -7.6947799243498594e-09 -2.0406332623679191e-08
438 8.5449218750000000e-01 -1.2554664863273501e-08 -7.5988282333128154e-09 -2.0153493096586317e-08
439 8.5644531250000000e-01 -1.2398686521919444e-08 -7.5046955316793174e-09 -1.9903382053598762e-08
440 8.5839843750000000e-01 -1.2239979696460068e-08 -7.4087438406422734e-09 -1.9648723537102342e-08
441 8.6035156250000000e-01 -1.2083091860404238e-08 -7.3141563916578889e-09 -1.9397248252062127e-08
442 8.6230468750000000e-01 -1.1924385034944862e-08 -7.2177499532699585e-09 -1.9142134988214821e-08
443 8.6425781250000000e-01 -1.1766132956836373e-08 -7.1222530095838010e-09 -1.8888385966420174e-08
444 8.6621093750000000e-01 -1.1606744010350667e-08 -7.0256191975204274e-09 -1.8632363207871094e-08
445 8.6816406250000000e-01 -1.1447127690189518e-08 -6.9289853854570538e-09 -1.8376113075646572e-08
446 8.7011718750000000e-01 -1.1287511370028369e-08 -6.8323515733936802e-09 -1.8119862943422049e-08
447 8.7207031250000000e-01 -1.1126530807814561e-08 -6.7352630139794201e-09 -1.7861793821793981e-08
448 8.7402343750000000e-01 -1.0966459740302525e-08 -6.6379470808897167e-09 -1.7604406821192242e-08
449 8.7597656250000000e-01 -1.0805024430737831e-08 -6.5404037741245702e-09 -1.7345428204862401e-08
450 8.7792968750000000e-01 -1.0643816494848579e-08 -6.4424057200085372e-09 -1.7086222214857116e-08
451 8.7988281250000000e-01 -1.0481016943231225e-08 -6.3437255448661745e-09 -1.6824742488097399e-08
452 8.8183593750000000e-01 -1.0318899512640201e-08 -6.2455001170746982e-09 -1.6564399629714899e-08
453 8.8378906250000000e-01 -1.0155645213671960e-08 -6.1472746892832220e-09 -1.6302919902955182e-08
454 8.8574218750000000e-01 -9.9926182883791625e-09 -6.0488218878163025e-09 -1.6041440176195465e-08
455 8.8769531250000000e-01 -9.8291366157354787e-09 -5.9494595916476101e-09 -1.5778596207383089e-08
456 8.8964843750000000e-01 -9.6647454483900219e-09 -5.8496425481280312e-09 -1.5514387996518053e-08
457 8.9160156250000000e-01 -9.5005816547200084e-09 -5.7509623729856685e-09 -1.5251544027705677e-08
458 8.9355468750000000e-01 -9.3359631136991084e-09 -5.6506905821152031e-09 -1.4986653695814312e-08
459 8.9550781250000000e-01 -9.1708898253273219e-09 -5.5513282859465107e-09 -1.4722218111273833e-08
460 8.9746093750000000e-01 -9.0055891632800922e-09 -5.4512838687514886e-09 -1.4456873032031581e-08
461 8.9941406250000000e-01 -8.8398337538819760e-09 -5.3507847042055801e-09 -1.4190618458087556e-08
462 9.0136718750000000e-01 -8.6736235971329734e-09 -5.2502855396596715e-09 -1.3923909136792645e-08
463 9.0332031250000000e-01 -8.5074134403839707e-09 -5.1491042540874332e-09 -1.3656517694471404e-08
464 9.0527343750000000e-01 -8.3405211626086384e-09 -5.0483777158660814e-09 -1.3388898878474720e-08
465 9.0722656250000000e-01 -8.1736288848333061e-09 -4.9471964302938432e-09 -1.3120825315127149e-08
466 9.0917968750000000e-01 -8.0062818597070873e-09 -4.8460151447216049e-09 -1.2852297004428692e-08
467 9.1113281250000000e-01 -7.8389348345808685e-09 -4.7450612328248098e-09 -1.2583996067405678e-08
468 9.1308593750000000e-01 -7.6704509410774335e-09 -4.6429704525507987e-09 -1.2313421393628232e-08
469 9.1503906250000000e-01 -7.5024217949248850e-09 -4.5413344196276739e-09 -1.2043756214552559e-08
470 9.1699218750000000e-01 -7.3341652750968933e-09 -4.4392436393536627e-09 -1.1773408914450556e-08
471 9.1894531250000000e-01 -7.1649992605671287e-09 -4.3373802327550948e-09 -1.1502379493322223e-08
472 9.2089843750000000e-01 -6.9960606197128072e-09 -4.2346073314547539e-09 -1.1230667951167561e-08
473 9.2285156250000000e-01 -6.8268946051830426e-09 -4.1322891775052994e-09 -1.0959183782688342e-08
474 9.2480468750000000e-01 -6.6572738433023915e-09 -4.0292889025295153e-09 -1.0686562745831907e-08
475 9.2675781250000000e-01 -6.4874257077462971e-09 -3.9267433749046177e-09 -1.0414169082650915e-08
476 9.2871093750000000e-01 -6.3175775721902028e-09 -3.8239704736042768e-09 -1.0141548045794480e-08
477 9.3066406250000000e-01 -6.1470473156077787e-09 -3.7209701986284927e-09 -9.8680175142362714e-09
478 9.3261718750000000e-01 -5.9765170590253547e-09 -3.6177425499772653e-09 -9.5942596090026200e-09
479 9.3457031250000000e-01 -5.8061004892806523e-09 -3.5146285881637596e-09 -9.3207290774444118e-09
480 9.3652343750000000e-01 -5.6348881116718985e-09 -3.4106051316484809e-09 -9.0454932433203794e-09
481 9.3847656250000000e-01 -5.4637894209008664e-09 -3.3071501093218103e-09 -8.7709395302226767e-09
482 9.4042968750000000e-01 -5.2923496696166694e-09 -3.2034677133196965e-09 -8.4958173829363659e-09
483 9.4238281250000000e-01 -5.1209099183324724e-09 -3.0996716304798611e-09 -8.2205815488123335e-09
484 9.4433593750000000e-01 -4.9490154196973890e-09 -2.9955344871268608e-09 -7.9445499068242498e-09
485 9.4628906250000000e-01 -4.7770072342245840e-09 -2.8915110306115821e-09 -7.6685182648361661e-09
486 9.4824218750000000e-01 -4.6049990487517789e-09 -2.7873738872585818e-09 -7.3923729360103607e-09
487 9.5019531250000000e-01 -4.4325361159280874e-09 -2.6830093702301383e-09 -7.1155454861582257e-09
488 9.5214843750000000e-01 -4.2601868699421175e-09 -2.5786448532016948e-09 -6.8388317231438123e-09
489 9.5410156250000000e-01 -4.0870418160920963e-09 -2.4740529624978080e-09 -6.5610947785899043e-09
490 9.5605468750000000e-01 -3.9146925701061264e-09 -2.3695747586316429e-09 -6.2842673287377693e-09
491 9.5800781250000000e-01 -3.7414338294183835e-09 -2.2646418074145913e-09 -6.0060756368329749e-09
492 9.5996093750000000e-01 -3.5687435229192488e-09 -2.1600499167107046e-09 -5.7287934396299534e-09
493 9.6191406250000000e-01 -3.3952574085560627e-09 -2.0552306523313746e-09 -5.4504880608874373e-09
494 9.6386718750000000e-01 -3.2222260415437631e-09 -1.9502977011143230e-09 -5.1725237426580861e-09
495 9.6582031250000000e-01 -3.0483988666674122e-09 -1.8454784367349930e-09 -4.8938773034024052e-09
496 9.6777343750000000e-01 -2.8749695957230870e-09 -1.7402044250047766e-09 -4.6151740207278635e-09
497 9.6972656250000000e-01 -2.7012561076844577e-09 -1.6351009435311425e-09 -4.3363570512156002e-09
498 9.7167968750000000e-01 -2.5274289328081068e-09 -1.5298837752197869e-09 -4.0573127080278937e-09
499 9.7363281250000000e-01 -2.3536586013506167e-09 -1.4246666069084313e-09 -3.7783252082590479e-09
500 9.7558593750000000e-01 -2.1794903659611009e-09 -1.3193357517593540e-09 -3.4988261177204549e-09
501 9.7753906250000000e-01 -2.0056063476658892e-09 -1.2140048966102768e-09 -3.2196112442761660e-09
502 9.7949218750000000e-01 -1.8312107386009302e-09 -1.1085035112046171e-09 -2.9397142498055473e-09
503 9.8144531250000000e-01 -1.6572698768868577e-09 -1.0031158126366790e-09 -2.6603856895235367e-09
504 9.8339843750000000e-01 -1.4827605809841771e-09 -8.9750074039329775e-10 -2.3802613213774748e-09
505 9.8535156250000000e-01 -1.3086776107229525e-09 -7.9211304182535969e-10 -2.1007906525483122e-09
506 9.8730468750000000e-01 -1.1341114714014111e-09 -6.8646954787254799e-10 -1.8205810192739591e-09
507 9.8925781250000000e-01 -9.5977270575531293e-10 -5.8096816246688832e-10 -1.5407408682222012e-09
508 9.9121093750000000e-01 -7.8540551839978434e-10 -4.7540993364236783e-10 -1.2608154520421522e-09
509 9.9316406250000000e-01 -6.1072569224052131e-10 -3.6966696370654972e-10 -9.8039265594707103e-10
510 9.9511718750000000e-01 -4.3642955915856874e-10 -2.6419400001032045e-10 -7.0062355916888919e-10
511 9.9707031250000000e-01 -2.6169288958044490e-10 -1.5840129208299913e-10 -4.2009418166344403e-10
512 9.9902343750000000e-01 9.1485147386549670e-06 5.4891083784980310e-06 1.4637623117152998e-05
