# P x_center tau_U tau_V tau_Psi
1 7.8125000000000000e-03 5.8497956564806941e-04 3.5098584116610709e-04 9.3596540681417650e-04
2 2.3437500000000000e-02 -1.0713115301541620e-06 -6.4847700542713937e-07 -1.7197885355813014e-06
3 3.9062500000000000e-02 -1.7826513101226737e-06 -1.0790590323495053e-06 -2.8617103424721790e-06
4 5.4687500000000000e-02 -2.4896965555853967e-06 -1.5070415457785202e-06 -3.9967381013639169e-06
5 7.0312500000000000e-02 -3.1907439392853121e-06 -1.9313934274123312e-06 -5.1221373666976433e-06
6 8.5937500000000000e-02 -3.8841044727178087e-06 -2.3510924620495643e-06 -6.2351969347673730e-06
7 1.0156250000000000e-01 -4.5681079257064994e-06 -2.7651274479012500e-06 -7.3332353736077494e-06
8 1.1718750000000000e-01 -5.2411063222734811e-06 -3.1725010956051847e-06 -8.4136074178786657e-06
9 1.3281250000000000e-01 -5.9014784881128435e-06 -3.5722317761610611e-06 -9.4737102642739046e-06
10 1.4843750000000000e-01 -6.5476334043523821e-06 -3.9633568462704716e-06 -1.0510990250622854e-05
11 1.6406250000000000e-01 -7.1780145844968501e-06 -4.3449335862533189e-06 -1.1522948170750169e-05
12 1.7968750000000000e-01 -7.7911033145028341e-06 -4.7160432359305560e-06 -1.2507146550433390e-05
13 1.9531250000000000e-01 -8.3854224612878170e-06 -5.0757911935761513e-06 -1.3461213654863968e-05
14 2.1093750000000000e-01 -8.9595405370346271e-06 -5.4233114497037604e-06 -1.4382851986738387e-05
15 2.2656250000000000e-01 -9.5120742003018677e-06 -5.7577662460062129e-06 -1.5269840446308081e-05
16 2.4218750000000000e-01 -1.0041692519280332e-05 -6.0783503386119264e-06 -1.6120042857892258e-05
17 2.5781250000000000e-01 -1.0547119416060013e-05 -6.3842908843980695e-06 -1.6931410300458083e-05
18 2.7343750000000000e-01 -1.1027137531982589e-05 -6.6748513631864625e-06 -1.7701988895169052e-05
19 2.8906250000000000e-01 -1.1480590217161080e-05 -6.9493314640567405e-06 -1.8429921681217820e-05
20 3.0468750000000000e-01 -1.1906385054771818e-05 -7.2070697569870390e-06 -1.9113454811758857e-05
21 3.2031250000000000e-01 -1.2303496532695135e-05 -7.4474459097473300e-06 -1.9750942442442465e-05
22 3.3593750000000000e-01 -1.2670967862504767e-05 -7.6698804605257465e-06 -2.0340848323030514e-05
23 3.5156250000000000e-01 -1.3007913594265119e-05 -7.8738374895692687e-06 -2.0881751083834388e-05
24 3.6718750000000000e-01 -1.3313522003954859e-05 -8.0588258697389392e-06 -2.1372347873693798e-05
25 3.8281250000000000e-01 -1.3587057196673413e-05 -8.2243996075703762e-06 -2.1811456804243790e-05
26 3.9843750000000000e-01 -1.3827859788761998e-05 -8.3701602306973655e-06 -2.2198020019459364e-05
27 4.1406250000000000e-01 -1.4035349977348233e-05 -8.4957563331045094e-06 -2.2531106310452742e-05
28 4.2968750000000000e-01 -1.4209027767719817e-05 -8.6008855078034685e-06 -2.2809913275523286e-05
29 4.4531250000000000e-01 -1.4348474792313937e-05 -8.6852942331461236e-06 -2.3033769025460060e-05
30 4.6093750000000000e-01 -1.4453354765464610e-05 -8.7487794644403039e-06 -2.3202134229904914e-05
31 4.7656250000000000e-01 -1.4523415984513122e-05 -8.7911882928892737e-06 -2.3314604277402395e-05
32 4.9218750000000000e-01 -1.4558488487637078e-05 -8.8124181729654083e-06 -2.3370906660602486e-05
33 5.0781250000000000e-01 -1.4558488487637078e-05 -8.8124181729654083e-06 -2.3370906660602486e-05
34 5.2343750000000000e-01 -1.4523415984513122e-05 -8.7911882928892737e-06 -2.3314604277402395e-05
35 5.3906250000000000e-01 -1.4453354765464610e-05 -8.7487794644403039e-06 -2.3202134229904914e-05
36 5.5468750000000000e-01 -1.4348474792313937e-05 -8.6852942331461236e-06 -2.3033769025460060e-05
37 5.7031250000000000e-01 -1.4209027767719817e-05 -8.6008855078034685e-06 -2.2809913275523286e-05
38 5.8593750000000000e-01 -1.4035349977348233e-05 -8.4957563331045094e-06 -2.2531106310452742e-05
39 6.0156250000000000e-01 -1.3827859788761998e-05 -8.3701602306973655e-06 -2.2198020019459364e-05
40 6.1718750000000000e-01 -1.3587057196673413e-05 -8.2243996075703762e-06 -2.1811456804243790e-05
41 6.3281250000000000e-01 -1.3313522003954859e-05 -8.0588258697389392e-06 -2.1372347873693798e-05
42 6.4843750000000000e-01 -1.3007913707951957e-05 -7.8738373758824309e-06 -2.0881751083834388e-05
43 6.6406250000000000e-01 -1.2670967748817930e-05 -7.6698804605257465e-06 -2.0340848209343676e-05
44 6.7968750000000000e-01 -1.2303496532695135e-05 -7.4474459097473300e-06 -1.9750942442442465e-05
45 6.9531250000000000e-01 -1.1906384997928399e-05 -7.2070697569870390e-06 -1.9113454754915438e-05
46 7.1093750000000000e-01 -1.1480590330847917e-05 -6.9493314072133217e-06 -1.8429921738061239e-05
47 7.2656250000000000e-01 -1.1027137475139170e-05 -6.6748513631864625e-06 -1.7701988838325633e-05
48 7.4218750000000000e-01 -1.0547119416060013e-05 -6.3842908843980695e-06 -1.6931410300458083e-05
49 7.5781250000000000e-01 -1.0041692519280332e-05 -6.0783502817685076e-06 -1.6120042801048839e-05
50 7.7343750000000000e-01 -9.5120741434584488e-06 -5.7577663596930506e-06 -1.5269840503151499e-05
51 7.8906250000000000e-01 -8.9595405938780459e-06 -5.4233113928603416e-06 -1.4382851986738387e-05
52 8.0468750000000000e-01 -8.3854224044443981e-06 -5.0757912504195701e-06 -1.3461213654863968e-05
53 8.2031250000000000e-01 -7.7911033145028341e-06 -4.7160432359305560e-06 -1.2507146550433390e-05
54 8.3593750000000000e-01 -7.1780146413402690e-06 -4.3449336430967378e-06 -1.1522948284437007e-05
55 8.5156250000000000e-01 -6.5476334043523821e-06 -3.9633567325836339e-06 -1.0510990136936016e-05
56 8.6718750000000000e-01 -5.9014785449562623e-06 -3.5722318045827706e-06 -9.4737103495390329e-06
57 8.8281250000000000e-01 -5.2411062938517716e-06 -3.1725010671834752e-06 -8.4136073610352469e-06
58 8.9843750000000000e-01 -4.5681078972847899e-06 -2.7651275047446688e-06 -7.3332354020294588e-06
59 9.1406250000000000e-01 -3.8841044727178087e-06 -2.3510924904712738e-06 -6.2351969631890825e-06
60 9.2968750000000000e-01 -3.1907438824418932e-06 -1.9313934558340407e-06 -5.1221373382759339e-06
61 9.4531250000000000e-01 -2.4896965555853967e-06 -1.5070415599893749e-06 -3.9967381155747717e-06
62 9.6093750000000000e-01 -1.7826513101226737e-06 -1.0790590465603600e-06 -2.8617103566830338e-06
63 9.7656250000000000e-01 -1.0713114946270252e-06 -6.4847699121628466e-07 -1.7197884858433099e-06
64 9.9218750000000000e-01 5.8497956564096398e-04 3.5098584116077802e-04 9.3596540680174201e-04
